 0001  0.1671323749701793E+000
 0002  0.1671323749701793E+000
 0003  0.1661694506121223E+000
 0004  0.1661694506121223E+000
 0005  0.1661694506121223E+000
 0006  0.1650957801369421E+000
 0007  0.1650957801369421E+000
 0008  0.1640470423193366E+000
 0009  0.1640470423193366E+000
 0010  0.1640470423193366E+000
 0011  0.1628847708224271E+000
 0012  0.1628847708224271E+000
 0013  0.1628847708224271E+000
 0014  0.1617319151737490E+000
 0015  0.1617319151737490E+000
 0016  0.1604694496508457E+000
 0017  0.1604694496508457E+000
 0018  0.1590961376002198E+000
 0019  0.1590961376002198E+000
 0020  0.1590961376002198E+000
 0021  0.1577303010150811E+000
 0022  0.1577303010150811E+000
 0023  0.1562414878193804E+000
 0024  0.1562414878193804E+000
 0025  0.1546396610296719E+000
 0026  0.1546396610296719E+000
 0027  0.1530750316853298E+000
 0028  0.1530750316853298E+000
 0029  0.1513848327119138E+000
 0030  0.1513848327119138E+000
 0031  0.1495681751464440E+000
 0032  0.1495681751464440E+000
 0033  0.1477937038029646E+000
 0034  0.1477937038029646E+000
 0035  0.1458905955095118E+000
 0036  0.1458905955095118E+000
 0037  0.1438567198111953E+000
 0038  0.1438567198111953E+000
 0039  0.1418700745504367E+000
 0040  0.1418700745504367E+000
 0041  0.1397352999460232E+000
 0042  0.1375199848278504E+000
 0043  0.1375199848278504E+000
 0044  0.1353561135134688E+000
 0045  0.1353561135134688E+000
 0046  0.1330297762399147E+000
 0047  0.1330297762399147E+000
 0048  0.1305546484851843E+000
 0049  0.1280212767359749E+000
 0050  0.1280212767359749E+000
 0051  0.1255467346666281E+000
 0052  0.1255467346666281E+000
 0053  0.1229041293719835E+000
 0054  0.1202048233631384E+000
 0055  0.1202048233631384E+000
 0056  0.1173577471065642E+000
 0057  0.1146942789822206E+000
 0058  0.1146942789822206E+000
 0059  0.1118622200662438E+000
 0060  0.1089962412693754E+000
 0061  0.1089962412693754E+000
 0062  0.1061968159166137E+000
 0063  0.1033501073400990E+000
 0064  0.1033501073400989E+000
 0065  0.1003225952090228E+000
 0066  0.9729587438797617E-001
 0067  0.9729587438797617E-001
 0068  0.9411127685393947E-001
 0069  0.9117565475314988E-001
 0070  0.8823266572191944E-001
 0071  0.8823266572191940E-001
 0072  0.8511932262966578E-001
 0073  0.8203758654289461E-001
 0074  0.7921114863123435E-001
 0075  0.7921114863123434E-001
 0076  0.7620241438307924E-001
 0077  0.7322711883961819E-001
 0078  0.7322711883961819E-001
 0079  0.7008868774763230E-001
 0080  0.6703468843904460E-001
 0081  0.6426934644200481E-001
 0082  0.6155282545626285E-001
 0083  0.6155282545626287E-001
 0084  0.5869166726933784E-001
 0085  0.5593305472521421E-001
 0086  0.5328260854451473E-001
 0087  0.5328260854451473E-001
 0088  0.5052070805357978E-001
 0089  0.4790012165087194E-001
 0090  0.4541872533245218E-001
 0091  0.4312152568794007E-001
 0092  0.4312152568794008E-001
 0093  0.4079113063467490E-001
 0094  0.3865325786950877E-001
 0095  0.3668192786114571E-001
 0096  0.3485593868118556E-001
 0097  0.3315777838721963E-001
 0098  0.3150352709672442E-001
 0099  0.2997051436737463E-001
 0100  0.2854406820403791E-001
 0101  0.2721546119398770E-001
 0102  0.2597671272241948E-001
 0103  0.2482209941800959E-001
 0104  0.2374620958215650E-001
 0105  0.2274394779073863E-001
 0106  0.2103136451843788E-001
 0107  0.2029739466753409E-001
 0108  0.1960648478127824E-001
 0109  0.1895654994901037E-001
 0110  0.1832558544690808E-001
 0111  0.1773689998219489E-001
 0112  0.1718729819011063E-001
 0113  0.1667424231852510E-001
 0114  0.1619535426158846E-001
 0115  0.1574840599066299E-001
 0116  0.1533131051344273E-001
 0117  0.1494211333668324E-001
 0118  0.1457898440860284E-001
 0119  0.1395403385364260E-001
 0120  0.1368449088236712E-001
 0121  0.1342397414897132E-001
 0122  0.1317994100638788E-001
 0123  0.1295135979147784E-001
 0124  0.1273726252359566E-001
 0125  0.1253674104418611E-001
 0126  0.1234894338467277E-001
 0127  0.1217307034961309E-001
 0128  0.1200837187793634E-001
 0129  0.1185414460643046E-001
 0130  0.1170972899086367E-001
 0131  0.1145623735080401E-001
 0132  0.1134506582006882E-001
 0133  0.1124052761006718E-001
 0134  0.1114222926251301E-001
 0135  0.1104980052231256E-001
 0136  0.1096289297547180E-001
 0137  0.1088117876685192E-001
 0138  0.1080433018112612E-001
 0139  0.1073206243759542E-001
 0140  0.1066410692305467E-001
 0141  0.1059902385519691E-001
 0142  0.1048543517009787E-001
 0143  0.1043579692776841E-001
 0144  0.1038894004461820E-001
 0145  0.1034470089860707E-001
 0146  0.1030293516291992E-001
 0147  0.1026350629306298E-001
 0148  0.1022628512264944E-001
 0149  0.1019058244503076E-001
 0150  0.1015696445772581E-001
 0151  0.1012530665563674E-001
 0152  0.1006950708841274E-001
 0153  0.1004488930046614E-001
 0154  0.1002156362015645E-001
 0155  0.9999462920036917E-002
 0156  0.9978523502673911E-002
 0157  0.9958398794709653E-002
 0158  0.9939369345702881E-002
 0159  0.9921374620645846E-002
 0160  0.9904357476262336E-002
 0161  0.9874113409545276E-002
 0162  0.9860661957003193E-002
 0163  0.9847873955156400E-002
 0164  0.9835560403191800E-002
 0165  0.9823875129691273E-002
 0166  0.9812785613178186E-002
 0167  0.9802261040932927E-002
 0168  0.9792271308809764E-002
 0169  0.9782788948926362E-002
 0170  0.9765715496311394E-002
 0171  0.9758029895170052E-002
 0172  0.9750712330826692E-002
 0173  0.9743744415280918E-002
 0174  0.9737109277271587E-002
 0175  0.9730790866705620E-002
 0176  0.9724773914384024E-002
 0177  0.9718982794168900E-002
 0178  0.9708561827341738E-002
 0179  0.9703870414681163E-002
 0180  0.9699390014891377E-002
 0181  0.9695111050304697E-002
 0182  0.9690983876053607E-002
 0183  0.9687046235124947E-002
 0184  0.9683289232006459E-002
 0185  0.9676486204306564E-002
 0186  0.9673404488481545E-002
 0187  0.9670453429081811E-002
 0188  0.9667601647502510E-002
 0189  0.9664873235692963E-002
 0190  0.9662262756925916E-002
 0191  0.9659765018188323E-002
 0192  0.9655217008661230E-002
 0193  0.9653127835953484E-002
 0194  0.9651124170288180E-002
 0195  0.9649202450096222E-002
 0196  0.9647359264456734E-002
 0197  0.9645591278952498E-002
 0198  0.9642331503478553E-002
 0199  0.9640841185232198E-002
 0200  0.9639408600574381E-002
 0201  0.9638031479168125E-002
 0202  0.9636697826722967E-002
 0203  0.9635416581994634E-002
 0204  0.9634185636850248E-002
 0205  0.9631925011440390E-002
 0206  0.9630879362877284E-002
 0207  0.9629872728084136E-002
 0208  0.9628903618634513E-002
 0209  0.9627970579830296E-002
 0210  0.9627072240303524E-002
 0211  0.9625404835601366E-002
 0212  0.9624636378323566E-002
 0213  0.9623895134751188E-002
 0214  0.9623180105244246E-002
 0215  0.9622485999989187E-002
 0216  0.9621201924185818E-002
 0217  0.9620607842620045E-002
 0218  0.9620030362159738E-002
 0219  0.9619472593208930E-002
 0220  0.9618933846198678E-002
 0221  0.9617933603501834E-002
 0222  0.9617463344708742E-002
 0223  0.9617003640167605E-002
 0224  0.9616551794744315E-002
 0225  0.9616104548376029E-002
 0226  0.9615171146418366E-002
 0227  0.9614692709175924E-002
 0228  0.9614192865317943E-002
 0229  0.9613610921448752E-002
 0230  0.9612994178151778E-002
 0231  0.9611585215115594E-002
 0232  0.9610783260744169E-002
 0233  0.9609925126430763E-002
 0234  0.9609008801530646E-002
 0235  0.9607927364737917E-002
 0236  0.9605601306402379E-002
 0237  0.9604356223002120E-002
 0238  0.9602914785189881E-002
 0239  0.9601394657481208E-002
 0240  0.9598055168642551E-002
 0241  0.9596238197678734E-002
 0242  0.9594340326155930E-002
 0243  0.9592219305602381E-002
 0244  0.9590021870180510E-002
 0245  0.9585335476170834E-002
 0246  0.9582852943208198E-002
 0247  0.9580298062790954E-002
 0248  0.9577667993579285E-002
 0249  0.9571993589194250E-002
 0250  0.9569107669089047E-002
 0251  0.9566001014234431E-002
 0252  0.9562833794594779E-002
 0253  0.9556140544842145E-002
 0254  0.9552771308276801E-002
 0255  0.9549196306023008E-002
 0256  0.9542031826701302E-002
 0257  0.9538296732459838E-002
 0258  0.9534518554016618E-002
 0259  0.9530699063851953E-002
 0260  0.9522794750988835E-002
 0261  0.9518721545346909E-002
 0262  0.9514619449508748E-002
 0263  0.9510488095606343E-002
 0264  0.9502021226212434E-002
 0265  0.9497697172401353E-002
 0266  0.9493355673983928E-002
 0267  0.9484643861055152E-002
 0268  0.9480275932157251E-002
 0269  0.9475776337898685E-002
 0270  0.9466785567944299E-002
 0271  0.9462297394006230E-002
 0272  0.9457694878973707E-002
 0273  0.9448635184355078E-002
 0274  0.9444069921633337E-002
 0275  0.9439508042835852E-002
 0276  0.9434848219009388E-002
 0277  0.9425597396372805E-002
 0278  0.9421007303952839E-002
 0279  0.9416333006995689E-002
 0280  0.9407074022942861E-002
 0281  0.9402489924742430E-002
 0282  0.9393330044311768E-002
 0283  0.9388759590012466E-002
 0284  0.9384128974224143E-002
 0285  0.9374987489178095E-002
 0286  0.9370476268815922E-002
 0287  0.9365914464026421E-002
 0288  0.9356920199664880E-002
 0289  0.9352421935244116E-002
 0290  0.9347949626307661E-002
 0291  0.9339080146251347E-002
 0292  0.9334685692748384E-002
 0293  0.9325982027086944E-002
 0294  0.9321675021521430E-002
 0295  0.9317343142882142E-002
 0296  0.9308831524957584E-002
 0297  0.9304601541909173E-002
 0298  0.9296293958380508E-002
 0299  0.9292170097286489E-002
 0300  0.9288076750637217E-002
 0301  0.9279957127337512E-002
 0302  0.9275934241754538E-002
 0303  0.9268043056908540E-002
 0304  0.9264136187682901E-002
 0305  0.9256404992925234E-002
 0306  0.9252616136708485E-002
 0307  0.9245122263941353E-002
 0308  0.9241419160996368E-002
 0309  0.9237716576290878E-002
 0310  0.9230406150676903E-002
 0311  0.9226826653906941E-002
 0312  0.9219760954250887E-002
 0313  0.9216275810070406E-002
 0314  0.9209401714765586E-002
 0315  0.9206013526632811E-002
 0316  0.9199336055706407E-002
 0317  0.9196047821679335E-002
 0318  0.9189573038778149E-002
 0319  0.9186387163255059E-002
 0320  0.9180101841011203E-002
 0321  0.9177003704519057E-002
 0322  0.9170913260524915E-002
 0323  0.9165005765847709E-002
 0324  0.9162090385748054E-002
 0325  0.9156363348995229E-002
 0326  0.9153539795971617E-002
 0327  0.9147995936648140E-002
 0328  0.9145264841612662E-002
 0329  0.9139904553746416E-002
 0330  0.9134695218010554E-002
 0331  0.9132131232314097E-002
 0332  0.9127092672502002E-002
 0333  0.9124610301726992E-002
 0334  0.9119734401964660E-002
 0335  0.9114995494316257E-002
 0336  0.9112666048002644E-002
 0337  0.9108080468793999E-002
 0338  0.9103626979389143E-002
 0339  0.9101438974389356E-002
 0340  0.9097129801325413E-002
 0341  0.9092938156645792E-002
 0342  0.9090877758271859E-002
 0343  0.9086823136267196E-002
 0344  0.9082878599137449E-002
 0345  0.9080938993410047E-002
 0346  0.9077121375585829E-002
 0347  0.9073407465370475E-002
 0348  0.9069792647237913E-002
 0349  0.9068014077801827E-002
 0350  0.9064512151123387E-002
 0351  0.9061102697071253E-002
 0352  0.9057784265240761E-002
 0353  0.9054552047884606E-002
 0354  0.9052961216454120E-002
 0355  0.9049826030776113E-002
 0356  0.9046772186148713E-002
 0357  0.9043795609851791E-002
 0358  0.9040894986014007E-002
 0359  0.9038067387342226E-002
 0360  0.9035309313830142E-002
 0361  0.9033950248445640E-002
 0362  0.9031271966363493E-002
 0363  0.9028659460329110E-002
 0364  0.9026110233466963E-002
 0365  0.9023622273166491E-002
 0366  0.9021193915460820E-002
 0367  0.9018823953754529E-002
 0368  0.9016523024290634E-002
 0369  0.9014291516044617E-002
 0370  0.9012126581293783E-002
 0371  0.9010025519372283E-002
 0372  0.9007985767569603E-002
 0373  0.9006004892682032E-002
 0374  0.9004080583165036E-002
 0375  0.9001305302100160E-002
 0376  0.8999525710588895E-002
 0377  0.8997794850944672E-002
 0378  0.8996110907604866E-002
 0379  0.8994472150349155E-002
 0380  0.8992876929483468E-002
 0381  0.8990570178703300E-002
 0382  0.8989087188811242E-002
 0383  0.8987642091613388E-002
 0384  0.8985549604925418E-002
 0385  0.8984202583487651E-002
 0386  0.8982888716098862E-002
 0387  0.8980983874656250E-002
 0388  0.8979756147124710E-002
 0389  0.8978557569160843E-002
 0390  0.8976817863880453E-002
 0391  0.8975695298376631E-002
 0392  0.8974064598254996E-002
 0393  0.8973011529324100E-002
 0394  0.8971480605074605E-002
 0395  0.8970009183944026E-002
 0396  0.8969057795236816E-002
 0397  0.8967673034350553E-002
 0398  0.8966340152994237E-002
 0399  0.8965477360446913E-002
 0400  0.8964220170983344E-002
 0401  0.8963008458008945E-002
 0402  0.8961839985019000E-002
 0403  0.8960712656395439E-002
 0404  0.8959981588251727E-002
 0405  0.8958914452802143E-002
 0406  0.8957883698301403E-002
 0407  0.8956565517480251E-002
 0408  0.8955616830792842E-002
 0409  0.8954699128308569E-002
 0410  0.8953811046860199E-002
 0411  0.8952951300168925E-002
 0412  0.8951848934020765E-002
 0413  0.8951053550789085E-002
 0414  0.8950032632217253E-002
 0415  0.8949295257517238E-002
 0416  0.8948347862224317E-002
 0417  0.8947662934010591E-002
 0418  0.8946782112092622E-002
 0419  0.8945937784532799E-002
 0420  0.8945127960479003E-002
 0421  0.8944350788037679E-002
 0422  0.8943604542449560E-002
 0423  0.8942887615445899E-002
 0424  0.8942031455509468E-002
 0425  0.8941376763947413E-002
 0426  0.8940593936765480E-002
 0427  0.8939994591252111E-002
 0428  0.8939277109101666E-002
 0429  0.8938593615187139E-002
 0430  0.8937942061695207E-002
 0431  0.8937320557220204E-002
 0432  0.8936612612993840E-002
 0433  0.8935943842991990E-002
 0434  0.8935414104164499E-002
 0435  0.8934712315500526E-002
 0436  0.8934145782698794E-002
 0437  0.8933522660462960E-002
 0438  0.8933018787432441E-002
 0439  0.8932387572845967E-002
 0440  0.8931870910454503E-002
 0441  0.8931317956242815E-002
 0442  0.8930740545885609E-002
 0443  0.8930206628179706E-002
 0444  0.8929660001731456E-002
 0445  0.8929158128703377E-002
 0446  0.8928652946154548E-002
 0447  0.8928152581199720E-002
 0448  0.8927664156322526E-002
 0449  0.8927162250197676E-002
 0450  0.8926690910204271E-002
 0451  0.8926205519745382E-002
 0452  0.8925749127703693E-002
 0453  0.8925297158593914E-002
 0454  0.8924848377688361E-002
 0455  0.8924401047590959E-002
 0456  0.8924063197544607E-002
 0457  0.8924063197544607E-002
 0458  0.8924063197544607E-002
 0459  0.8924063197544607E-002
 0460  0.8924063197544607E-002
 0461  0.8924063197544607E-002
 0462  0.8924063197544607E-002
 0463  0.8924063197544607E-002
 0464  0.8924063197544607E-002
 0465  0.8924063197544607E-002
 0466  0.8924063197544607E-002
 0467  0.8924063197544607E-002
 0468  0.8924063197544607E-002
 0469  0.8924063197544607E-002
 0470  0.8924063197544607E-002
 0471  0.8924063197544607E-002
 0472  0.8924063197544607E-002
 0473  0.8924063197544607E-002
 0474  0.8924063197544607E-002
 0475  0.8924063197544607E-002
 0476  0.8924063197544607E-002
 0477  0.8924063197544607E-002
 0478  0.8924063197544607E-002
 0479  0.8924063197544607E-002
 0480  0.8924063197544607E-002
 0481  0.8924063197544607E-002
 0482  0.8924063197544607E-002
 0483  0.8924063197544607E-002
 0484  0.8924063197544607E-002
 0485  0.8924063197544607E-002
 0486  0.8924063197544607E-002
 0487  0.8924063197544607E-002
 0488  0.8924063197544607E-002
 0489  0.8924063197544607E-002
 0490  0.8924063197544607E-002
 0491  0.8924063197544607E-002
 0492  0.8924063197544607E-002
 0493  0.8924063197544607E-002
 0494  0.8924063197544607E-002
 0495  0.8924063197544607E-002
 0496  0.8924063197544607E-002
 0497  0.8924063197544607E-002
 0498  0.8924063197544607E-002
 0499  0.8924063197544607E-002
 0500  0.8924063197544607E-002
 0501  0.8924063197544607E-002
 0502  0.8924063197544607E-002
 0503  0.8924063197544607E-002
 0504  0.8924063197544607E-002
 0505  0.8924063197544607E-002
 0506  0.8924063197544607E-002
 0507  0.8924063197544607E-002
 0508  0.8924063197544607E-002
 0509  0.8924063197544607E-002
 0510  0.8924063197544607E-002
 0511  0.8924063197544607E-002
 0512  0.8924063197544607E-002
 0513  0.8924063197544607E-002
 0514  0.8924063197544607E-002
 0515  0.8924063197544607E-002
 0516  0.8924063197544607E-002
 0517  0.8924063197544607E-002
 0518  0.8924063197544607E-002
 0519  0.8924063197544607E-002
 0520  0.8924063197544607E-002
 0521  0.8924063197544607E-002
 0522  0.8924063197544607E-002
 0523  0.8924063197544607E-002
 0524  0.8924063197544607E-002
 0525  0.8924063197544607E-002
 0526  0.8924063197544607E-002
 0527  0.8924063197544607E-002
 0528  0.8924063197544607E-002
 0529  0.8924063197544607E-002
 0530  0.8924063197544607E-002
 0531  0.8924063197544607E-002
 0532  0.8924063197544607E-002
 0533  0.8924063197544607E-002
 0534  0.8924063197544607E-002
 0535  0.8924063197544607E-002
 0536  0.8924063197544607E-002
 0537  0.8924063197544607E-002
 0538  0.8924063197544607E-002
 0539  0.8924063197544607E-002
 0540  0.8924063197544607E-002
 0541  0.8924063197544607E-002
 0542  0.8924063197544607E-002
 0543  0.8924063197544607E-002
 0544  0.8924063197544607E-002
 0545  0.8924063197544607E-002
 0546  0.8924063197544607E-002
 0547  0.8924063197544607E-002
 0548  0.8924063197544607E-002
 0549  0.8924063197544607E-002
 0550  0.8924063197544607E-002
 0551  0.8924063197544607E-002
 0552  0.8924063197544607E-002
 0553  0.8924063197544607E-002
 0554  0.8924063197544607E-002
 0555  0.8924063197544607E-002
 0556  0.8924063197544607E-002
 0557  0.8924063197544607E-002
 0558  0.8924063197544607E-002
 0559  0.8924063197544607E-002
 0560  0.8924063197544607E-002
 0561  0.8924063197544607E-002
 0562  0.8924063197544607E-002
 0563  0.8924063197544607E-002
 0564  0.8924063197544607E-002
 0565  0.8924063197544607E-002
 0566  0.8924063197544607E-002
 0567  0.8924063197544607E-002
 0568  0.8924063197544607E-002
 0569  0.8924063197544607E-002
 0570  0.8924063197544607E-002
 0571  0.8924063197544607E-002
 0572  0.8924063197544607E-002
 0573  0.8924063197544607E-002
 0574  0.8924063197544607E-002
 0575  0.8924063197544607E-002
 0576  0.8924063197544607E-002
 0577  0.8924063197544607E-002
 0578  0.8924063197544607E-002
 0579  0.8924063197544607E-002
 0580  0.8924063197544607E-002
 0581  0.8924063197544607E-002
 0582  0.8924063197544607E-002
 0583  0.8924063197544607E-002
 0584  0.8924063197544607E-002
 0585  0.8924063197544607E-002
 0586  0.8924063197544607E-002
 0587  0.8924063197544607E-002
 0588  0.8924063197544607E-002
 0589  0.8924063197544607E-002
 0590  0.8924063197544607E-002
 0591  0.8924063197544607E-002
 0592  0.8924063197544607E-002
 0593  0.8924063197544607E-002
 0594  0.8924063197544607E-002
 0595  0.8924063197544607E-002
 0596  0.8924063197544607E-002
 0597  0.8924063197544607E-002
 0598  0.8924063197544607E-002
 0599  0.8924063197544607E-002
 0600  0.8924063197544607E-002
 0601  0.8924063197544607E-002
 0602  0.8924063197544607E-002
 0603  0.8924063197544607E-002
 0604  0.8924063197544607E-002
 0605  0.8924063197544607E-002
 0606  0.8924063197544607E-002
 0607  0.8924063197544607E-002
 0608  0.8924063197544607E-002
 0609  0.8924063197544607E-002
 0610  0.8924063197544607E-002
 0611  0.8924063197544607E-002
 0612  0.8924063197544607E-002
 0613  0.8924063197544607E-002
 0614  0.8924063197544607E-002
 0615  0.8924063197544607E-002
 0616  0.8924063197544607E-002
 0617  0.8924063197544607E-002
 0618  0.8924063197544607E-002
 0619  0.8924063197544607E-002
 0620  0.8924063197544607E-002
 0621  0.8924063197544607E-002
 0622  0.8924063197544607E-002
 0623  0.8924063197544607E-002
 0624  0.8924063197544607E-002
 0625  0.8924063197544607E-002
 0626  0.8924063197544607E-002
 0627  0.8924063197544607E-002
 0628  0.8924063197544607E-002
 0629  0.8924063197544607E-002
 0630  0.8924063197544607E-002
 0631  0.8924063197544607E-002
 0632  0.8924063197544607E-002
 0633  0.8924063197544607E-002
 0634  0.8924063197544607E-002
 0635  0.8924063197544607E-002
 0636  0.8924063197544607E-002
 0637  0.8924063197544607E-002
 0638  0.8924063197544607E-002
 0639  0.8924063197544607E-002
 0640  0.8924063197544607E-002
 0641  0.8924063197544607E-002
 0642  0.8924063197544607E-002
 0643  0.8924063197544607E-002
 0644  0.8924063197544607E-002
 0645  0.8924063197544607E-002
 0646  0.8924063197544607E-002
 0647  0.8924063197544607E-002
 0648  0.8924063197544607E-002
 0649  0.8924063197544607E-002
 0650  0.8924063197544607E-002
 0651  0.8924063197544607E-002
 0652  0.8924063197544607E-002
 0653  0.8924063197544607E-002
 0654  0.8924063197544607E-002
 0655  0.8924063197544607E-002
 0656  0.8924063197544607E-002
 0657  0.8924063197544607E-002
 0658  0.8924063197544607E-002
 0659  0.8924063197544607E-002
 0660  0.8924063197544607E-002
 0661  0.8924063197544607E-002
 0662  0.8924063197544607E-002
 0663  0.8924063197544607E-002
 0664  0.8924063197544607E-002
 0665  0.8924063197544607E-002
 0666  0.8924063197544607E-002
 0667  0.8924063197544607E-002
 0668  0.8924063197544607E-002
 0669  0.8924063197544607E-002
 0670  0.8924063197544607E-002
 0671  0.8924063197544607E-002
 0672  0.8924063197544607E-002
 0673  0.8924063197544607E-002
 0674  0.8924063197544607E-002
 0675  0.8924063197544607E-002
 0676  0.8924063197544607E-002
 0677  0.8924063197544607E-002
 0678  0.8924063197544607E-002
 0679  0.8924063197544607E-002
 0680  0.8924063197544607E-002
 0681  0.8924063197544607E-002
 0682  0.8924063197544607E-002
 0683  0.8924063197544607E-002
 0684  0.8924063197544607E-002
 0685  0.8924063197544607E-002
 0686  0.8924063197544607E-002
 0687  0.8924063197544607E-002
 0688  0.8924063197544607E-002
 0689  0.8924063197544607E-002
 0690  0.8924063197544607E-002
 0691  0.8924063197544607E-002
 0692  0.8924063197544607E-002
 0693  0.8924063197544607E-002
 0694  0.8924063197544607E-002
 0695  0.8924063197544607E-002
 0696  0.8924063197544607E-002
 0697  0.8924063197544607E-002
 0698  0.8924063197544607E-002
 0699  0.8924063197544607E-002
 0700  0.8924063197544607E-002
 0701  0.8924063197544607E-002
 0702  0.8924063197544607E-002
 0703  0.8924063197544607E-002
 0704  0.8924063197544607E-002
 0705  0.8924063197544607E-002
 0706  0.8924063197544607E-002
 0707  0.8924063197544607E-002
 0708  0.8924063197544607E-002
 0709  0.8924063197544607E-002
 0710  0.8924063197544607E-002
 0711  0.8924063197544607E-002
 0712  0.8924063197544607E-002
 0713  0.8924063197544607E-002
 0714  0.8924063197544607E-002
 0715  0.8924063197544607E-002
 0716  0.8924063197544607E-002
 0717  0.8924063197544607E-002
 0718  0.8924063197544607E-002
 0719  0.8924063197544607E-002
 0720  0.8924063197544607E-002
 0721  0.8924063197544607E-002
 0722  0.8924063197544607E-002
 0723  0.8924063197544607E-002
 0724  0.8924063197544607E-002
 0725  0.8924063197544607E-002
 0726  0.8924063197544607E-002
 0727  0.8924063197544607E-002
 0728  0.8924063197544607E-002
 0729  0.8924063197544607E-002
 0730  0.8924063197544607E-002
 0731  0.8924063197544607E-002
 0732  0.8924063197544607E-002
 0733  0.8924063197544607E-002
 0734  0.8924063197544607E-002
 0735  0.8924063197544607E-002
 0736  0.8924063197544607E-002
 0737  0.8924063197544607E-002
 0738  0.8924063197544607E-002
 0739  0.8924063197544607E-002
 0740  0.8924063197544607E-002
 0741  0.8924063197544607E-002
 0742  0.8924063197544607E-002
 0743  0.8924063197544607E-002
 0744  0.8924063197544607E-002
 0745  0.8924063197544607E-002
 0746  0.8924063197544607E-002
 0747  0.8924063197544607E-002
 0748  0.8924063197544607E-002
 0749  0.8924063197544607E-002
 0750  0.8924063197544607E-002
 0751  0.8924063197544607E-002
 0752  0.8924063197544607E-002
 0753  0.8924063197544607E-002
 0754  0.8924063197544607E-002
 0755  0.8924063197544607E-002
 0756  0.8924063197544607E-002
 0757  0.8924063197544607E-002
 0758  0.8924063197544607E-002
 0759  0.8924063197544607E-002
 0760  0.8924063197544607E-002
 0761  0.8924063197544607E-002
 0762  0.8924063197544607E-002
 0763  0.8924063197544607E-002
 0764  0.8924063197544607E-002
 0765  0.8924063197544607E-002
 0766  0.8924063197544607E-002
 0767  0.8924063197544607E-002
 0768  0.8924063197544607E-002
 0769  0.8924063197544607E-002
 0770  0.8924063197544607E-002
 0771  0.8924063197544607E-002
 0772  0.8924063197544607E-002
 0773  0.8924063197544607E-002
 0774  0.8924063197544607E-002
 0775  0.8924063197544607E-002
 0776  0.8924063197544607E-002
 0777  0.8924063197544607E-002
 0778  0.8924063197544607E-002
 0779  0.8924063197544607E-002
 0780  0.8924063197544607E-002
 0781  0.8924063197544607E-002
 0782  0.8924063197544607E-002
 0783  0.8924063197544607E-002
 0784  0.8924063197544607E-002
 0785  0.8924063197544607E-002
 0786  0.8924063197544607E-002
 0787  0.8924063197544607E-002
 0788  0.8924063197544607E-002
 0789  0.8924063197544607E-002
 0790  0.8924063197544607E-002
 0791  0.8924063197544607E-002
 0792  0.8924063197544607E-002
 0793  0.8924063197544607E-002
 0794  0.8924063197544607E-002
 0795  0.8924063197544607E-002
 0796  0.8924063197544607E-002
 0797  0.8924063197544607E-002
 0798  0.8924063197544607E-002
 0799  0.8924063197544607E-002
 0800  0.8924063197544607E-002
 0801  0.8924063197544607E-002
 0802  0.8924063197544607E-002
 0803  0.8924063197544607E-002
 0804  0.8924063197544607E-002
 0805  0.8924063197544607E-002
 0806  0.8924063197544607E-002
 0807  0.8924063197544607E-002
 0808  0.8924063197544607E-002
 0809  0.8924063197544607E-002
 0810  0.8924063197544607E-002
 0811  0.8924063197544607E-002
 0812  0.8924063197544607E-002
 0813  0.8924063197544607E-002
 0814  0.8924063197544607E-002
 0815  0.8924063197544607E-002
 0816  0.8924063197544607E-002
 0817  0.8924063197544607E-002
 0818  0.8924063197544607E-002
 0819  0.8924063197544607E-002
 0820  0.8924063197544607E-002
 0821  0.8924063197544607E-002
 0822  0.8924063197544607E-002
 0823  0.8924063197544607E-002
 0824  0.8924063197544607E-002
 0825  0.8924063197544607E-002
 0826  0.8924063197544607E-002
 0827  0.8924063197544607E-002
 0828  0.8924063197544607E-002
 0829  0.8924063197544607E-002
 0830  0.8924063197544607E-002
 0831  0.8924063197544607E-002
 0832  0.8924063197544607E-002
 0833  0.8924063197544607E-002
 0834  0.8924063197544607E-002
 0835  0.8924063197544607E-002
 0836  0.8924063197544607E-002
 0837  0.8924063197544607E-002
 0838  0.8924063197544607E-002
 0839  0.8924063197544607E-002
 0840  0.8924063197544607E-002
 0841  0.8924063197544607E-002
 0842  0.8924063197544607E-002
 0843  0.8924063197544607E-002
 0844  0.8924063197544607E-002
 0845  0.8924063197544607E-002
 0846  0.8924063197544607E-002
 0847  0.8924063197544607E-002
 0848  0.8924063197544607E-002
 0849  0.8924063197544607E-002
 0850  0.8924063197544607E-002
 0851  0.8924063197544607E-002
 0852  0.8924063197544607E-002
 0853  0.8924063197544607E-002
 0854  0.8924063197544607E-002
 0855  0.8924063197544607E-002
 0856  0.8924063197544607E-002
 0857  0.8924063197544607E-002
 0858  0.8924063197544607E-002
 0859  0.8924063197544607E-002
 0860  0.8924063197544607E-002
 0861  0.8924063197544607E-002
 0862  0.8924063197544607E-002
 0863  0.8924063197544607E-002
 0864  0.8924063197544607E-002
 0865  0.8924063197544607E-002
 0866  0.8924063197544607E-002
 0867  0.8924063197544607E-002
 0868  0.8924063197544607E-002
 0869  0.8924063197544607E-002
 0870  0.8924063197544607E-002
 0871  0.8924063197544607E-002
 0872  0.8924063197544607E-002
 0873  0.8924063197544607E-002
 0874  0.8924063197544607E-002
 0875  0.8924063197544607E-002
 0876  0.8924063197544607E-002
 0877  0.8924063197544607E-002
 0878  0.8924063197544607E-002
 0879  0.8924063197544607E-002
 0880  0.8924063197544607E-002
 0881  0.8924063197544607E-002
 0882  0.8924063197544607E-002
 0883  0.8924063197544607E-002
 0884  0.8924063197544607E-002
 0885  0.8924063197544607E-002
 0886  0.8924063197544607E-002
 0887  0.8924063197544607E-002
 0888  0.8924063197544607E-002
 0889  0.8924063197544607E-002
 0890  0.8924063197544607E-002
 0891  0.8924063197544607E-002
 0892  0.8924063197544607E-002
 0893  0.8924063197544607E-002
 0894  0.8924063197544607E-002
 0895  0.8924063197544607E-002
 0896  0.8924063197544607E-002
 0897  0.8924063197544607E-002
 0898  0.8924063197544607E-002
 0899  0.8924063197544607E-002
 0900  0.8924063197544607E-002
 0901  0.8924063197544607E-002
 0902  0.8924063197544607E-002
 0903  0.8924063197544607E-002
 0904  0.8924063197544607E-002
 0905  0.8924063197544607E-002
 0906  0.8924063197544607E-002
 0907  0.8924063197544607E-002
 0908  0.8924063197544607E-002
 0909  0.8924063197544607E-002
 0910  0.8924063197544607E-002
 0911  0.8924063197544607E-002
 0912  0.8924063197544607E-002
 0913  0.8924063197544607E-002
 0914  0.8924063197544607E-002
 0915  0.8924063197544607E-002
 0916  0.8924063197544607E-002
 0917  0.8924063197544607E-002
 0918  0.8924063197544607E-002
 0919  0.8924063197544607E-002
 0920  0.8924063197544607E-002
 0921  0.8924063197544607E-002
 0922  0.8924063197544607E-002
 0923  0.8924063197544607E-002
 0924  0.8924063197544607E-002
 0925  0.8924063197544607E-002
 0926  0.8924063197544607E-002
 0927  0.8924063197544607E-002
 0928  0.8924063197544607E-002
 0929  0.8924063197544607E-002
 0930  0.8924063197544607E-002
 0931  0.8924063197544607E-002
 0932  0.8924063197544607E-002
 0933  0.8924063197544607E-002
 0934  0.8924063197544607E-002
 0935  0.8924063197544607E-002
 0936  0.8924063197544607E-002
 0937  0.8924063197544607E-002
 0938  0.8924063197544607E-002
 0939  0.8924063197544607E-002
 0940  0.8924063197544607E-002
 0941  0.8924063197544607E-002
 0942  0.8924063197544607E-002
 0943  0.8924063197544607E-002
 0944  0.8924063197544607E-002
 0945  0.8924063197544607E-002
 0946  0.8924063197544607E-002
 0947  0.8924063197544607E-002
 0948  0.8924063197544607E-002
 0949  0.8924063197544607E-002
 0950  0.8924063197544607E-002
 0951  0.8924063197544607E-002
 0952  0.8924063197544607E-002
 0953  0.8924063197544607E-002
 0954  0.8924063197544607E-002
 0955  0.8924063197544607E-002
 0956  0.8924063197544607E-002
 0957  0.8924063197544607E-002
 0958  0.8924063197544607E-002
 0959  0.8924063197544607E-002
 0960  0.8924063197544607E-002
 0961  0.8924063197544607E-002
 0962  0.8924063197544607E-002
 0963  0.8924063197544607E-002
 0964  0.8924063197544607E-002
 0965  0.8924063197544607E-002
 0966  0.8924063197544607E-002
 0967  0.8924063197544607E-002
 0968  0.8924063197544607E-002
 0969  0.8924063197544607E-002
 0970  0.8924063197544607E-002
 0971  0.8924063197544607E-002
 0972  0.8924063197544607E-002
 0973  0.8924063197544607E-002
 0974  0.8924063197544607E-002
 0975  0.8924063197544607E-002
 0976  0.8924063197544607E-002
 0977  0.8924063197544607E-002
 0978  0.8924063197544607E-002
 0979  0.8924063197544607E-002
 0980  0.8924063197544607E-002
 0981  0.8924063197544607E-002
 0982  0.8924063197544607E-002
 0983  0.8924063197544607E-002
 0984  0.8924063197544607E-002
 0985  0.8924063197544607E-002
 0986  0.8924063197544607E-002
 0987  0.8924063197544607E-002
 0988  0.8924063197544607E-002
 0989  0.8924063197544607E-002
 0990  0.8924063197544607E-002
 0991  0.8924063197544607E-002
 0992  0.8924063197544607E-002
 0993  0.8924063197544607E-002
 0994  0.8924063197544607E-002
 0995  0.8924063197544607E-002
 0996  0.8924063197544607E-002
 0997  0.8924063197544607E-002
 0998  0.8924063197544607E-002
 0999  0.8924063197544607E-002
 1000  0.8924063197544607E-002
