 0001  0.1290399670617185E+023
 0002  0.1267215547872523E+023
 0003  0.1243620805666112E+023
 0004  0.1220676692383150E+023
 0005  0.1197296974718360E+023
 0006  0.1173717107087687E+023
 0007  0.1149671748576485E+023
 0008  0.1126091738445663E+023
 0009  0.1103267696854856E+023
 0010  0.1080010567183254E+023
 0011  0.1056602084950564E+023
 0012  0.1032820877078517E+023
 0013  0.1009227130571739E+023
 0014  0.9851619405387023E+022
 0015  0.9609949700799666E+022
 0016  0.9372073760600324E+022
 0017  0.9142192389118442E+022
 0018  0.8906883280823623E+022
 0019  0.8671020243749913E+022
 0020  0.8414704716030134E+022
 0021  0.8156093583553109E+022
 0022  0.7891225329832189E+022
 0023  0.7660054222187651E+022
 0024  0.7433989261327048E+022
 0025  0.7208760582775774E+022
 0026  0.6979139408672550E+022
 0027  0.6751256119693998E+022
 0028  0.6518823703834022E+022
 0029  0.6297836820328815E+022
 0030  0.6072162438379190E+022
 0031  0.5852280680187173E+022
 0032  0.5635415505674955E+022
 0033  0.5413359570507888E+022
 0034  0.5205884596813457E+022
 0035  0.4993494707452226E+022
 0036  0.4791617861555896E+022
 0037  0.4592987980767266E+022
 0038  0.4389686603242907E+022
 0039  0.4192019255111618E+022
 0040  0.3993071860402476E+022
 0041  0.3803984051914363E+022
 0042  0.3619533900586271E+022
 0043  0.3434019060947851E+022
 0044  0.3259021847728251E+022
 0045  0.3087187457423445E+022
 0046  0.2912609252966472E+022
 0047  0.2746042729455998E+022
 0048  0.2586522047613795E+022
 0049  0.2423922115240388E+022
 0050  0.2269216255079887E+022
 0051  0.2121517645741351E+022
 0052  0.1975719646583766E+022
 0053  0.1838801333626656E+022
 0054  0.1705059370370067E+022
 0055  0.1573407716931678E+022
 0056  0.1449870010399838E+022
 0057  0.1331695585008752E+022
 0058  0.1218218288113723E+022
 0059  0.1106008576790893E+022
 0060  0.1003245517525560E+022
 0061  0.9039117191622399E+021
 0062  0.8066344281112391E+021
 0063  0.7201435599564712E+021
 0064  0.6384208863532802E+021
 0065  0.5604478741002818E+021
 0066  0.4866881348284170E+021
 0067  0.4205597761057518E+021
 0068  0.3596636960352106E+021
 0069  0.3036836485307474E+021
 0070  0.2537649622617198E+021
 0071  0.2072247469935948E+021
 0072  0.1674354124457452E+021
 0073  0.1327591668612462E+021
 0074  0.1029444103532726E+021
 0075  0.7874952548454479E+020
 0076  0.5907501008813238E+020
 0077  0.4359538828794198E+020
 0078  0.3176498996485815E+020
 0079  0.2299182575359468E+020
 0080  0.1620017884004824E+020
 0081  0.1135940670294409E+020
 0082  0.8228102162919541E+019
 0083  0.6015076085061762E+019
 0084  0.4386242122216948E+019
 0085  0.3245973652431356E+019
 0086  0.2372302782826402E+019
 0087  0.1773404994864418E+019
 0088  0.1323747547050323E+019
 0089  0.9944641082203046E+018
 0090  0.7459242776030857E+018
 0091  0.5546955396263959E+018
 0092  0.4034305340655912E+018
 0093  0.2982751663334409E+018
 0094  0.2173184458120417E+018
 0095  0.1560544043223065E+018
 0096  0.1093490190732951E+018
 0097  0.7426841424490376E+017
 0098  0.4795729765198811E+017
 0099  0.2912598573620684E+017
 0100  0.1640623911252861E+017
 0101  0.7993750400739846E+016
 0102  0.3188883290388932E+016
 0103  0.7205291734293795E+015
 0104  0.2083219388584183E+014
 0105  0.1181693738774647E+011
 0106  0.7534382209510385E+009
 0107  0.2175150537500215E+009
 0108  0.1013215252190517E+009
 0109  0.6042032356425059E+008
 0110  0.4078668470575495E+008
 0111  0.3013694382423624E+008
 0112  0.2333986856258121E+008
 0113  0.1885351201877383E+008
 0114  0.1561093204296958E+008
 0115  0.1327578612619632E+008
 0116  0.1148350190360223E+008
 0117  0.1008204020674007E+008
 0118  0.8944075278910212E+007
 0119  0.8019469245830981E+007
 0120  0.7249428654161292E+007
 0121  0.6611138283664223E+007
 0122  0.6056904929940624E+007
 0123  0.5582871598010571E+007
 0124  0.5171865610185553E+007
 0125  0.4808772033422889E+007
 0126  0.4484987370392814E+007
 0127  0.4194530417274622E+007
 0128  0.3946221278433573E+007
 0129  0.3713030367618867E+007
 0130  0.3499327353732190E+007
 0131  0.3307899568555196E+007
 0132  0.3133198893475655E+007
 0133  0.2973982857789720E+007
 0134  0.2828089982456869E+007
 0135  0.2689256465250156E+007
 0136  0.2566659029000906E+007
 0137  0.2449288997195608E+007
 0138  0.2344275381596211E+007
 0139  0.2243570557354090E+007
 0140  0.2152249913071842E+007
 0141  0.2063904036304147E+007
 0142  0.1983423178905013E+007
 0143  0.1906179971366011E+007
 0144  0.1833868717521671E+007
 0145  0.1764123494323491E+007
 0146  0.1700107611749206E+007
 0147  0.1640582005775813E+007
 0148  0.1582951609429220E+007
 0149  0.1529063378441610E+007
 0150  0.1476541790346674E+007
 0151  0.1427643327174187E+007
 0152  0.1381361733075464E+007
 0153  0.1336213512096249E+007
 0154  0.1294834135515094E+007
 0155  0.1254531013170978E+007
 0156  0.1215844408929021E+007
 0157  0.1179798072298832E+007
 0158  0.1144596530012485E+007
 0159  0.1110810896290216E+007
 0160  0.1079254093383111E+007
 0161  0.1048414380583527E+007
 0162  0.1018766442961586E+007
 0163  0.9911383420088000E+006
 0164  0.9641210836113868E+006
 0165  0.9378123867817501E+006
 0166  0.9132062892740193E+006
 0167  0.8891336784390958E+006
 0168  0.8656479606656090E+006
 0169  0.8436024609309435E+006
 0170  0.8222613968069793E+006
 0171  0.8013725837462093E+006
 0172  0.7813350756606420E+006
 0173  0.7623537083420773E+006
 0174  0.7437657999776144E+006
 0175  0.7255632580324835E+006
 0176  0.7084142167047146E+006
 0177  0.6917616024468972E+006
 0178  0.6754477397635778E+006
 0179  0.6595904434708032E+006
 0180  0.6447678614877204E+006
 0181  0.6302391618571297E+006
 0182  0.6159984079983968E+006
 0183  0.6021651466938683E+006
 0184  0.5889635854105854E+006
 0185  0.5760199948906214E+006
 0186  0.5633293734423493E+006
 0187  0.5510109189123500E+006
 0188  0.5392594899102122E+006
 0189  0.5277425083403530E+006
 0190  0.5164375518856163E+006
 0191  0.5054364249300341E+006
 0192  0.4950830899270272E+006
 0193  0.4849245334281467E+006
 0194  0.4749570041463677E+006
 0195  0.4651766711882305E+006
 0196  0.4558496439039918E+006
 0197  0.4467297887604114E+006
 0198  0.4377827193025373E+006
 0199  0.4289971625763339E+006
 0200  0.4205342267153159E+006
 0201  0.4124078888641234E+006
 0202  0.4044292969093380E+006
 0203  0.3965956157992972E+006
 0204  0.3889040691636860E+006
 0205  0.3815858467062822E+006
 0206  0.3744278088445440E+006
 0207  0.3673995816844369E+006
 0208  0.3604949767447303E+006
 0209  0.3537373300269750E+006
 0210  0.3472385347342881E+006
 0211  0.3408548843592191E+006
 0212  0.3345842049266883E+006
 0213  0.3284243669893592E+006
 0214  0.3224239275881058E+006
 0215  0.3166440886689071E+006
 0216  0.3109651380054586E+006
 0217  0.3053851912864468E+006
 0218  0.2999024024129055E+006
 0219  0.2945742235281805E+006
 0220  0.2894744146357259E+006
 0221  0.2844618620489751E+006
 0222  0.2795354948710216E+006
 0223  0.2746926025064456E+006
 0224  0.2699401160788197E+006
 0225  0.2653350219642665E+006
 0226  0.2608081013745160E+006
 0227  0.2563579218091514E+006
 0228  0.2519830791667841E+006
 0229  0.2476825173244181E+006
 0230  0.2435441819998214E+006
 0231  0.2394945601272908E+006
 0232  0.2355124922675976E+006
 0233  0.2315967559738100E+006
 0234  0.2277461525985292E+006
 0235  0.2239943176993022E+006
 0236  0.2203660325288427E+006
 0237  0.2167973386112955E+006
 0238  0.2132871677052198E+006
 0239  0.2098344731189534E+006
 0240  0.2064382257568455E+006
 0241  0.2031333365198826E+006
 0242  0.1998943101244772E+006
 0243  0.1967075535558745E+006
 0244  0.1935722778948475E+006
 0245  0.1904875699846956E+006
 0246  0.1874541612653067E+006
 0247  0.1845267799874948E+006
 0248  0.1816458304202775E+006
 0249  0.1788105953184005E+006
 0250  0.1760202724220414E+006
 0251  0.1732740740528295E+006
 0252  0.1705816283171300E+006
 0253  0.1679911872859657E+006
 0254  0.1654408143924591E+006
 0255  0.1629298841198287E+006
 0256  0.1604577146818177E+006
 0257  0.1580236366664053E+006
 0258  0.1556303683548060E+006
 0259  0.1533053087702875E+006
 0260  0.1510154947260252E+006
 0261  0.1487603247174061E+006
 0262  0.1465392076713391E+006
 0263  0.1443515956542646E+006
 0264  0.1421968492369857E+006
 0265  0.1401234724812882E+006
 0266  0.1380852060976050E+006
 0267  0.1360768134972990E+006
 0268  0.1340978215682524E+006
 0269  0.1321476906747273E+006
 0270  0.1302259668190502E+006
 0271  0.1283856463672630E+006
 0272  0.1266165510034378E+006
 0273  0.1248722599107493E+006
 0274  0.1231523382571891E+006
 0275  0.1214564157576736E+006
 0276  0.1197841090980945E+006
 0277  0.1181350560925567E+006
 0278  0.1164092650953375E+006
 0279  0.1146797532279012E+006
 0280  0.1129748678504857E+006
 0281  0.1112942224223218E+006
 0282  0.1096374025649379E+006
 0283  0.1080040373114628E+006
 0284  0.1064326827211553E+006
 0285  0.1049240285857951E+006
 0286  0.1034360149638226E+006
 0287  0.1019683055943916E+006
 0288  0.1005205979779877E+006
 0289  0.9909258609131517E+005
 0290  0.9768397694569026E+005
 0291  0.9634638665714185E+005
 0292  0.9503405257426665E+005
 0293  0.9373909810607742E+005
 0294  0.9246125560429838E+005
 0295  0.9120028117852789E+005
 0296  0.8995592944031251E+005
 0297  0.8872796475223696E+005
 0298  0.8757206983122687E+005
 0299  0.8643679361049805E+005
 0300  0.8531614537742329E+005
 0301  0.8420991162360102E+005
 0302  0.8311789598204024E+005
 0303  0.8203990160036738E+005
 0304  0.8097573900444376E+005
 0305  0.7988951829558858E+005
 0306  0.7878812124739213E+005
 0307  0.7770122945574527E+005
 0308  0.7662863908662001E+005
 0309  0.7557015977978257E+005
 0310  0.7452560463984462E+005
 0311  0.7349478294191149E+005
 0312  0.7250517067425858E+005
 0313  0.7155125124250409E+005
 0314  0.7060973941343126E+005
 0315  0.6968047818685492E+005
 0316  0.6876331342436653E+005
 0317  0.6785808828430316E+005
 0318  0.6696465490547073E+005
 0319  0.6608930969199068E+005
 0320  0.6526200812171051E+005
 0321  0.6444540991763314E+005
 0322  0.6363938773900730E+005
 0323  0.6284381212560963E+005
 0324  0.6205856036246371E+005
 0325  0.6128351152428138E+005
 0326  0.6051854270116433E+005
 0327  0.5974567432790883E+005
 0328  0.5894271007095782E+005
 0329  0.5815077407453908E+005
 0330  0.5736974621709880E+005
 0331  0.5659950362581076E+005
 0332  0.5583992793247709E+005
 0333  0.5509090170477578E+005
 0334  0.5435230567559187E+005
 0335  0.5364846479794086E+005
 0336  0.5295690099562854E+005
 0337  0.5227512250049834E+005
 0338  0.5160302687228263E+005
 0339  0.5094050924657275E+005
 0340  0.5028746732685187E+005
 0341  0.4964379553088691E+005
 0342  0.4901128458203987E+005
 0343  0.4841184147316715E+005
 0344  0.4782118845324637E+005
 0345  0.4723922989200264E+005
 0346  0.4666587082265377E+005
 0347  0.4610101251382192E+005
 0348  0.4554455619370501E+005
 0349  0.4499640139606652E+005
 0350  0.4445644467008247E+005
 0351  0.4388545535261617E+005
 0352  0.4330954898036820E+005
 0353  0.4274314679730245E+005
 0354  0.4218612204382214E+005
 0355  0.4163834516251471E+005
 0356  0.4109968098474421E+005
 0357  0.4056999196852989E+005
 0358  0.4004913600758824E+005
 0359  0.3955658281169843E+005
 0360  0.3907304437169551E+005
 0361  0.3859771700355656E+005
 0362  0.3813045154333574E+005
 0363  0.3767109503111451E+005
 0364  0.3721949344703808E+005
 0365  0.3677549015445734E+005
 0366  0.3633892848785177E+005
 0367  0.3587230595228646E+005
 0368  0.3539907964536455E+005
 0369  0.3493448506429024E+005
 0370  0.3447829923087682E+005
 0371  0.3403030125204014E+005
 0372  0.3359027208036634E+005
 0373  0.3315799621987133E+005
 0374  0.3273672953199035E+005
 0375  0.3233732254481843E+005
 0376  0.3194472522725150E+005
 0377  0.3155874882685241E+005
 0378  0.3117921083942001E+005
 0379  0.3080593578483927E+005
 0380  0.3043875573756675E+005
 0381  0.3007750954062496E+005
 0382  0.2971097469769643E+005
 0383  0.2930912889618706E+005
 0384  0.2891415443873591E+005
 0385  0.2852585844524608E+005
 0386  0.2814405919186460E+005
 0387  0.2776858524101280E+005
 0388  0.2739927513224511E+005
 0389  0.2704794258455651E+005
 0390  0.2676313998345583E+005
 0391  0.2648244126845711E+005
 0392  0.2620576290653413E+005
 0393  0.2593302452422854E+005
 0394  0.2566414899869047E+005
 0395  0.2539906213751451E+005
 0396  0.2513769246321127E+005
 0397  0.2487997101505277E+005
 0398  0.2461947038865259E+005
 0399  0.2433185633104812E+005
 0400  0.2404847755245520E+005
 0401  0.2376925314540847E+005
 0402  0.2349410501735564E+005
 0403  0.2322295760832090E+005
 0404  0.2295573769649218E+005
 0405  0.2269237422582065E+005
 0406  0.2242424961829748E+005
 0407  0.2211872327709188E+005
 0408  0.2181795661870371E+005
 0409  0.2152185837252800E+005
 0410  0.2123033985470002E+005
 0411  0.2094331483503559E+005
 0412  0.2066069924403964E+005
 0413  0.2040908639001247E+005
 0414  0.2020143782335302E+005
 0415  0.1999656563931439E+005
 0416  0.1979442482570000E+005
 0417  0.1959497130175733E+005
 0418  0.1939816176437281E+005
 0419  0.1920395382454863E+005
 0420  0.1901230584953472E+005
 0421  0.1882317697729792E+005
 0422  0.1862210081301668E+005
 0423  0.1840236590696126E+005
 0424  0.1818572624044425E+005
 0425  0.1797212851247150E+005
 0426  0.1776152023445554E+005
 0427  0.1755384949444278E+005
 0428  0.1734906503779165E+005
 0429  0.1714711614636216E+005
 0430  0.1695416511761368E+005
 0431  0.1676614067110619E+005
 0432  0.1658065270984374E+005
 0433  0.1639765721905302E+005
 0434  0.1621711062537611E+005
 0435  0.1603896967892718E+005
 0436  0.1586319147135091E+005
 0437  0.1568973344038011E+005
 0438  0.1549140620420510E+005
 0439  0.1527593176934881E+005
 0440  0.1506361348447032E+005
 0441  0.1485438697366322E+005
 0442  0.1464818789244760E+005
 0443  0.1444495183804773E+005
 0444  0.1425055877360187E+005
 0445  0.1410908554783994E+005
 0446  0.1396936109013049E+005
 0447  0.1383135603085266E+005
 0448  0.1369504130726008E+005
 0449  0.1356038813059775E+005
 0450  0.1342736802993931E+005
 0451  0.1329595282860421E+005
 0452  0.1316611462856139E+005
 0453  0.1303782586069718E+005
 0454  0.1287793280722088E+005
 0455  0.1271827826965759E+005
 0456  0.1256069542966642E+005
 0457  0.1240514457546027E+005
 0458  0.1225158657697369E+005
 0459  0.1209998293354169E+005
 0460  0.1195029583947337E+005
 0461  0.1180674204251971E+005
 0462  0.1166745539279972E+005
 0463  0.1152987572095677E+005
 0464  0.1139397289271867E+005
 0465  0.1125971764308828E+005
 0466  0.1112708163949500E+005
 0467  0.1099603751695307E+005
 0468  0.1086655894614172E+005
 0469  0.1074402532692761E+005
 0470  0.1062367608943988E+005
 0471  0.1050471103569196E+005
 0472  0.1038710991658825E+005
 0473  0.1027085363843436E+005
 0474  0.1015592427726005E+005
 0475  0.1004230507497827E+005
 0476  0.9929980435113494E+004
 0477  0.9822048327531997E+004
 0478  0.9717114820527251E+004
 0479  0.9613312665552539E+004
 0480  0.9510633135341672E+004
 0481  0.9409068686549153E+004
 0482  0.9308612851713175E+004
 0483  0.9209260110086980E+004
 0484  0.9111005758902016E+004
 0485  0.9013845764305703E+004
 0486  0.8884660122590536E+004
 0487  0.8750047011100874E+004
 0488  0.8617054499610851E+004
 0489  0.8485708445063154E+004
 0490  0.8356032833536949E+004
 0491  0.8228048102338000E+004
 0492  0.8105618761075226E+004
 0493  0.7987192908960800E+004
 0494  0.7870248142100506E+004
 0495  0.7754783777708742E+004
 0496  0.7640788009887737E+004
 0497  0.7528237509328237E+004
 0498  0.7417724665050495E+004
 0499  0.7315987573590412E+004
 0500  0.7215433569562246E+004
 0501  0.7116008164077868E+004
 0502  0.7017649736691971E+004
 0503  0.6920290096471496E+004
 0504  0.6823855099430104E+004
 0505  0.6729607273098212E+004
 0506  0.6641486197563662E+004
 0507  0.6554156861517245E+004
 0508  0.6467562091915544E+004
 0509  0.6381644100739853E+004
 0510  0.6296344896030463E+004
 0511  0.6211606712720928E+004
 0512  0.6127372465521807E+004
 0513  0.6050150911368628E+004
 0514  0.5973913958373914E+004
 0515  0.5898240647349581E+004
 0516  0.5823103088092746E+004
 0517  0.5748474908035995E+004
 0518  0.5674331399725047E+004
 0519  0.5600649665488942E+004
 0520  0.5529036870083617E+004
 0521  0.5462670604867130E+004
 0522  0.5396817067524345E+004
 0523  0.5331466108128812E+004
 0524  0.5266608685262187E+004
 0525  0.5202236878236756E+004
 0526  0.5138343894219320E+004
 0527  0.5074924069949226E+004
 0528  0.5007536821380980E+004
 0529  0.4892798513092466E+004
 0530  0.4779133335131189E+004
 0531  0.4666551770818554E+004
 0532  0.4555073263079424E+004
 0533  0.4491840373972131E+004
 0534  0.4441066555711593E+004
 0535  0.4390775275896174E+004
 0536  0.4340966321802777E+004
 0537  0.4291639660169331E+004
 0538  0.4242795414727542E+004
 0539  0.4194433843842983E+004
 0540  0.4146555318372489E+004
 0541  0.4099160299844629E+004
 0542  0.4020181499055251E+004
 0543  0.3933116082160772E+004
 0544  0.3847215374816735E+004
 0545  0.3762507388535557E+004
 0546  0.3679990653710223E+004
 0547  0.3642211153556807E+004
 0548  0.3604855109808243E+004
 0549  0.3567921440114567E+004
 0550  0.3531408982539382E+004
 0551  0.3495316491551414E+004
 0552  0.3459642634570655E+004
 0553  0.3424385989055021E+004
 0554  0.3389545040111911E+004
 0555  0.3355118178615714E+004
 0556  0.3321103699812290E+004
 0557  0.3257791429144161E+004
 0558  0.3194076369078536E+004
 0559  0.3131428866853346E+004
 0560  0.3069859156889562E+004
 0561  0.3009376032644514E+004
 0562  0.2953054456846995E+004
 0563  0.2899655852523411E+004
 0564  0.2847212890239718E+004
 0565  0.2795727200402062E+004
 0566  0.2745199204203475E+004
 0567  0.2695659991120275E+004
 0568  0.2647798669988380E+004
 0569  0.2600869651123595E+004
 0570  0.2554871815475846E+004
 0571  0.2509802727353440E+004
 0572  0.2465658681241086E+004
 0573  0.2422651562844886E+004
 0574  0.2381306156778892E+004
 0575  0.2340849666800771E+004
 0576  0.2301276649810193E+004
 0577  0.2262580425717833E+004
 0578  0.2224753156940154E+004
 0579  0.2187914615444692E+004
 0580  0.2152781961890376E+004
 0581  0.2118474259525725E+004
 0582  0.2084981775201095E+004
 0583  0.2052293801418595E+004
 0584  0.2020398749858019E+004
 0585  0.1989284242915453E+004
 0586  0.1775256112936443E+004
 0587  0.1749241948009526E+004
 0588  0.1724027381505868E+004
 0589  0.1699591098293207E+004
 0590  0.1675911273668751E+004
 0591  0.1652965716037418E+004
 0592  0.1630722916821317E+004
 0593  0.1608704066634393E+004
 0594  0.1587465198420399E+004
 0595  0.1566977916480405E+004
 0596  0.1547213693306676E+004
 0597  0.1528144042048717E+004
 0598  0.1509740668263831E+004
 0599  0.1491975602208629E+004
 0600  0.1277084931217582E+004
 0601  0.1268771401540433E+004
 0602  0.1260629507739475E+004
 0603  0.1252604154931793E+004
 0604  0.1244646340980878E+004
 0605  0.1236712808448036E+004
 0606  0.1228765662904358E+004
 0607  0.1092634859958041E+004
 0608  0.1081992066869536E+004
 0609  0.1071471350717321E+004
 0610  0.1061070768377896E+004
 0611  0.1050788441873256E+004
 0612  0.1040622554116497E+004
 0613  0.1030571345007116E+004
 0614  0.1020633107839833E+004
 0615  0.7740140177836972E+003
 0616  0.7657373144469959E+003
 0617  0.7575676559433696E+003
 0618  0.7495035475832779E+003
 0619  0.7415435170431894E+003
 0620  0.7336861139795857E+003
 0621  0.7259299096530151E+003
 0622  0.7182734965616952E+003
 0623  0.5382838383675568E+003
 0624  0.5324701743074927E+003
 0625  0.5267274432495626E+003
 0626  0.5210546985505658E+003
 0627  0.5154510069925406E+003
 0628  0.5099154485844860E+003
 0629  0.5044471163673906E+003
 0630  0.4990451162219994E+003
 0631  0.4937085666796341E+003
 0632  0.4884365987359572E+003
 0633  0.3550731894429830E+003
 0634  0.3545908586747889E+003
 0635  0.3541124272211540E+003
 0636  0.3536378620725930E+003
 0637  0.3531671305205219E+003
 0638  0.3527002001542234E+003
 0639  0.3522370388578373E+003
 0640  0.3517776148073928E+003
 0641  0.3513218964678691E+003
 0642  0.3508698525902967E+003
 0643  0.3504214522088824E+003
 0644  0.3499766646381730E+003
 0645  0.3495354594702467E+003
 0646  0.3490978065719415E+003
 0647  0.3486636760821056E+003
 0648  0.3482330384088941E+003
 0649  0.3478058642270744E+003
 0650  0.3473821244753826E+003
 0651  0.3469617903539005E+003
 0652  0.3465129981112786E+003
 0653  0.3460328013197834E+003
 0654  0.3455564645612679E+003
 0655  0.3450839554769456E+003
 0656  0.3446152419986102E+003
 0657  0.3441502923457599E+003
 0658  0.3436890750227500E+003
 0659  0.3432315588159765E+003
 0660  0.3427777127910971E+003
 0661  0.3423275062902762E+003
 0662  0.3418809089294594E+003
 0663  0.3414378905956845E+003
 0664  0.3409984214444216E+003
 0665  0.3405624718969324E+003
 0666  0.3401300126376690E+003
 0667  0.3397010146117087E+003
 0668  0.3392754490221872E+003
 0669  0.3388532873277937E+003
 0670  0.3384345012402779E+003
 0671  0.3380190627219781E+003
 0672  0.3376069439833867E+003
 0673  0.3371981174807455E+003
 0674  0.3367925559136526E+003
 0675  0.3362323924502333E+003
 0676  0.3354810233171616E+003
 0677  0.3347356760130945E+003
 0678  0.3339963003184210E+003
 0679  0.3332628464608584E+003
 0680  0.3325352651110791E+003
 0681  0.3318135073783501E+003
 0682  0.3310975248062630E+003
 0683  0.3303872693684927E+003
 0684  0.3296826934645975E+003
 0685  0.3289837499158692E+003
 0686  0.3282903919612361E+003
 0687  0.3276025732531971E+003
 0688  0.3269202478538169E+003
 0689  0.3262433702307502E+003
 0690  0.3255718952533072E+003
 0691  0.3249057781885783E+003
 0692  0.3242449746975952E+003
 0693  0.3235894408315089E+003
 0694  0.3229391330278542E+003
 0695  0.3222940081068190E+003
 0696  0.3216540232675617E+003
 0697  0.3210191360845751E+003
 0698  0.3203893045040904E+003
 0699  0.3197644868405015E+003
 0700  0.3191446417728532E+003
 0701  0.3185297283413618E+003
 0702  0.3178192388540166E+003
 0703  0.3163957964343189E+003
 0704  0.3149837334497569E+003
 0705  0.3135829554186748E+003
 0706  0.3121933686951643E+003
 0707  0.3108148804609356E+003
 0708  0.3094473987172719E+003
 0709  0.3080908322771299E+003
 0710  0.3067450907572784E+003
 0711  0.3054100845705126E+003
 0712  0.3040857249179902E+003
 0713  0.3027719237816257E+003
 0714  0.3014685939165622E+003
 0715  0.3001756488437752E+003
 0716  0.2988930028426454E+003
 0717  0.2976205709437629E+003
 0718  0.2963582689216627E+003
 0719  0.2951060132877363E+003
 0720  0.2938637212831910E+003
 0721  0.2926313108720444E+003
 0722  0.2914087007342731E+003
 0723  0.2901958102589523E+003
 0724  0.2889925595375371E+003
 0725  0.2877988693571608E+003
 0726  0.2866146611940464E+003
 0727  0.2854398572069566E+003
 0728  0.2842743802307379E+003
 0729  0.2831181537699033E+003
 0730  0.2819711019923342E+003
 0731  0.2808331497229771E+003
 0732  0.2797042224376695E+003
 0733  0.2784458455455965E+003
 0734  0.2761632654943562E+003
 0735  0.2738989378702953E+003
 0736  0.2716527110565991E+003
 0737  0.2694244347785466E+003
 0738  0.2672139600904632E+003
 0739  0.2650211393628538E+003
 0740  0.2628458262695940E+003
 0741  0.2606878757753533E+003
 0742  0.2585471441231177E+003
 0743  0.2564234888217686E+003
 0744  0.2543167686339640E+003
 0745  0.2522268435639866E+003
 0746  0.2501535748458173E+003
 0747  0.2480968249313027E+003
 0748  0.2460564574784693E+003
 0749  0.2440323373399515E+003
 0750  0.2420243305515323E+003
 0751  0.2400323043208274E+003
 0752  0.2380561270160695E+003
 0753  0.2360956681550977E+003
 0754  0.2341507983942408E+003
 0755  0.2322213895176415E+003
 0756  0.2303073144264070E+003
 0757  0.2284084471280472E+003
 0758  0.2265246627259324E+003
 0759  0.2246558374089500E+003
 0760  0.2228018484411569E+003
 0761  0.2209625741516731E+003
 0762  0.2191378939245468E+003
 0763  0.2173276881888801E+003
 0764  0.2155318384088397E+003
 0765  0.2130467750337576E+003
 0766  0.2102206309238246E+003
 0767  0.2074172124888485E+003
 0768  0.2046363291047939E+003
 0769  0.2018777918609639E+003
 0770  0.1991414135431063E+003
 0771  0.1964270086164824E+003
 0772  0.1937343932093386E+003
 0773  0.1910633850965077E+003
 0774  0.1884138036830340E+003
 0775  0.1857854699882315E+003
 0776  0.1831782066297120E+003
 0777  0.1805918378077060E+003
 0778  0.1780261892894875E+003
 0779  0.1754810883940356E+003
 0780  0.1729563639768149E+003
 0781  0.1704518464147905E+003
 0782  0.1679673675914203E+003
 0783  0.1655027608821019E+003
 0784  0.1630578611395592E+003
 0785  0.1606325046794084E+003
 0786  0.1582265292660692E+003
 0787  0.1558397740985291E+003
 0788  0.1534720797964502E+003
 0789  0.1511232883865688E+003
 0790  0.1487932432888226E+003
 0791  0.1464817893030391E+003
 0792  0.1440847060475442E+003
 0793  0.1412359161391106E+003
 0794  0.1384103413235189E+003
 0795  0.1356077824101871E+003
 0796  0.1328280420609974E+003
 0797  0.1300709247710719E+003
 0798  0.1273362368499074E+003
 0799  0.1246237864025518E+003
 0800  0.1219333833111776E+003
 0801  0.1192648392167128E+003
 0802  0.1166179675007382E+003
 0803  0.1139925832676493E+003
 0804  0.1113885033269956E+003
 0805  0.1088055461759110E+003
 0806  0.1062435319819923E+003
 0807  0.1037022825660531E+003
 0808  0.1011816213853859E+003
 0809  0.9868137351706405E+002
 0810  0.9620136564130422E+002
 0811  0.9374142602543564E+002
 0812  0.9130138450748248E+002
 0813  0.8887185390717399E+002
 0814  0.8634621047396790E+002
 0815  0.8384162057809340E+002
 0816  0.8135789681707709E+002
 0817  0.7889485362326023E+002
 0818  0.7645230724358893E+002
 0819  0.7403007571978419E+002
 0820  0.7162797886855802E+002
 0821  0.6924583826231415E+002
 0822  0.6688347720995532E+002
 0823  0.6454072073786075E+002
 0824  0.6221739557125187E+002
 0825  0.5991333011565689E+002
 0826  0.5762835443866988E+002
 0827  0.5536230025193591E+002
 0828  0.5312268262563617E+002
 0829  0.5099431214399267E+002
 0830  0.4888430688086659E+002
 0831  0.4679249463392057E+002
 0832  0.4471870500137336E+002
 0833  0.4266276936056082E+002
 0834  0.4062452084742524E+002
 0835  0.3860379433561323E+002
 0836  0.3660042641636892E+002
 0837  0.3461425537832180E+002
 0838  0.3264512118777036E+002
 0839  0.3082316426306814E+002
 0840  0.2905613285842983E+002
 0841  0.2730510349749765E+002
 0842  0.2556991592417164E+002
 0843  0.2385041168496237E+002
 0844  0.2214643410651403E+002
 0845  0.2045782827323246E+002
 0846  0.1890917607461456E+002
 0847  0.1742215891620926E+002
 0848  0.1594951749855674E+002
 0849  0.1449109612359667E+002
 0850  0.1304674098144541E+002
 0851  0.1174773628614904E+002
 0852  0.1048363374554756E+002
 0853  0.9232807705884643E+001
 0854  0.8051739239846560E+001
 0855  0.6955765739582006E+001
 0856  0.5872537907468477E+001
 0857  0.4910774247294327E+001
 0858  0.3980997213629163E+001
 0859  0.3136937764565037E+001
 0860  0.2373268134844447E+001
 0861  0.1694028610156885E+001
 0862  0.1111041315504294E+001
 0863  0.6385466221224755E+000
 0864  0.2963578160560587E+000
 0865  0.1190793003062938E-002
 0866  0.1373391576860377E-004
 0867  0.3674630334823437E-005
 0868  0.1666425581276344E-005
 0869  0.9505604468632318E-006
 0870  0.6156578116350915E-006
 0871  0.4309603630226062E-006
 0872  0.3199939160561531E-006
 0873  0.2461755223888396E-006
 0874  0.1964925947374716E-006
 0875  0.1604669366048446E-006
 0876  0.1335906207850477E-006
 0877  0.1129683143643933E-006
 0878  0.9695936114383611E-007
 0879  0.8440544284367429E-007
 0880  0.7406356944291152E-007
 0881  0.6540676004467294E-007
 0882  0.5855204206990921E-007
 0883  0.5252189716751062E-007
 0884  0.4756607383490681E-007
 0885  0.4318507065811828E-007
 0886  0.3952018344130857E-007
 0887  0.3619234179518139E-007
 0888  0.3344025486793959E-007
 0889  0.3086743497030363E-007
 0890  0.2870693075303470E-007
 0891  0.2674420804727713E-007
 0892  0.2491776889796741E-007
 0893  0.2340453580818045E-007
 0894  0.2197208148210304E-007
 0895  0.2062808795140899E-007
 0896  0.1951402549719048E-007
 0897  0.1845371612542305E-007
 0898  0.1744483189315436E-007
 0899  0.1656696886512455E-007
 0900  0.1577023139687261E-007
 0901  0.1500834994190461E-007
 0902  0.1427992663186667E-007
 0903  0.1365633772011599E-007
 0904  0.1307522317003478E-007
 0905  0.1251708925041838E-007
 0906  0.1198108368283741E-007
 0907  0.1149554528037571E-007
 0908  0.1106566581793150E-007
 0909  0.1065110878534969E-007
 0910  0.1025134935213786E-007
 0911  0.9865880108017478E-008
 0912  0.9515892173791536E-008
 0913  0.9204199154359835E-008
 0914  0.8902524383225351E-008
 0915  0.8610550584066775E-008
 0916  0.8327970415628884E-008
 0917  0.8054486163260345E-008
 0918  0.7815111894665393E-008
 0919  0.7592115120408873E-008
 0920  0.7375576992759850E-008
 0921  0.7165308397552299E-008
 0922  0.6961125803210899E-008
 0923  0.6762851094927961E-008
 0924  0.6573772726307049E-008
 0925  0.6411391302509938E-008
 0926  0.6253245250279282E-008
 0927  0.6099219944735729E-008
 0928  0.5949203947681680E-008
 0929  0.5803088917210295E-008
 0930  0.5660769519901950E-008
 0931  0.5522143345587539E-008
 0932  0.5395646701370401E-008
 0933  0.5281332563572069E-008
 0934  0.5169698676324976E-008
 0935  0.5060678105076398E-008
 0936  0.4954205664142706E-008
 0937  0.4850217869460545E-008
 0938  0.4748652892621615E-008
 0939  0.4649450516204288E-008
 0940  0.4552552090321451E-008
 0941  0.4464203289930177E-008
 0942  0.4383887112948620E-008
 0943  0.4305261900286846E-008
 0944  0.4228288749864199E-008
 0945  0.4152929712840893E-008
 0946  0.4079147769139632E-008
 0947  0.4006906803618667E-008
 0948  0.3936171582871485E-008
 0949  0.3866907732651807E-008
 0950  0.3799081715894572E-008
 0951  0.3732660811316728E-008
 0952  0.3675027559326272E-008
 0953  0.3619688689853178E-008
 0954  0.3565393568139725E-008
 0955  0.3512120149742476E-008
 0956  0.3459846894975643E-008
 0957  0.3408552756645890E-008
 0958  0.3358217168087168E-008
 0959  0.3308820031505354E-008
 0960  0.3260341706619097E-008
 0961  0.3212762999585193E-008
 0962  0.3166065152217694E-008
 0963  0.3120229831458534E-008
 0964  0.3075505252931081E-008
 0965  0.3037182371956448E-008
 0966  0.2999507986012903E-008
 0967  0.2962469539117814E-008
 0968  0.2926054743372420E-008
 0969  0.2890251572808218E-008
 0970  0.2855048257380801E-008
 0971  0.2820433277110438E-008
 0972  0.2786395356362729E-008
 0973  0.2752923458267774E-008
 0974  0.2720006779276345E-008
 0975  0.2687634743846644E-008
 0976  0.2655796999264082E-008
 0977  0.2624483410569607E-008
 0978  0.2593684055630394E-008
 0979  0.2563389220316679E-008
 0980  0.2534867760972721E-008
 0981  0.2509443741891116E-008
 0982  0.2484403861938521E-008
 0983  0.2459741356808138E-008
 0984  0.2435449595837583E-008
 0985  0.2411522079132899E-008
 0986  0.2387952434754192E-008
 0987  0.2364734415972276E-008
 0988  0.2341861898587584E-008
 0989  0.2319328878299271E-008
 0990  0.2297129468152879E-008
 0991  0.2275257896033628E-008
 0992  0.2253708502219377E-008
 0993  0.2232475736990276E-008
 0994  0.2211554158296652E-008
 0995  0.2190938429469149E-008
 0996  0.2170623316994836E-008
 0997  0.2150603688331642E-008
 0998  0.2130874509781074E-008
 0999  0.2111430844402825E-008
 1000  0.0000000000000000E+000
