  0.0000000000E+000  0.0000000000E+000
  1.7001366313E+003  7.9580235010E+041
  3.4002218221E+003  7.9580235010E+041
  5.1001444770E+003  7.9580235010E+041
  6.8001777888E+003  7.9580235010E+041
  8.5001431002E+003  7.9580235010E+041
  1.0200177348E+004  7.8714240955E+041
  1.1900240717E+004  7.8714240955E+041
  1.3600244244E+004  7.8714240955E+041
  1.5300241543E+004  7.8714240955E+041
  1.7000219334E+004  7.8714240955E+041
  1.8700237766E+004  7.8714240955E+041
  2.0400174794E+004  7.7861035723E+041
  2.2100224985E+004  7.7861035723E+041
  2.3800243859E+004  7.7861035723E+041
  2.5500179461E+004  7.7861035723E+041
  2.7200190959E+004  7.7861035723E+041
  2.8900162129E+004  7.7861035723E+041
  3.0600236099E+004  7.7016754349E+041
  3.2300248011E+004  7.7016754349E+041
  3.4000234143E+004  7.7016754349E+041
  3.5700236088E+004  7.7016754349E+041
  3.7400176095E+004  7.7016754349E+041
  3.9100173428E+004  7.7016754349E+041
  4.0800192373E+004  7.6186537673E+041
  4.2500208318E+004  7.6186537673E+041
  4.4200248078E+004  7.6186537673E+041
  4.5900187591E+004  7.6186537673E+041
  4.7600157198E+004  7.6186537673E+041
  4.9300228901E+004  7.6186537673E+041
  5.1000216493E+004  7.5367464268E+041
  5.2700265897E+004  7.5367464268E+041
  5.4400149938E+004  7.5367464268E+041
  5.6100194291E+004  7.5367464268E+041
  5.7800220655E+004  7.5367464268E+041
  5.9500149461E+004  7.5367464268E+041
  6.1200144552E+004  7.4557343624E+041
  6.2900207156E+004  7.4557343624E+041
  6.4600136321E+004  7.4557343624E+041
  6.6300172978E+004  7.4557343624E+041
  6.8000181161E+004  7.4557343624E+041
  6.9700180555E+004  7.4557343624E+041
  7.1400222463E+004  7.3777255832E+041
  7.3100232065E+004  7.3777255832E+041
  7.4800183522E+004  7.3777255832E+041
  7.6500161762E+004  7.3777255832E+041
  7.8200203352E+004  7.3777255832E+041
  7.9900207771E+004  7.3777255832E+041
  8.1600197589E+004  7.3012053653E+041
  8.3300157918E+004  7.3012053653E+041
  8.5000209934E+004  7.3012053653E+041
  8.6700144412E+004  7.3012053653E+041
  8.8400189786E+004  7.3012053653E+041
  9.0100191104E+004  7.2268030504E+041
  9.1800251230E+004  7.2268030504E+041
  9.3500257127E+004  7.2268030504E+041
  9.5200185579E+004  7.2268030504E+041
  9.6900259870E+004  7.2268030504E+041
  9.8600241292E+004  7.2268030504E+041
  1.0030025501E+005  7.1544792430E+041
  1.0200023166E+005  7.1544792430E+041
  1.0370022577E+005  7.1544792430E+041
  1.0540026234E+005  7.1544792430E+041
  1.0710017024E+005  7.1544792430E+041
  1.0880023405E+005  7.1544792430E+041
  1.1050023147E+005  7.0824462177E+041
  1.1220017915E+005  7.0824462177E+041
  1.1390014367E+005  7.0824462177E+041
  1.1560021381E+005  7.0824462177E+041
  1.1730013921E+005  7.0824462177E+041
  1.1900018386E+005  7.0824462177E+041
  1.2070020926E+005  7.0102515483E+041
  1.2240026178E+005  7.0102515483E+041
  1.2410026452E+005  7.0102515483E+041
  1.2580018570E+005  7.0102515483E+041
  1.2750017619E+005  7.0102515483E+041
  1.2920013699E+005  7.0102515483E+041
  1.3090022835E+005  6.9398362547E+041
  1.3260022060E+005  6.9398362547E+041
  1.3430019473E+005  6.9398362547E+041
  1.3600016457E+005  6.9398362547E+041
  1.3770020459E+005  6.9398362547E+041
  1.3940016828E+005  6.9398362547E+041
  1.4110014438E+005  6.8691211247E+041
  1.4280019067E+005  6.8691211247E+041
  1.4450017041E+005  6.8691211247E+041
  1.4620026936E+005  6.8691211247E+041
  1.4790017742E+005  6.8691211247E+041
  1.4960022387E+005  6.8691211247E+041
  1.5130025349E+005  6.7975096861E+041
  1.5300026227E+005  6.7975096861E+041
  1.5470019817E+005  6.7975096861E+041
  1.5640023378E+005  6.7975096861E+041
  1.5810019184E+005  6.7975096861E+041
  1.5980020667E+005  6.7975096861E+041
  1.6150017791E+005  6.7283367867E+041
  1.6320024602E+005  6.7283367867E+041
  1.6490022125E+005  6.7283367867E+041
  1.6660018095E+005  6.7283367867E+041
  1.6830026526E+005  6.7283367867E+041
  1.7000017086E+005  6.6589973433E+041
  1.7170015803E+005  6.6589973433E+041
  1.7340015544E+005  6.6589973433E+041
  1.7510021588E+005  6.6589973433E+041
  1.7680021192E+005  6.6589973433E+041
  1.7850015604E+005  6.6589973433E+041
  1.8020017530E+005  6.5892958443E+041
  1.8190019852E+005  6.5892958443E+041
  1.8360021240E+005  6.5892958443E+041
  1.8530019869E+005  6.5892958443E+041
  1.8700013868E+005  6.5892958443E+041
  1.8870019416E+005  6.5892958443E+041
  1.9040015609E+005  6.5208619356E+041
  1.9210018137E+005  6.5208619356E+041
  1.9380014615E+005  6.5208619356E+041
  1.9550019127E+005  6.5208619356E+041
  1.9720013582E+005  6.5208619356E+041
  1.9890021153E+005  6.5208619356E+041
  2.0060013569E+005  6.4512871523E+041
  2.0230016340E+005  6.4512871523E+041
  2.0400015106E+005  6.4512871523E+041
  2.0570015462E+005  6.4512871523E+041
  2.0740020915E+005  6.4512871523E+041
  2.0910019581E+005  6.4512871523E+041
  2.1080025895E+005  6.3830863394E+041
  2.1250024087E+005  6.3830863394E+041
  2.1420023791E+005  6.3830863394E+041
  2.1590022762E+005  6.3830863394E+041
  2.1760019191E+005  6.3830863394E+041
  2.1930025314E+005  6.3830863394E+041
  2.2100017617E+005  6.3176373518E+041
  2.2270026574E+005  6.3176373518E+041
  2.2440014018E+005  6.3176373518E+041
  2.2610022187E+005  6.3176373518E+041
  2.2780023481E+005  6.3176373518E+041
  2.2950014012E+005  6.3176373518E+041
  2.3120018367E+005  6.2514000607E+041
  2.3290021758E+005  6.2514000607E+041
  2.3460021689E+005  6.2514000607E+041
  2.3630019327E+005  6.2514000607E+041
  2.3800018851E+005  6.2514000607E+041
  2.3970022649E+005  6.2514000607E+041
  2.4140018622E+005  6.1873394686E+041
  2.4310021952E+005  6.1873394686E+041
  2.4480015978E+005  6.1873394686E+041
  2.4650025035E+005  6.1873394686E+041
  2.4820020526E+005  6.1873394686E+041
  2.4990013779E+005  6.1873394686E+041
  2.5160017976E+005  6.1235097797E+041
  2.5330021969E+005  6.1235097797E+041
  2.5500015670E+005  6.1235097797E+041
  2.5670013757E+005  6.1235097797E+041
  2.5840018396E+005  6.1235097797E+041
  2.6010015097E+005  6.0616310631E+041
  2.6180014381E+005  6.0616310631E+041
  2.6350014097E+005  6.0616310631E+041
  2.6520013554E+005  6.0616310631E+041
  2.6690023794E+005  6.0616310631E+041
  2.6860019372E+005  6.0616310631E+041
  2.7030016580E+005  5.9992527002E+041
  2.7200017655E+005  5.9992527002E+041
  2.7370023732E+005  5.9992527002E+041
  2.7540021818E+005  5.9992527002E+041
  2.7710024411E+005  5.9992527002E+041
  2.7880014654E+005  5.9992527002E+041
  2.8050018475E+005  5.9379036757E+041
  2.8220021246E+005  5.9379036757E+041
  2.8390022397E+005  5.9379036757E+041
  2.8560023362E+005  5.9379036757E+041
  2.8730014075E+005  5.9379036757E+041
  2.8900022146E+005  5.9379036757E+041
  2.9070021806E+005  5.8774947314E+041
  2.9240026129E+005  5.8774947314E+041
  2.9410019801E+005  5.8774947314E+041
  2.9580013874E+005  5.8774947314E+041
  2.9750021404E+005  5.8774947314E+041
  2.9920014427E+005  5.8774947314E+041
  3.0090019940E+005  5.8178094750E+041
  3.0260013800E+005  5.8178094750E+041
  3.0430024671E+005  5.8178094750E+041
  3.0600025949E+005  5.8178094750E+041
  3.0770018230E+005  5.8178094750E+041
  3.0940014618E+005  5.8178094750E+041
  3.1110025502E+005  5.7598266284E+041
  3.1280023453E+005  5.7598266284E+041
  3.1450020838E+005  5.7598266284E+041
  3.1620017772E+005  5.7598266284E+041
  3.1790014940E+005  5.7598266284E+041
  3.1960014810E+005  5.7598266284E+041
  3.2130018212E+005  5.6997109946E+041
  3.2300025726E+005  5.6997109946E+041
  3.2470023478E+005  5.6997109946E+041
  3.2640023856E+005  5.6997109946E+041
  3.2810025193E+005  5.6997109946E+041
  3.2980026562E+005  5.6997109946E+041
  3.3150014260E+005  5.6422949455E+041
  3.3320015499E+005  5.6422949455E+041
  3.3490018335E+005  5.6422949455E+041
  3.3660023926E+005  5.6422949455E+041
  3.3830019831E+005  5.6422949455E+041
  3.4000019023E+005  5.5860242285E+041
  3.4170021531E+005  5.5860242285E+041
  3.4340025653E+005  5.5860242285E+041
  3.4510016789E+005  5.5860242285E+041
  3.4680021477E+005  5.5860242285E+041
  3.4850026687E+005  5.5860242285E+041
  3.5020018912E+005  5.5288152344E+041
  3.5190026945E+005  5.5288152344E+041
  3.5360024668E+005  5.5288152344E+041
  3.5530025612E+005  5.5288152344E+041
  3.5700016164E+005  5.5288152344E+041
  3.5870022656E+005  5.5288152344E+041
  3.6040016733E+005  5.4734973288E+041
  3.6210024822E+005  5.4734973288E+041
  3.6380019800E+005  5.4734973288E+041
  3.6550015309E+005  5.4734973288E+041
  3.6720026033E+005  5.4734973288E+041
  3.6890025545E+005  5.4734973288E+041
  3.7060014792E+005  5.4189026562E+041
  3.7230020421E+005  5.4189026562E+041
  3.7400015009E+005  5.4189026562E+041
  3.7570024955E+005  5.4189026562E+041
  3.7740022415E+005  5.4189026562E+041
  3.7910020156E+005  5.4189026562E+041
  3.8080018784E+005  5.3651122733E+041
  3.8250018684E+005  5.3651122733E+041
  3.8420020345E+005  5.3651122733E+041
  3.8590024649E+005  5.3651122733E+041
  3.8760018480E+005  5.3651122733E+041
  3.8930014765E+005  5.3651122733E+041
  3.9100026521E+005  5.3105305624E+041
  3.9270026357E+005  5.3105305624E+041
  3.9440026837E+005  5.3105305624E+041
  3.9610014603E+005  5.3105305624E+041
  3.9780016984E+005  5.3105305624E+041
  3.9950020856E+005  5.3105305624E+041
  4.0120026962E+005  5.2587183104E+041
  4.0290022142E+005  5.2587183104E+041
  4.0460019786E+005  5.2587183104E+041
  4.0630019710E+005  5.2587183104E+041
  4.0800021249E+005  5.2587183104E+041
  4.0970024159E+005  5.2587183104E+041
  4.1140014390E+005  5.2061708479E+041
  4.1310018955E+005  5.2061708479E+041
  4.1480025259E+005  5.2061708479E+041
  4.1650019684E+005  5.2061708479E+041
  4.1820016252E+005  5.2061708479E+041
  4.1990015444E+005  5.2061708479E+041
  4.2160016870E+005  5.1550813603E+041
  4.2330019927E+005  5.1550813603E+041
  4.2500024735E+005  5.1550813603E+041
  4.2670016992E+005  5.1550813603E+041
  4.2840023859E+005  5.1550813603E+041
  4.3010018385E+005  5.1041184126E+041
  4.3180014733E+005  5.1041184126E+041
  4.3350026270E+005  5.1041184126E+041
  4.3520026622E+005  5.1041184126E+041
  4.3690015751E+005  5.1041184126E+041
  4.3860020321E+005  5.1041184126E+041
  4.4030026397E+005  5.0541778908E+041
  4.4200020550E+005  5.0541778908E+041
  4.4370015853E+005  5.0541778908E+041
  4.4540025777E+005  5.0541778908E+041
  4.4710023650E+005  5.0541778908E+041
  4.4880023474E+005  5.0541778908E+041
  4.5050025103E+005  5.0047871838E+041
  4.5220015155E+005  5.0047871838E+041
  4.5390021119E+005  5.0047871838E+041
  4.5560014972E+005  5.0047871838E+041
  4.5730023962E+005  5.0047871838E+041
  4.5900020868E+005  5.0047871838E+041
  4.6070018917E+005  4.9554488846E+041
  4.6240018242E+005  4.9554488846E+041
  4.6410019453E+005  4.9554488846E+041
  4.6580022225E+005  4.9554488846E+041
  4.6750027082E+005  4.9554488846E+041
  4.6920020188E+005  4.9554488846E+041
  4.7090015463E+005  4.9079164830E+041
  4.7260025625E+005  4.9079164830E+041
  4.7430023772E+005  4.9079164830E+041
  4.7600023332E+005  4.9079164830E+041
  4.7770024299E+005  4.9079164830E+041
  4.7940026475E+005  4.9079164830E+041
  4.8110017154E+005  4.8602665593E+041
  4.8280022934E+005  4.8602665593E+041
  4.8450017061E+005  4.8602665593E+041
  4.8620026622E+005  4.8602665593E+041
  4.8790024322E+005  4.8602665593E+041
  4.8960023443E+005  4.8602665593E+041
  4.9130024161E+005  4.8127001297E+041
  4.9300026204E+005  4.8127001297E+041
  4.9470016057E+005  4.8127001297E+041
  4.9640021110E+005  4.8127001297E+041
  4.9810014353E+005  4.8127001297E+041
  4.9980022897E+005  4.8127001297E+041
  5.0150019580E+005  4.7670576588E+041
  5.0320018171E+005  4.7670576588E+041
  5.0490018236E+005  4.7670576588E+041
  5.0660019829E+005  4.7670576588E+041
  5.0830022826E+005  4.7670576588E+041
  5.1000013867E+005  4.7212642288E+041
  5.1170019696E+005  4.7212642288E+041
  5.1340013822E+005  4.7212642288E+041
  5.1510023041E+005  4.7212642288E+041
  5.1680020419E+005  4.7212642288E+041
  5.1850019506E+005  4.7212642288E+041
  5.2020020420E+005  4.6760096345E+041
  5.2190022512E+005  4.6760096345E+041
  5.2360026335E+005  4.6760096345E+041
  5.2530017976E+005  4.6760096345E+041
  5.2700024715E+005  4.6760096345E+041
  5.2870019377E+005  4.6760096345E+041
  5.3040015729E+005  4.6315034386E+041
  5.3210013699E+005  4.6315034386E+041
  5.3380026948E+005  4.6315034386E+041
  5.3550014608E+005  4.6315034386E+041
  5.3720017572E+005  4.6315034386E+041
  5.3890021821E+005  4.6315034386E+041
  5.4060014160E+005  4.5874069538E+041
  5.4230021553E+005  4.5874069538E+041
  5.4400016738E+005  4.5874069538E+041
  5.4570013557E+005  4.5874069538E+041
  5.4740025566E+005  4.5874069538E+041
  5.4910025523E+005  4.5874069538E+041
  5.5080013638E+005  4.5437031159E+041
  5.5250016808E+005  4.5437031159E+041
  5.5420021529E+005  4.5437031159E+041
  5.5590014240E+005  4.5437031159E+041
  5.5760021840E+005  4.5437031159E+041
  5.5930017550E+005  4.5437031159E+041
  5.6100014722E+005  4.5010415354E+041
  5.6270026967E+005  4.5010415354E+041
  5.6440013726E+005  4.5010415354E+041
  5.6610015621E+005  4.5010415354E+041
  5.6780019045E+005  4.5010415354E+041
  5.6950024106E+005  4.5010415354E+041
  5.7120016959E+005  4.4586283424E+041
  5.7290025012E+005  4.4586283424E+041
  5.7460020804E+005  4.4586283424E+041
  5.7630018211E+005  4.4586283424E+041
  5.7800017128E+005  4.4586283424E+041
  5.7970017474E+005  4.4586283424E+041
  5.8140019397E+005  4.4171326826E+041
  5.8310023047E+005  4.4171326826E+041
  5.8480014382E+005  4.4171326826E+041
  5.8650020932E+005  4.4171326826E+041
  5.8820015413E+005  4.4171326826E+041
  5.8990024922E+005  4.4171326826E+041
  5.9160022295E+005  4.3754543527E+041
  5.9330021234E+005  4.3754543527E+041
  5.9500021670E+005  4.3754543527E+041
  5.9670023563E+005  4.3754543527E+041
  5.9840027039E+005  4.3754543527E+041
  6.0010018590E+005  4.3348599954E+041
  6.0180024909E+005  4.3348599954E+041
  6.0350019321E+005  4.3348599954E+041
  6.0520015308E+005  4.3348599954E+041
  6.0690026096E+005  4.3348599954E+041
  6.0860024827E+005  4.3348599954E+041
  6.1030025179E+005  4.2944279563E+041
  6.1200026884E+005  4.2944279563E+041
  6.1370016504E+005  4.2944279563E+041
  6.1540021281E+005  4.2944279563E+041
  6.1710013931E+005  4.2944279563E+041
  6.1880021509E+005  4.2944279563E+041
  6.2050017136E+005  4.2551338875E+041
  6.2220014258E+005  4.2551338875E+041
  6.2390026154E+005  4.2551338875E+041
  6.2560026139E+005  4.2551338875E+041
  6.2730014090E+005  4.2551338875E+041
  6.2900016940E+005  4.2551338875E+041
  6.3070021265E+005  4.2156851867E+041
  6.3240013656E+005  4.2156851867E+041
  6.3410020911E+005  4.2156851867E+041
  6.3580016075E+005  4.2156851867E+041
  6.3750026304E+005  4.2156851867E+041
  6.3920024408E+005  4.2156851867E+041
  6.4090023800E+005  4.1769769215E+041
  6.4260024821E+005  4.1769769215E+041
  6.4430013634E+005  4.1769769215E+041
  6.4600017432E+005  4.1769769215E+041
  6.4770022697E+005  4.1769769215E+041
  6.4940015941E+005  4.1769769215E+041
  6.5110024041E+005  4.1386620670E+041
  6.5280020076E+005  4.1386620670E+041
  6.5450017582E+005  4.1386620670E+041
  6.5620016547E+005  4.1386620670E+041
  6.5790016800E+005  4.1386620670E+041
  6.5960018662E+005  4.1386620670E+041
  6.6130021867E+005  4.1011960728E+041
  6.6300026560E+005  4.1011960728E+041
  6.6470019135E+005  4.1011960728E+041
  6.6640026683E+005  4.1011960728E+041
  6.6810022086E+005  4.1011960728E+041
  6.6980018938E+005  4.1011960728E+041
  6.7150017196E+005  4.0637231599E+041
  6.7320016900E+005  4.0637231599E+041
  6.7490017905E+005  4.0637231599E+041
  6.7660020465E+005  4.0637231599E+041
  6.7830024482E+005  4.0637231599E+041
  6.8000016340E+005  4.0275062597E+041
  6.8170023199E+005  4.0275062597E+041
  6.8340017969E+005  4.0275062597E+041
  6.8510014181E+005  4.0275062597E+041
  6.8680025363E+005  4.0275062597E+041
  6.8850024406E+005  4.0275062597E+041
  6.9020024981E+005  3.9905970644E+041
  6.9190026852E+005  3.9905970644E+041
  6.9360016733E+005  3.9905970644E+041
  6.9530021698E+005  3.9905970644E+041
  6.9700014355E+005  3.9905970644E+041
  6.9870022141E+005  3.9905970644E+041
  7.0040017864E+005  3.9546484044E+041
  7.0210014911E+005  3.9546484044E+041
  7.0380026908E+005  3.9546484044E+041
  7.0550026846E+005  3.9546484044E+041
  7.0720014632E+005  3.9546484044E+041
  7.0890017323E+005  3.9546484044E+041
  7.1060021561E+005  3.9193924022E+041
  7.1230013676E+005  3.9193924022E+041
  7.1400020607E+005  3.9193924022E+041
  7.1570015589E+005  3.9193924022E+041
  7.1740025526E+005  3.9193924022E+041
  7.1910023177E+005  3.9193924022E+041
  7.2080022295E+005  3.8845028195E+041
  7.2250022921E+005  3.8845028195E+041
  7.2420024817E+005  3.8845028195E+041
  7.2590014599E+005  3.8845028195E+041
  7.2760019430E+005  3.8845028195E+041
  7.2930025646E+005  3.8845028195E+041
  7.3100019623E+005  3.8498203390E+041
  7.3270015160E+005  3.8498203390E+041
  7.3440025557E+005  3.8498203390E+041
  7.3610023697E+005  3.8498203390E+041
  7.3780023320E+005  3.8498203390E+041
  7.3950024304E+005  3.8498203390E+041
  7.4120026601E+005  3.8160872300E+041
  7.4290016784E+005  3.8160872300E+041
  7.4460021913E+005  3.8160872300E+041
  7.4630014866E+005  3.8160872300E+041
  7.4800022713E+005  3.8160872300E+041
  7.4970018419E+005  3.8160872300E+041
  7.5140015416E+005  3.7827669458E+041
  7.5310013848E+005  3.7827669458E+041
  7.5480013612E+005  3.7827669458E+041
  7.5650014691E+005  3.7827669458E+041
  7.5820017202E+005  3.7827669458E+041
  7.5990021042E+005  3.7827669458E+041
  7.6160026278E+005  3.7491629185E+041
  7.6330019398E+005  3.7491629185E+041
  7.6500013718E+005  3.7491629185E+041
  7.6670023019E+005  3.7491629185E+041
  7.6840020153E+005  3.7491629185E+041
  7.7010018563E+005  3.7161335641E+041
  7.7180018288E+005  3.7161335641E+041
  7.7350019399E+005  3.7161335641E+041
  7.7520021873E+005  3.7161335641E+041
  7.7690025600E+005  3.7161335641E+041
  7.7860017217E+005  3.7161335641E+041
  7.8030023755E+005  3.6841456539E+041
  7.8200017885E+005  3.6841456539E+041
  7.8370027041E+005  3.6841456539E+041
  7.8540024021E+005  3.6841456539E+041
  7.8710022113E+005  3.6841456539E+041
  7.8880021631E+005  3.6841456539E+041
  7.9050022506E+005  3.6519403354E+041
  7.9220024702E+005  3.6519403354E+041
  7.9390014613E+005  3.6519403354E+041
  7.9560019528E+005  3.6519403354E+041
  7.9730025686E+005  3.6519403354E+041
  7.9900019550E+005  3.6519403354E+041
  8.0070014853E+005  3.6208333090E+041
  8.0240025023E+005  3.6208333090E+041
  8.0410022745E+005  3.6208333090E+041
  8.0580021945E+005  3.6208333090E+041
  8.0750022406E+005  3.6208333090E+041
  8.0920024215E+005  3.6208333090E+041
  8.1090013718E+005  3.5895729152E+041
  8.1260018148E+005  3.5895729152E+041
  8.1430023834E+005  3.5895729152E+041
  8.1600017280E+005  3.5895729152E+041
  8.1770025543E+005  3.5895729152E+041
  8.1940021561E+005  3.5895729152E+041
  8.2110018761E+005  3.5590994870E+041
  8.2280017344E+005  3.5590994870E+041
  8.2450017170E+005  3.5590994870E+041
  8.2620018385E+005  3.5590994870E+041
  8.2790020686E+005  3.5590994870E+041
  8.2960024498E+005  3.5590994870E+041
  8.3130015959E+005  3.5283098175E+041
  8.3300022236E+005  3.5283098175E+041
  8.3470016199E+005  3.5283098175E+041
  8.3640025055E+005  3.5283098175E+041
  8.3810021519E+005  3.5283098175E+041
  8.3980019358E+005  3.5283098175E+041
  8.4150018401E+005  3.4983616447E+041
  8.4320018826E+005  3.4983616447E+041
  8.4490020268E+005  3.4983616447E+041
  8.4660023298E+005  3.4983616447E+041
  8.4830013868E+005  3.4983616447E+041
  8.5000019213E+005  3.4689236983E+041
  8.5170025879E+005  3.4689236983E+041
  8.5340020221E+005  3.4689236983E+041
  8.5510015701E+005  3.4689236983E+041
  8.5680026166E+005  3.4689236983E+041
  8.5850024185E+005  3.4689236983E+041
  8.6020023573E+005  3.4395106010E+041
  8.6190024056E+005  3.4395106010E+041
  8.6360026022E+005  3.4395106010E+041
  8.6530015497E+005  3.4395106010E+041
  8.6700019793E+005  3.4395106010E+041
  8.6870025373E+005  3.4395106010E+041
  8.7040018619E+005  3.4103952859E+041
  8.7210026642E+005  3.4103952859E+041
  8.7380022414E+005  3.4103952859E+041
  8.7550019325E+005  3.4103952859E+041
  8.7720017641E+005  3.4103952859E+041
  8.7890017025E+005  3.4103952859E+041
  8.8060017817E+005  3.3823912317E+041
  8.8230019789E+005  3.3823912317E+041
  8.8400022917E+005  3.3823912317E+041
  8.8570013720E+005  3.3823912317E+041
  8.8740019392E+005  3.3823912317E+041
  8.8910026217E+005  3.3823912317E+041
  8.9080020716E+005  3.3541688772E+041
  8.9250016479E+005  3.3541688772E+041
  8.9420027072E+005  3.3541688772E+041
  8.9590025180E+005  3.3541688772E+041
  8.9760024701E+005  3.3541688772E+041
  8.9930025377E+005  3.3541688772E+041
  9.0100013600E+005  3.3262975525E+041
  9.0270016732E+005  3.3262975525E+041
  9.0440021078E+005  3.3262975525E+041
  9.0610026568E+005  3.3262975525E+041
  9.0780019723E+005  3.3262975525E+041
  9.0950014227E+005  3.3262975525E+041
  9.1120023417E+005  3.2990052160E+041
  9.1290020286E+005  3.2990052160E+041
  9.1460018446E+005  3.2990052160E+041
  9.1630017741E+005  3.2990052160E+041
  9.1800018206E+005  3.2990052160E+041
  9.1970020020E+005  3.2990052160E+041
  9.2140022945E+005  3.2716500250E+041
  9.2310027120E+005  3.2716500250E+041
  9.2480018896E+005  3.2716500250E+041
  9.2650025534E+005  3.2716500250E+041
  9.2820019728E+005  3.2716500250E+041
  9.2990015219E+005  3.2716500250E+041
  9.3160025395E+005  3.2447060609E+041
  9.3330023310E+005  3.2447060609E+041
  9.3500022297E+005  3.2447060609E+041
  9.3670022567E+005  3.2447060609E+041
  9.3840024025E+005  3.2447060609E+041
  9.4010026724E+005  3.2185528841E+041
  9.4180016944E+005  3.2185528841E+041
  9.4350022110E+005  3.2185528841E+041
  9.4520014802E+005  3.2185528841E+041
  9.4690022319E+005  3.2185528841E+041
  9.4860017380E+005  3.2185528841E+041
  9.5030013840E+005  3.1920352716E+041
  9.5200024807E+005  3.1920352716E+041
  9.5370023576E+005  3.1920352716E+041
  9.5540023579E+005  3.1920352716E+041
  9.5710024636E+005  3.1920352716E+041
  9.5880026930E+005  3.1920352716E+041
  9.6050017010E+005  3.1665182466E+041
  9.6220021676E+005  3.1665182466E+041
  9.6390014057E+005  3.1665182466E+041
  9.6560021148E+005  3.1665182466E+041
  9.6730015947E+005  3.1665182466E+041
  9.6900025342E+005  3.1665182466E+041
  9.7070022529E+005  3.1411800680E+041
  9.7240020864E+005  3.1411800680E+041
  9.7410020277E+005  3.1411800680E+041
  9.7580021031E+005  3.1411800680E+041
  9.7750022957E+005  3.1411800680E+041
  9.7920026018E+005  3.1411800680E+041
  9.8090016744E+005  3.1159336857E+041
  9.8260022196E+005  3.1159336857E+041
  9.8430015303E+005  3.1159336857E+041
  9.8600023151E+005  3.1159336857E+041
  9.8770018603E+005  3.1159336857E+041
  9.8940015304E+005  3.1159336857E+041
  9.9110026716E+005  3.0908114066E+041
  9.9280025790E+005  3.0908114066E+041
  9.9450026020E+005  3.0908114066E+041
  9.9620013980E+005  3.0908114066E+041
  9.9790016497E+005  3.0908114066E+041
  9.9960020333E+005  3.0908114066E+041
  1.0013002535E+006  3.0665463463E+041
  1.0030001790E+006  3.0665463463E+041
  1.0047002519E+006  3.0665463463E+041
  1.0064002022E+006  3.0665463463E+041
  1.0081001627E+006  3.0665463463E+041
  1.0098001358E+006  3.0665463463E+041
  1.0115002568E+006  3.0421880364E+041
  1.0132002537E+006  3.0421880364E+041
  1.0149002605E+006  3.0421880364E+041
  1.0166001458E+006  3.0421880364E+041
  1.0183001771E+006  3.0421880364E+041
  1.0200002201E+006  3.0184096714E+041
  1.0217001393E+006  3.0184096714E+041
  1.0234002065E+006  3.0184096714E+041
  1.0251001485E+006  3.0184096714E+041
  1.0268002391E+006  3.0184096714E+041
  1.0285002053E+006  3.0184096714E+041
  1.0302001829E+006  2.9948079760E+041
  1.0319001722E+006  2.9948079760E+041
  1.0336001732E+006  2.9948079760E+041
  1.0353001855E+006  2.9948079760E+041
  1.0370002099E+006  2.9948079760E+041
  1.0387002450E+006  2.9948079760E+041
  1.0404001570E+006  2.9712792645E+041
  1.0421002157E+006  2.9712792645E+041
  1.0438001499E+006  2.9712792645E+041
  1.0455002324E+006  2.9712792645E+041
  1.0472001897E+006  2.9712792645E+041
  1.0489001587E+006  2.9712792645E+041
  1.0506001383E+006  2.9481349633E+041
  1.0523002670E+006  2.9481349633E+041
  1.0540002696E+006  2.9481349633E+041
  1.0557001482E+006  2.9481349633E+041
  1.0574001749E+006  2.9481349633E+041
  1.0591002122E+006  2.9481349633E+041
  1.0608002605E+006  2.9255792340E+041
  1.0625001862E+006  2.9255792340E+041
  1.0642002573E+006  2.9255792340E+041
  1.0659002044E+006  2.9255792340E+041
  1.0676001628E+006  2.9255792340E+041
  1.0693002693E+006  2.9255792340E+041
  1.0710002497E+006  2.9030928585E+041
  1.0727002429E+006  2.9030928585E+041
  1.0744002466E+006  2.9030928585E+041
  1.0761002619E+006  2.9030928585E+041
  1.0778001525E+006  2.9030928585E+041
  1.0795001908E+006  2.9030928585E+041
  1.0812002399E+006  2.8806004935E+041
  1.0829001640E+006  2.8806004935E+041
  1.0846002354E+006  2.8806004935E+041
  1.0863001825E+006  2.8806004935E+041
  1.0880001406E+006  2.8806004935E+041
  1.0897002451E+006  2.8806004935E+041
  1.0914002256E+006  2.8585977816E+041
  1.0931002175E+006  2.8585977816E+041
  1.0948002197E+006  2.8585977816E+041
  1.0965002336E+006  2.8585977816E+041
  1.0982002590E+006  2.8585977816E+041
  1.0999001580E+006  2.8585977816E+041
  1.1016002053E+006  2.8372063130E+041
  1.1033002634E+006  2.8372063130E+041
  1.1050001968E+006  2.8372063130E+041
  1.1067001400E+006  2.8372063130E+041
  1.1084002325E+006  2.8372063130E+041
  1.1101001983E+006  2.8155256494E+041
  1.1118001758E+006  2.8155256494E+041
  1.1135001649E+006  2.8155256494E+041
  1.1152001642E+006  2.8155256494E+041
  1.1169001743E+006  2.8155256494E+041
  1.1186001960E+006  2.8155256494E+041
  1.1203002283E+006  2.7944955945E+041
  1.1220001361E+006  2.7944955945E+041
  1.1237001898E+006  2.7944955945E+041
  1.1254002555E+006  2.7944955945E+041
  1.1271001957E+006  2.7944955945E+041
  1.1288001470E+006  2.7944955945E+041
  1.1305002450E+006  2.7735355719E+041
  1.1322002181E+006  2.7735355719E+041
  1.1339002017E+006  2.7735355719E+041
  1.1356001957E+006  2.7735355719E+041
  1.1373002017E+006  2.7735355719E+041
  1.1390002180E+006  2.7735355719E+041
  1.1407002447E+006  2.7530954679E+041
  1.1424001466E+006  2.7530954679E+041
  1.1441001963E+006  2.7530954679E+041
  1.1458002545E+006  2.7530954679E+041
  1.1475001897E+006  2.7530954679E+041
  1.1492002710E+006  2.7530954679E+041
  1.1509002263E+006  2.7323665408E+041
  1.1526001929E+006  2.7323665408E+041
  1.1543001712E+006  2.7323665408E+041
  1.1560001590E+006  2.7323665408E+041
  1.1577001582E+006  2.7323665408E+041
  1.1594001681E+006  2.7323665408E+041
  1.1611001892E+006  2.7123929774E+041
  1.1628002199E+006  2.7123929774E+041
  1.1645002628E+006  2.7123929774E+041
  1.1662001793E+006  2.7123929774E+041
  1.1679002429E+006  2.7123929774E+041
  1.1696001810E+006  2.7123929774E+041
  1.1713002658E+006  2.6925355144E+041
  1.1730002261E+006  2.6925355144E+041
  1.1747001956E+006  2.6925355144E+041
  1.1764001769E+006  2.6925355144E+041
  1.1781001687E+006  2.6925355144E+041
  1.1798001709E+006  2.6925355144E+041
  1.1815001832E+006  2.6731165686E+041
  1.1832002075E+006  2.6731165686E+041
  1.1849002410E+006  2.6731165686E+041
  1.1866001494E+006  2.6731165686E+041
  1.1883002050E+006  2.6731165686E+041
  1.1900002714E+006  2.6535040223E+041
  1.1917002110E+006  2.6535040223E+041
  1.1934001632E+006  2.6535040223E+041
  1.1951002609E+006  2.6535040223E+041
  1.1968002329E+006  2.6535040223E+041
  1.1985002161E+006  2.6535040223E+041
  1.2002002104E+006  2.6343469193E+041
  1.2019002137E+006  2.6343469193E+041
  1.2036002290E+006  2.6343469193E+041
  1.2053002540E+006  2.6343469193E+041
  1.2070001545E+006  2.6343469193E+041
  1.2087002010E+006  2.6343469193E+041
  1.2104002579E+006  2.6156438785E+041
  1.2121001903E+006  2.6156438785E+041
  1.2138002678E+006  2.6156438785E+041
  1.2155002208E+006  2.6156438785E+041
  1.2172001841E+006  2.6156438785E+041
  1.2189001583E+006  2.6156438785E+041
  1.2206001417E+006  2.5967910635E+041
  1.2223001367E+006  2.5967910635E+041
  1.2240001423E+006  2.5967910635E+041
  1.2257001577E+006  2.5967910635E+041
  1.2274001838E+006  2.5967910635E+041
  1.2291002212E+006  2.5967910635E+041
  1.2308002675E+006  2.5783487828E+041
  1.2325001892E+006  2.5783487828E+041
  1.2342002575E+006  2.5783487828E+041
  1.2359002002E+006  2.5783487828E+041
  1.2376001524E+006  2.5783487828E+041
  1.2393002525E+006  2.5783487828E+041
  1.2410002261E+006  2.5600659471E+041
  1.2427002105E+006  2.5600659471E+041
  1.2444002056E+006  2.5600659471E+041
  1.2461002111E+006  2.5600659471E+041
  1.2478002267E+006  2.5600659471E+041
  1.2495002527E+006  2.5600659471E+041
  1.2512001537E+006  2.5421364667E+041
  1.2529002006E+006  2.5421364667E+041
  1.2546002584E+006  2.5421364667E+041
  1.2563001894E+006  2.5421364667E+041
  1.2580002689E+006  2.5421364667E+041
  1.2597002209E+006  2.5421364667E+041
  1.2614001842E+006  2.5242576241E+041
  1.2631001583E+006  2.5242576241E+041
  1.2648001420E+006  2.5242576241E+041
