  0.0000000000E+000  0.0000000000E+000
  1.7002978408E+003  1.0576600899E+014
  3.4002613112E+003  1.0573256452E+014
  5.1002476595E+003  1.0570405675E+014
  6.8002281812E+003  1.0568465441E+014
  8.5001665766E+003  1.0569163374E+014
  1.0200190139E+004  1.0579625264E+014
  1.1900228463E+004  1.0620174863E+014
  1.3600213204E+004  1.0685967184E+014
  1.5300296242E+004  1.0749978532E+014
  1.7000243427E+004  1.0823834224E+014
  1.8700252015E+004  1.0933221688E+014
  2.0400273796E+004  1.1873739552E+014
  2.2100221547E+004  1.3577867561E+014
  2.3800232476E+004  1.5848012761E+014
  2.5500270341E+004  1.5313006724E+014
  2.7200191633E+004  1.5271797085E+014
  2.8900318205E+004  1.5302947221E+014
  3.0600195219E+004  1.5267093161E+014
  3.2300213302E+004  1.5187100819E+014
  3.4000232124E+004  1.5071674888E+014
  3.5700207551E+004  1.4939458474E+014
  3.7400249004E+004  1.4789682820E+014
  3.9100322309E+004  1.4551782101E+014
  4.0800261333E+004  1.4186311577E+014
  4.2500207885E+004  1.3700188876E+014
  4.4200175634E+004  1.3565453127E+014
  4.5900215839E+004  1.3487545949E+014
  4.7600184337E+004  1.3385166550E+014
  4.9300209660E+004  1.3297626957E+014
  5.1000227229E+004  1.3233311031E+014
  5.2700245408E+004  1.3191620949E+014
  5.4400278934E+004  1.3170067531E+014
  5.6100267002E+004  1.3162847682E+014
  5.7800215263E+004  1.3163498947E+014
  5.9500162845E+004  1.3146167392E+014
  6.1200269622E+004  1.3147916418E+014
  6.2900292299E+004  1.3210238412E+014
  6.4600213837E+004  1.3337154587E+014
  6.6300246937E+004  1.3487889277E+014
  6.8000259759E+004  1.3588394072E+014
  6.9700170187E+004  1.4248169350E+014
  7.1400313245E+004  1.4855569412E+014
  7.3100211898E+004  1.5301853875E+014
  7.4800169527E+004  1.5663187688E+014
  7.6500193565E+004  1.5973823089E+014
  7.8200226509E+004  1.6255414836E+014
  7.9900190612E+004  1.6524364142E+014
  8.1600231875E+004  1.6778632450E+014
  8.3300243639E+004  1.7014206993E+014
  8.5000281523E+004  1.7230480894E+014
  8.6700260467E+004  1.7428644966E+014
  8.8400237386E+004  1.7610646611E+014
  9.0100275065E+004  1.7778518980E+014
  9.1800189176E+004  1.7934063323E+014
  9.3500198499E+004  1.8078843691E+014
  9.5200287049E+004  1.8214142874E+014
  9.6900304426E+004  1.8341546473E+014
  9.8600165396E+004  1.8463569499E+014
  1.0030029115E+005  1.8579987197E+014
  1.0200026324E+005  1.8690805743E+014
  1.0370032022E+005  1.8796350082E+014
  1.0540020623E+005  1.8898262234E+014
  1.0710021778E+005  1.8999062230E+014
  1.0880024546E+005  1.9100481135E+014
  1.1050016275E+005  1.9202421086E+014
  1.1220016499E+005  1.9301343286E+014
  1.1390025550E+005  1.9395667644E+014
  1.1560028757E+005  1.9485114655E+014
  1.1730018740E+005  1.9569905110E+014
  1.1900019138E+005  1.9650421109E+014
  1.2070031584E+005  1.9727048506E+014
  1.2240031164E+005  1.9800133847E+014
  1.2410017894E+005  1.9869996484E+014
  1.2580025898E+005  1.9936930142E+014
  1.2750018040E+005  2.0001165374E+014
  1.2920025839E+005  2.0062929490E+014
  1.3090032251E+005  2.0122402110E+014
  1.3260020367E+005  2.0179728116E+014
  1.3430030358E+005  2.0235049488E+014
  1.3600028595E+005  2.0288604689E+014
  1.3770031483E+005  2.0341191515E+014
  1.3940029409E+005  2.0393340712E+014
  1.4110018925E+005  2.0444919383E+014
  1.4280030199E+005  2.0495594057E+014
  1.4450018331E+005  2.0545069904E+014
  1.4620030781E+005  2.0593194964E+014
  1.4790019935E+005  2.0639884717E+014
  1.4960029795E+005  2.0685142439E+014
  1.5130026670E+005  2.0728985194E+014
  1.5300018531E+005  2.0771459340E+014
  1.5470023581E+005  2.0812626756E+014
  1.5640021804E+005  2.0852538482E+014
  1.5810018921E+005  2.0891254030E+014
  1.5980016729E+005  2.0928836848E+014
  1.6150029592E+005  2.0965349581E+014
  1.6320026631E+005  2.1000841641E+014
  1.6490032204E+005  2.1035370797E+014
  1.6660017535E+005  2.1068980459E+014
  1.6830018455E+005  2.1101721345E+014
  1.7000018863E+005  2.1133642517E+014
  1.7170022649E+005  2.1164944029E+014
  1.7340020115E+005  2.1195910589E+014
  1.7510027329E+005  2.1226656898E+014
  1.7680031369E+005  2.1257126665E+014
  1.7850019439E+005  2.1287207567E+014
  1.8020029988E+005  2.1316805147E+014
  1.8190018915E+005  2.1345839111E+014
  1.8360031768E+005  2.1374273045E+014
  1.8530022943E+005  2.1402077510E+014
  1.8700030811E+005  2.1429252930E+014
  1.8870031061E+005  2.1455800180E+014
  1.9040027683E+005  2.1481731635E+014
  1.9210030448E+005  2.1507064611E+014
  1.9380024988E+005  2.1531814353E+014
  1.9550020798E+005  2.1555999302E+014
  1.9720027566E+005  2.1579637723E+014
  1.9890031255E+005  2.1602745075E+014
  2.0060022983E+005  2.1625338158E+014
  2.0230021974E+005  2.1647437688E+014
  2.0400022782E+005  2.1669060924E+014
  2.0570018987E+005  2.1690224900E+014
  2.0740028840E+005  2.1710963533E+014
  2.0910026810E+005  2.1731365315E+014
  2.1080030544E+005  2.1751546820E+014
  2.1250018799E+005  2.1771567479E+014
  2.1420020538E+005  2.1791433001E+014
  2.1590021157E+005  2.1811111365E+014
  2.1760024702E+005  2.1830563408E+014
  2.1930016253E+005  2.1849750783E+014
  2.2100025744E+005  2.1868647766E+014
  2.2270017503E+005  2.1887229592E+014
  2.2440023866E+005  2.1905488851E+014
  2.2610016612E+005  2.1923427267E+014
  2.2780029151E+005  2.1941045318E+014
  2.2950027275E+005  2.1958336119E+014
  2.3120024192E+005  2.1975302906E+014
  2.3290020297E+005  2.1992057357E+014
  2.3460018208E+005  2.2008762307E+014
  2.3630019380E+005  2.2025367470E+014
  2.3800022367E+005  2.2041774182E+014
  2.3970024739E+005  2.2057913084E+014
  2.4140026234E+005  2.2073746804E+014
  2.4310029281E+005  2.2089259388E+014
  2.4480019315E+005  2.2104445429E+014
  2.4650027020E+005  2.2119310297E+014
  2.4820018101E+005  2.2133861434E+014
  2.4990025048E+005  2.2148133260E+014
  2.5160017719E+005  2.2162172795E+014
  2.5330028507E+005  2.2176024313E+014
  2.5500024064E+005  2.2189706936E+014
  2.5670020199E+005  2.2203227625E+014
  2.5840016555E+005  2.2216581307E+014
  2.6010029605E+005  2.2229667509E+014
  2.6180028004E+005  2.2242418738E+014
  2.6350028404E+005  2.2254860969E+014
  2.6520029067E+005  2.2267004155E+014
  2.6690029663E+005  2.2278851080E+014
  2.6860031153E+005  2.2290400852E+014
  2.7030018134E+005  2.2301649587E+014
  2.7200022200E+005  2.2312595854E+014
  2.7370026663E+005  2.2323235052E+014
  2.7540031800E+005  2.2333563988E+014
  2.7710021537E+005  2.2343578793E+014
  2.7880028193E+005  2.2353278610E+014
  2.8050019308E+005  2.2362658884E+014
  2.8220027271E+005  2.2371718628E+014
  2.8390019716E+005  2.2380453146E+014
  2.8560028582E+005  2.2388860794E+014
  2.8730021729E+005  2.2396936355E+014
  2.8900031093E+005  2.2404677407E+014
  2.9070024842E+005  2.2412078302E+014
  2.9240019033E+005  2.2419135542E+014
  2.9410029790E+005  2.2425846920E+014
  2.9580023940E+005  2.2432211423E+014
  2.9750017597E+005  2.2438231318E+014
  2.9920027813E+005  2.2443907148E+014
  3.0090022320E+005  2.2449235114E+014
  3.0260016357E+005  2.2454211017E+014
  3.0430026204E+005  2.2458830043E+014
  3.0600020088E+005  2.2463087227E+014
  3.0770030153E+005  2.2466982061E+014
  3.0940024253E+005  2.2470516908E+014
  3.1110019164E+005  2.2473701241E+014
  3.1280031137E+005  2.2476551901E+014
  3.1450028027E+005  2.2479093939E+014
  3.1620025711E+005  2.2481363632E+014
  3.1790025556E+005  2.2483408594E+014
  3.1960028631E+005  2.2485288832E+014
  3.2130018810E+005  2.2487076763E+014
  3.2300027558E+005  2.2488857149E+014
  3.2470023022E+005  2.2490724020E+014
  3.2640021601E+005  2.2492778541E+014
  3.2810023116E+005  2.2495123594E+014
  3.2980027488E+005  2.2497857934E+014
  3.3150018347E+005  2.2501069047E+014
  3.3320027557E+005  2.2504827567E+014
  3.3490022699E+005  2.2509179102E+014
  3.3660020038E+005  2.2514142582E+014
  3.3830019493E+005  2.2519707510E+014
  3.4000020637E+005  2.2525835912E+014
  3.4170023660E+005  2.2532466792E+014
  3.4340028122E+005  2.2539522589E+014
  3.4510017756E+005  2.2546916184E+014
  3.4680024725E+005  2.2554562125E+014
  3.4850017361E+005  2.2562379242E+014
  3.5020027418E+005  2.2570300904E+014
  3.5190022182E+005  2.2578270646E+014
  3.5360017661E+005  2.2586246922E+014
  3.5530030562E+005  2.2594199372E+014
  3.5700028143E+005  2.2602104577E+014
  3.5870025891E+005  2.2609948677E+014
  3.6040024079E+005  2.2617722573E+014
  3.6210022958E+005  2.2625421069E+014
  3.6380021964E+005  2.2633041595E+014
  3.6550020770E+005  2.2640583302E+014
  3.6720019995E+005  2.2648046415E+014
  3.6890019759E+005  2.2655431680E+014
  3.7060019394E+005  2.2662740035E+014
  3.7230018842E+005  2.2669972468E+014
  3.7400018368E+005  2.2677129877E+014
  3.7570018265E+005  2.2684213173E+014
  3.7740018221E+005  2.2691222540E+014
  3.7910018648E+005  2.2698157177E+014
  3.8080019318E+005  2.2705014063E+014
  3.8250020003E+005  2.2711789469E+014
  3.8420021111E+005  2.2718484685E+014
  3.8590023081E+005  2.2725102203E+014
  3.8760026020E+005  2.2731643889E+014
  3.8930029683E+005  2.2738111064E+014
  3.9100017921E+005  2.2744504065E+014
  3.9270023391E+005  2.2750824777E+014
  3.9440030439E+005  2.2757073082E+014
  3.9610023267E+005  2.2763248196E+014
  3.9780018085E+005  2.2769347314E+014
  3.9950030962E+005  2.2775371238E+014
  4.0120029069E+005  2.2781319724E+014
  4.0290029316E+005  2.2787194203E+014
  4.0460016173E+005  2.2792994912E+014
  4.0630021338E+005  2.2798723653E+014
  4.0800028007E+005  2.2804385116E+014
  4.0970020390E+005  2.2810006102E+014
  4.1140031106E+005  2.2815611182E+014
  4.1310027536E+005  2.2821202733E+014
  4.1480025553E+005  2.2826775284E+014
  4.1650025200E+005  2.2832320935E+014
  4.1820026563E+005  2.2837832509E+014
  4.1990029110E+005  2.2843304038E+014
  4.2160016776E+005  2.2848730162E+014
  4.2330022179E+005  2.2854107933E+014
  4.2500028954E+005  2.2859433500E+014
  4.2670020615E+005  2.2864703559E+014
  4.2840029388E+005  2.2869916743E+014
  4.3010023176E+005  2.2875070076E+014
  4.3180017704E+005  2.2880162362E+014
  4.3350029198E+005  2.2885192658E+014
  4.3520025414E+005  2.2890158810E+014
  4.3690022335E+005  2.2895060300E+014
  4.3860019446E+005  2.2899896312E+014
  4.4030016941E+005  2.2904666225E+014
  4.4200031277E+005  2.2909370022E+014
  4.4370029950E+005  2.2914006474E+014
  4.4540029034E+005  2.2918575819E+014
  4.4710028282E+005  2.2923077941E+014
  4.4880027642E+005  2.2927512818E+014
  4.5050027245E+005  2.2931880503E+014
  4.5220027698E+005  2.2936181123E+014
  4.5390028893E+005  2.2940414833E+014
  4.5560030107E+005  2.2944581818E+014
  4.5730031375E+005  2.2948682314E+014
  4.5900017457E+005  2.2952716224E+014
  4.6070020788E+005  2.2956684603E+014
  4.6240024762E+005  2.2960587354E+014
  4.6410029354E+005  2.2964424790E+014
  4.6580018712E+005  2.2968196890E+014
  4.6750025544E+005  2.2971904710E+014
  4.6920017359E+005  2.2975547878E+014
  4.7090026710E+005  2.2979127433E+014
  4.7260021682E+005  2.2982643042E+014
  4.7430018148E+005  2.2986095379E+014
  4.7600032142E+005  2.2989485082E+014
  4.7770031673E+005  2.2992811823E+014
  4.7940017114E+005  2.2996075924E+014
  4.8110020382E+005  2.2999278291E+014
  4.8280025318E+005  2.3002418905E+014
  4.8450032062E+005  2.3005498064E+014
  4.8620024171E+005  2.3008515776E+014
  4.8790017819E+005  2.3011472636E+014
  4.8960029259E+005  2.3014369219E+014
  4.9130026265E+005  2.3017205275E+014
  4.9300024645E+005  2.3019981373E+014
  4.9470024158E+005  2.3022697801E+014
  4.9640024942E+005  2.3025354850E+014
  4.9810027087E+005  2.3027952801E+014
  4.9980030596E+005  2.3030491931E+014
  5.0150019168E+005  2.3032972278E+014
  5.0320024937E+005  2.3035394580E+014
  5.0490031249E+005  2.3037758856E+014
  5.0660022400E+005  2.3040065157E+014
  5.0830030986E+005  2.3042314179E+014
  5.1000024383E+005  2.3044505739E+014
  5.1170018049E+005  2.3046640288E+014
  5.1340028217E+005  2.3048718259E+014
  5.1510023266E+005  2.3050739498E+014
  5.1680019062E+005  2.3052704427E+014
  5.1850031330E+005  2.3054613437E+014
  5.2020027796E+005  2.3056466382E+014
  5.2190024964E+005  2.3058263656E+014
  5.2360022437E+005  2.3060005457E+014
  5.2530020323E+005  2.3061691982E+014
  5.2700018957E+005  2.3063323424E+014
  5.2870018225E+005  2.3064899965E+014
  5.3040017960E+005  2.3066421781E+014
  5.3210018160E+005  2.3067889041E+014
  5.3380019207E+005  2.3069301913E+014
  5.3550020952E+005  2.3070660558E+014
  5.3720023621E+005  2.3071965132E+014
  5.3890027257E+005  2.3073215789E+014
  5.4060031884E+005  2.3074412678E+014
  5.4230021243E+005  2.3075555838E+014
  5.4400027804E+005  2.3076645628E+014
  5.4570019744E+005  2.3077681983E+014
  5.4740029353E+005  2.3078665234E+014
  5.4910024104E+005  2.3079595322E+014
  5.5080020103E+005  2.3080472472E+014
  5.5250017609E+005  2.3081296805E+014
  5.5420016680E+005  2.3082068443E+014
  5.5590017453E+005  2.3082787499E+014
  5.5760020037E+005  2.3083454087E+014
  5.5930023903E+005  2.3084068311E+014
  5.6100028879E+005  2.3084630274E+014
  5.6270019325E+005  2.3085140034E+014
  5.6440027881E+005  2.3085597785E+014
  5.6610021552E+005  2.3086003530E+014
  5.6780016227E+005  2.3086357404E+014
  5.6950028259E+005  2.3086659522E+014
  5.7120025688E+005  2.3086909908E+014
  5.7290024359E+005  2.3087108672E+014
  5.7460024015E+005  2.3087255889E+014
  5.7630024912E+005  2.3087351632E+014
  5.7800026802E+005  2.3087395966E+014
  5.7970029515E+005  2.3087388954E+014
  5.8140016957E+005  2.3087330657E+014
  5.8310021620E+005  2.3087221102E+014
  5.8480027111E+005  2.3087060293E+014
  5.8650016991E+005  2.3086848089E+014
  5.8820023777E+005  2.3086583568E+014
  5.8990031166E+005  2.3086266124E+014
  5.9160023056E+005  2.3085896496E+014
  5.9330031660E+005  2.3085475286E+014
  5.9500024924E+005  2.3085002970E+014
  5.9670018595E+005  2.3084479743E+014
  5.9840028764E+005  2.3083905690E+014
  6.0010023436E+005  2.3083281015E+014
  6.0180018954E+005  2.3082605734E+014
  6.0350031234E+005  2.3081879836E+014
  6.0520027995E+005  2.3081103507E+014
  6.0690025437E+005  2.3080276727E+014
  6.0860023376E+005  2.3079399538E+014
  6.1030022140E+005  2.3078471979E+014
  6.1200022102E+005  2.3077494083E+014
  6.1370023039E+005  2.3076465889E+014
  6.1540024671E+005  2.3075387432E+014
  6.1710026982E+005  2.3074258743E+014
  6.1880030796E+005  2.3073079849E+014
  6.2050019907E+005  2.3071850899E+014
  6.2220026334E+005  2.3070571689E+014
  6.2390017557E+005  2.3069242491E+014
  6.2560026455E+005  2.3067863074E+014
  6.2730020665E+005  2.3066433726E+014
  6.2900016187E+005  2.3064954345E+014
  6.3070029392E+005  2.3063424803E+014
  6.3240027975E+005  2.3061845415E+014
  6.3410027907E+005  2.3060216061E+014
  6.3580029015E+005  2.3058536765E+014
  6.3750031699E+005  2.3056807543E+014
  6.3920019668E+005  2.3055028590E+014
  6.4090025031E+005  2.3053199589E+014
  6.4260031714E+005  2.3051320728E+014
  6.4430023394E+005  2.3049392213E+014
  6.4600016225E+005  2.3047413889E+014
  6.4770026308E+005  2.3045385583E+014
  6.4940021578E+005  2.3043307703E+014
  6.5110017919E+005  2.3041180089E+014
  6.5280031262E+005  2.3039002560E+014
  6.5450029212E+005  2.3036775558E+014
  6.5620028230E+005  2.3034498900E+014
  6.5790028118E+005  2.3032172622E+014
  6.5960028839E+005  2.3029796772E+014
  6.6130030374E+005  2.3027371407E+014
  6.6300016306E+005  2.3024896837E+014
  6.6470018925E+005  2.3022372664E+014
  6.6640022305E+005  2.3019799189E+014
  6.6810026650E+005  2.3017176479E+014
  6.6980031546E+005  2.3014504609E+014
  6.7150020477E+005  2.3011783910E+014
  6.7320026229E+005  2.3009013922E+014
  6.7490016805E+005  2.3006195227E+014
  6.7660024273E+005  2.3003327355E+014
  6.7830032127E+005  2.3000410639E+014
  6.8000024673E+005  2.2997445416E+014
  6.8170017952E+005  2.2994431476E+014
  6.8340028042E+005  2.2991368590E+014
  6.8510022777E+005  2.2988257401E+014
  6.8680018548E+005  2.2985097685E+014
  6.8850031426E+005  2.2981889202E+014
  6.9020028966E+005  2.2978632634E+014
  6.9190027476E+005  2.2975327737E+014
  6.9360027146E+005  2.2971974549E+014
  6.9530028048E+005  2.2968573034E+014
  6.9700030168E+005  2.2965122884E+014
  6.9870017407E+005  2.2961623078E+014
  7.0040021976E+005  2.2958067327E+014
  7.0210027673E+005  2.2954432160E+014
  7.0380018753E+005  2.2950605522E+014
  7.0550027525E+005  2.2945968308E+014
  7.0720021471E+005  2.2936616558E+014
  7.0890016503E+005  2.2894872522E+014
  7.1060029055E+005  2.2622908570E+014
  7.1230026797E+005  2.0111469857E+014
  7.1400025838E+005  1.3124070763E+014
  7.1570026177E+005  1.1175834670E+014
  7.1740027744E+005  1.1189226078E+014
  7.1910030254E+005  1.1228084538E+014
  7.2080017522E+005  1.1287754425E+014
  7.2250022462E+005  1.1357456515E+014
  7.2420028624E+005  1.1433313049E+014
  7.2590019394E+005  1.1510551466E+014
  7.2760027022E+005  1.1612276371E+014
  7.2930019668E+005  1.1768297453E+014
  7.3100029562E+005  1.1927609041E+014
  7.3270023948E+005  1.2027077404E+014
  7.3440019148E+005  1.2410000494E+014
  7.3610031325E+005  1.2458636590E+014
  7.3780028104E+005  1.3317412114E+014
  7.3950025415E+005  1.3512677984E+014
  7.4120023505E+005  1.3484133062E+014
  7.4290022312E+005  1.3487267991E+014
  7.4460021756E+005  1.3510281568E+014
  7.4630021762E+005  1.5656568616E+014
  7.4800022339E+005  2.3056010202E+014
  7.4970023636E+005  2.3823644661E+014
  7.5140025573E+005  2.3749001611E+014
  7.5310028389E+005  2.3676022739E+014
  7.5480031942E+005  2.3758517567E+014
  7.5650019778E+005  2.4596336728E+014
  7.5820024486E+005  2.3940557013E+014
  7.5990030263E+005  2.3985004797E+014
  7.6160020882E+005  2.4001004138E+014
  7.6330028414E+005  2.3990653715E+014
  7.6500020738E+005  2.3975124767E+014
  7.6670030136E+005  2.3960554004E+014
  7.6840024497E+005  2.3952455566E+014
  7.7010020100E+005  2.3947885881E+014
  7.7180017005E+005  2.3945573532E+014
  7.7350031152E+005  2.3943244006E+014
  7.7520029998E+005  2.3949732130E+014
  7.7690030248E+005  2.4258741125E+014
  7.7860032096E+005  2.4256395302E+014
  7.8030019075E+005  2.4254309687E+014
  7.8200023166E+005  2.4252428900E+014
  7.8370028504E+005  2.4250747310E+014
  7.8540019137E+005  2.4249281212E+014
  7.8710027193E+005  2.4248011529E+014
  7.8880020207E+005  2.4246874217E+014
  7.9050030583E+005  2.4246020061E+014
  7.9220026046E+005  2.4245542164E+014
  7.9390022474E+005  2.4245481399E+014
  7.9560020013E+005  2.4245848517E+014
  7.9730018707E+005  2.4246637853E+014
  7.9900018432E+005  2.4247835578E+014
  8.0070019094E+005  2.4249424122E+014
  8.0240020696E+005  2.4251384006E+014
  8.0410023181E+005  2.4253694035E+014
  8.0580026399E+005  2.4256330512E+014
  8.0750030640E+005  2.4259265494E+014
  8.0920019614E+005  2.4262464097E+014
  8.1090025427E+005  2.4265883527E+014
  8.1260031761E+005  2.4269469053E+014
  8.1430022748E+005  2.4273152698E+014
  8.1600030704E+005  2.4276908180E+014
  8.1770023177E+005  2.4280794147E+014
  8.1940016315E+005  2.4284801290E+014
  8.2110026163E+005  2.4288920723E+014
  8.2280020449E+005  2.4293145328E+014
  8.2450031564E+005  2.4297473096E+014
  8.2620027495E+005  2.4301905100E+014
  8.2790024211E+005  2.4306448806E+014
  8.2960021384E+005  2.4311117428E+014
  8.3130019098E+005  2.4315931367E+014
  8.3300017896E+005  2.4320918655E+014
  8.3470017806E+005  2.4326112416E+014
  8.3640018356E+005  2.4331508290E+014
  8.3810019706E+005  2.4337065705E+014
  8.3980022086E+005  2.4342743865E+014
  8.4150025549E+005  2.4348504462E+014
  8.4320030013E+005  2.4354312054E+014
  8.4490019446E+005  2.4360133677E+014
  8.4660026198E+005  2.4365941398E+014
  8.4830017807E+005  2.4371709094E+014
  8.5000026730E+005  2.4377418417E+014
  8.5170020745E+005  2.4383044975E+014
  8.5340032224E+005  2.4388607081E+014
  8.5510028678E+005  2.4394147995E+014
  8.5680026403E+005  2.4399715382E+014
  8.5850025339E+005  2.4405348120E+014
  8.6020025304E+005  2.4411031683E+014
  8.6190026517E+005  2.4416804908E+014
  8.6360028974E+005  2.4422720412E+014
  8.6530016471E+005  2.4428832996E+014
  8.6700021031E+005  2.4435194736E+014
  8.6870026627E+005  2.4441742233E+014
  8.7040017186E+005  2.4448495049E+014
  8.7210025007E+005  2.4455506247E+014
  8.7380017629E+005  2.4462806962E+014
  8.7550027400E+005  2.4470407700E+014
  8.7720021825E+005  2.4478290763E+014
  8.7890016933E+005  2.4486419919E+014
  8.8060029265E+005  2.4494750840E+014
  8.8230026470E+005  2.4503236768E+014
  8.8400024374E+005  2.4511834026E+014
  8.8570022703E+005  2.4520498684E+014
  8.8740021856E+005  2.4529375194E+014
  8.8910022021E+005  2.4538598364E+014
  8.9080022802E+005  2.4548050288E+014
  8.9250024178E+005  2.4557636976E+014
  8.9420026201E+005  2.4567285326E+014
  8.9590028978E+005  2.4576937022E+014
  8.9760016209E+005  2.4586542337E+014
  8.9930020384E+005  2.4596060127E+014
  9.0100025358E+005  2.4605450333E+014
  9.0270031026E+005  2.4614677737E+014
  9.0440021186E+005  2.4623710288E+014
  9.0610028265E+005  2.4632521661E+014
  9.0780020084E+005  2.4641083483E+014
  9.0950028868E+005  2.4649368605E+014
  9.1120022431E+005  2.4657342092E+014
  9.1290016914E+005  2.4271311187E+014
  9.1460028384E+005  2.4274614445E+014
  9.1630024603E+005  2.4279354992E+014
  9.1800021979E+005  2.4285268183E+014
  9.1970020591E+005  2.4292110019E+014
  9.2140020122E+005  2.4299658261E+014
  9.2310020666E+005  2.4307712087E+014
  9.2480022353E+005  2.4316091560E+014
  9.2650025346E+005  2.4324637673E+014
  9.2820029450E+005  2.4333212989E+014
  9.2990018659E+005  2.4341701058E+014
  9.3160025205E+005  2.4350008408E+014
  9.3330016480E+005  2.4358271387E+014
  9.3500025080E+005  2.4366703801E+014
  9.3670018929E+005  2.4375284161E+014
  9.3840030155E+005  2.4383997198E+014
  9.4010026013E+005  2.4392827345E+014
  9.4180022815E+005  2.4401764228E+014
  9.4350020886E+005  2.4410799041E+014
  9.4520020072E+005  2.4419924989E+014
  9.4690020174E+005  2.4429136964E+014
  9.4860021114E+005  2.4438431158E+014
  9.5030023072E+005  2.4447804693E+014
  9.5200025836E+005  2.4457255272E+014
  9.5370029489E+005  2.4466780999E+014
  9.5540017843E+005  2.4476379319E+014
  9.5710023255E+005  2.4486050664E+014
  9.5880029347E+005  2.4495793064E+014
  9.6050020015E+005  2.4505605000E+014
  9.6220027648E+005  2.4515491930E+014
  9.6390019752E+005  2.4525475818E+014
  9.6560028783E+005  2.4535557140E+014
  9.6730022437E+005  2.4545727906E+014
  9.6900016721E+005  2.4555983748E+014
  9.7070027644E+005  2.4566320836E+014
  9.7240023195E+005  2.4576732740E+014
  9.7410019666E+005  2.4587216201E+014
  9.7580016831E+005  2.4597767211E+014
  9.7750030803E+005  2.4608383146E+014
  9.7920029263E+005  2.4619058858E+014
  9.8090028593E+005  2.4629792857E+014
  9.8260028682E+005  2.4640583255E+014
  9.8430029779E+005  2.4651428729E+014
  9.8600031771E+005  2.4662328224E+014
  9.8770018309E+005  2.4673279939E+014
  9.8940021799E+005  2.4684285487E+014
  9.9110026484E+005  2.4695343520E+014
  9.9280016251E+005  2.4706452707E+014
  9.9450023051E+005  2.4717614867E+014
  9.9620030700E+005  2.4728828640E+014
  9.9790023297E+005  2.4740092716E+014
  9.9960017243E+005  2.4751408046E+014
  1.0013002848E+006  2.4762775704E+014
  1.0030002455E+006  2.4774193619E+014
  1.0047002183E+006  2.4785662950E+014
  1.0064002019E+006  2.4797183549E+014
  1.0081001963E+006  2.4808754904E+014
  1.0098002024E+006  2.4820375762E+014
  1.0115002203E+006  2.4832043840E+014
  1.0132002477E+006  2.4843755678E+014
  1.0149002861E+006  2.4855506587E+014
  1.0166001730E+006  2.4867289611E+014
  1.0183002314E+006  2.4879102888E+014
  1.0200002997E+006  2.4890966880E+014
  1.0217002170E+006  2.4902880110E+014
  1.0234003059E+006  2.4914838443E+014
  1.0251002397E+006  2.4926837027E+014
  1.0268001820E+006  2.4938877598E+014
  1.0285002960E+006  2.4950963809E+014
  1.0302002576E+006  2.4963096682E+014
  1.0319002264E+006  2.4975280694E+014
  1.0336002022E+006  2.4987518566E+014
  1.0353001857E+006  2.4999812068E+014
  1.0370001758E+006  2.5012162026E+014
  1.0387001743E+006  2.5024568657E+014
  1.0404001808E+006  2.5037032057E+014
  1.0421001940E+006  2.5049552752E+014
  1.0438002107E+006  2.5062131927E+014
  1.0455002350E+006  2.5074771353E+014
  1.0472002696E+006  2.5087472945E+014
  1.0489003113E+006  2.5100238345E+014
  1.0506001965E+006  2.5113067409E+014
  1.0523002497E+006  2.5125962880E+014
  1.0540003124E+006  2.5138922555E+014
  1.0557002212E+006  2.5151943838E+014
  1.0574002996E+006  2.5165027557E+014
  1.0591002248E+006  2.5178169380E+014
  1.0608003200E+006  2.5191370025E+014
  1.0625002617E+006  2.5204625484E+014
  1.0642002130E+006  2.5217936026E+014
  1.0659001752E+006  2.5231301275E+014
  1.0676003079E+006  2.5244722662E+014
  1.0693002893E+006  2.5258198137E+014
  1.0710002809E+006  2.5271729496E+014
  1.0727002830E+006  2.5285317118E+014
  1.0744002953E+006  2.5298961115E+014
  1.0761003193E+006  2.5312661307E+014
  1.0778001936E+006  2.5326415887E+014
  1.0795002397E+006  2.5340226695E+014
  1.0812002954E+006  2.5354091483E+014
  1.0829002005E+006  2.5368007915E+014
  1.0846002798E+006  2.5381977662E+014
  1.0863002075E+006  2.5395997166E+014
  1.0880003071E+006  2.5410068384E+014
  1.0897002553E+006  2.5424188122E+014
  1.0914002123E+006  2.5438357365E+014
  1.0931001796E+006  2.5452575936E+014
  1.0948003199E+006  2.5466845095E+014
  1.0965003090E+006  2.5481162046E+014
  1.0982003039E+006  2.5495528021E+014
  1.0999003067E+006  2.5509942924E+014
  1.1016003203E+006  2.5524406654E+014
  1.1033001823E+006  2.5538917707E+014
  1.1050002125E+006  2.5553478744E+014
  1.1067002494E+006  2.5568088384E+014
  1.1084002946E+006  2.5582746729E+014
  1.1101001859E+006  2.5597452548E+014
  1.1118002466E+006  2.5612208897E+014
  1.1135003143E+006  2.5627014708E+014
  1.1152002272E+006  2.5641868882E+014
  1.1169003078E+006  2.5656774448E+014
  1.1186002336E+006  2.5671728610E+014
  1.1203001677E+006  2.5686732603E+014
  1.1220002701E+006  2.5701787421E+014
  1.1237002180E+006  2.5716889567E+014
  1.1254001730E+006  2.5732039650E+014
  1.1271002976E+006  2.5747238164E+014
  1.1288002667E+006  2.5762481187E+014
  1.1305002443E+006  2.5777769180E+014
  1.1322002310E+006  2.5793101227E+014
  1.1339002260E+006  2.5808476528E+014
  1.1356002279E+006  2.5823894466E+014
  1.1373002386E+006  2.5839354533E+014
  1.1390002602E+006  2.5854856233E+014
  1.1407002907E+006  2.5870399819E+014
  1.1424001692E+006  2.5885984294E+014
  1.1441002196E+006  2.5901613210E+014
  1.1458002791E+006  2.5917285707E+014
  1.1475001860E+006  2.5933000889E+014
  1.1492002667E+006  2.5948762286E+014
  1.1509001981E+006  2.5964567270E+014
  1.1526003003E+006  2.5980419064E+014
  1.1543002495E+006  2.5996314808E+014
  1.1560002096E+006  2.6012256123E+014
  1.1577001831E+006  2.6028243093E+014
  1.1594001664E+006  2.6044275733E+014
  1.1611003208E+006  2.6060355677E+014
  1.1628003231E+006  2.6076480085E+014
  1.1645001739E+006  2.6092649167E+014
  1.1662001969E+006  2.6108866195E+014
  1.1679002300E+006  2.6125129766E+014
  1.1696002728E+006  2.6141439961E+014
  1.1713003234E+006  2.6157796759E+014
  1.1730002208E+006  2.6174198493E+014
  1.1747002896E+006  2.6190648041E+014
  1.1764002051E+006  2.6207141855E+014
  1.1781002902E+006  2.6223682509E+014
  1.1798002213E+006  2.6240266239E+014
  1.1815003227E+006  2.6256895677E+014
  1.1832002685E+006  2.6273567057E+014
  1.1849002221E+006  2.6290281433E+014
  1.1866001836E+006  2.6307038230E+014
  1.1883003151E+006  2.6323838512E+014
  1.1900002900E+006  2.6340678618E+014
  1.1917002715E+006  2.6357559845E+014
  1.1934002613E+006  2.6374482042E+014
  1.1951002580E+006  2.6391445195E+014
  1.1968002622E+006  2.6408449522E+014
  1.1985002741E+006  2.6425495354E+014
  1.2002002930E+006  2.6442583099E+014
  1.2019003172E+006  2.6459713226E+014
  1.2036001883E+006  2.6476884661E+014
  1.2053002310E+006  2.6494101226E+014
  1.2070002814E+006  2.6511361780E+014
  1.2087001758E+006  2.6528665105E+014
  1.2104002398E+006  2.6546014874E+014
  1.2121003153E+006  2.6563409720E+014
  1.2138002383E+006  2.6580848072E+014
  1.2155001698E+006  2.6598331580E+014
  1.2172002720E+006  2.6615861821E+014
  1.2189002222E+006  2.6633435297E+014
  1.2206001825E+006  2.6651053454E+014
  1.2223003153E+006  2.6668717736E+014
  1.2240002972E+006  2.6686424537E+014
  1.2257002886E+006  2.6704175326E+014
  1.2274002899E+006  2.6721969955E+014
  1.2291003019E+006  2.6739808316E+014
  1.2308001635E+006  2.6757688654E+014
  1.2325001963E+006  2.6775614349E+014
  1.2342002396E+006  2.6793583771E+014
  1.2359002936E+006  2.6811597027E+014
  1.2376001946E+006  2.6829652519E+014
  1.2393002668E+006  2.6847753855E+014
  1.2410001875E+006  2.6865897781E+014
  1.2427002811E+006  2.6884088078E+014
  1.2444002206E+006  2.6902321674E+014
  1.2461001684E+006  2.6920600698E+014
  1.2478002874E+006  2.6938927210E+014
  1.2495002531E+006  2.6957297930E+014
  1.2512002273E+006  2.6975714734E+014
  1.2529002103E+006  2.6994177663E+014
  1.2546002013E+006  2.7012686660E+014
  1.2563001979E+006  2.7031241571E+014
  1.2580002022E+006  2.7049842214E+014
  1.2597002158E+006  2.7068488331E+014
  1.2614002377E+006  2.7087179573E+014
  1.2631002645E+006  2.7105915507E+014
  1.2648002969E+006  2.7124695694E+014
  1.2665001761E+006  2.7143517881E+014
  1.2682002255E+006  2.7162387081E+014
  1.2699002818E+006  2.7181303547E+014
  1.2716001822E+006  2.7200264242E+014
  1.2733002521E+006  2.7219271485E+014
  1.2750001666E+006  2.7238320292E+014
  1.2767002515E+006  2.7257412915E+014
  1.2784001827E+006  2.7276544291E+014
  1.2801002830E+006  2.7295716607E+014
  1.2818002284E+006  2.7314924658E+014
  1.2835001822E+006  2.7334168574E+014
  1.2852003077E+006  2.7353448792E+014
  1.2869002792E+006  2.7372760506E+014
  1.2886002599E+006  2.7392104824E+014
  1.2903002502E+006  2.7411481476E+014
  1.2920002499E+006  2.7430890770E+014
  1.2937002582E+006  2.7450333758E+014
  1.2954002767E+006  2.7469812438E+014
  1.2971003064E+006  2.7489329919E+014
  1.2988001836E+006  2.7508888729E+014
  1.3005002326E+006  2.7528498313E+014
  1.3022002918E+006  2.7548163781E+014
  1.3039001995E+006  2.7567891400E+014
  1.3056002788E+006  2.7587694015E+014
  1.3073002072E+006  2.7607577531E+014
  1.3090003083E+006  2.7627555428E+014
  1.3107002556E+006  2.7647632915E+014
  1.3124002112E+006  2.7667818926E+014
  1.3141001777E+006  2.7688116870E+014
  1.3158003178E+006  2.7708527690E+014
  1.3175003039E+006  2.7729042200E+014
  1.3192002970E+006  2.7749653642E+014
  1.3209002991E+006  2.7770351411E+014
  1.3226003113E+006  2.7791124337E+014
  1.3243001703E+006  2.7811959563E+014
  1.3260001987E+006  2.7832851100E+014
  1.3277002349E+006  2.7853788334E+014
  1.3294002776E+006  2.7874763779E+014
  1.3311001670E+006  2.7895769016E+014
  1.3328002269E+006  2.7916802517E+014
  1.3345002941E+006  2.7937857550E+014
  1.3362002051E+006  2.7958928105E+014
  1.3379002850E+006  2.7980014911E+014
  1.3396002112E+006  2.8001111340E+014
  1.3413003061E+006  2.8022219604E+014
  1.3430002461E+006  2.8043334752E+014
  1.3447001931E+006  2.8064458671E+014
  1.3464003096E+006  2.8085594075E+014
  1.3481002702E+006  2.8106738352E+014
  1.3498002385E+006  2.8127895486E+014
  1.3515002152E+006  2.8149067803E+014
  1.3532001991E+006  2.8170257821E+014
  1.3549001902E+006  2.8191468073E+014
  1.3566001894E+006  2.8212701072E+014
  1.3583001974E+006  2.8233959173E+014
  1.3600002128E+006  2.8255244367E+014
  1.3617002377E+006  2.8276558146E+014
  1.3634002725E+006  2.8297901309E+014
  1.3651003160E+006  2.8319273972E+014
  1.3668002050E+006  2.8340673525E+014
  1.3685002656E+006  2.8362102862E+014
  1.3702001765E+006  2.8383556201E+014
  1.3719002587E+006  2.8405035507E+014
  1.3736001874E+006  2.8426534410E+014
  1.3753002872E+006  2.8448054715E+014
  1.3770002363E+006  2.8469590140E+014
  1.3787001956E+006  2.8491140692E+014
  1.3804001651E+006  2.8512704617E+014
  1.3821003063E+006  2.8534282526E+014
  1.3838002938E+006  2.8555869106E+014
  1.3855002910E+006  2.8577465494E+014
  1.3872002990E+006  2.8599070954E+014
  1.3889003172E+006  2.8620684930E+014
  1.3906001813E+006  2.8642305079E+014
  1.3923002161E+006  2.8663935593E+014
  1.3940002602E+006  2.8685574798E+014
  1.3957003133E+006  2.8707223416E+014
  1.3974002130E+006  2.8728880423E+014
  1.3991002827E+006  2.8750551265E+014
  1.4008001990E+006  2.8772233393E+014
  1.4025002838E+006  2.8793932700E+014
  1.4042002147E+006  2.8815647041E+014
  1.4059003162E+006  2.8837382654E+014
  1.4076002632E+006  2.8859137550E+014
  1.4093002166E+006  2.8880915966E+014
  1.4110001774E+006  2.8902720038E+014
  1.4127003079E+006  2.8924553819E+014
  1.4144002825E+006  2.8946414789E+014
  1.4161002644E+006  2.8968306199E+014
  1.4178002544E+006  2.8990228582E+014
  1.4195002519E+006  2.9012181851E+014
  1.4212002542E+006  2.9034165268E+014
  1.4229002635E+006  2.9056177564E+014
  1.4246002823E+006  2.9078216966E+014
  1.4263003089E+006  2.9100281209E+014
  1.4280001800E+006  2.9122365597E+014
  1.4297002194E+006  2.9144461807E+014
  1.4314002679E+006  2.9166554445E+014
  1.4331001627E+006  2.9188638778E+014
  1.4348002289E+006  2.9210716415E+014
  1.4365003035E+006  2.9232782740E+014
  1.4382002239E+006  2.9254833355E+014
  1.4399003146E+006  2.9276870421E+014
  1.4416002537E+006  2.9298887946E+014
  1.4433002034E+006  2.9320886519E+014
  1.4450003233E+006  2.9342867033E+014
  1.4467002904E+006  2.9364824478E+014
  1.4484002671E+006  2.9386760395E+014
  1.4501002544E+006  2.9408674641E+014
  1.4518002513E+006  2.9430567516E+014
  1.4535002580E+006  2.9452439813E+014
  1.4552002749E+006  2.9474292820E+014
  1.4569003002E+006  2.9496128265E+014
  1.4586001730E+006  2.9517946277E+014
  1.4603002179E+006  2.9539753663E+014
  1.4620002729E+006  2.9561551402E+014
  1.4637001741E+006  2.9583340798E+014
  1.4654002467E+006  2.9605129734E+014
  1.4671001667E+006  2.9626918034E+014
  1.4688002568E+006  2.9648713998E+014
  1.4705001930E+006  2.9670517758E+014
  1.4722003006E+006  2.9692337800E+014
  1.4739002555E+006  2.9714174241E+014
  1.4756002161E+006  2.9736033271E+014
  1.4773001836E+006  2.9757918851E+014
  1.4790003224E+006  2.9779836752E+014
  1.4807003078E+006  2.9801786028E+014
  1.4824002999E+006  2.9823771463E+014
  1.4841002980E+006  2.9845795153E+014
  1.4858003035E+006  2.9867858578E+014
  1.4875003161E+006  2.9889962544E+014
  1.4892001750E+006  2.9912105132E+014
  1.4909002029E+006  2.9934290144E+014
  1.4926002372E+006  2.9956514568E+014
  1.4943002772E+006  2.9978777092E+014
  1.4960001632E+006  3.0001074003E+014
  1.4977002199E+006  3.0023407754E+014
  1.4994002834E+006  3.0045774332E+014
  1.5011001914E+006  3.0068169780E+014
  1.5028002685E+006  3.0090596680E+014
  1.5045001922E+006  3.0113049255E+014
  1.5062002855E+006  3.0135530486E+014
  1.5079002253E+006  3.0158035078E+014
  1.5096001737E+006  3.0180564448E+014
  1.5113002918E+006  3.0203120320E+014
  1.5130002560E+006  3.0225698288E+014
  1.5147002302E+006  3.0248300717E+014
  1.5164002143E+006  3.0270928105E+014
  1.5181002060E+006  3.0293581199E+014
  1.5198002074E+006  3.0316261053E+014
  1.5215002188E+006  3.0338968912E+014
  1.5232002398E+006  3.0361706252E+014
  1.5249002694E+006  3.0384474673E+014
  1.5266003093E+006  3.0407275997E+014
  1.5283001982E+006  3.0430110073E+014
  1.5300002577E+006  3.0452983440E+014
  1.5317001634E+006  3.0475894129E+014
  1.5334002409E+006  3.0498849052E+014
  1.5351001673E+006  3.0521846458E+014
  1.5368002647E+006  3.0544893350E+014
  1.5385002085E+006  3.0567987972E+014
  1.5402003228E+006  3.0591137330E+014
  1.5419002836E+006  3.0614339535E+014
  1.5436002539E+006  3.0637599216E+014
  1.5453002332E+006  3.0660918632E+014
  1.5470002206E+006  3.0684299875E+014
  1.5487002140E+006  3.0707744826E+014
  1.5504002157E+006  3.0731255208E+014
  1.5521002266E+006  3.0754832497E+014
  1.5538002456E+006  3.0778477893E+014
  1.5555002709E+006  3.0802192334E+014
  1.5572003029E+006  3.0825976530E+014
  1.5589001807E+006  3.0849828693E+014
  1.5606002275E+006  3.0873753601E+014
  1.5623002821E+006  3.0897749034E+014
  1.5640001815E+006  3.0921812537E+014
  1.5657002495E+006  3.0945948395E+014
  1.5674003234E+006  3.0970153905E+014
  1.5691002435E+006  3.0994426293E+014
  1.5708001718E+006  3.1018767326E+014
  1.5725002679E+006  3.1043178721E+014
  1.5742002092E+006  3.1067655304E+014
  1.5759003204E+006  3.1092201271E+014
  1.5776002776E+006  3.1116811544E+014
  1.5793002413E+006  3.1141488095E+014
  1.5810002132E+006  3.1166230677E+014
  1.5827001944E+006  3.1191039140E+014
  1.5844001835E+006  3.1215913409E+014
  1.5861001797E+006  3.1240853507E+014
  1.5878001845E+006  3.1265859581E+014
  1.5895001996E+006  3.1290931849E+014
  1.5912002234E+006  3.1316070394E+014
  1.5929002561E+006  3.1341269357E+014
  1.5946002975E+006  3.1366525095E+014
  1.5963001859E+006  3.1391834588E+014
  1.5980002463E+006  3.1417202094E+014
