 0001  0.9990457890068110E+000
 0002  0.9988633721543774E+000
 0003  0.9988633721543774E+000
 0004  0.9986003075842707E+000
 0005  0.9986003075842707E+000
 0006  0.9982234933837681E+000
 0007  0.9982234933837681E+000
 0008  0.9982234933837681E+000
 0009  0.9978487303278324E+000
 0010  0.9978487303278324E+000
 0011  0.9973590795360466E+000
 0012  0.9973590795360466E+000
 0013  0.9967202957488794E+000
 0014  0.9967202957488794E+000
 0015  0.9960963457284945E+000
 0016  0.9960963457284945E+000
 0017  0.9952669742370596E+000
 0018  0.9952669742370596E+000
 0019  0.9941803403190228E+000
 0020  0.9941803403190228E+000
 0021  0.9931189400942038E+000
 0022  0.9931189400942038E+000
 0023  0.9917987648596136E+000
 0024  0.9917987648596136E+000
 0025  0.9901487891657657E+000
 0026  0.9901487891657657E+000
 0027  0.9885371290258352E+000
 0028  0.9885371290258352E+000
 0029  0.9864821895861564E+000
 0030  0.9864821895861564E+000
 0031  0.9839150838679508E+000
 0032  0.9814862871832419E+000
 0033  0.9814862871832419E+000
 0034  0.9784286305949519E+000
 0035  0.9784286305949519E+000
 0036  0.9747886189719198E+000
 0037  0.9706119045706094E+000
 0038  0.9706119045706094E+000
 0039  0.9665321813713139E+000
 0040  0.9665321813713139E+000
 0041  0.9615917621016163E+000
 0042  0.9559055188424546E+000
 0043  0.9559055188424546E+000
 0044  0.9503513208982616E+000
 0045  0.9440855356595674E+000
 0046  0.9440855356595675E+000
 0047  0.9367222800066428E+000
 0048  0.9285218698341935E+000
 0049  0.9285218698341935E+000
 0050  0.9205118886839898E+000
 0051  0.9114736032920594E+000
 0052  0.9114736032920594E+000
 0053  0.9008854221302340E+000
 0054  0.8894884608890076E+000
 0055  0.8894884608890076E+000
 0056  0.8765526273809845E+000
 0057  0.8646281319518396E+000
 0058  0.8515794694416156E+000
 0059  0.8515794694416156E+000
 0060  0.8365767809227749E+000
 0061  0.8205264364025573E+000
 0062  0.8205264364025573E+000
 0063  0.8048488112158140E+000
 0064  0.7878741885177070E+000
 0065  0.7700142317661135E+000
 0066  0.7700142317661134E+000
 0067  0.7499590560133873E+000
 0068  0.7291607654622416E+000
 0069  0.7103282836846618E+000
 0070  0.6903740907681580E+000
 0071  0.6903740907681580E+000
 0072  0.6678118688786958E+000
 0073  0.6445569275918642E+000
 0074  0.6210445709137880E+000
 0075  0.6210445709137880E+000
 0076  0.5952352711364757E+000
 0077  0.5722882115028857E+000
 0078  0.5487854378331043E+000
 0079  0.5249259071650805E+000
 0080  0.5249259071650805E+000
 0081  0.4985328552851587E+000
 0082  0.4724445139634994E+000
 0083  0.4468034165362481E+000
 0084  0.4242863228946485E+000
 0085  0.4016282100335519E+000
 0086  0.4016282100335519E+000
 0087  0.3766213581590599E+000
 0088  0.3524306704794633E+000
 0089  0.3292011062323928E+000
 0090  0.3070213153116637E+000
 0091  0.2859386048135365E+000
 0092  0.2859386048135364E+000
 0093  0.2633729533780191E+000
 0094  0.2428665507598371E+000
 0095  0.2242481706063515E+000
 0096  0.2072302112395251E+000
 0097  0.1915888883088057E+000
 0098  0.1771467893279778E+000
 0099  0.1637181940818988E+000
 0100  0.1512082203134173E+000
 0101  0.1395747480217403E+000
 0102  0.1287859379614227E+000
 0103  0.1188049138263365E+000
 0104  0.1095914790476846E+000
 0105  0.1006655861846294E+000
 0106  0.9258535014412916E-001
 0107  0.8526740791568571E-001
 0108  0.7863708810698228E-001
 0109  0.7262766383038022E-001
 0110  0.6717939526993111E-001
 0111  0.5833279299587357E-001
 0112  0.5471959818832001E-001
 0113  0.5138012955111437E-001
 0114  0.4829236246744789E-001
 0115  0.4544092558359347E-001
 0116  0.4281079867119175E-001
 0117  0.4038742347773161E-001
 0118  0.3815678523145127E-001
 0119  0.3610547005435755E-001
 0120  0.3422070271329314E-001
 0121  0.3243052243821604E-001
 0122  0.3080334115583644E-001
 0123  0.2932394895635942E-001
 0124  0.2797861432119042E-001
 0125  0.2675493199875434E-001
 0126  0.2564168761347335E-001
 0127  0.2462873704372176E-001
 0128  0.2296249681378265E-001
 0129  0.2227485073475249E-001
 0130  0.2163946080657320E-001
 0131  0.2105266415936491E-001
 0132  0.2051101482522122E-001
 0133  0.2001127647291678E-001
 0134  0.1955041446188005E-001
 0135  0.1911448228446189E-001
 0136  0.1871528196709998E-001
 0137  0.1834966487376705E-001
 0138  0.1801475944029912E-001
 0139  0.1770782286590838E-001
 0140  0.1742651210599849E-001
 0141  0.1716868012011497E-001
 0142  0.1693236041297025E-001
 0143  0.1653775269757818E-001
 0144  0.1637260630388210E-001
 0145  0.1621942863161191E-001
 0146  0.1607739155853477E-001
 0147  0.1594293406021491E-001
 0148  0.1581888017864513E-001
 0149  0.1570438347202185E-001
 0150  0.1559870429761068E-001
 0151  0.1550116053543532E-001
 0152  0.1541112309114440E-001
 0153  0.1532801175243731E-001
 0154  0.1525129137108749E-001
 0155  0.1518046834482534E-001
 0156  0.1506042888446896E-001
 0157  0.1500946880508447E-001
 0158  0.1496111158399205E-001
 0159  0.1491618929276473E-001
 0160  0.1487445685541128E-001
 0161  0.1483568676595320E-001
 0162  0.1479966782224162E-001
 0163  0.1476620395153028E-001
 0164  0.1473511312111669E-001
 0165  0.1470622630222762E-001
 0166  0.1467938656800710E-001
 0167  0.1465444822175399E-001
 0168  0.1461130178566850E-001
 0169  0.1459264233186203E-001
 0170  0.1457520729018597E-001
 0171  0.1455891598855957E-001
 0172  0.1454369309512932E-001
 0173  0.1452946826280610E-001
 0174  0.1451617579762154E-001
 0175  0.1450375274572357E-001
 0176  0.1449214227385542E-001
 0177  0.1448129124663056E-001
 0178  0.1447101448500576E-001
 0179  0.1445321270664890E-001
 0180  0.1444549431906522E-001
 0181  0.1443824531852134E-001
 0182  0.1443143636942645E-001
 0183  0.1442504076812451E-001
 0184  0.1441903342740480E-001
 0185  0.1441339077914927E-001
 0186  0.1440802800640134E-001
 0187  0.1440299982894094E-001
 0188  0.1439828459846326E-001
 0189  0.1439002635733072E-001
 0190  0.1438640704526734E-001
 0191  0.1438299233302975E-001
 0192  0.1437977065523177E-001
 0193  0.1437673109912224E-001
 0194  0.1437383268039899E-001
 0195  0.1437110205006159E-001
 0196  0.1436852935219168E-001
 0197  0.1436610531758886E-001
 0198  0.1436182022240035E-001
 0199  0.1435992497476329E-001
 0200  0.1435811238051005E-001
 0201  0.1435639769788288E-001
 0202  0.1435477556689413E-001
 0203  0.1435324092482915E-001
 0204  0.1435178898955014E-001
 0205  0.1435041517158830E-001
 0206  0.1434911521926735E-001
 0207  0.1434678838622261E-001
 0208  0.1434574708193781E-001
 0209  0.1434475836624710E-001
 0210  0.1434381950848640E-001
 0211  0.1434292796758474E-001
 0212  0.1434208133325782E-001
 0213  0.1434127731921486E-001
 0214  0.1433982267678646E-001
 0215  0.1433917035717136E-001
 0216  0.1433854895896380E-001
 0217  0.1433795700179469E-001
 0218  0.1433739307677984E-001
 0219  0.1433685175593685E-001
 0220  0.1433633646200222E-001
 0221  0.1433584592065645E-001
 0222  0.1433496064585238E-001
 0223  0.1433456102533354E-001
 0224  0.1433417922089009E-001
 0225  0.1433381185294208E-001
 0226  0.1433346110334971E-001
 0227  0.1433312620813121E-001
 0228  0.1433280643894319E-001
 0229  0.1433222414094276E-001
 0230  0.1433195901883133E-001
 0231  0.1433170522126737E-001
 0232  0.1433146225707882E-001
 0233  0.1433122965668737E-001
 0234  0.1433100696591261E-001
 0235  0.1433059817806503E-001
 0236  0.1433041177693778E-001
 0237  0.1433023290616320E-001
 0238  0.1433006125733610E-001
 0239  0.1432989557163733E-001
 0240  0.1432973665003223E-001
 0241  0.1432958421097141E-001
 0242  0.1432930491863993E-001
 0243  0.1432917451183241E-001
 0244  0.1432904654990014E-001
 0245  0.1432891946103670E-001
 0246  0.1432878897367557E-001
 0247  0.1432849897770749E-001
 0248  0.1432833114872667E-001
 0249  0.1432814761384538E-001
 0250  0.1432794645844820E-001
 0251  0.1432772209163524E-001
 0252  0.1432743730733360E-001
 0253  0.1432679323022501E-001
 0254  0.1432643246068660E-001
 0255  0.1432598851903683E-001
 0256  0.1432550952720280E-001
 0257  0.1432499484549299E-001
 0258  0.1432381395499704E-001
 0259  0.1432314789390304E-001
 0260  0.1432244221439749E-001
 0261  0.1432169712087633E-001
 0262  0.1432090958861720E-001
 0263  0.1431911155107229E-001
 0264  0.1431817406305180E-001
 0265  0.1431719820389721E-001
 0266  0.1431610802841771E-001
 0267  0.1431498318151370E-001
 0268  0.1431260328363737E-001
 0269  0.1431135241866549E-001
 0270  0.1431007014595564E-001
 0271  0.1430875739139414E-001
 0272  0.1430733802119283E-001
 0273  0.1430447819421943E-001
 0274  0.1430296591052127E-001
 0275  0.1430143147914087E-001
 0276  0.1429987411339761E-001
 0277  0.1429668810942070E-001
 0278  0.1429506351125442E-001
 0279  0.1429342048155513E-001
 0280  0.1429169099010463E-001
 0281  0.1428825975233250E-001
 0282  0.1428649183799541E-001
 0283  0.1428471397106629E-001
 0284  0.1428292688411542E-001
 0285  0.1428106789599842E-001
 0286  0.1427740370728031E-001
 0287  0.1427553868666942E-001
 0288  0.1427367049463296E-001
 0289  0.1427179970284082E-001
 0290  0.1426800890035962E-001
 0291  0.1426614739802534E-001
 0292  0.1426423219392126E-001
 0293  0.1426047629220251E-001
 0294  0.1425858496464932E-001
 0295  0.1425669700641807E-001
 0296  0.1425481279448848E-001
 0297  0.1425103029039898E-001
 0298  0.1424913601416544E-001
 0299  0.1424724883944140E-001
 0300  0.1424351745107455E-001
 0301  0.1424167369413504E-001
 0302  0.1423979863658681E-001
 0303  0.1423793317409278E-001
 0304  0.1423425457106353E-001
 0305  0.1423244157046855E-001
 0306  0.1423060340014815E-001
 0307  0.1422698632309483E-001
 0308  0.1422520726959786E-001
 0309  0.1422340829959845E-001
 0310  0.1421987388806911E-001
 0311  0.1421813794254417E-001
 0312  0.1421641395782763E-001
 0313  0.1421300006752452E-001
 0314  0.1421131152338567E-001
 0315  0.1420963568329670E-001
 0316  0.1420632256259496E-001
 0317  0.1420468641170386E-001
 0318  0.1420306332009597E-001
 0319  0.1419983765481259E-001
 0320  0.1419825793331531E-001
 0321  0.1419667112269868E-001
 0322  0.1419356441080238E-001
 0323  0.1419204374361382E-001
 0324  0.1419051794399229E-001
 0325  0.1418753187568222E-001
 0326  0.1418605442372622E-001
 0327  0.1418459053240562E-001
 0328  0.1418171132565144E-001
 0329  0.1418029621824662E-001
 0330  0.1417751453952182E-001
 0331  0.1417614807684642E-001
 0332  0.1417478131861843E-001
 0333  0.1417211004602759E-001
 0334  0.1417079282419353E-001
 0335  0.1416821850181454E-001
 0336  0.1416694975241439E-001
 0337  0.1416568274076202E-001
 0338  0.1416320766928114E-001
 0339  0.1416198918457490E-001
 0340  0.1415959960819141E-001
 0341  0.1415842829840830E-001
 0342  0.1415612317960435E-001
 0343  0.1415499756117722E-001
 0344  0.1415278269219705E-001
 0345  0.1415169364943841E-001
 0346  0.1414955218665925E-001
 0347  0.1414849987235767E-001
 0348  0.1414745153986752E-001
 0349  0.1414540401111569E-001
 0350  0.1414439824495345E-001
 0351  0.1414242221939260E-001
 0352  0.1414145195767991E-001
 0353  0.1413954659742778E-001
 0354  0.1413861154313040E-001
 0355  0.1413677622627818E-001
 0356  0.1413587594095017E-001
 0357  0.1413410174079116E-001
 0358  0.1413238606938616E-001
 0359  0.1413154498253810E-001
 0360  0.1412989240510232E-001
 0361  0.1412908094445514E-001
 0362  0.1412749024331816E-001
 0363  0.1412670809958794E-001
 0364  0.1412517530360141E-001
 0365  0.1412442201862152E-001
 0366  0.1412294383538504E-001
 0367  0.1412151342736234E-001
 0368  0.1412081082364330E-001
 0369  0.1411943241314378E-001
 0370  0.1411875469977769E-001
 0371  0.1411742551032913E-001
 0372  0.1411613654634480E-001
 0373  0.1411550391756794E-001
 0374  0.1411426057786958E-001
 0375  0.1411305409447516E-001
 0376  0.1411246156424001E-001
 0377  0.1411129761171320E-001
 0378  0.1411016861507247E-001
 0379  0.1410961432544111E-001
 0380  0.1410852401830481E-001
 0381  0.1410746596413248E-001
 0382  0.1410643843923337E-001
 0383  0.1410593309453001E-001
 0384  0.1410494042255178E-001
 0385  0.1410397562047372E-001
 0386  0.1410303753357117E-001
 0387  0.1410257626431333E-001
 0388  0.1410166914841587E-001
 0389  0.1410078689138139E-001
 0390  0.1409992901166723E-001
 0391  0.1409950680088057E-001
 0392  0.1409867615106442E-001
 0393  0.1409786764566634E-001
 0394  0.1409708073328059E-001
 0395  0.1409631445779003E-001
 0396  0.1409556807023937E-001
 0397  0.1409484081709150E-001
 0398  0.1409413226248346E-001
 0399  0.1409378334856981E-001
 0400  0.1409309607162174E-001
 0401  0.1409242607219058E-001
 0402  0.1409177272285383E-001
 0403  0.1409113552850083E-001
 0404  0.1409051485798624E-001
 0405  0.1408991308718727E-001
 0406  0.1408932947238228E-001
 0407  0.1408876326879599E-001
 0408  0.1408821377011249E-001
 0409  0.1408768030609681E-001
 0410  0.1408716224038342E-001
 0411  0.1408641538145089E-001
 0412  0.1408593666602442E-001
 0413  0.1408547119547249E-001
 0414  0.1408501847124344E-001
 0415  0.1408457801845864E-001
 0416  0.1408414938456148E-001
 0417  0.1408352978312039E-001
 0418  0.1408313158512270E-001
 0419  0.1408274365977258E-001
 0420  0.1408236564651727E-001
 0421  0.1408181828700039E-001
 0422  0.1408146592872345E-001
 0423  0.1408112224299118E-001
 0424  0.1408062396833160E-001
 0425  0.1408030281534484E-001
 0426  0.1407983680096703E-001
 0427  0.1407953618260338E-001
 0428  0.1407924251780912E-001
 0429  0.1407881592424864E-001
 0430  0.1407854043986079E-001
 0431  0.1407813994781615E-001
 0432  0.1407775502187480E-001
 0433  0.1407750613718356E-001
 0434  0.1407714388169007E-001
 0435  0.1407679519795829E-001
 0436  0.1407656949015351E-001
 0437  0.1407624060753287E-001
 0438  0.1407592362162891E-001
 0439  0.1407561794736828E-001
 0440  0.1407532303653541E-001
 0441  0.1407503837495100E-001
 0442  0.1407476347990938E-001
 0443  0.1407449789783821E-001
 0444  0.1407424120216155E-001
 0445  0.1407399299134815E-001
 0446  0.1407375288712537E-001
 0447  0.1407352053283900E-001
 0448  0.1407322274088985E-001
 0449  0.1407300796977207E-001
 0450  0.1407279986110055E-001
 0451  0.1407253274205783E-001
 0452  0.1407233981107453E-001
 0453  0.1407209192908832E-001
 0454  0.1407185456423649E-001
 0455  0.1407168286552435E-001
 0456  0.1407146194422010E-001
 0457  0.1407125005088045E-001
 0458  0.1407104670095138E-001
 0459  0.1407085144314307E-001
 0460  0.1407061839904483E-001
 0461  0.1407044029293636E-001
 0462  0.1407026898652863E-001
 0463  0.1407006415219197E-001
 0464  0.1406986926579162E-001
 0465  0.1406971996018341E-001
 0466  0.1406954111380365E-001
 0467  0.1406937062511138E-001
 0468  0.1406917655618500E-001
 0469  0.1406902305038438E-001
 0470  0.1406884805383840E-001
 0471  0.1406868260127742E-001
 0472  0.1406852604720821E-001
 0473  0.1406837780088921E-001
 0474  0.1406821474664571E-001
 0475  0.1406806169885877E-001
 0476  0.1406791791361500E-001
 0477  0.1406776416035210E-001
 0478  0.1406762088437824E-001
 0479  0.1406747124954799E-001
 0480  0.1406733286563777E-001
 0481  0.1406720474400991E-001
 0482  0.1406706093747562E-001
 0483  0.1406692994811726E-001
 0484  0.1406680019056794E-001
 0485  0.1406667351265867E-001
 0486  0.1406654332094381E-001
 0487  0.1406642104187222E-001
 0488  0.1406629510139429E-001
 0489  0.1406617153515710E-001
 0490  0.1406605520729232E-001
 0491  0.1406593640982706E-001
 0492  0.1406581980153382E-001
 0493  0.1406581511660399E-001
 0494  0.1406581511660399E-001
 0495  0.1406581511660399E-001
 0496  0.1406581511660399E-001
 0497  0.1406581511660399E-001
 0498  0.1406581511660399E-001
 0499  0.1406581511660399E-001
 0500  0.1406581511660399E-001
 0501  0.1406581511660399E-001
 0502  0.1406581511660399E-001
 0503  0.1406581511660399E-001
 0504  0.1406581511660399E-001
 0505  0.1406581511660399E-001
 0506  0.1406581511660399E-001
 0507  0.1406581511660399E-001
 0508  0.1406581511660399E-001
 0509  0.1406581511660399E-001
 0510  0.1406581511660399E-001
 0511  0.1406581511660399E-001
 0512  0.1406581511660399E-001
 0513  0.1406581511660399E-001
 0514  0.1406581511660399E-001
 0515  0.1406581511660399E-001
 0516  0.1406581511660399E-001
 0517  0.1406581511660399E-001
 0518  0.1406581511660399E-001
 0519  0.1406581511660399E-001
 0520  0.1406581511660399E-001
 0521  0.1406581511660399E-001
 0522  0.1406581511660399E-001
 0523  0.1406581511660399E-001
 0524  0.1406581511660399E-001
 0525  0.1406581511660399E-001
 0526  0.1406581511660399E-001
 0527  0.1406581511660399E-001
 0528  0.1406581511660399E-001
 0529  0.1406581511660399E-001
 0530  0.1406581511660399E-001
 0531  0.1406581511660399E-001
 0532  0.1406581511660399E-001
 0533  0.1406581511660399E-001
 0534  0.1406581511660399E-001
 0535  0.1406581511660399E-001
 0536  0.1406581511660399E-001
 0537  0.1406581511660399E-001
 0538  0.1406581511660399E-001
 0539  0.1406581511660399E-001
 0540  0.1406581511660399E-001
 0541  0.1406581511660399E-001
 0542  0.1406581511660399E-001
 0543  0.1406581511660399E-001
 0544  0.1406581511660399E-001
 0545  0.1406581511660399E-001
 0546  0.1406581511660399E-001
 0547  0.1406581511660399E-001
 0548  0.1406581511660399E-001
 0549  0.1406581511660399E-001
 0550  0.1406581511660399E-001
 0551  0.1406581511660399E-001
 0552  0.1406581511660399E-001
 0553  0.1406581511660399E-001
 0554  0.1406581511660399E-001
 0555  0.1406581511660399E-001
 0556  0.1406581511660399E-001
 0557  0.1406581511660399E-001
 0558  0.1406581511660399E-001
 0559  0.1406581511660399E-001
 0560  0.1406581511660399E-001
 0561  0.1406581511660399E-001
 0562  0.1406581511660399E-001
 0563  0.1406581511660399E-001
 0564  0.1406581511660399E-001
 0565  0.1406581511660399E-001
 0566  0.1406581511660399E-001
 0567  0.1406581511660399E-001
 0568  0.1406581511660399E-001
 0569  0.1406581511660399E-001
 0570  0.1406581511660399E-001
 0571  0.1406581511660399E-001
 0572  0.1406581511660399E-001
 0573  0.1406581511660399E-001
 0574  0.1406581511660399E-001
 0575  0.1406581511660399E-001
 0576  0.1406581511660399E-001
 0577  0.1406581511660399E-001
 0578  0.1406581511660399E-001
 0579  0.1406581511660399E-001
 0580  0.1406581511660399E-001
 0581  0.1406581511660399E-001
 0582  0.1406581511660399E-001
 0583  0.1406581511660399E-001
 0584  0.1406581511660399E-001
 0585  0.1406581511660399E-001
 0586  0.1406581511660399E-001
 0587  0.1406581511660399E-001
 0588  0.1406581511660399E-001
 0589  0.1406581511660399E-001
 0590  0.1406581511660399E-001
 0591  0.1406581511660399E-001
 0592  0.1406581511660399E-001
 0593  0.1406581511660399E-001
 0594  0.1406581511660399E-001
 0595  0.1406581511660399E-001
 0596  0.1406581511660399E-001
 0597  0.1406581511660399E-001
 0598  0.1406581511660399E-001
 0599  0.1406581511660399E-001
 0600  0.1406581511660399E-001
 0601  0.1406581511660399E-001
 0602  0.1406581511660399E-001
 0603  0.1406581511660399E-001
 0604  0.1406581511660399E-001
 0605  0.1406581511660399E-001
 0606  0.1406581511660399E-001
 0607  0.1406581511660399E-001
 0608  0.1406581511660399E-001
 0609  0.1406581511660399E-001
 0610  0.1406581511660399E-001
 0611  0.1406581511660399E-001
 0612  0.1406581511660399E-001
 0613  0.1406581511660399E-001
 0614  0.1406581511660399E-001
 0615  0.1406581511660399E-001
 0616  0.1406581511660399E-001
 0617  0.1406581511660399E-001
 0618  0.1406581511660399E-001
 0619  0.1406581511660399E-001
 0620  0.1406581511660399E-001
 0621  0.1406581511660399E-001
 0622  0.1406581511660399E-001
 0623  0.1406581511660399E-001
 0624  0.1406581511660399E-001
 0625  0.1406581511660399E-001
 0626  0.1406581511660399E-001
 0627  0.1406581511660399E-001
 0628  0.1406581511660399E-001
 0629  0.1406581511660399E-001
 0630  0.1406581511660399E-001
 0631  0.1406581511660399E-001
 0632  0.1406581511660399E-001
 0633  0.1406581511660399E-001
 0634  0.1406581511660399E-001
 0635  0.1406581511660399E-001
 0636  0.1406581511660399E-001
 0637  0.1406581511660399E-001
 0638  0.1406581511660399E-001
 0639  0.1406581511660399E-001
 0640  0.1406581511660399E-001
 0641  0.1406581511660399E-001
 0642  0.1406581511660399E-001
 0643  0.1406581511660399E-001
 0644  0.1406581511660399E-001
 0645  0.1406581511660399E-001
 0646  0.1406581511660399E-001
 0647  0.1406581511660399E-001
 0648  0.1406581511660399E-001
 0649  0.1406581511660399E-001
 0650  0.1406581511660399E-001
 0651  0.1406581511660399E-001
 0652  0.1406581511660399E-001
 0653  0.1406581511660399E-001
 0654  0.1406581511660399E-001
 0655  0.1406581511660399E-001
 0656  0.1406581511660399E-001
 0657  0.1406581511660399E-001
 0658  0.1406581511660399E-001
 0659  0.1406581511660399E-001
 0660  0.1406581511660399E-001
 0661  0.1406581511660399E-001
 0662  0.1406581511660399E-001
 0663  0.1406581511660399E-001
 0664  0.1406581511660399E-001
 0665  0.1406581511660399E-001
 0666  0.1406581511660399E-001
 0667  0.1406581511660399E-001
 0668  0.1406581511660399E-001
 0669  0.1406581511660399E-001
 0670  0.1406581511660399E-001
 0671  0.1406581511660399E-001
 0672  0.1406581511660399E-001
 0673  0.1406581511660399E-001
 0674  0.1406581511660399E-001
 0675  0.1406581511660399E-001
 0676  0.1406581511660399E-001
 0677  0.1406581511660399E-001
 0678  0.1406581511660399E-001
 0679  0.1406581511660399E-001
 0680  0.1406581511660399E-001
 0681  0.1406581511660399E-001
 0682  0.1406581511660399E-001
 0683  0.1406581511660399E-001
 0684  0.1406581511660399E-001
 0685  0.1406581511660399E-001
 0686  0.1406581511660399E-001
 0687  0.1406581511660399E-001
 0688  0.1406581511660399E-001
 0689  0.1406581511660399E-001
 0690  0.1406581511660399E-001
 0691  0.1406581511660399E-001
 0692  0.1406581511660399E-001
 0693  0.1406581511660399E-001
 0694  0.1406581511660399E-001
 0695  0.1406581511660399E-001
 0696  0.1406581511660399E-001
 0697  0.1406581511660399E-001
 0698  0.1406581511660399E-001
 0699  0.1406581511660399E-001
 0700  0.1406581511660399E-001
 0701  0.1406581511660399E-001
 0702  0.1406581511660399E-001
 0703  0.1406581511660399E-001
 0704  0.1406581511660399E-001
 0705  0.1406581511660399E-001
 0706  0.1406581511660399E-001
 0707  0.1406581511660399E-001
 0708  0.1406581511660399E-001
 0709  0.1406581511660399E-001
 0710  0.1406581511660399E-001
 0711  0.1406581511660399E-001
 0712  0.1406581511660399E-001
 0713  0.1406581511660399E-001
 0714  0.1406581511660399E-001
 0715  0.1406581511660399E-001
 0716  0.1406581511660399E-001
 0717  0.1406581511660399E-001
 0718  0.1406581511660399E-001
 0719  0.1406581511660399E-001
 0720  0.1406581511660399E-001
 0721  0.1406581511660399E-001
 0722  0.1406581511660399E-001
 0723  0.1406581511660399E-001
 0724  0.1406581511660399E-001
 0725  0.1406581511660399E-001
 0726  0.1406581511660399E-001
 0727  0.1406581511660399E-001
 0728  0.1406581511660399E-001
 0729  0.1406581511660399E-001
 0730  0.1406581511660399E-001
 0731  0.1406581511660399E-001
 0732  0.1406581511660399E-001
 0733  0.1406581511660399E-001
 0734  0.1406581511660399E-001
 0735  0.1406581511660399E-001
 0736  0.1406581511660399E-001
 0737  0.1406581511660399E-001
 0738  0.1406581511660399E-001
 0739  0.1406581511660399E-001
 0740  0.1406581511660399E-001
 0741  0.1406581511660399E-001
 0742  0.1406581511660399E-001
 0743  0.1406581511660399E-001
 0744  0.1406581511660399E-001
 0745  0.1406581511660399E-001
 0746  0.1406581511660399E-001
 0747  0.1406581511660399E-001
 0748  0.1406581511660399E-001
 0749  0.1406581511660399E-001
 0750  0.1406581511660399E-001
 0751  0.1406581511660399E-001
 0752  0.1406581511660399E-001
 0753  0.1406581511660399E-001
 0754  0.1406581511660399E-001
 0755  0.1406581511660399E-001
 0756  0.1406581511660399E-001
 0757  0.1406581511660399E-001
 0758  0.1406581511660399E-001
 0759  0.1406581511660399E-001
 0760  0.1406581511660399E-001
 0761  0.1406581511660399E-001
 0762  0.1406581511660399E-001
 0763  0.1406581511660399E-001
 0764  0.1406581511660399E-001
 0765  0.1406581511660399E-001
 0766  0.1406581511660399E-001
 0767  0.1406581511660399E-001
 0768  0.1406581511660399E-001
 0769  0.1406581511660399E-001
 0770  0.1406581511660399E-001
 0771  0.1406581511660399E-001
 0772  0.1406581511660399E-001
 0773  0.1406581511660399E-001
 0774  0.1406581511660399E-001
 0775  0.1406581511660399E-001
 0776  0.1406581511660399E-001
 0777  0.1406581511660399E-001
 0778  0.1406581511660399E-001
 0779  0.1406581511660399E-001
 0780  0.1406581511660399E-001
 0781  0.1406581511660399E-001
 0782  0.1406581511660399E-001
 0783  0.1406581511660399E-001
 0784  0.1406581511660399E-001
 0785  0.1406581511660399E-001
 0786  0.1406581511660399E-001
 0787  0.1406581511660399E-001
 0788  0.1406581511660399E-001
 0789  0.1406581511660399E-001
 0790  0.1406581511660399E-001
 0791  0.1406581511660399E-001
 0792  0.1406581511660399E-001
 0793  0.1406581511660399E-001
 0794  0.1406581511660399E-001
 0795  0.1406581511660399E-001
 0796  0.1406581511660399E-001
 0797  0.1406581511660399E-001
 0798  0.1406581511660399E-001
 0799  0.1406581511660399E-001
 0800  0.1406581511660399E-001
 0801  0.1406581511660399E-001
 0802  0.1406581511660399E-001
 0803  0.1406581511660399E-001
 0804  0.1406581511660399E-001
 0805  0.1406581511660399E-001
 0806  0.1406581511660399E-001
 0807  0.1406581511660399E-001
 0808  0.1406581511660399E-001
 0809  0.1406581511660399E-001
 0810  0.1406581511660399E-001
 0811  0.1406581511660399E-001
 0812  0.1406581511660399E-001
 0813  0.1406581511660399E-001
 0814  0.1406581511660399E-001
 0815  0.1406581511660399E-001
 0816  0.1406581511660399E-001
 0817  0.1406581511660399E-001
 0818  0.1406581511660399E-001
 0819  0.1406581511660399E-001
 0820  0.1406581511660399E-001
 0821  0.1406581511660399E-001
 0822  0.1406581511660399E-001
 0823  0.1406581511660399E-001
 0824  0.1406581511660399E-001
 0825  0.1406581511660399E-001
 0826  0.1406581511660399E-001
 0827  0.1406581511660399E-001
 0828  0.1406581511660399E-001
 0829  0.1406581511660399E-001
 0830  0.1406581511660399E-001
 0831  0.1406581511660399E-001
 0832  0.1406581511660399E-001
 0833  0.1406581511660399E-001
 0834  0.1406581511660399E-001
 0835  0.1406581511660399E-001
 0836  0.1406581511660399E-001
 0837  0.1406581511660399E-001
 0838  0.1406581511660399E-001
 0839  0.1406581511660399E-001
 0840  0.1406581511660399E-001
 0841  0.1406581511660399E-001
 0842  0.1406581511660399E-001
 0843  0.1406581511660399E-001
 0844  0.1406581511660399E-001
 0845  0.1406581511660399E-001
 0846  0.1406581511660399E-001
 0847  0.1406581511660399E-001
 0848  0.1406581511660399E-001
 0849  0.1406581511660399E-001
 0850  0.1406581511660399E-001
 0851  0.1406581511660399E-001
 0852  0.1406581511660399E-001
 0853  0.1406581511660399E-001
 0854  0.1406581511660399E-001
 0855  0.1406581511660399E-001
 0856  0.1406581511660399E-001
 0857  0.1406581511660399E-001
 0858  0.1406581511660399E-001
 0859  0.1406581511660399E-001
 0860  0.1406581511660399E-001
 0861  0.1406581511660399E-001
 0862  0.1406581511660399E-001
 0863  0.1406581511660399E-001
 0864  0.1406581511660399E-001
 0865  0.1406581511660399E-001
 0866  0.1406581511660399E-001
 0867  0.1406581511660399E-001
 0868  0.1406581511660399E-001
 0869  0.1406581511660399E-001
 0870  0.1406581511660399E-001
 0871  0.1406581511660399E-001
 0872  0.1406581511660399E-001
 0873  0.1406581511660399E-001
 0874  0.1406581511660399E-001
 0875  0.1406581511660399E-001
 0876  0.1406581511660399E-001
 0877  0.1406581511660399E-001
 0878  0.1406581511660399E-001
 0879  0.1406581511660399E-001
 0880  0.1406581511660399E-001
 0881  0.1406581511660399E-001
 0882  0.1406581511660399E-001
 0883  0.1406581511660399E-001
 0884  0.1406581511660399E-001
 0885  0.1406581511660399E-001
 0886  0.1406581511660399E-001
 0887  0.1406581511660399E-001
 0888  0.1406581511660399E-001
 0889  0.1406581511660399E-001
 0890  0.1406581511660399E-001
 0891  0.1406581511660399E-001
 0892  0.1406581511660399E-001
 0893  0.1406581511660399E-001
 0894  0.1406581511660399E-001
 0895  0.1406581511660399E-001
 0896  0.1406581511660399E-001
 0897  0.1406581511660399E-001
 0898  0.1406581511660399E-001
 0899  0.1406581511660399E-001
 0900  0.1406581511660399E-001
 0901  0.1406581511660399E-001
 0902  0.1406581511660399E-001
 0903  0.1406581511660399E-001
 0904  0.1406581511660399E-001
 0905  0.1406581511660399E-001
 0906  0.1406581511660399E-001
 0907  0.1406581511660399E-001
 0908  0.1406581511660399E-001
 0909  0.1406581511660399E-001
 0910  0.1406581511660399E-001
 0911  0.1406581511660399E-001
 0912  0.1406581511660399E-001
 0913  0.1406581511660399E-001
 0914  0.1406581511660399E-001
 0915  0.1406581511660399E-001
 0916  0.1406581511660399E-001
 0917  0.1406581511660399E-001
 0918  0.1406581511660399E-001
 0919  0.1406581511660399E-001
 0920  0.1406581511660399E-001
 0921  0.1406581511660399E-001
 0922  0.1406581511660399E-001
 0923  0.1406581511660399E-001
 0924  0.1406581511660399E-001
 0925  0.1406581511660399E-001
 0926  0.1406581511660399E-001
 0927  0.1406581511660399E-001
 0928  0.1406581511660399E-001
 0929  0.1406581511660399E-001
 0930  0.1406581511660399E-001
 0931  0.1406581511660399E-001
 0932  0.1406581511660399E-001
 0933  0.1406581511660399E-001
 0934  0.1406581511660399E-001
 0935  0.1406581511660399E-001
 0936  0.1406581511660399E-001
 0937  0.1406581511660399E-001
 0938  0.1406581511660399E-001
 0939  0.1406581511660399E-001
 0940  0.1406581511660399E-001
 0941  0.1406581511660399E-001
 0942  0.1406581511660399E-001
 0943  0.1406581511660399E-001
 0944  0.1406581511660399E-001
 0945  0.1406581511660399E-001
 0946  0.1406581511660399E-001
 0947  0.1406581511660399E-001
 0948  0.1406581511660399E-001
 0949  0.1406581511660399E-001
 0950  0.1406581511660399E-001
 0951  0.1406581511660399E-001
 0952  0.1406581511660399E-001
 0953  0.1406581511660399E-001
 0954  0.1406581511660399E-001
 0955  0.1406581511660399E-001
 0956  0.1406581511660399E-001
 0957  0.1406581511660399E-001
 0958  0.1406581511660399E-001
 0959  0.1406581511660399E-001
 0960  0.1406581511660399E-001
 0961  0.1406581511660399E-001
 0962  0.1406581511660399E-001
 0963  0.1406581511660399E-001
 0964  0.1406581511660399E-001
 0965  0.1406581511660399E-001
 0966  0.1406581511660399E-001
 0967  0.1406581511660399E-001
 0968  0.1406581511660399E-001
 0969  0.1406581511660399E-001
 0970  0.1406581511660399E-001
 0971  0.1406581511660399E-001
 0972  0.1406581511660399E-001
 0973  0.1406581511660399E-001
 0974  0.1406581511660399E-001
 0975  0.1406581511660399E-001
 0976  0.1406581511660399E-001
 0977  0.1406581511660399E-001
 0978  0.1406581511660399E-001
 0979  0.1406581511660399E-001
 0980  0.1406581511660399E-001
 0981  0.1406581511660399E-001
 0982  0.1406581511660399E-001
 0983  0.1406581511660399E-001
 0984  0.1406581511660399E-001
 0985  0.1406581511660399E-001
 0986  0.1406581511660399E-001
 0987  0.1406581511660399E-001
 0988  0.1406581511660399E-001
 0989  0.1406581511660399E-001
 0990  0.1406581511660399E-001
 0991  0.1406581511660399E-001
 0992  0.1406581511660399E-001
 0993  0.1406581511660399E-001
 0994  0.1406581511660399E-001
 0995  0.1406581511660399E-001
 0996  0.1406581511660399E-001
 0997  0.1406581511660399E-001
 0998  0.1406581511660399E-001
 0999  0.1406581511660399E-001
 1000  0.1406581511660399E-001
