 0001  0.1034986076362788E+023
 0002  0.1019555877989717E+023
 0003  0.1003848416869316E+023
 0004  0.9886568473207830E+022
 0005  0.9734182234571902E+022
 0006  0.9579300642996930E+022
 0007  0.9422045046147340E+022
 0008  0.9262148310275161E+022
 0009  0.9103486241007585E+022
 0010  0.8943527974315267E+022
 0011  0.8781114099364974E+022
 0012  0.8615977750665618E+022
 0013  0.8449792264492727E+022
 0014  0.8286264931637199E+022
 0015  0.8119877650588431E+022
 0016  0.7950346280499799E+022
 0017  0.7778536938923247E+022
 0018  0.7608530077987593E+022
 0019  0.7435738500152847E+022
 0020  0.7259873099152360E+022
 0021  0.7088470168108496E+022
 0022  0.6926343336304561E+022
 0023  0.6762044866247533E+022
 0024  0.6595866731375228E+022
 0025  0.6433955706059479E+022
 0026  0.6271325095869057E+022
 0027  0.6106876033865282E+022
 0028  0.5943963953668299E+022
 0029  0.5781226968539833E+022
 0030  0.5616863283813095E+022
 0031  0.5456823721287859E+022
 0032  0.5298518937553572E+022
 0033  0.5138825430259236E+022
 0034  0.4978986279771927E+022
 0035  0.4818000886922678E+022
 0036  0.4657043877267528E+022
 0037  0.4505100408144799E+022
 0038  0.4351724749019304E+022
 0039  0.4200963935714601E+022
 0040  0.4051655167549228E+022
 0041  0.3902484364537507E+022
 0042  0.3757459431043831E+022
 0043  0.3611347482899193E+022
 0044  0.3467032199654776E+022
 0045  0.3322168236339828E+022
 0046  0.3184168984666378E+022
 0047  0.3047711956883903E+022
 0048  0.2912713806647247E+022
 0049  0.2778036727546509E+022
 0050  0.2647071340263245E+022
 0051  0.2517551816409569E+022
 0052  0.2393839607244548E+022
 0053  0.2270457403848519E+022
 0054  0.2152339359304514E+022
 0055  0.2036121921607648E+022
 0056  0.1921528955688247E+022
 0057  0.1809687625493898E+022
 0058  0.1702563204790200E+022
 0059  0.1598903938177308E+022
 0060  0.1497519737244477E+022
 0061  0.1397483860101888E+022
 0062  0.1303282160252371E+022
 0063  0.1211480424636912E+022
 0064  0.1121573309231436E+022
 0065  0.1033774771548043E+022
 0066  0.9517736609600577E+021
 0067  0.8735523960111614E+021
 0068  0.7988372512465433E+021
 0069  0.7275379521070915E+021
 0070  0.6570436564019150E+021
 0071  0.5915027717400782E+021
 0072  0.5299147581360172E+021
 0073  0.4724642103146646E+021
 0074  0.4168360343629930E+021
 0075  0.3640092803974050E+021
 0076  0.3169427195549549E+021
 0077  0.2724503150351352E+021
 0078  0.2316811843981761E+021
 0079  0.1943565470981943E+021
 0080  0.1599885477404927E+021
 0081  0.1296903295452628E+021
 0082  0.1029899606397253E+021
 0083  0.7977092739425876E+020
 0084  0.6038336133273957E+020
 0085  0.4435266657713753E+020
 0086  0.3143835021352193E+020
 0087  0.2157281545834561E+020
 0088  0.1346584357269710E+020
 0089  0.9457119481178929E+019
 0090  0.6753879314745008E+019
 0091  0.4890240451080952E+019
 0092  0.3559166340887626E+019
 0093  0.2609930033236543E+019
 0094  0.1940600317083890E+019
 0095  0.1443933311193213E+019
 0096  0.1082523060467652E+019
 0097  0.8067160034474319E+018
 0098  0.6008483257312108E+018
 0099  0.4456120282996133E+018
 0100  0.3296246207460945E+018
 0101  0.2415877576647449E+018
 0102  0.1764409855329603E+018
 0103  0.1268686277999075E+018
 0104  0.8940423798371080E+017
 0105  0.6087062154117559E+017
 0106  0.3931172611660045E+017
 0107  0.2379395848838658E+017
 0108  0.1318668791862383E+017
 0109  0.6129664257239293E+016
 0110  0.1901617468422516E+016
 0111  0.2117499885871939E+015
 0112  0.3838699423861985E+013
 0113  0.2158015744637859E+011
 0114  0.1015973514645917E+010
 0115  0.2327577891064024E+009
 0116  0.9624596496792777E+008
 0117  0.5279984124845277E+008
 0118  0.3358919756178348E+008
 0119  0.2367699948914111E+008
 0120  0.1772648016165828E+008
 0121  0.1398302127538826E+008
 0122  0.1137390917684324E+008
 0123  0.9492291896445796E+007
 0124  0.8090793731270979E+007
 0125  0.7008218701092046E+007
 0126  0.6148084840201747E+007
 0127  0.5452224187244412E+007
 0128  0.4902500470384766E+007
 0129  0.4429067630021842E+007
 0130  0.4026777155079604E+007
 0131  0.3681891009268619E+007
 0132  0.3385466127311003E+007
 0133  0.3122142266090081E+007
 0134  0.2895493712055536E+007
 0135  0.2695720340587320E+007
 0136  0.2517784163828055E+007
 0137  0.2357967781495499E+007
 0138  0.2214843616474384E+007
 0139  0.2085541366212321E+007
 0140  0.1967486602295540E+007
 0141  0.1862251282878407E+007
 0142  0.1763632841667092E+007
 0143  0.1673339716940457E+007
 0144  0.1591943576831045E+007
 0145  0.1517476253098899E+007
 0146  0.1448147284309367E+007
 0147  0.1381919066909049E+007
 0148  0.1321196975456208E+007
 0149  0.1262787284320841E+007
 0150  0.1210736384831561E+007
 0151  0.1160863661904513E+007
 0152  0.1114861222114132E+007
 0153  0.1070911166823556E+007
 0154  0.1029893401757268E+007
 0155  0.9914583331207017E+006
 0156  0.9546607317047869E+006
 0157  0.9211081261641608E+006
 0158  0.8884434093302968E+006
 0159  0.8579370372829475E+006
 0160  0.8288456801908610E+006
 0161  0.8006914231224780E+006
 0162  0.7749037935771709E+006
 0163  0.7497668117387234E+006
 0164  0.7259301095649909E+006
 0165  0.7033477369190890E+006
 0166  0.6813221638862379E+006
 0167  0.6608329411986893E+006
 0168  0.6412539879851586E+006
 0169  0.6221418857792595E+006
 0170  0.6042084479247821E+006
 0171  0.5869047185889189E+006
 0172  0.5700053417104254E+006
 0173  0.5543007199404342E+006
 0174  0.5391835895794574E+006
 0175  0.5244103255599333E+006
 0176  0.5103688629473558E+006
 0177  0.4969748687999130E+006
 0178  0.4838779600584663E+006
 0179  0.4711985172365393E+006
 0180  0.4592440479771926E+006
 0181  0.4475493317716483E+006
 0182  0.4361087219958960E+006
 0183  0.4253931249785098E+006
 0184  0.4150336090835535E+006
 0185  0.4049052676746194E+006
 0186  0.3950814535195783E+006
 0187  0.3858592219666468E+006
 0188  0.3768277272218113E+006
 0189  0.3679829215333869E+006
 0190  0.3594671827673487E+006
 0191  0.3512891226748760E+006
 0192  0.3432775475827002E+006
 0193  0.3354289574732166E+006
 0194  0.3279273629051194E+006
 0195  0.3206886370826488E+006
 0196  0.3135986985246643E+006
 0197  0.3066457260082907E+006
 0198  0.3000409370994199E+006
 0199  0.2936873040565847E+006
 0200  0.2874576570623590E+006
 0201  0.2813494559160450E+006
 0202  0.2754626998519855E+006
 0203  0.2697991504952787E+006
 0204  0.2642444439560213E+006
 0205  0.2587963720970731E+006
 0206  0.2534882350094683E+006
 0207  0.2484176456132402E+006
 0208  0.2434427955833071E+006
 0209  0.2385617652557128E+006
 0210  0.2337726766790142E+006
 0211  0.2291896335207208E+006
 0212  0.2247278517871167E+006
 0213  0.2203491776033656E+006
 0214  0.2160519589083882E+006
 0215  0.2118641765782436E+006
 0216  0.2078616756820852E+006
 0217  0.2039325273140107E+006
 0218  0.2000752953995922E+006
 0219  0.1962885586779896E+006
 0220  0.1926433359408675E+006
 0221  0.1891390671017696E+006
 0222  0.1856974886582668E+006
 0223  0.1823173891467644E+006
 0224  0.1789979406494492E+006
 0225  0.1758149735418928E+006
 0226  0.1727416157646704E+006
 0227  0.1697221323142016E+006
 0228  0.1667554949096675E+006
 0229  0.1638406965520948E+006
 0230  0.1609307734505994E+006
 0231  0.1580196659868420E+006
 0232  0.1551606326465451E+006
 0233  0.1523522669083420E+006
 0234  0.1495938031011567E+006
 0235  0.1469255260389712E+006
 0236  0.1443426406142674E+006
 0237  0.1418049140439438E+006
 0238  0.1393114838506108E+006
 0239  0.1368616152487221E+006
 0240  0.1345502717034841E+006
 0241  0.1324390973593713E+006
 0242  0.1303623787855154E+006
 0243  0.1283194889589268E+006
 0244  0.1263098138811859E+006
 0245  0.1243327513449406E+006
 0246  0.1223470425806174E+006
 0247  0.1203662915684373E+006
 0248  0.1184182046494972E+006
 0249  0.1165021803723659E+006
 0250  0.1146176287219340E+006
 0251  0.1127639708506964E+006
 0252  0.1108749803794787E+006
 0253  0.1090166122875215E+006
 0254  0.1071890260970537E+006
 0255  0.1053916501894913E+006
 0256  0.1036239238247278E+006
 0257  0.1019975017816501E+006
 0258  0.1004728423293536E+006
 0259  0.9897164686120590E+005
 0260  0.9749344683046755E+005
 0261  0.9603786764825793E+005
 0262  0.9460451208018060E+005
 0263  0.9317063814236352E+005
 0264  0.9173505167888157E+005
 0265  0.9032149574979852E+005
 0266  0.8892960180649861E+005
 0267  0.8755898706676070E+005
 0268  0.8620927567524753E+005
 0269  0.8490829859290591E+005
 0270  0.8364723418319676E+005
 0271  0.8240472184583853E+005
 0272  0.8118046040254219E+005
 0273  0.7997413980643101E+005
 0274  0.7878545583964480E+005
 0275  0.7763485717511617E+005
 0276  0.7653304831810798E+005
 0277  0.7544677315744651E+005
 0278  0.7437577930132905E+005
 0279  0.7331981914536832E+005
 0280  0.7227865695698270E+005
 0281  0.7125203972571202E+005
 0282  0.7020271129451695E+005
 0283  0.6916377871555343E+005
 0284  0.6813952545545365E+005
 0285  0.6712972141515865E+005
 0286  0.6613412514828269E+005
 0287  0.6515251687151015E+005
 0288  0.6421563114115439E+005
 0289  0.6330906517034163E+005
 0290  0.6241487790023547E+005
 0291  0.6153287317827102E+005
 0292  0.6066287153499348E+005
 0293  0.5980469320623239E+005
 0294  0.5896050516557967E+005
 0295  0.5815960137267717E+005
 0296  0.5736938157231205E+005
 0297  0.5658969176525496E+005
 0298  0.5582038139421410E+005
 0299  0.5506130572561080E+005
 0300  0.5431231593288454E+005
 0301  0.5356789310807516E+005
 0302  0.5280285430108044E+005
 0303  0.5204824597171514E+005
 0304  0.5130392061263495E+005
 0305  0.5056974037552025E+005
 0306  0.4984556872725450E+005
 0307  0.4913127400105882E+005
 0308  0.4844175656631590E+005
 0309  0.4777527239600410E+005
 0310  0.4711782989221811E+005
 0311  0.4646931199388925E+005
 0312  0.4582960842805862E+005
 0313  0.4519861000989508E+005
 0314  0.4457621097542887E+005
 0315  0.4397674338722292E+005
 0316  0.4339765361838508E+005
 0317  0.4282645067556278E+005
 0318  0.4226304412514481E+005
 0319  0.4170734242554192E+005
 0320  0.4115925827176167E+005
 0321  0.4061870546377672E+005
 0322  0.4007993028955767E+005
 0323  0.3951970350783625E+005
 0324  0.3896763280992714E+005
 0325  0.3842363121405088E+005
 0326  0.3788761428487164E+005
 0327  0.3735949771103093E+005
 0328  0.3683919550977624E+005
 0329  0.3632914705126261E+005
 0330  0.3584164189298660E+005
 0331  0.3536154060734088E+005
 0332  0.3488876678396574E+005
 0333  0.3442324423949725E+005
 0334  0.3396489531262960E+005
 0335  0.3351363960101353E+005
 0336  0.3306939678872836E+005
 0337  0.3264319165355791E+005
 0338  0.3222792256734180E+005
 0339  0.3181930796992867E+005
 0340  0.3141726729465059E+005
 0341  0.3102171851418798E+005
 0342  0.3063257714710084E+005
 0343  0.3024975555206093E+005
 0344  0.2987316478880338E+005
 0345  0.2947402023734155E+005
 0346  0.2907734983441894E+005
 0347  0.2868780755233838E+005
 0348  0.2830527390046719E+005
 0349  0.2792962585529270E+005
 0350  0.2756073659254923E+005
 0351  0.2719847542853664E+005
 0352  0.2682675301872625E+005
 0353  0.2644242057772458E+005
 0354  0.2606563343849748E+005
 0355  0.2569620444877920E+005
 0356  0.2533394333581662E+005
 0357  0.2497865916781587E+005
 0358  0.2463016040769383E+005
 0359  0.2429640295071543E+005
 0360  0.2397452907443625E+005
 0361  0.2365864879247514E+005
 0362  0.2334858291990857E+005
 0363  0.2304415760873576E+005
 0364  0.2274520462759717E+005
 0365  0.2245156156039619E+005
 0366  0.2216668570230482E+005
 0367  0.2189326799094706E+005
 0368  0.2162453717684736E+005
 0369  0.2136035812596433E+005
 0370  0.2110060285401951E+005
 0371  0.2084514961428237E+005
 0372  0.2059388331229727E+005
 0373  0.2034669454373130E+005
 0374  0.2011067042244597E+005
 0375  0.1988152272382135E+005
 0376  0.1965594798699305E+005
 0377  0.1943386167084769E+005
 0378  0.1921518336665902E+005
 0379  0.1899983664680359E+005
 0380  0.1878774835027801E+005
 0381  0.1857884876943531E+005
 0382  0.1835905491601253E+005
 0383  0.1813142807864712E+005
 0384  0.1790738297912750E+005
 0385  0.1768684177604760E+005
 0386  0.1746973005073977E+005
 0387  0.1725597619196620E+005
 0388  0.1704551147964657E+005
 0389  0.1683406784896286E+005
 0390  0.1660137596172792E+005
 0391  0.1637246612582145E+005
 0392  0.1614725814725420E+005
 0393  0.1592567458093014E+005
 0394  0.1570764059589834E+005
 0395  0.1549308358989211E+005
 0396  0.1528838045123296E+005
 0397  0.1509056361584470E+005
 0398  0.1489578151522491E+005
 0399  0.1470397491368516E+005
 0400  0.1451508620973074E+005
 0401  0.1432905919097272E+005
 0402  0.1414583904284502E+005
 0403  0.1397062353808660E+005
 0404  0.1379948185385275E+005
 0405  0.1363084235464056E+005
 0406  0.1346465815987064E+005
 0407  0.1330088315805896E+005
 0408  0.1313947189458453E+005
 0409  0.1298037955289890E+005
 0410  0.1282783596175845E+005
 0411  0.1268104213402893E+005
 0412  0.1253628752538337E+005
 0413  0.1239353394944535E+005
 0414  0.1225274353713473E+005
 0415  0.1211387868590823E+005
 0416  0.1197690207465091E+005
 0417  0.1184177654179538E+005
 0418  0.1171423410706175E+005
 0419  0.1158918022949046E+005
 0420  0.1146577226625892E+005
 0421  0.1134397915108930E+005
 0422  0.1122376998168676E+005
 0423  0.1110511398726567E+005
 0424  0.1098798049516517E+005
 0425  0.1087233889726404E+005
 0426  0.1074095332136204E+005
 0427  0.1060520174176010E+005
 0428  0.1047131164895863E+005
 0429  0.1033924221583991E+005
 0430  0.1020895253692844E+005
 0431  0.1008040165509197E+005
 0432  0.9953548523317049E+004
 0433  0.9832732147832439E+004
 0434  0.9714353938429464E+004
 0435  0.9597497627286250E+004
 0436  0.9482130749024731E+004
 0437  0.9368221181217448E+004
 0438  0.9255737179276271E+004
 0439  0.9144647427604834E+004
 0440  0.9037544732729708E+004
 0441  0.8933922228539390E+004
 0442  0.8831544615458813E+004
 0443  0.8730387337759465E+004
 0444  0.8630426563522327E+004
 0445  0.8531639243854523E+004
 0446  0.8434003213372167E+004
 0447  0.8337497231497120E+004
 0448  0.8220978494303305E+004
 0449  0.8101383891732775E+004
 0450  0.7983252293119878E+004
 0451  0.7866558069558541E+004
 0452  0.7751278949592447E+004
 0453  0.7637396168182147E+004
 0454  0.7547954896250780E+004
 0455  0.7468550386107556E+004
 0456  0.7389957485363170E+004
 0457  0.7312172069162430E+004
 0458  0.7235191265367966E+004
 0459  0.7159013324507154E+004
 0460  0.7083637470005048E+004
 0461  0.7009063732402097E+004
 0462  0.6933321022640874E+004
 0463  0.6840764690267545E+004
 0464  0.6749188831966568E+004
 0465  0.6658617581146444E+004
 0466  0.6569074297431864E+004
 0467  0.6480580332900587E+004
 0468  0.6393153925038565E+004
 0469  0.6298157940978112E+004
 0470  0.6177488513833335E+004
 0471  0.6058448046573468E+004
 0472  0.5941037140794279E+004
 0473  0.5825213171157859E+004
 0474  0.5730633906300918E+004
 0475  0.5660102667042365E+004
 0476  0.5590284513656954E+004
 0477  0.5521132358233226E+004
 0478  0.5452594197156019E+004
 0479  0.5384613551109428E+004
 0480  0.5317129942188662E+004
 0481  0.5250079388755712E+004
 0482  0.5160911698255264E+004
 0483  0.5070933528921272E+004
 0484  0.4981415188763823E+004
 0485  0.4892223377590143E+004
 0486  0.4803224580125213E+004
 0487  0.4720019049742209E+004
 0488  0.4639895998213424E+004
 0489  0.4560130645286226E+004
 0490  0.4480670096756031E+004
 0491  0.4401467024550209E+004
 0492  0.4328254936112354E+004
 0493  0.4280037987516965E+004
 0494  0.4232123908967150E+004
 0495  0.4184507575040659E+004
 0496  0.4137184758446301E+004
 0497  0.4090152131799638E+004
 0498  0.4043407264470088E+004
 0499  0.3996948615184756E+004
 0500  0.3950775520139879E+004
 0501  0.3896881865552374E+004
 0502  0.3835371347710979E+004
 0503  0.3774340894856326E+004
 0504  0.3713796485975523E+004
 0505  0.3653745850941834E+004
 0506  0.3594198364091430E+004
 0507  0.3536538452165536E+004
 0508  0.3481783205957161E+004
 0509  0.3427548497392876E+004
 0510  0.3373844124464338E+004
 0511  0.3320680460389879E+004
 0512  0.3268068336287874E+004
 0513  0.3216018925611563E+004
 0514  0.3124447060174704E+004
 0515  0.3031174134422704E+004
 0516  0.2939457692772918E+004
 0517  0.2877514067040353E+004
 0518  0.2836265858879449E+004
 0519  0.2795558555119520E+004
 0520  0.2755396513678300E+004
 0521  0.2715783673918155E+004
 0522  0.2676723532899066E+004
 0523  0.2638219125612257E+004
 0524  0.2601126248128056E+004
 0525  0.2565060191621873E+004
 0526  0.2529520262578272E+004
 0527  0.2494508568909191E+004
 0528  0.2460026700339697E+004
 0529  0.2426075728074117E+004
 0530  0.2392656207498180E+004
 0531  0.2351213641858140E+004
 0532  0.2289585568046709E+004
 0533  0.2229498886055003E+004
 0534  0.2170978639806077E+004
 0535  0.2115021889121332E+004
 0536  0.2061789320725363E+004
 0537  0.2010079544347909E+004
 0538  0.1959899435253138E+004
 0539  0.1911563160202451E+004
 0540  0.1865071200793607E+004
 0541  0.1820107409427479E+004
 0542  0.1776660857818850E+004
 0543  0.1734838771947599E+004
 0544  0.1694711044411409E+004
 0545  0.1656106508852314E+004
 0546  0.1618996614428615E+004
 0547  0.1583218750229615E+004
 0548  0.1548510112658846E+004
 0549  0.1515350321433471E+004
 0550  0.1483688375759087E+004
 0551  0.1453468722845513E+004
 0552  0.1423756539146578E+004
 0553  0.1395489742821069E+004
 0554  0.1368730933145108E+004
 0555  0.1343393857909904E+004
 0556  0.1319119734719049E+004
 0557  0.1295878282764065E+004
 0558  0.1274103606943763E+004
 0559  0.1253663228473647E+004
 0560  0.1234428559733163E+004
 0561  0.1147083510768862E+004
 0562  0.1136605472541193E+004
 0563  0.1126207736719123E+004
 0564  0.1115736555692106E+004
 0565  0.1105064294712620E+004
 0566  0.9739661197284230E+003
 0567  0.9589111395945538E+003
 0568  0.9440697654491931E+003
 0569  0.9294379002176079E+003
 0570  0.9150116355272074E+003
 0571  0.8258802352769014E+003
 0572  0.8120232373918998E+003
 0573  0.7983890502784685E+003
 0574  0.7849740875791613E+003
 0575  0.7717748294323820E+003
 0576  0.6941271639927951E+003
 0577  0.6827835967170736E+003
 0578  0.6716186727243160E+003
 0579  0.6606295972418962E+003
 0580  0.6498136211257295E+003
 0581  0.5336380386608737E+003
 0582  0.5249471119376411E+003
 0583  0.5163883618121457E+003
 0584  0.5079597710058010E+003
 0585  0.4996593532584791E+003
 0586  0.4914851528336800E+003
 0587  0.3567327020410756E+003
 0588  0.3504107364947809E+003
 0589  0.3441652277234623E+003
 0590  0.3379951623071182E+003
 0591  0.3318995411181616E+003
 0592  0.3258773791121614E+003
 0593  0.3232457254657567E+003
 0594  0.3227730635888377E+003
 0595  0.3223042387015137E+003
 0596  0.3218392180931281E+003
 0597  0.3213779693543562E+003
 0598  0.3209204603741268E+003
 0599  0.3204666593365693E+003
 0600  0.3200165347180028E+003
 0601  0.3195700552839567E+003
 0602  0.3191271900862237E+003
 0603  0.3186879084599549E+003
 0604  0.3182521800207763E+003
 0605  0.3178199746619484E+003
 0606  0.3173912625515497E+003
 0607  0.3169660141297003E+003
 0608  0.3165442001058093E+003
 0609  0.3161257914558607E+003
 0610  0.3157107594197242E+003
 0611  0.3152699612749699E+003
 0612  0.3148139391165136E+003
 0613  0.3143615961242370E+003
 0614  0.3139129012600771E+003
 0615  0.3134678237674162E+003
 0616  0.3130263331682567E+003
 0617  0.3125883992604334E+003
 0618  0.3121539921148498E+003
 0619  0.3117230820727502E+003
 0620  0.3112956397430220E+003
 0621  0.3108716359995262E+003
 0622  0.3104510419784601E+003
 0623  0.3100338290757480E+003
 0624  0.3096199689444610E+003
 0625  0.3092094334922685E+003
 0626  0.3088021948789119E+003
 0627  0.3083982255137116E+003
 0628  0.3079974980531032E+003
 0629  0.3075999853981918E+003
 0630  0.3072056606923485E+003
 0631  0.3068144973188143E+003
 0632  0.3062729189585583E+003
 0633  0.3056199690058116E+003
 0634  0.3049722705564835E+003
 0635  0.3043297795463787E+003
 0636  0.3036924523075661E+003
 0637  0.3030602455644427E+003
 0638  0.3024331164298463E+003
 0639  0.3018110224012091E+003
 0640  0.3011939213567559E+003
 0641  0.3005817715517395E+003
 0642  0.2999745316147304E+003
 0643  0.2993721605439319E+003
 0644  0.2987746177035440E+003
 0645  0.2981818628201668E+003
 0646  0.2975938559792486E+003
 0647  0.2970105576215574E+003
 0648  0.2964319285397119E+003
 0649  0.2958579298747326E+003
 0650  0.2952885231126439E+003
 0651  0.2947236700811046E+003
 0652  0.2941633329460821E+003
 0653  0.2936074742085555E+003
 0654  0.2930560567012601E+003
 0655  0.2925090435854632E+003
 0656  0.2919663983477876E+003
 0657  0.2908707840660788E+003
 0658  0.2896947503141903E+003
 0659  0.2885281485588709E+003
 0660  0.2873709000435051E+003
 0661  0.2862229267143686E+003
 0662  0.2850841512137150E+003
 0663  0.2839544968729397E+003
 0664  0.2828338877058379E+003
 0665  0.2817222484019120E+003
 0666  0.2806195043197705E+003
 0667  0.2795255814806011E+003
 0668  0.2784404065616942E+003
 0669  0.2773639068900613E+003
 0670  0.2762960104360993E+003
 0671  0.2752366458073474E+003
 0672  0.2741857422423028E+003
 0673  0.2731432296042988E+003
 0674  0.2721090383754519E+003
 0675  0.2710830996506840E+003
 0676  0.2700653451317872E+003
 0677  0.2690557071215793E+003
 0678  0.2680541185181008E+003
 0679  0.2670605128088912E+003
 0680  0.2660748240653228E+003
 0681  0.2650969869369768E+003
 0682  0.2641269366461130E+003
 0683  0.2631646089821695E+003
 0684  0.2622099402963364E+003
 0685  0.2605231702996704E+003
 0686  0.2586045642372715E+003
 0687  0.2567013373929891E+003
 0688  0.2548133614726780E+003
 0689  0.2529405093254684E+003
 0690  0.2510826549325929E+003
 0691  0.2492396733962753E+003
 0692  0.2474114409287681E+003
 0693  0.2455978348415163E+003
 0694  0.2437987335344236E+003
 0695  0.2420140164852428E+003
 0696  0.2402435642390938E+003
 0697  0.2384872583980590E+003
 0698  0.2367449816109442E+003
 0699  0.2350166175631139E+003
 0700  0.2333020509664569E+003
 0701  0.2316011675494254E+003
 0702  0.2299138540472391E+003
 0703  0.2282399981921465E+003
 0704  0.2265794887038206E+003
 0705  0.2249322152798313E+003
 0706  0.2232980685862689E+003
 0707  0.2216769402483967E+003
 0708  0.2200687228414753E+003
 0709  0.2184733098816257E+003
 0710  0.2168905958168457E+003
 0711  0.2153204760180855E+003
 0712  0.2137628467704244E+003
 0713  0.2122176052643508E+003
 0714  0.2102056679755372E+003
 0715  0.2076902364093154E+003
 0716  0.2051950555145330E+003
 0717  0.2027199550863324E+003
 0718  0.2002647664544539E+003
 0719  0.1978293224679426E+003
 0720  0.1954134574800850E+003
 0721  0.1930170073333768E+003
 0722  0.1906398093448288E+003
 0723  0.1882817022913340E+003
 0724  0.1859425263951992E+003
 0725  0.1836221233098711E+003
 0726  0.1813203361058219E+003
 0727  0.1790370092565557E+003
 0728  0.1767719886248164E+003
 0729  0.1745251214488769E+003
 0730  0.1722962563290812E+003
 0731  0.1700852432144565E+003
 0732  0.1678919333894484E+003
 0733  0.1657161794609404E+003
 0734  0.1635578353452406E+003
 0735  0.1614167562553490E+003
 0736  0.1592927986882990E+003
 0737  0.1571858204126053E+003
 0738  0.1550956804559625E+003
 0739  0.1530222390929506E+003
 0740  0.1509653578329509E+003
 0741  0.1484450391889038E+003
 0742  0.1457775640857629E+003
 0743  0.1431317960786087E+003
 0744  0.1405075493518811E+003
 0745  0.1379046398121768E+003
 0746  0.1353228850704673E+003
 0747  0.1327621044245715E+003
 0748  0.1302221188417605E+003
 0749  0.1277027509417427E+003
 0750  0.1252038249795417E+003
 0751  0.1227251668288436E+003
 0752  0.1202666039654586E+003
 0753  0.1178279654508934E+003
 0754  0.1154090819161636E+003
 0755  0.1130097855458676E+003
 0756  0.1106299100623182E+003
 0757  0.1082692907099096E+003
 0758  0.1059277642396920E+003
 0759  0.1036051688940821E+003
 0760  0.1013013443917439E+003
 0761  0.9901613191270773E+002
 0762  0.9670067527311339E+002
 0763  0.9422389451603017E+002
 0764  0.9176766724094919E+002
 0765  0.8933181179528033E+002
 0766  0.8691614828787243E+002
 0767  0.8452049856992518E+002
 0768  0.8214468621597850E+002
 0769  0.7978853650536306E+002
 0770  0.7745187640365906E+002
 0771  0.7513453454449525E+002
 0772  0.7283634121150561E+002
 0773  0.7055712832063365E+002
 0774  0.6829672940243600E+002
 0775  0.6605497958480572E+002
 0776  0.6383171557580520E+002
 0777  0.6162677564665830E+002
 0778  0.5944938361866792E+002
 0779  0.5731060609596429E+002
 0780  0.5519011469875133E+002
 0781  0.5308774025141661E+002
 0782  0.5100331531866540E+002
 0783  0.4893667418548967E+002
 0784  0.4688765283718831E+002
 0785  0.4485608893987362E+002
 0786  0.4284182182107269E+002
 0787  0.4084469245063363E+002
 0788  0.3886454342180828E+002
 0789  0.3691265164906391E+002
 0790  0.3509909447834239E+002
 0791  0.3330172299485847E+002
 0792  0.3152037816802805E+002
 0793  0.2975490272047560E+002
 0794  0.2800514110637106E+002
 0795  0.2627093949020450E+002
 0796  0.2455214572567059E+002
 0797  0.2288919616449308E+002
 0798  0.2135624408988009E+002
 0799  0.1983778115894955E+002
 0800  0.1833365444079535E+002
 0801  0.1684371281608763E+002
 0802  0.1536780695333498E+002
 0803  0.1402071244154894E+002
 0804  0.1271847075696992E+002
 0805  0.1142947053657223E+002
 0806  0.1015356048650520E+002
 0807  0.9006168791317517E+001
 0808  0.7883625036711242E+001
 0809  0.6785505733347061E+001
 0810  0.5797915079430798E+001
 0811  0.4827645864899983E+001
 0812  0.3957035449710651E+001
 0813  0.3139618726093657E+001
 0814  0.2396025819744259E+001
 0815  0.1734167337004652E+001
 0816  0.1162215452137431E+001
 0817  0.6927715706153099E+000
 0818  0.3425453863005491E+000
 0819  0.6829816083574376E-001
 0820  0.3195676144083775E-004
 0821  0.6450848754878086E-005
 0822  0.2679053852996062E-005
 0823  0.1458455857502304E-005
 0824  0.9151003505816738E-006
 0825  0.6290925824226330E-006
 0826  0.4612869097106309E-006
 0827  0.3518729965793111E-006
 0828  0.2786270775410609E-006
 0829  0.2261356546705578E-006
 0830  0.1873450480626317E-006
 0831  0.1578800075629330E-006
 0832  0.1348644150348645E-006
 0833  0.1168579998862918E-006
 0834  0.1024631486065861E-006
 0835  0.9041790706861008E-007
 0836  0.8053027319953814E-007
 0837  0.7231350782482895E-007
 0838  0.6513615820497242E-007
 0839  0.5927247367437865E-007
 0840  0.5397639743661362E-007
 0841  0.4958183803651108E-007
 0842  0.4561052598579334E-007
 0843  0.4215470427107604E-007
 0844  0.3914371757403880E-007
 0845  0.3631816554714326E-007
 0846  0.3399277649278982E-007
 0847  0.3181486638729649E-007
 0848  0.2977686480057816E-007
 0849  0.2808995937763156E-007
 0850  0.2648784850801373E-007
 0851  0.2496673873823865E-007
 0852  0.2367718217003417E-007
 0853  0.2247934464682075E-007
 0854  0.2133618587558060E-007
 0855  0.2026836506738447E-007
 0856  0.1936332224392841E-007
 0857  0.1849551088135537E-007
 0858  0.1766350749479979E-007
 0859  0.1686706339900511E-007
 0860  0.1620281578450829E-007
 0861  0.1556324162008299E-007
 0862  0.1494746876018675E-007
 0863  0.1435465468722770E-007
 0864  0.1380545530261293E-007
 0865  0.1332779799123850E-007
 0866  0.1286615757891981E-007
 0867  0.1242001030084838E-007
 0868  0.1198884918966707E-007
 0869  0.1157218354467109E-007
 0870  0.1121638794487367E-007
 0871  0.1087738925076124E-007
 0872  0.1054863994260757E-007
 0873  0.1022983005281619E-007
 0874  0.9920658989936354E-008
 0875  0.9620835255001465E-008
 0876  0.9355944734674027E-008
 0877  0.9110738331146501E-008
 0878  0.8872205165173555E-008
 0879  0.8640158772306302E-008
 0880  0.8414418000206601E-008
 0881  0.8194806855056519E-008
 0882  0.7981154352536797E-008
 0883  0.7786364259415715E-008
 0884  0.7610568766793285E-008
 0885  0.7439078347398336E-008
 0886  0.7271781894470210E-008
 0887  0.7108571279225417E-008
 0888  0.6949341268738230E-008
 0889  0.6793989446152585E-008
 0890  0.6642416133142429E-008
 0891  0.6496021553031443E-008
 0892  0.6370743193646961E-008
 0893  0.6248223772333611E-008
 0894  0.6128397593330307E-008
 0895  0.6011200614799463E-008
 0896  0.5896570405416318E-008
 0897  0.5784446102143044E-008
 0898  0.5674768369154107E-008
 0899  0.5567479357850498E-008
 0900  0.5462522667980728E-008
 0901  0.5362086651241787E-008
 0902  0.5274916230694378E-008
 0903  0.5189468019163387E-008
 0904  0.5105704296857624E-008
 0905  0.5023588233012171E-008
 0906  0.4943083863764713E-008
 0907  0.4864156070602556E-008
 0908  0.4786770559368878E-008
 0909  0.4710893839803600E-008
 0910  0.4636493205632478E-008
 0911  0.4563536715149879E-008
 0912  0.4491993172319312E-008
 0913  0.4424718763591342E-008
 0914  0.4364999359615412E-008
 0915  0.4306336694855545E-008
 0916  0.4248709554978544E-008
 0917  0.4192097192043053E-008
 0918  0.4136479313520688E-008
 0919  0.4081836071604004E-008
 0920  0.4028148052771865E-008
 0921  0.3975396267614195E-008
 0922  0.3923562140913931E-008
 0923  0.3872627501960361E-008
 0924  0.3822574575114402E-008
 0925  0.3773385970603706E-008
 0926  0.3725044675533970E-008
 0927  0.3677534045133012E-008
 0928  0.3636348562173746E-008
 0929  0.3596496346416437E-008
 0930  0.3557273884110246E-008
 0931  0.3518669654619047E-008
 0932  0.3480672372173813E-008
 0933  0.3443270980692056E-008
 0934  0.3406454648700146E-008
 0935  0.3370212764390343E-008
 0936  0.3334534930784973E-008
 0937  0.3299410961018604E-008
 0938  0.3264830873726186E-008
 0939  0.3230784888542898E-008
 0940  0.3197263421707459E-008
 0941  0.3164257081769041E-008
 0942  0.3131756665391275E-008
 0943  0.3099753153258296E-008
 0944  0.3068237706071712E-008
 0945  0.3037201660640272E-008
 0946  0.3010397533094352E-008
 0947  0.2984261905098796E-008
 0948  0.2958494925372232E-008
 0949  0.2933090482704238E-008
 0950  0.2908042580711273E-008
 0951  0.2883345335464672E-008
 0952  0.2858992973177660E-008
 0953  0.2834979827934868E-008
 0954  0.2811300339478993E-008
 0955  0.2787949051041472E-008
 0956  0.2764920607225168E-008
 0957  0.2742209751931013E-008
 0958  0.2719811326332283E-008
 0959  0.2697720266889689E-008
 0960  0.2675931603416689E-008
 0961  0.2654440457179408E-008
 0962  0.2633242039042720E-008
 0963  0.2612331647659292E-008
 0964  0.2591704667690058E-008
 0965  0.2571356568071460E-008
 0966  0.2551282900316356E-008
 0967  0.2531479296853825E-008
 0968  0.2511941469402487E-008
 0969  0.2494738708023677E-008
 0970  0.2478237216505759E-008
 0971  0.2461943092595671E-008
 0972  0.2445853250012520E-008
 0973  0.2429964655370001E-008
 0974  0.2414274327167703E-008
 0975  0.2398779334801298E-008
 0976  0.2383476797594043E-008
 0977  0.2368363883847936E-008
 0978  0.2353437809913639E-008
 0979  0.2338695839283268E-008
 0980  0.2324135281697015E-008
 0981  0.2309753492270599E-008
 0982  0.2295547870642218E-008
 0983  0.2281515860132674E-008
 0984  0.2267654946926263E-008
 0985  0.2253962659269210E-008
 0986  0.2240436566679443E-008
 0987  0.2227074279177543E-008
 0988  0.2213873446532221E-008
 0989  0.2200831757518868E-008
 0990  0.2187946939195088E-008
 0991  0.2175216756192120E-008
 0992  0.2162639010015681E-008
 0993  0.2150211538368181E-008
 0994  0.2137932214478997E-008
 0995  0.2125798946448297E-008
 0996  0.2113809676608967E-008
 0997  0.2101962380895081E-008
 0998  0.2090255068230126E-008
 0999  0.2078685779917951E-008
 1000  0.0000000000000000E+000
