 0007   0.101598E+00   0.791642E+09   0.779188E+10   0.320651E+09   0.618805E+12
 0008   0.120769E+00   0.818145E+09   0.138253E+10   0.322538E+09   0.564017E+12
 0009   0.147145E+00   0.849142E+09   0.117516E+10   0.324020E+09   0.511071E+12
 0010   0.179282E+00   0.884580E+09   0.110273E+10   0.325774E+09   0.460521E+12
 0011   0.213110E+00   0.923164E+09   0.114060E+10   0.329994E+09   0.413023E+12
 0012   0.253321E+00   0.967809E+09   0.111026E+10   0.336053E+09   0.368415E+12
 0013   0.301119E+00   0.102047E+10   0.110176E+10   0.344595E+09   0.326949E+12
 0014   0.357936E+00   0.108409E+10   0.111967E+10   0.357193E+09   0.288869E+12
 0015   0.425473E+00   0.116394E+10   0.118235E+10   0.378054E+09   0.254288E+12
 0016   0.518398E+00   0.127709E+10   0.121761E+10   0.421182E+09   0.202514E+12
 0017   0.663593E+00   0.147791E+10   0.138312E+10   0.532002E+09   0.140738E+12
 0018   0.114242E+01   0.215616E+10   0.141648E+10   0.484973E+09   0.962523E+11
 0019   0.165457E+01   0.286286E+10   0.137987E+10   0.457061E+09   0.709952E+11
 0020   0.228084E+01   0.360832E+10   0.119031E+10   0.445163E+09   0.546886E+11
 0021   0.314417E+01   0.449525E+10   0.102735E+10   0.423750E+09   0.433155E+11
 0022   0.402480E+01   0.539644E+10   0.102335E+10   0.407006E+09   0.352368E+11
 0023   0.503506E+01   0.632513E+10   0.919252E+09   0.399679E+09   0.291749E+11
 0024   0.614218E+01   0.733327E+10   0.910594E+09   0.393014E+09   0.245373E+11
 0025   0.749613E+01   0.846489E+10   0.835794E+09   0.380192E+09   0.208934E+11
 0026   0.884212E+01   0.960103E+10   0.844093E+09   0.373081E+09   0.180284E+11
 0027   0.103992E+02   0.108226E+11   0.784520E+09   0.365930E+09   0.156932E+11
 0028   0.120881E+02   0.121136E+11   0.764425E+09   0.358954E+09   0.137762E+11
 0029   0.139045E+02   0.134672E+11   0.745225E+09   0.352260E+09   0.121835E+11
 0030   0.158791E+02   0.148855E+11   0.718240E+09   0.346286E+09   0.108418E+11
 0031   0.180501E+02   0.163838E+11   0.690148E+09   0.339888E+09   0.969874E+10
 0032   0.203411E+02   0.179321E+11   0.675847E+09   0.334617E+09   0.872074E+10
 0033   0.228178E+02   0.195543E+11   0.654962E+09   0.329337E+09   0.787292E+10
 0034   0.252275E+02   0.211814E+11   0.675202E+09   0.326913E+09   0.713823E+10
 0035   0.280439E+02   0.229388E+11   0.624015E+09   0.322375E+09   0.648730E+10
 0036   0.310560E+02   0.247749E+11   0.609566E+09   0.317671E+09   0.591199E+10
 0037   0.343099E+02   0.266922E+11   0.589225E+09   0.313516E+09   0.539949E+10
 0038   0.378666E+02   0.287220E+11   0.570706E+09   0.307858E+09   0.494038E+10
 0039   0.412213E+02   0.307081E+11   0.592053E+09   0.306773E+09   0.453194E+10
 0040   0.454293E+02   0.329424E+11   0.530952E+09   0.300650E+09   0.415764E+10
 0041   0.492281E+02   0.351039E+11   0.568994E+09   0.299754E+09   0.382314E+10
 0042   0.537725E+02   0.374841E+11   0.523772E+09   0.295427E+09   0.351544E+10
 0043   0.585958E+02   0.399531E+11   0.511890E+09   0.292040E+09   0.323471E+10
 0044   0.636328E+02   0.425171E+11   0.509020E+09   0.288750E+09   0.297867E+10
 0045   0.689483E+02   0.451765E+11   0.500322E+09   0.286290E+09   0.274418E+10
 0046   0.746707E+02   0.479821E+11   0.490278E+09   0.283173E+09   0.252887E+10
 0047   0.807049E+02   0.508889E+11   0.481725E+09   0.280977E+09   0.233134E+10
 0048   0.872254E+02   0.539676E+11   0.472157E+09   0.278095E+09   0.214955E+10
 0049   0.935531E+02   0.570548E+11   0.487877E+09   0.277945E+09   0.198389E+10
 0050   0.101039E+03   0.604582E+11   0.454682E+09   0.275161E+09   0.182953E+10
 0051   0.109075E+03   0.640333E+11   0.444857E+09   0.272304E+09   0.168753E+10
 0052   0.117416E+03   0.677349E+11   0.443774E+09   0.270814E+09   0.155717E+10
 0053   0.126707E+03   0.717159E+11   0.428487E+09   0.268152E+09   0.143621E+10
 0054   0.135774E+03   0.757601E+11   0.446013E+09   0.268088E+09   0.132536E+10
 0055   0.146349E+03   0.802109E+11   0.420918E+09   0.265679E+09   0.122116E+10
 0056   0.157182E+03   0.848266E+11   0.426052E+09   0.264952E+09   0.112462E+10
 0057   0.170017E+03   0.899524E+11   0.399351E+09   0.262139E+09   0.103260E+10
 0058   0.182910E+03   0.952541E+11   0.411208E+09   0.260671E+09   0.947316E+09
 0059   0.196571E+03   0.100837E+12   0.408647E+09   0.260462E+09   0.866951E+09
 0060   0.212591E+03   0.107053E+12   0.388059E+09   0.257919E+09   0.789265E+09
 0061   0.228057E+03   0.113370E+12   0.408447E+09   0.258812E+09   0.716697E+09
 0062   0.246258E+03   0.120443E+12   0.388575E+09   0.258237E+09   0.644988E+09
 0063   0.265357E+03   0.128011E+12   0.396258E+09   0.259349E+09   0.576499E+09
 0064   0.287077E+03   0.136473E+12   0.389592E+09   0.261427E+09   0.510522E+09
 0065   0.311747E+03   0.146137E+12   0.391729E+09   0.263943E+09   0.447482E+09
 0066   0.340273E+03   0.157355E+12   0.393273E+09   0.266824E+09   0.387739E+09
 0067   0.373860E+03   0.170596E+12   0.394231E+09   0.270933E+09   0.331567E+09
 0068   0.413673E+03   0.186588E+12   0.401668E+09   0.275006E+09   0.279187E+09
 0069   0.461536E+03   0.206058E+12   0.406792E+09   0.280730E+09   0.231665E+09
 0070   0.518893E+03   0.230285E+12   0.422392E+09   0.287905E+09   0.189487E+09
 0071   0.591859E+03   0.261645E+12   0.429789E+09   0.296076E+09   0.153740E+09
 0072   0.690062E+03   0.303963E+12   0.430918E+09   0.301405E+09   0.125661E+09
 0073   0.817394E+03   0.359623E+12   0.437132E+09   0.306608E+09   0.105541E+09
 0074   0.972582E+03   0.431637E+12   0.464038E+09   0.317687E+09   0.916029E+08
 0075   0.118007E+04   0.533439E+12   0.490652E+09   0.355261E+09   0.831131E+08
 0076   0.158582E+04   0.743131E+12   0.516800E+09   0.367032E+09   0.775467E+08
 0077   0.236806E+04   0.111570E+13   0.476288E+09   0.316763E+09   0.723571E+08
 0078   0.309953E+04   0.144018E+13   0.443600E+09   0.289690E+09   0.689682E+08
 0079   0.387409E+04   0.173505E+13   0.380695E+09   0.271483E+09   0.659452E+08
 0080   0.465669E+04   0.200621E+13   0.346480E+09   0.259110E+09   0.632359E+08
 0081   0.548194E+04   0.226936E+13   0.318868E+09   0.248324E+09   0.605946E+08
 0082   0.627075E+04   0.251751E+13   0.314593E+09   0.240175E+09   0.582498E+08
 0083   0.706792E+04   0.275808E+13   0.301772E+09   0.233126E+09   0.559617E+08
 0084   0.791552E+04   0.299725E+13   0.282184E+09   0.225965E+09   0.535958E+08
 0085   0.874250E+04   0.322559E+13   0.276104E+09   0.220492E+09   0.514207E+08
 0086   0.964701E+04   0.345686E+13   0.255687E+09   0.214156E+09   0.490796E+08
 0087   0.105015E+05   0.367691E+13   0.257507E+09   0.209669E+09   0.470337E+08
 0088   0.113763E+05   0.389505E+13   0.249363E+09   0.205339E+09   0.450559E+08
 0089   0.122682E+05   0.411124E+13   0.242411E+09   0.201133E+09   0.431211E+08
 0090   0.131907E+05   0.432661E+13   0.233455E+09   0.196936E+09   0.412199E+08
 0091   0.141118E+05   0.453850E+13   0.230046E+09   0.193319E+09   0.394040E+08
 0092   0.150278E+05   0.474713E+13   0.227752E+09   0.190077E+09   0.377144E+08
 0093   0.159900E+05   0.495690E+13   0.218028E+09   0.186693E+09   0.359959E+08
 0094   0.169542E+05   0.516460E+13   0.215405E+09   0.183627E+09   0.343681E+08
 0095   0.179570E+05   0.537370E+13   0.208512E+09   0.180323E+09   0.327478E+08
 0096   0.189587E+05   0.558048E+13   0.206437E+09   0.177514E+09   0.312464E+08
 0097   0.199647E+05   0.578603E+13   0.204308E+09   0.175021E+09   0.298388E+08
 0098   0.210263E+05   0.599509E+13   0.196939E+09   0.172035E+09   0.284034E+08
 0099   0.220641E+05   0.620050E+13   0.197923E+09   0.169719E+09   0.271121E+08
 0100   0.231738E+05   0.641092E+13   0.189629E+09   0.166577E+09   0.257771E+08
 0101   0.242183E+05   0.661140E+13   0.191942E+09   0.164350E+09   0.246516E+08
 0102   0.252822E+05   0.680813E+13   0.184905E+09   0.161936E+09   0.235675E+08
 0103   0.263248E+05   0.699814E+13   0.182250E+09   0.160096E+09   0.225816E+08
 0104   0.273462E+05   0.718325E+13   0.181228E+09   0.158281E+09   0.216740E+08
 0105   0.283793E+05   0.736549E+13   0.176402E+09   0.156427E+09   0.207825E+08
 0106   0.293853E+05   0.754235E+13   0.175807E+09   0.154554E+09   0.199734E+08
 0107   0.304091E+05   0.771653E+13   0.170135E+09   0.153202E+09   0.191888E+08
 0108   0.313912E+05   0.788631E+13   0.172862E+09   0.151467E+09   0.184766E+08
 0109   0.323988E+05   0.805370E+13   0.166143E+09   0.149892E+09   0.177801E+08
 0110   0.333623E+05   0.821565E+13   0.168075E+09   0.148850E+09   0.171591E+08
 0111   0.343622E+05   0.837814E+13   0.162497E+09   0.147095E+09   0.165311E+08
 0112   0.353264E+05   0.853539E+13   0.163110E+09   0.145779E+09   0.159600E+08
 0113   0.362683E+05   0.868841E+13   0.162449E+09   0.144875E+09   0.154299E+08
 0114   0.372323E+05   0.884136E+13   0.158654E+09   0.143686E+09   0.149104E+08
 0115   0.381717E+05   0.899080E+13   0.159088E+09   0.142378E+09   0.144236E+08
 0116   0.391224E+05   0.913813E+13   0.154966E+09   0.141215E+09   0.139533E+08
 0117   0.400350E+05   0.928124E+13   0.156817E+09   0.140633E+09   0.135168E+08
 0118   0.410303E+05   0.942887E+13   0.148327E+09   0.138629E+09   0.130685E+08
 0119   0.418978E+05   0.956546E+13   0.157467E+09   0.138206E+09   0.126893E+08
 0120   0.428585E+05   0.970634E+13   0.146636E+09   0.136654E+09   0.122918E+08
 0121   0.437613E+05   0.984175E+13   0.149993E+09   0.136327E+09   0.119314E+08
 0122   0.446911E+05   0.997920E+13   0.147814E+09   0.134728E+09   0.115741E+08
 0123   0.455674E+05   0.101102E+14   0.149451E+09   0.134463E+09   0.112487E+08
 0124   0.464607E+05   0.102417E+14   0.147269E+09   0.133080E+09   0.109285E+08
 0125   0.472995E+05   0.103666E+14   0.148888E+09   0.133179E+09   0.106307E+08
 0126   0.482419E+05   0.104979E+14   0.139318E+09   0.132073E+09   0.103272E+08
 0127   0.491085E+05   0.106243E+14   0.145838E+09   0.130807E+09   0.100455E+08
 0128   0.499171E+05   0.107437E+14   0.147656E+09   0.130814E+09   0.978169E+07
 0129   0.508356E+05   0.108686E+14   0.136025E+09   0.129962E+09   0.951632E+07
 0130   0.516655E+05   0.109885E+14   0.144466E+09   0.130259E+09   0.927140E+07
 0131   0.526114E+05   0.111163E+14   0.135106E+09   0.127680E+09   0.901927E+07
 0132   0.533876E+05   0.112293E+14   0.145575E+09   0.127845E+09   0.879434E+07
 0133   0.542687E+05   0.113472E+14   0.133781E+09   0.127322E+09   0.856756E+07
 0134   0.551513E+05   0.114656E+14   0.134195E+09   0.126423E+09   0.834750E+07
 0135   0.560317E+05   0.115833E+14   0.133671E+09   0.124553E+09   0.813250E+07
 0136   0.568174E+05   0.116916E+14   0.137896E+09   0.125317E+09   0.793604E+07
 0137   0.575983E+05   0.118010E+14   0.140037E+09   0.125740E+09   0.774535E+07
 0138   0.584658E+05   0.119153E+14   0.131783E+09   0.124673E+09   0.755452E+07
 0139   0.593337E+05   0.120283E+14   0.130159E+09   0.122664E+09   0.736664E+07
 0140   0.601051E+05   0.121319E+14   0.134357E+09   0.124296E+09   0.719453E+07
 0141   0.609716E+05   0.122446E+14   0.130059E+09   0.121997E+09   0.701786E+07
 0142   0.617272E+05   0.123461E+14   0.134361E+09   0.122988E+09   0.685445E+07
 0143   0.625687E+05   0.124540E+14   0.128230E+09   0.122094E+09   0.669080E+07
 0144   0.633975E+05   0.125603E+14   0.128188E+09   0.122126E+09   0.653448E+07
 0145   0.642387E+05   0.126683E+14   0.128442E+09   0.119866E+09   0.637894E+07
 0146   0.649846E+05   0.127661E+14   0.131054E+09   0.120433E+09   0.623229E+07
 0147   0.658299E+05   0.128698E+14   0.122692E+09   0.119955E+09   0.608648E+07
 0148   0.666497E+05   0.129729E+14   0.125715E+09   0.119057E+09   0.594553E+07
 0149   0.673771E+05   0.130695E+14   0.132816E+09   0.119738E+09   0.581284E+07
 0150   0.681970E+05   0.131714E+14   0.124334E+09   0.118485E+09   0.567823E+07
 0151   0.690178E+05   0.132714E+14   0.121862E+09   0.117897E+09   0.554779E+07
 0152   0.697531E+05   0.133665E+14   0.129350E+09   0.117813E+09   0.542381E+07
 0153   0.705664E+05   0.134646E+14   0.120625E+09   0.117605E+09   0.530122E+07
 0154   0.713769E+05   0.135636E+14   0.122132E+09   0.116194E+09   0.518100E+07
 0155   0.720896E+05   0.136548E+14   0.127915E+09   0.116627E+09   0.506752E+07
 0156   0.728941E+05   0.137507E+14   0.119246E+09   0.115762E+09   0.495403E+07
 0157   0.736010E+05   0.138407E+14   0.127206E+09   0.116555E+09   0.484720E+07
 0158   0.743968E+05   0.139360E+14   0.119841E+09   0.115423E+09   0.473937E+07
 0159   0.750993E+05   0.140248E+14   0.126381E+09   0.116633E+09   0.463906E+07
 0160   0.759754E+05   0.141246E+14   0.113948E+09   0.114022E+09   0.453492E+07
 0161   0.766712E+05   0.142118E+14   0.125196E+09   0.114722E+09   0.443926E+07
 0162   0.774549E+05   0.143039E+14   0.117565E+09   0.113699E+09   0.434322E+07
 0163   0.781440E+05   0.143896E+14   0.124442E+09   0.114122E+09   0.425290E+07
 0164   0.789210E+05   0.144797E+14   0.115949E+09   0.113256E+09   0.416262E+07
 0165   0.796053E+05   0.145642E+14   0.123425E+09   0.114257E+09   0.407764E+07
 0166   0.803731E+05   0.146541E+14   0.117158E+09   0.113367E+09   0.399304E+07
 0167   0.811341E+05   0.147426E+14   0.116238E+09   0.112476E+09   0.391060E+07
 0168   0.818106E+05   0.148254E+14   0.122333E+09   0.112655E+09   0.383170E+07
 0169   0.825666E+05   0.149114E+14   0.113816E+09   0.112418E+09   0.375383E+07
 0170   0.833220E+05   0.149982E+14   0.114926E+09   0.111918E+09   0.367838E+07
 0171   0.839897E+05   0.150803E+14   0.122967E+09   0.111936E+09   0.360593E+07
 0172   0.847366E+05   0.151651E+14   0.113438E+09   0.111648E+09   0.353428E+07
 0173   0.854823E+05   0.152502E+14   0.114231E+09   0.111212E+09   0.346499E+07
 0174   0.861418E+05   0.153307E+14   0.122081E+09   0.111135E+09   0.339804E+07
 0175   0.868803E+05   0.154136E+14   0.112214E+09   0.110825E+09   0.333214E+07
 0176   0.876188E+05   0.154970E+14   0.112887E+09   0.110059E+09   0.326793E+07
 0177   0.882714E+05   0.155751E+14   0.119713E+09   0.110759E+09   0.320618E+07
 0178   0.890006E+05   0.156575E+14   0.112977E+09   0.110687E+09   0.314584E+07
 0179   0.897283E+05   0.157405E+14   0.114044E+09   0.109013E+09   0.308587E+07
 0180   0.903769E+05   0.158162E+14   0.116707E+09   0.109768E+09   0.302857E+07
 0181   0.911017E+05   0.158963E+14   0.110542E+09   0.108545E+09   0.297156E+07
 0182   0.917371E+05   0.159702E+14   0.116334E+09   0.109460E+09   0.291679E+07
 0183   0.924395E+05   0.160485E+14   0.111390E+09   0.109025E+09   0.286274E+07
 0184   0.931382E+05   0.161264E+14   0.111534E+09   0.108859E+09   0.281028E+07
 0185   0.938373E+05   0.162046E+14   0.111858E+09   0.108391E+09   0.275888E+07
 0186   0.944606E+05   0.162785E+14   0.118627E+09   0.109034E+09   0.270919E+07
 0187   0.951652E+05   0.163563E+14   0.110432E+09   0.108515E+09   0.265997E+07
 0188   0.958720E+05   0.164339E+14   0.109765E+09   0.107332E+09   0.261137E+07
 0189   0.965007E+05   0.165059E+14   0.114418E+09   0.108210E+09   0.256453E+07
 0190   0.972036E+05   0.165824E+14   0.108903E+09   0.107574E+09   0.251816E+07
 0191   0.978225E+05   0.166543E+14   0.116154E+09   0.107776E+09   0.247336E+07
 0192   0.985082E+05   0.167286E+14   0.108320E+09   0.107331E+09   0.242904E+07
 0193   0.991930E+05   0.168027E+14   0.108206E+09   0.106671E+09   0.238563E+07
 0194   0.998015E+05   0.168724E+14   0.114605E+09   0.108273E+09   0.234456E+07
 0195   0.100481E+06   0.169479E+14   0.110995E+09   0.107194E+09   0.230367E+07
 0196   0.101161E+06   0.170214E+14   0.108097E+09   0.105648E+09   0.226319E+07
 0197   0.101763E+06   0.170884E+14   0.111418E+09   0.106731E+09   0.222443E+07
 0198   0.102435E+06   0.171602E+14   0.106922E+09   0.107109E+09   0.218641E+07
 0199   0.103099E+06   0.172333E+14   0.109864E+09   0.105896E+09   0.214915E+07
 0200   0.103680E+06   0.173000E+14   0.115021E+09   0.106708E+09   0.211340E+07
 0201   0.104335E+06   0.173704E+14   0.107389E+09   0.106262E+09   0.207766E+07
 0202   0.104992E+06   0.174404E+14   0.106542E+09   0.106185E+09   0.204320E+07
 0203   0.105650E+06   0.175109E+14   0.107217E+09   0.106126E+09   0.200952E+07
 0204   0.106308E+06   0.175820E+14   0.107968E+09   0.105230E+09   0.197629E+07
 0205   0.106894E+06   0.176480E+14   0.112867E+09   0.105557E+09   0.194395E+07
 0206   0.107551E+06   0.177169E+14   0.104815E+09   0.105149E+09   0.191207E+07
 0207   0.108134E+06   0.177823E+14   0.111975E+09   0.105562E+09   0.188146E+07
 0208   0.108784E+06   0.178504E+14   0.104979E+09   0.105389E+09   0.185113E+07
 0209   0.109426E+06   0.179187E+14   0.106259E+09   0.104867E+09   0.182148E+07
 0210   0.110069E+06   0.179865E+14   0.105525E+09   0.103954E+09   0.179237E+07
 0211   0.110639E+06   0.180495E+14   0.110542E+09   0.104447E+09   0.176397E+07
 0212   0.111207E+06   0.181124E+14   0.110648E+09   0.105602E+09   0.173693E+07
 0213   0.111846E+06   0.181798E+14   0.105540E+09   0.105460E+09   0.170959E+07
 0214   0.112475E+06   0.182471E+14   0.106961E+09   0.104476E+09   0.168275E+07
 0215   0.113102E+06   0.183125E+14   0.104317E+09   0.103910E+09   0.165630E+07
 0216   0.113660E+06   0.183742E+14   0.110409E+09   0.104558E+09   0.163108E+07
 0217   0.114289E+06   0.184391E+14   0.103263E+09   0.104256E+09   0.160582E+07
 0218   0.114910E+06   0.185039E+14   0.104191E+09   0.103322E+09   0.158091E+07
 0219   0.115458E+06   0.185639E+14   0.109654E+09   0.104068E+09   0.155713E+07
 0220   0.116072E+06   0.186274E+14   0.103321E+09   0.103971E+09   0.153328E+07
 0221   0.116686E+06   0.186913E+14   0.104115E+09   0.103836E+09   0.151002E+07
 0222   0.117293E+06   0.187551E+14   0.105237E+09   0.103346E+09   0.148739E+07
 0223   0.117833E+06   0.188152E+14   0.111167E+09   0.103776E+09   0.146552E+07
 0224   0.118443E+06   0.188779E+14   0.102795E+09   0.103740E+09   0.144357E+07
 0225   0.119055E+06   0.189413E+14   0.103554E+09   0.103023E+09   0.142192E+07
 0226   0.119597E+06   0.190006E+14   0.109401E+09   0.103612E+09   0.140133E+07
 0227   0.120199E+06   0.190626E+14   0.103008E+09   0.103378E+09   0.138063E+07
 0228   0.120800E+06   0.191247E+14   0.103357E+09   0.102957E+09   0.136041E+07
 0229   0.121334E+06   0.191833E+14   0.109885E+09   0.103620E+09   0.134099E+07
 0230   0.121931E+06   0.192449E+14   0.103055E+09   0.103132E+09   0.132139E+07
 0231   0.122528E+06   0.193060E+14   0.102404E+09   0.102767E+09   0.130217E+07
 0232   0.123057E+06   0.193638E+14   0.109335E+09   0.103429E+09   0.128399E+07
 0233   0.123650E+06   0.194247E+14   0.102544E+09   0.102930E+09   0.126544E+07
 0234   0.124240E+06   0.194850E+14   0.102220E+09   0.102629E+09   0.124737E+07
 0235   0.124762E+06   0.195421E+14   0.109429E+09   0.102803E+09   0.123012E+07
 0236   0.125348E+06   0.196012E+14   0.100890E+09   0.102467E+09   0.121246E+07
 0237   0.125866E+06   0.196573E+14   0.108373E+09   0.103510E+09   0.119604E+07
 0238   0.126445E+06   0.197170E+14   0.102985E+09   0.102833E+09   0.117905E+07
 0239   0.127019E+06   0.197755E+14   0.102055E+09   0.102495E+09   0.116249E+07
 0240   0.127589E+06   0.198338E+14   0.102009E+09   0.102369E+09   0.114634E+07
 0241   0.128161E+06   0.198922E+14   0.102315E+09   0.101726E+09   0.113038E+07
 0242   0.128669E+06   0.199470E+14   0.107837E+09   0.102587E+09   0.111524E+07
 0243   0.129236E+06   0.200048E+14   0.102028E+09   0.102145E+09   0.109977E+07
 0244   0.129802E+06   0.200624E+14   0.101550E+09   0.101896E+09   0.108466E+07
 0245   0.130302E+06   0.201168E+14   0.108921E+09   0.102557E+09   0.107040E+07
 0246   0.130863E+06   0.201739E+14   0.101858E+09   0.102058E+09   0.105580E+07
 0247   0.131423E+06   0.202305E+14   0.100920E+09   0.101784E+09   0.104153E+07
 0248   0.131920E+06   0.202842E+14   0.108164E+09   0.102312E+09   0.102802E+07
 0249   0.132477E+06   0.203403E+14   0.100769E+09   0.101830E+09   0.101411E+07
 0250   0.133029E+06   0.203959E+14   0.100678E+09   0.101298E+09   0.100046E+07
 0251   0.133517E+06   0.204481E+14   0.107075E+09   0.101820E+09   0.987588E+06
 0252   0.134063E+06   0.205028E+14   0.100048E+09   0.101737E+09   0.974364E+06
 0253   0.134605E+06   0.205577E+14   0.101285E+09   0.101884E+09   0.961518E+06
 0254   0.135143E+06   0.206130E+14   0.102861E+09   0.101603E+09   0.948929E+06
 0255   0.135620E+06   0.206653E+14   0.109533E+09   0.102173E+09   0.937094E+06
 0256   0.136158E+06   0.207199E+14   0.101519E+09   0.102379E+09   0.924987E+06
 0257   0.136697E+06   0.207751E+14   0.102477E+09   0.102028E+09   0.913009E+06
 0258   0.137239E+06   0.208301E+14   0.101524E+09   0.101750E+09   0.901216E+06
 0259   0.137777E+06   0.208848E+14   0.101597E+09   0.101099E+09   0.889533E+06
 0260   0.138253E+06   0.209359E+14   0.107218E+09   0.101961E+09   0.878566E+06
 0261   0.138790E+06   0.209900E+14   0.100789E+09   0.101964E+09   0.867281E+06
 0262   0.139325E+06   0.210444E+14   0.101761E+09   0.101071E+09   0.856100E+06
 0263   0.139796E+06   0.210948E+14   0.106980E+09   0.101454E+09   0.845628E+06
 0264   0.140321E+06   0.211470E+14   0.994288E+08   0.101191E+09   0.834751E+06
 0265   0.140788E+06   0.211968E+14   0.106585E+09   0.102271E+09   0.824834E+06
 0266   0.141310E+06   0.212496E+14   0.101389E+09   0.101791E+09   0.814330E+06
 0267   0.141825E+06   0.213017E+14   0.101081E+09   0.101331E+09   0.803976E+06
 0268   0.142338E+06   0.213532E+14   0.100337E+09   0.101429E+09   0.793821E+06
 0269   0.142849E+06   0.214050E+14   0.101378E+09   0.101344E+09   0.783924E+06
 0270   0.143305E+06   0.214544E+14   0.108433E+09   0.102029E+09   0.774741E+06
 0271   0.143815E+06   0.215061E+14   0.101169E+09   0.101709E+09   0.765035E+06
 0272   0.144323E+06   0.215574E+14   0.100913E+09   0.101587E+09   0.755538E+06
 0273   0.144833E+06   0.216087E+14   0.100743E+09   0.101706E+09   0.746204E+06
 0274   0.145344E+06   0.216606E+14   0.101573E+09   0.101289E+09   0.736960E+06
 0275   0.145797E+06   0.217095E+14   0.108022E+09   0.102170E+09   0.728493E+06
 0276   0.146303E+06   0.217609E+14   0.101590E+09   0.101970E+09   0.719561E+06
 0277   0.146808E+06   0.218122E+14   0.101391E+09   0.101796E+09   0.710761E+06
 0278   0.147315E+06   0.218634E+14   0.101083E+09   0.101471E+09   0.702054E+06
 0279   0.147764E+06   0.219118E+14   0.107798E+09   0.102240E+09   0.694148E+06
 0280   0.148270E+06   0.219627E+14   0.100696E+09   0.101968E+09   0.685621E+06
 0281   0.148774E+06   0.220135E+14   0.100707E+09   0.101536E+09   0.677172E+06
 0282   0.149275E+06   0.220637E+14   0.100227E+09   0.101256E+09   0.668864E+06
 0283   0.149718E+06   0.221112E+14   0.107323E+09   0.101703E+09   0.661309E+06
 0284   0.150215E+06   0.221608E+14   0.994940E+08   0.101448E+09   0.653228E+06
 0285   0.150709E+06   0.222101E+14   0.999556E+08   0.101277E+09   0.645335E+06
 0286   0.151146E+06   0.222571E+14   0.107665E+09   0.102250E+09   0.638261E+06
 0287   0.151634E+06   0.223067E+14   0.101563E+09   0.102301E+09   0.630657E+06
 0288   0.152120E+06   0.223565E+14   0.102390E+09   0.102261E+09   0.623173E+06
 0289   0.152607E+06   0.224063E+14   0.102167E+09   0.102019E+09   0.615759E+06
 0290   0.153096E+06   0.224558E+14   0.101423E+09   0.101897E+09   0.608451E+06
 0291   0.153586E+06   0.225054E+14   0.101072E+09   0.101524E+09   0.601192E+06
 0292   0.154024E+06   0.225522E+14   0.107121E+09   0.101974E+09   0.594612E+06
 0293   0.154513E+06   0.226009E+14   0.996123E+08   0.101864E+09   0.587519E+06
 0294   0.154998E+06   0.226497E+14   0.100629E+09   0.101703E+09   0.580571E+06
 0295   0.155428E+06   0.226962E+14   0.107968E+09   0.102434E+09   0.574334E+06
 0296   0.155908E+06   0.227447E+14   0.101175E+09   0.102188E+09   0.567549E+06
 0297   0.156384E+06   0.227930E+14   0.101186E+09   0.102042E+09   0.560916E+06
 0298   0.156863E+06   0.228412E+14   0.100814E+09   0.101719E+09   0.554340E+06
 0299   0.157288E+06   0.228869E+14   0.107407E+09   0.102272E+09   0.548460E+06
 0300   0.157765E+06   0.229345E+14   0.998568E+08   0.101957E+09   0.542006E+06
 0301   0.158238E+06   0.229818E+14   0.100000E+09   0.101881E+09   0.535674E+06
 0302   0.158709E+06   0.230292E+14   0.100646E+09   0.101561E+09   0.529400E+06
 0303   0.159125E+06   0.230740E+14   0.107641E+09   0.102463E+09   0.523832E+06
 0304   0.159591E+06   0.231212E+14   0.101281E+09   0.102308E+09   0.517764E+06
 0305   0.160054E+06   0.231681E+14   0.101395E+09   0.102233E+09   0.511827E+06
 0306   0.160519E+06   0.232152E+14   0.101196E+09   0.102034E+09   0.505971E+06
 0307   0.160981E+06   0.232619E+14   0.101215E+09   0.101944E+09   0.500222E+06
 0308   0.161393E+06   0.233066E+14   0.108251E+09   0.102819E+09   0.495110E+06
 0309   0.161856E+06   0.233535E+14   0.101521E+09   0.102885E+09   0.489497E+06
 0310   0.162318E+06   0.234007E+14   0.102040E+09   0.102647E+09   0.483932E+06
 0311   0.162779E+06   0.234476E+14   0.101672E+09   0.102452E+09   0.478466E+06
 0312   0.163240E+06   0.234943E+14   0.101361E+09   0.102275E+09   0.473092E+06
 0313   0.163649E+06   0.235386E+14   0.108362E+09   0.102986E+09   0.468325E+06
 0314   0.164110E+06   0.235851E+14   0.100780E+09   0.102790E+09   0.463038E+06
 0315   0.164569E+06   0.236314E+14   0.100980E+09   0.102699E+09   0.457834E+06
 0316   0.165025E+06   0.236777E+14   0.101497E+09   0.102232E+09   0.452658E+06
 0317   0.165429E+06   0.237213E+14   0.107778E+09   0.102935E+09   0.448062E+06
 0318   0.165882E+06   0.237668E+14   0.100608E+09   0.102946E+09   0.443028E+06
 0319   0.166332E+06   0.238125E+14   0.101496E+09   0.102966E+09   0.438102E+06
 0320   0.166783E+06   0.238584E+14   0.101869E+09   0.102838E+09   0.433241E+06
 0321   0.167229E+06   0.239040E+14   0.102291E+09   0.102846E+09   0.428492E+06
 0322   0.167674E+06   0.239497E+14   0.102567E+09   0.102833E+09   0.423822E+06
 0323   0.168071E+06   0.239933E+14   0.109824E+09   0.103525E+09   0.419655E+06
 0324   0.168519E+06   0.240389E+14   0.101593E+09   0.103361E+09   0.414998E+06
 0325   0.168967E+06   0.240843E+14   0.101471E+09   0.103059E+09   0.410398E+06
 0326   0.169414E+06   0.241294E+14   0.100992E+09   0.102835E+09   0.405858E+06
 0327   0.169811E+06   0.241723E+14   0.108179E+09   0.103588E+09   0.401861E+06
 0328   0.170253E+06   0.242172E+14   0.101433E+09   0.103561E+09   0.397474E+06
 0329   0.170695E+06   0.242622E+14   0.101918E+09   0.103501E+09   0.393154E+06
 0330   0.171133E+06   0.243071E+14   0.102485E+09   0.103465E+09   0.388909E+06
 0331   0.171570E+06   0.243520E+14   0.102684E+09   0.103423E+09   0.384695E+06
 0332   0.172007E+06   0.243969E+14   0.102597E+09   0.102968E+09   0.380479E+06
 0333   0.172396E+06   0.244391E+14   0.108471E+09   0.103672E+09   0.376736E+06
 0334   0.172834E+06   0.244832E+14   0.101010E+09   0.103527E+09   0.372579E+06
 0335   0.173269E+06   0.245273E+14   0.101313E+09   0.103326E+09   0.368483E+06
 0336   0.173656E+06   0.245693E+14   0.108590E+09   0.104005E+09   0.364883E+06
 0337   0.174084E+06   0.246130E+14   0.101921E+09   0.103825E+09   0.360915E+06
 0338   0.174511E+06   0.246565E+14   0.101800E+09   0.103632E+09   0.356979E+06
 0339   0.174937E+06   0.246997E+14   0.101517E+09   0.103479E+09   0.353064E+06
 0340   0.175362E+06   0.247429E+14   0.101551E+09   0.103279E+09   0.349189E+06
 0341   0.175739E+06   0.247839E+14   0.108865E+09   0.104086E+09   0.345790E+06
 0342   0.176161E+06   0.248269E+14   0.101853E+09   0.104093E+09   0.342026E+06
 0343   0.176580E+06   0.248699E+14   0.102539E+09   0.104019E+09   0.338333E+06
 0344   0.176999E+06   0.249128E+14   0.102593E+09   0.103995E+09   0.334700E+06
 0345   0.177416E+06   0.249558E+14   0.102839E+09   0.103754E+09   0.331102E+06
 0346   0.177833E+06   0.249983E+14   0.102177E+09   0.103430E+09   0.327519E+06
 0347   0.178204E+06   0.250386E+14   0.108708E+09   0.104309E+09   0.324343E+06
 0348   0.178620E+06   0.250810E+14   0.101855E+09   0.104315E+09   0.320809E+06
 0349   0.179035E+06   0.251235E+14   0.102439E+09   0.104152E+09   0.317327E+06
 0350   0.179448E+06   0.251658E+14   0.102370E+09   0.103914E+09   0.313897E+06
 0351   0.179811E+06   0.252059E+14   0.110192E+09   0.104858E+09   0.310933E+06
 0352   0.180219E+06   0.252479E+14   0.103148E+09   0.104878E+09   0.307627E+06
 0353   0.180627E+06   0.252900E+14   0.103059E+09   0.104742E+09   0.304334E+06
 0354   0.181037E+06   0.253319E+14   0.102531E+09   0.104638E+09   0.301057E+06
 0355   0.181443E+06   0.253738E+14   0.102800E+09   0.104641E+09   0.297826E+06
 0356   0.181849E+06   0.254156E+14   0.103193E+09   0.104502E+09   0.294628E+06
 0357   0.182255E+06   0.254574E+14   0.102702E+09   0.104438E+09   0.291461E+06
 0358   0.182616E+06   0.254972E+14   0.110521E+09   0.105211E+09   0.288687E+06
 0359   0.183019E+06   0.255388E+14   0.103071E+09   0.105183E+09   0.285600E+06
 0360   0.183422E+06   0.255803E+14   0.103242E+09   0.104999E+09   0.282538E+06
 0361   0.183824E+06   0.256217E+14   0.102820E+09   0.104574E+09   0.279494E+06
 0362   0.184224E+06   0.256625E+14   0.101886E+09   0.104304E+09   0.276487E+06
 0363   0.184579E+06   0.257012E+14   0.109094E+09   0.104808E+09   0.273817E+06
 0364   0.184976E+06   0.257413E+14   0.101139E+09   0.104535E+09   0.270830E+06
 0365   0.185372E+06   0.257813E+14   0.101052E+09   0.104373E+09   0.267871E+06
 0366   0.185720E+06   0.258194E+14   0.109474E+09   0.105092E+09   0.265286E+06
 0367   0.186107E+06   0.258591E+14   0.102447E+09   0.104884E+09   0.262413E+06
 0368   0.186492E+06   0.258985E+14   0.102397E+09   0.104738E+09   0.259584E+06
 0369   0.186874E+06   0.259377E+14   0.102597E+09   0.104719E+09   0.256810E+06
 0370   0.187255E+06   0.259769E+14   0.103012E+09   0.104718E+09   0.254086E+06
 0371   0.187593E+06   0.260145E+14   0.110888E+09   0.105567E+09   0.251689E+06
 0372   0.187974E+06   0.260538E+14   0.103256E+09   0.105339E+09   0.248993E+06
 0373   0.188353E+06   0.260927E+14   0.102920E+09   0.105195E+09   0.246331E+06
 0374   0.188730E+06   0.261315E+14   0.102836E+09   0.105209E+09   0.243702E+06
 0375   0.189106E+06   0.261703E+14   0.103179E+09   0.105125E+09   0.241099E+06
 0376   0.189482E+06   0.262091E+14   0.103127E+09   0.104943E+09   0.238530E+06
 0377   0.189816E+06   0.262460E+14   0.110371E+09   0.105722E+09   0.236256E+06
 0378   0.190189E+06   0.262844E+14   0.103173E+09   0.105627E+09   0.233750E+06
 0379   0.190559E+06   0.263228E+14   0.103440E+09   0.105588E+09   0.231290E+06
 0380   0.190931E+06   0.263611E+14   0.103299E+09   0.105405E+09   0.228846E+06
 0381   0.191301E+06   0.263992E+14   0.103000E+09   0.105202E+09   0.226428E+06
 0382   0.191627E+06   0.264354E+14   0.110796E+09   0.105914E+09   0.224284E+06
 0383   0.191995E+06   0.264732E+14   0.102775E+09   0.105744E+09   0.221895E+06
 0384   0.192361E+06   0.265108E+14   0.102755E+09   0.105490E+09   0.219525E+06
 0385   0.192726E+06   0.265482E+14   0.102313E+09   0.105230E+09   0.217169E+06
 0386   0.193048E+06   0.265836E+14   0.110038E+09   0.105793E+09   0.215070E+06
 0387   0.193408E+06   0.266204E+14   0.102201E+09   0.105504E+09   0.212759E+06
 0388   0.193767E+06   0.266569E+14   0.101888E+09   0.105449E+09   0.210485E+06
 0389   0.194123E+06   0.266935E+14   0.102488E+09   0.105270E+09   0.208247E+06
 0390   0.194438E+06   0.267283E+14   0.110622E+09   0.105978E+09   0.206244E+06
 0391   0.194790E+06   0.267645E+14   0.102926E+09   0.105817E+09   0.204053E+06
 0392   0.195140E+06   0.268006E+14   0.102993E+09   0.105769E+09   0.201901E+06
 0393   0.195486E+06   0.268365E+14   0.103644E+09   0.105746E+09   0.199792E+06
 0394   0.195833E+06   0.268724E+14   0.103577E+09   0.105607E+09   0.197701E+06
 0395   0.196141E+06   0.269067E+14   0.111271E+09   0.106251E+09   0.195812E+06
 0396   0.196487E+06   0.269423E+14   0.102998E+09   0.106154E+09   0.193740E+06
 0397   0.196831E+06   0.269778E+14   0.103234E+09   0.105937E+09   0.191691E+06
 0398   0.197173E+06   0.270130E+14   0.102875E+09   0.105825E+09   0.189667E+06
 0399   0.197477E+06   0.270467E+14   0.110864E+09   0.106512E+09   0.187841E+06
 0400   0.197818E+06   0.270818E+14   0.103018E+09   0.106295E+09   0.185854E+06
 0401   0.198156E+06   0.271166E+14   0.102945E+09   0.106260E+09   0.183904E+06
 0402   0.198493E+06   0.271514E+14   0.103283E+09   0.106089E+09   0.181970E+06
 0403   0.198827E+06   0.271860E+14   0.103379E+09   0.105852E+09   0.180057E+06
 0404   0.199124E+06   0.272189E+14   0.110965E+09   0.106438E+09   0.178307E+06
 0405   0.199456E+06   0.272530E+14   0.102593E+09   0.106260E+09   0.176417E+06
 0406   0.199786E+06   0.272869E+14   0.102756E+09   0.106141E+09   0.174553E+06
 0407   0.200115E+06   0.273207E+14   0.102913E+09   0.105942E+09   0.172716E+06
 0408   0.200407E+06   0.273530E+14   0.110640E+09   0.106554E+09   0.171034E+06
 0409   0.200733E+06   0.273865E+14   0.102790E+09   0.106388E+09   0.169233E+06
 0410   0.201056E+06   0.274199E+14   0.103049E+09   0.106327E+09   0.167461E+06
 0411   0.201378E+06   0.274531E+14   0.103468E+09   0.106153E+09   0.165711E+06
 0412   0.201663E+06   0.274849E+14   0.111366E+09   0.106716E+09   0.164100E+06
 0413   0.201982E+06   0.275177E+14   0.102893E+09   0.106598E+09   0.162381E+06
 0414   0.202300E+06   0.275505E+14   0.103078E+09   0.106384E+09   0.160684E+06
 0415   0.202616E+06   0.275830E+14   0.102948E+09   0.106197E+09   0.159010E+06
 0416   0.202896E+06   0.276140E+14   0.110923E+09   0.106759E+09   0.157459E+06
 0417   0.203210E+06   0.276462E+14   0.102503E+09   0.106567E+09   0.155811E+06
 0418   0.203521E+06   0.276782E+14   0.102707E+09   0.106423E+09   0.154192E+06
 0419   0.203831E+06   0.277101E+14   0.102971E+09   0.106382E+09   0.152601E+06
 0420   0.204105E+06   0.277407E+14   0.111562E+09   0.107031E+09   0.151120E+06
 0421   0.204411E+06   0.277724E+14   0.103548E+09   0.106977E+09   0.149564E+06
 0422   0.204716E+06   0.278041E+14   0.103858E+09   0.106828E+09   0.148030E+06
 0423   0.205020E+06   0.278356E+14   0.103788E+09   0.106764E+09   0.146515E+06
 0424   0.205322E+06   0.278670E+14   0.103989E+09   0.106749E+09   0.145015E+06
 0425   0.205589E+06   0.278971E+14   0.112580E+09   0.107375E+09   0.143600E+06
 0426   0.205890E+06   0.279284E+14   0.103832E+09   0.107298E+09   0.142121E+06
 0427   0.206190E+06   0.279595E+14   0.103881E+09   0.107168E+09   0.140663E+06
 0428   0.206490E+06   0.279906E+14   0.103729E+09   0.107011E+09   0.139230E+06
 0429   0.206787E+06   0.280215E+14   0.103804E+09   0.106929E+09   0.137826E+06
 0430   0.207051E+06   0.280511E+14   0.112227E+09   0.107588E+09   0.136482E+06
 0431   0.207347E+06   0.280818E+14   0.103865E+09   0.107531E+09   0.135100E+06
 0432   0.207641E+06   0.281125E+14   0.104242E+09   0.107338E+09   0.133740E+06
 0433   0.207935E+06   0.281430E+14   0.103908E+09   0.107169E+09   0.132403E+06
 0434   0.208194E+06   0.281721E+14   0.112134E+09   0.107799E+09   0.131111E+06
 0435   0.208485E+06   0.282023E+14   0.103977E+09   0.107630E+09   0.129794E+06
 0436   0.208774E+06   0.282323E+14   0.103842E+09   0.107494E+09   0.128502E+06
 0437   0.209062E+06   0.282623E+14   0.103826E+09   0.107393E+09   0.127233E+06
 0438   0.209318E+06   0.282910E+14   0.112181E+09   0.107932E+09   0.125990E+06
 0439   0.209604E+06   0.283206E+14   0.103767E+09   0.107809E+09   0.124737E+06
 0440   0.209889E+06   0.283502E+14   0.104004E+09   0.107634E+09   0.123505E+06
 0441   0.210172E+06   0.283796E+14   0.103880E+09   0.107561E+09   0.122292E+06
 0442   0.210422E+06   0.284078E+14   0.112686E+09   0.108143E+09   0.121083E+06
 0443   0.210702E+06   0.284370E+14   0.104220E+09   0.108035E+09   0.119887E+06
 0444   0.210981E+06   0.284661E+14   0.104252E+09   0.107996E+09   0.118710E+06
 0445   0.211259E+06   0.284952E+14   0.104630E+09   0.107886E+09   0.117551E+06
 0446   0.211536E+06   0.285242E+14   0.104677E+09   0.107752E+09   0.116406E+06
 0447   0.211781E+06   0.285519E+14   0.113142E+09   0.108320E+09   0.115248E+06
 0448   0.212056E+06   0.285806E+14   0.104420E+09   0.108200E+09   0.114124E+06
 0449   0.212329E+06   0.286092E+14   0.104420E+09   0.107977E+09   0.113015E+06
 0450   0.212602E+06   0.286375E+14   0.104175E+09   0.107740E+09   0.111917E+06
 0451   0.212843E+06   0.286646E+14   0.112166E+09   0.108167E+09   0.110808E+06
 0452   0.213114E+06   0.286925E+14   0.103241E+09   0.107952E+09   0.109733E+06
 0453   0.213383E+06   0.287203E+14   0.103302E+09   0.107700E+09   0.108669E+06
 0454   0.213621E+06   0.287469E+14   0.111644E+09   0.108205E+09   0.107595E+06
 0455   0.213886E+06   0.287744E+14   0.103361E+09   0.108053E+09   0.106554E+06
 0456   0.214151E+06   0.288018E+14   0.103692E+09   0.107959E+09   0.105525E+06
 0457   0.214384E+06   0.288281E+14   0.112715E+09   0.108573E+09   0.104488E+06
 0458   0.214644E+06   0.288553E+14   0.104712E+09   0.108425E+09   0.103480E+06
 0459   0.214903E+06   0.288824E+14   0.104800E+09   0.108323E+09   0.102484E+06
 0460   0.215161E+06   0.289095E+14   0.104924E+09   0.108303E+09   0.101496E+06
 0461   0.215388E+06   0.289354E+14   0.113960E+09   0.108954E+09   0.100503E+06
 0462   0.215643E+06   0.289623E+14   0.105509E+09   0.108819E+09   0.995356E+05
 0463   0.215898E+06   0.289891E+14   0.105255E+09   0.108760E+09   0.985792E+05
 0464   0.216152E+06   0.290158E+14   0.105152E+09   0.108582E+09   0.976323E+05
 0465   0.216406E+06   0.290424E+14   0.104759E+09   0.108372E+09   0.966902E+05
 0466   0.216630E+06   0.290678E+14   0.113139E+09   0.108931E+09   0.957605E+05
 0467   0.216881E+06   0.290941E+14   0.104683E+09   0.108832E+09   0.948453E+05
 0468   0.217131E+06   0.291203E+14   0.104734E+09   0.108705E+09   0.939348E+05
 0469   0.217381E+06   0.291464E+14   0.104760E+09   0.108632E+09   0.930265E+05
 0470   0.217602E+06   0.291716E+14   0.113762E+09   0.109227E+09   0.921536E+05
 0471   0.217849E+06   0.291976E+14   0.105246E+09   0.109123E+09   0.912722E+05
 0472   0.218095E+06   0.292236E+14   0.105503E+09   0.108995E+09   0.903923E+05
 0473   0.218340E+06   0.292494E+14   0.105663E+09   0.108913E+09   0.895172E+05
 0474   0.218556E+06   0.292741E+14   0.114453E+09   0.109550E+09   0.886913E+05
 0475   0.218799E+06   0.292998E+14   0.105940E+09   0.109555E+09   0.878433E+05
 0476   0.219040E+06   0.293255E+14   0.106309E+09   0.109580E+09   0.870015E+05
 0477   0.219281E+06   0.293512E+14   0.106596E+09   0.109594E+09   0.861657E+05
 0478   0.219522E+06   0.293769E+14   0.106776E+09   0.109610E+09   0.853368E+05
 0479   0.219736E+06   0.294017E+14   0.115826E+09   0.110191E+09   0.845677E+05
 0480   0.219975E+06   0.294272E+14   0.106904E+09   0.110179E+09   0.837626E+05
 0481   0.220213E+06   0.294528E+14   0.107096E+09   0.110074E+09   0.829632E+05
 0482   0.220451E+06   0.294782E+14   0.106858E+09   0.109965E+09   0.821684E+05
 0483   0.220689E+06   0.295035E+14   0.106606E+09   0.109850E+09   0.813783E+05
 0484   0.220899E+06   0.295278E+14   0.115189E+09   0.110378E+09   0.806592E+05
 0485   0.221136E+06   0.295529E+14   0.106157E+09   0.110342E+09   0.798874E+05
 0486   0.221372E+06   0.295780E+14   0.106348E+09   0.110196E+09   0.791170E+05
 0487   0.221607E+06   0.296030E+14   0.106224E+09   0.110038E+09   0.783485E+05
 0488   0.221816E+06   0.296270E+14   0.114898E+09   0.110554E+09   0.776630E+05
 0489   0.222050E+06   0.296518E+14   0.106132E+09   0.110378E+09   0.769129E+05
 0490   0.222282E+06   0.296764E+14   0.106177E+09   0.110268E+09   0.761688E+05
 0491   0.222513E+06   0.297010E+14   0.106477E+09   0.110222E+09   0.754329E+05
 0492   0.222717E+06   0.297246E+14   0.115722E+09   0.110762E+09   0.747876E+05
 0493   0.222946E+06   0.297491E+14   0.106951E+09   0.110669E+09   0.740706E+05
 0494   0.223174E+06   0.297735E+14   0.106912E+09   0.110550E+09   0.733579E+05
 0495   0.223401E+06   0.297978E+14   0.106943E+09   0.110491E+09   0.726522E+05
 0496   0.223602E+06   0.298212E+14   0.116037E+09   0.110917E+09   0.720355E+05
 0497   0.223828E+06   0.298452E+14   0.106843E+09   0.110815E+09   0.713450E+05
 0498   0.224052E+06   0.298692E+14   0.107019E+09   0.110710E+09   0.706610E+05
 0499   0.224275E+06   0.298932E+14   0.107078E+09   0.110597E+09   0.699827E+05
 0500   0.224473E+06   0.299161E+14   0.115842E+09   0.111092E+09   0.693903E+05
 0501   0.224695E+06   0.299398E+14   0.106930E+09   0.110916E+09   0.687232E+05
 0502   0.224917E+06   0.299634E+14   0.106801E+09   0.110781E+09   0.680616E+05
 0503   0.225112E+06   0.299861E+14   0.115699E+09   0.111246E+09   0.674851E+05
 0504   0.225332E+06   0.300095E+14   0.106746E+09   0.111137E+09   0.668365E+05
 0505   0.225550E+06   0.300329E+14   0.107079E+09   0.111052E+09   0.661961E+05
 0506   0.225767E+06   0.300562E+14   0.107357E+09   0.110974E+09   0.655636E+05
 0507   0.225959E+06   0.300786E+14   0.116471E+09   0.111555E+09   0.650151E+05
 0508   0.226175E+06   0.301018E+14   0.107887E+09   0.111474E+09   0.643973E+05
 0509   0.226389E+06   0.301250E+14   0.108005E+09   0.111426E+09   0.637866E+05
 0510   0.226603E+06   0.301481E+14   0.108283E+09   0.111366E+09   0.631835E+05
 0511   0.226792E+06   0.301703E+14   0.117446E+09   0.111926E+09   0.626596E+05
 0512   0.227003E+06   0.301933E+14   0.108633E+09   0.111888E+09   0.620699E+05
 0513   0.227215E+06   0.302163E+14   0.108778E+09   0.111797E+09   0.614862E+05
 0514   0.227425E+06   0.302391E+14   0.108693E+09   0.111741E+09   0.609083E+05
 0515   0.227635E+06   0.302620E+14   0.108730E+09   0.111682E+09   0.603369E+05
 0516   0.227821E+06   0.302839E+14   0.117735E+09   0.112243E+09   0.598380E+05
 0517   0.228030E+06   0.303066E+14   0.108825E+09   0.112221E+09   0.592773E+05
 0518   0.228238E+06   0.303293E+14   0.109046E+09   0.112263E+09   0.587237E+05
 0519   0.228446E+06   0.303521E+14   0.109483E+09   0.112316E+09   0.581774E+05
 0520   0.228630E+06   0.303740E+14   0.119054E+09   0.112891E+09   0.576977E+05
 0521   0.228837E+06   0.303967E+14   0.109999E+09   0.112907E+09   0.571622E+05
 0522   0.229043E+06   0.304195E+14   0.110216E+09   0.112951E+09   0.566337E+05
 0523   0.229249E+06   0.304422E+14   0.110578E+09   0.112977E+09   0.561126E+05
 0524   0.229454E+06   0.304649E+14   0.110822E+09   0.113029E+09   0.555990E+05
 0525   0.229658E+06   0.304876E+14   0.111108E+09   0.113056E+09   0.550920E+05
 0526   0.229862E+06   0.305103E+14   0.111216E+09   0.113016E+09   0.545916E+05
 0527   0.230043E+06   0.305321E+14   0.120284E+09   0.113624E+09   0.541366E+05
 0528   0.230246E+06   0.305547E+14   0.111121E+09   0.113559E+09   0.536422E+05
 0529   0.230450E+06   0.305772E+14   0.110800E+09   0.113443E+09   0.531537E+05
 0530   0.230653E+06   0.305996E+14   0.110411E+09   0.113396E+09   0.526720E+05
 0531   0.230856E+06   0.306220E+14   0.110394E+09   0.113280E+09   0.521965E+05
 0532   0.231036E+06   0.306435E+14   0.119269E+09   0.113699E+09   0.517511E+05
 0533   0.231238E+06   0.306657E+14   0.109915E+09   0.113589E+09   0.512828E+05
 0534   0.231439E+06   0.306878E+14   0.109854E+09   0.113438E+09   0.508213E+05
 0535   0.231640E+06   0.307099E+14   0.109721E+09   0.113268E+09   0.503637E+05
 0536   0.231818E+06   0.307310E+14   0.118566E+09   0.113701E+09   0.499348E+05
 0537   0.232018E+06   0.307529E+14   0.109667E+09   0.113675E+09   0.494871E+05
 0538   0.232195E+06   0.307740E+14   0.119205E+09   0.114173E+09   0.490674E+05
 0539   0.232393E+06   0.307959E+14   0.110515E+09   0.114073E+09   0.486290E+05
 0540   0.232590E+06   0.308177E+14   0.110695E+09   0.114030E+09   0.481940E+05
 0541   0.232786E+06   0.308394E+14   0.111010E+09   0.113952E+09   0.477630E+05
 0542   0.232960E+06   0.308603E+14   0.120292E+09   0.114427E+09   0.473602E+05
 0543   0.233154E+06   0.308820E+14   0.111274E+09   0.114328E+09   0.469368E+05
 0544   0.233348E+06   0.309036E+14   0.111320E+09   0.114228E+09   0.465171E+05
 0545   0.233541E+06   0.309250E+14   0.111410E+09   0.114136E+09   0.461003E+05
 0546   0.233711E+06   0.309456E+14   0.120636E+09   0.114591E+09   0.457141E+05
 0547   0.233903E+06   0.309669E+14   0.111511E+09   0.114562E+09   0.453047E+05
 0548   0.234093E+06   0.309882E+14   0.111618E+09   0.114504E+09   0.448968E+05
 0549   0.234284E+06   0.310095E+14   0.111635E+09   0.114413E+09   0.444903E+05
 0550   0.234453E+06   0.310299E+14   0.120714E+09   0.114811E+09   0.441193E+05
 0551   0.234642E+06   0.310510E+14   0.111397E+09   0.114652E+09   0.437195E+05
 0552   0.234831E+06   0.310720E+14   0.111194E+09   0.114562E+09   0.433209E+05
 0553   0.234999E+06   0.310922E+14   0.120368E+09   0.115022E+09   0.429596E+05
 0554   0.235187E+06   0.311132E+14   0.111512E+09   0.114956E+09   0.425663E+05
 0555   0.235374E+06   0.311341E+14   0.111804E+09   0.114902E+09   0.421743E+05
 0556   0.235560E+06   0.311550E+14   0.112098E+09   0.114726E+09   0.417842E+05
 0557   0.235725E+06   0.311749E+14   0.120956E+09   0.115063E+09   0.414358E+05
 0558   0.235910E+06   0.311955E+14   0.111595E+09   0.114833E+09   0.410508E+05
 0559   0.236094E+06   0.312160E+14   0.111199E+09   0.114661E+09   0.406677E+05
 0560   0.236258E+06   0.312357E+14   0.120040E+09   0.115035E+09   0.403264E+05
 0561   0.236441E+06   0.312560E+14   0.111192E+09   0.114942E+09   0.399489E+05
 0562   0.236623E+06   0.312763E+14   0.111567E+09   0.114836E+09   0.395751E+05
 0563   0.236784E+06   0.312958E+14   0.120792E+09   0.115217E+09   0.392434E+05
 0564   0.236964E+06   0.313159E+14   0.111858E+09   0.115038E+09   0.388762E+05
 0565   0.237144E+06   0.313360E+14   0.111699E+09   0.114921E+09   0.385124E+05
 0566   0.237304E+06   0.313553E+14   0.120639E+09   0.115301E+09   0.381886E+05
 0567   0.237483E+06   0.313753E+14   0.111730E+09   0.115176E+09   0.378307E+05
 0568   0.237641E+06   0.313944E+14   0.120886E+09   0.115543E+09   0.375122E+05
 0569   0.237818E+06   0.314143E+14   0.112146E+09   0.115416E+09   0.371619E+05
 0570   0.237994E+06   0.314341E+14   0.112418E+09   0.115364E+09   0.368166E+05
 0571   0.238150E+06   0.314530E+14   0.121878E+09   0.115777E+09   0.365079E+05
 0572   0.238324E+06   0.314727E+14   0.112994E+09   0.115677E+09   0.361700E+05
 0573   0.238498E+06   0.314924E+14   0.113026E+09   0.115610E+09   0.358370E+05
 0574   0.238652E+06   0.315112E+14   0.122232E+09   0.116010E+09   0.355360E+05
 0575   0.238825E+06   0.315308E+14   0.113245E+09   0.115958E+09   0.352090E+05
 0576   0.238997E+06   0.315503E+14   0.113506E+09   0.115933E+09   0.348861E+05
 0577   0.239149E+06   0.315691E+14   0.122954E+09   0.116398E+09   0.345924E+05
 0578   0.239320E+06   0.315886E+14   0.114114E+09   0.116367E+09   0.342748E+05
 0579   0.239491E+06   0.316081E+14   0.114315E+09   0.116322E+09   0.339600E+05
 0580   0.239661E+06   0.316275E+14   0.114437E+09   0.116212E+09   0.336476E+05
 0581   0.239811E+06   0.316461E+14   0.123463E+09   0.116586E+09   0.333625E+05
 0582   0.239980E+06   0.316654E+14   0.114239E+09   0.116492E+09   0.330553E+05
 0583   0.240148E+06   0.316846E+14   0.114169E+09   0.116386E+09   0.327508E+05
 0584   0.240317E+06   0.317038E+14   0.114101E+09   0.116230E+09   0.324493E+05
 0585   0.240465E+06   0.317221E+14   0.122915E+09   0.116566E+09   0.321729E+05
 0586   0.240632E+06   0.317411E+14   0.113868E+09   0.116531E+09   0.318763E+05
 0587   0.240780E+06   0.317593E+14   0.123239E+09   0.116979E+09   0.316042E+05
 0588   0.240946E+06   0.317783E+14   0.114486E+09   0.116891E+09   0.313120E+05
 0589   0.241112E+06   0.317973E+14   0.114524E+09   0.116841E+09   0.310216E+05
 0590   0.241259E+06   0.318155E+14   0.123746E+09   0.117211E+09   0.307564E+05
 0591   0.241424E+06   0.318344E+14   0.114653E+09   0.117080E+09   0.304702E+05
 0592   0.241588E+06   0.318532E+14   0.114537E+09   0.116974E+09   0.301854E+05
 0593   0.241734E+06   0.318712E+14   0.123594E+09   0.117258E+09   0.299279E+05
 0594   0.241897E+06   0.318899E+14   0.114434E+09   0.117165E+09   0.296473E+05
 0595   0.242042E+06   0.319078E+14   0.123668E+09   0.117558E+09   0.293946E+05
 0596   0.242204E+06   0.319265E+14   0.114962E+09   0.117516E+09   0.291188E+05
 0597   0.242348E+06   0.319443E+14   0.124529E+09   0.117969E+09   0.288706E+05
 0598   0.242508E+06   0.319629E+14   0.115858E+09   0.117945E+09   0.285996E+05
 0599   0.242668E+06   0.319815E+14   0.116126E+09   0.117871E+09   0.283307E+05
 0600   0.242828E+06   0.320001E+14   0.116146E+09   0.117812E+09   0.280635E+05
 0601   0.242969E+06   0.320178E+14   0.125351E+09   0.118167E+09   0.278247E+05
 0602   0.243128E+06   0.320363E+14   0.116103E+09   0.118036E+09   0.275610E+05
 0603   0.243287E+06   0.320547E+14   0.115898E+09   0.117885E+09   0.272994E+05
 0604   0.243428E+06   0.320722E+14   0.124793E+09   0.118373E+09   0.270659E+05
 0605   0.243586E+06   0.320906E+14   0.116284E+09   0.118347E+09   0.268086E+05
 0606   0.243743E+06   0.321089E+14   0.116601E+09   0.118258E+09   0.265546E+05
 0607   0.243882E+06   0.321264E+14   0.125841E+09   0.118584E+09   0.263264E+05
 0608   0.244038E+06   0.321446E+14   0.116712E+09   0.118520E+09   0.260764E+05
 0609   0.244177E+06   0.321621E+14   0.126007E+09   0.118926E+09   0.258507E+05
 0610   0.244332E+06   0.321803E+14   0.117038E+09   0.118851E+09   0.256043E+05
 0611   0.244487E+06   0.321984E+14   0.117003E+09   0.118833E+09   0.253607E+05
 0612   0.244625E+06   0.322158E+14   0.126352E+09   0.119177E+09   0.251395E+05
 0613   0.244779E+06   0.322339E+14   0.117146E+09   0.119091E+09   0.248995E+05
 0614   0.244933E+06   0.322519E+14   0.117104E+09   0.118946E+09   0.246614E+05
 0615   0.245087E+06   0.322699E+14   0.116948E+09   0.118706E+09   0.244254E+05
 0616   0.245223E+06   0.322870E+14   0.125568E+09   0.118955E+09   0.242116E+05
 0617   0.245359E+06   0.323041E+14   0.125568E+09   0.119260E+09   0.239993E+05
 0618   0.245494E+06   0.323211E+14   0.125729E+09   0.119711E+09   0.237884E+05
 0619   0.245646E+06   0.323389E+14   0.117143E+09   0.119684E+09   0.235597E+05
 0620   0.245798E+06   0.323567E+14   0.117452E+09   0.119563E+09   0.233329E+05
 0621   0.245932E+06   0.323737E+14   0.126633E+09   0.120013E+09   0.231270E+05
 0622   0.246082E+06   0.323914E+14   0.118030E+09   0.120027E+09   0.229035E+05
 0623   0.246233E+06   0.324092E+14   0.118415E+09   0.119982E+09   0.226815E+05
 0624   0.246366E+06   0.324262E+14   0.127786E+09   0.120234E+09   0.224803E+05
 0625   0.246515E+06   0.324439E+14   0.118356E+09   0.120122E+09   0.222614E+05
 0626   0.246647E+06   0.324608E+14   0.127456E+09   0.120488E+09   0.220636E+05
 0627   0.246796E+06   0.324784E+14   0.118424E+09   0.120378E+09   0.218480E+05
 0628   0.246928E+06   0.324952E+14   0.127578E+09   0.120761E+09   0.216534E+05
 0629   0.247076E+06   0.325128E+14   0.118733E+09   0.120689E+09   0.214412E+05
 0630   0.247224E+06   0.325304E+14   0.118995E+09   0.120651E+09   0.212310E+05
 0631   0.247354E+06   0.325471E+14   0.128606E+09   0.121103E+09   0.210433E+05
 0632   0.247500E+06   0.325647E+14   0.119959E+09   0.121086E+09   0.208383E+05
 0633   0.247630E+06   0.325814E+14   0.129594E+09   0.121431E+09   0.206544E+05
 0634   0.247775E+06   0.325989E+14   0.120355E+09   0.121565E+09   0.204529E+05
 0635   0.247920E+06   0.326165E+14   0.120987E+09   0.121527E+09   0.202529E+05
 0636   0.248065E+06   0.326340E+14   0.120981E+09   0.121473E+09   0.200547E+05
 0637   0.248193E+06   0.326507E+14   0.130225E+09   0.121805E+09   0.198761E+05
 0638   0.248322E+06   0.326675E+14   0.130290E+09   0.122179E+09   0.196986E+05
 0639   0.248450E+06   0.326842E+14   0.130547E+09   0.122696E+09   0.195223E+05
 0640   0.248610E+06   0.327025E+14   0.113995E+09   0.122406E+09   0.193116E+05
 0641   0.248754E+06   0.327200E+14   0.121999E+09   0.122331E+09   0.191211E+05
 0642   0.248882E+06   0.327368E+14   0.131344E+09   0.122711E+09   0.189490E+05
 0643   0.249025E+06   0.327543E+14   0.122089E+09   0.122676E+09   0.187616E+05
 0644   0.249168E+06   0.327718E+14   0.122073E+09   0.122522E+09   0.185755E+05
 0645   0.249295E+06   0.327884E+14   0.131121E+09   0.122828E+09   0.184071E+05
 0646   0.249422E+06   0.328050E+14   0.131174E+09   0.123171E+09   0.182403E+05
 0647   0.249564E+06   0.328224E+14   0.121783E+09   0.123122E+09   0.180588E+05
 0648   0.249706E+06   0.328397E+14   0.121757E+09   0.123014E+09   0.178787E+05
 0649   0.249833E+06   0.328562E+14   0.131009E+09   0.123458E+09   0.177158E+05
 0650   0.249959E+06   0.328728E+14   0.131602E+09   0.123874E+09   0.175536E+05
 0651   0.250116E+06   0.328909E+14   0.114813E+09   0.123494E+09   0.173604E+05
 0652   0.250242E+06   0.329075E+14   0.131925E+09   0.123799E+09   0.171998E+05
 0653   0.250383E+06   0.329248E+14   0.122547E+09   0.123602E+09   0.170245E+05
 0654   0.250508E+06   0.329412E+14   0.131543E+09   0.123902E+09   0.168654E+05
 0655   0.250633E+06   0.329577E+14   0.131692E+09   0.124257E+09   0.167071E+05
 0656   0.250774E+06   0.329749E+14   0.122435E+09   0.124163E+09   0.165341E+05
 0657   0.250914E+06   0.329921E+14   0.122287E+09   0.124020E+09   0.163614E+05
 0658   0.251039E+06   0.330084E+14   0.131388E+09   0.124298E+09   0.162043E+05
 0659   0.251179E+06   0.330255E+14   0.122022E+09   0.124164E+09   0.160319E+05
 0660   0.251319E+06   0.330425E+14   0.121810E+09   0.123948E+09   0.158591E+05
 0661   0.251442E+06   0.330587E+14   0.130627E+09   0.124104E+09   0.157026E+05
 0662   0.251582E+06   0.330756E+14   0.121260E+09   0.123815E+09   0.155299E+05
 0663   0.251689E+06   0.330909E+14   0.141619E+09   0.124345E+09   0.153892E+05
 0664   0.251843E+06   0.331083E+14   0.113518E+09   0.123702E+09   0.151999E+05
 0665   0.251950E+06   0.331234E+14   0.140990E+09   0.124133E+09   0.150591E+05
 0666   0.252072E+06   0.331391E+14   0.129178E+09   0.124303E+09   0.149019E+05
 0667   0.252224E+06   0.331563E+14   0.112867E+09   0.123622E+09   0.147122E+05
 0668   0.252330E+06   0.331711E+14   0.139776E+09   0.124052E+09   0.145718E+05
 0669   0.252451E+06   0.331866E+14   0.128180E+09   0.124115E+09   0.144156E+05
 0670   0.252587E+06   0.332028E+14   0.118998E+09   0.123762E+09   0.142440E+05
 0671   0.252692E+06   0.332174E+14   0.138710E+09   0.124138E+09   0.141049E+05
 0672   0.252812E+06   0.332326E+14   0.127159E+09   0.124237E+09   0.139504E+05
 0673   0.252961E+06   0.332492E+14   0.111276E+09   0.123520E+09   0.137650E+05
 0674   0.253080E+06   0.332643E+14   0.126489E+09   0.123411E+09   0.136115E+05
 0675   0.253184E+06   0.332785E+14   0.136969E+09   0.123660E+09   0.134741E+05
 0676   0.253287E+06   0.332926E+14   0.136652E+09   0.124059E+09   0.133373E+05
 0677   0.253434E+06   0.333087E+14   0.110142E+09   0.123274E+09   0.131549E+05
 0678   0.253521E+06   0.333220E+14   0.150722E+09   0.123977E+09   0.130352E+05
 0679   0.253623E+06   0.333359E+14   0.136581E+09   0.124442E+09   0.129009E+05
 0680   0.253739E+06   0.333505E+14   0.125943E+09   0.124666E+09   0.127521E+05
 0681   0.253854E+06   0.333651E+14   0.126770E+09   0.124828E+09   0.126043E+05
 0682   0.253969E+06   0.333796E+14   0.127355E+09   0.125074E+09   0.124573E+05
 0683   0.254097E+06   0.333949E+14   0.119268E+09   0.124962E+09   0.122968E+05
 0684   0.254196E+06   0.334088E+14   0.140509E+09   0.125442E+09   0.121672E+05
 0685   0.254308E+06   0.334233E+14   0.129415E+09   0.125710E+09   0.120242E+05
 0686   0.254447E+06   0.334392E+14   0.113731E+09   0.125244E+09   0.118541E+05
 0687   0.254572E+06   0.334544E+14   0.121395E+09   0.125020E+09   0.117004E+05
 0688   0.254655E+06   0.334674E+14   0.157764E+09   0.125816E+09   0.115917E+05
 0689   0.254779E+06   0.334825E+14   0.121762E+09   0.125724E+09   0.114420E+05
 0690   0.254902E+06   0.334975E+14   0.122173E+09   0.125523E+09   0.112939E+05
 0691   0.254983E+06   0.335105E+14   0.159009E+09   0.126323E+09   0.111888E+05
 0692   0.255119E+06   0.335260E+14   0.115008E+09   0.125933E+09   0.110291E+05
 0693   0.255240E+06   0.335409E+14   0.122785E+09   0.125775E+09   0.108849E+05
 0694   0.255374E+06   0.335564E+14   0.115711E+09   0.125189E+09   0.107300E+05
 0695   0.255427E+06   0.335678E+14   0.213940E+09   0.126455E+09   0.106552E+05
 0696   0.255520E+06   0.335812E+14   0.144135E+09   0.127081E+09   0.105423E+05
 0697   0.255666E+06   0.335972E+14   0.109744E+09   0.126506E+09   0.103800E+05
 0698   0.255758E+06   0.336106E+14   0.145586E+09   0.127067E+09   0.102706E+05
 0699   0.255862E+06   0.336247E+14   0.134140E+09   0.127403E+09   0.101500E+05
 0700   0.255954E+06   0.336381E+14   0.147426E+09   0.128033E+09   0.100429E+05
 0701   0.256071E+06   0.336529E+14   0.125893E+09   0.128181E+09   0.991212E+04
 0702   0.256175E+06   0.336671E+14   0.136606E+09   0.128569E+09   0.979480E+04
 0703   0.256252E+06   0.336801E+14   0.167814E+09   0.129603E+09   0.970240E+04
 0704   0.256433E+06   0.336981E+14   0.994310E+08   0.128409E+09   0.951715E+04
 0705   0.256562E+06   0.337137E+14   0.120825E+09   0.128025E+09   0.938065E+04
 0706   0.256666E+06   0.337279E+14   0.137891E+09   0.128153E+09   0.926764E+04
 0707   0.256743E+06   0.337408E+14   0.166797E+09   0.128944E+09   0.917771E+04
 0708   0.256820E+06   0.337538E+14   0.167889E+09   0.129884E+09   0.908808E+04
 0709   0.256949E+06   0.337693E+14   0.120485E+09   0.129693E+09   0.895352E+04
 0710   0.257052E+06   0.337837E+14   0.138813E+09   0.130060E+09   0.884201E+04
 0711   0.257194E+06   0.337999E+14   0.114603E+09   0.129490E+09   0.869750E+04
 0712   0.257271E+06   0.338129E+14   0.168583E+09   0.130310E+09   0.861014E+04
 0713   0.257426E+06   0.338298E+14   0.109322E+09   0.129368E+09   0.845714E+04
 0714   0.257439E+06   0.338397E+14   0.768779E+09   0.131610E+09   0.842624E+04
 0715   0.257670E+06   0.338604E+14   0.894161E+08   0.129173E+09   0.821042E+04
 0716   0.257709E+06   0.338714E+14   0.284459E+09   0.130642E+09   0.815941E+04
 0717   0.257811E+06   0.338856E+14   0.138949E+09   0.130873E+09   0.805462E+04
 0718   0.257914E+06   0.338999E+14   0.139077E+09   0.131153E+09   0.795070E+04
 0719   0.258029E+06   0.339147E+14   0.129244E+09   0.131136E+09   0.783706E+04
 0720   0.258156E+06   0.339302E+14   0.121341E+09   0.130804E+09   0.771428E+04
 0721   0.258271E+06   0.339450E+14   0.129126E+09   0.130675E+09   0.760331E+04
 0722   0.258397E+06   0.339603E+14   0.121102E+09   0.130217E+09   0.748276E+04
 0723   0.258486E+06   0.339736E+14   0.150151E+09   0.130561E+09   0.739284E+04
 0724   0.258625E+06   0.339896E+14   0.114208E+09   0.129818E+09   0.726209E+04
 0725   0.258701E+06   0.340021E+14   0.164744E+09   0.130320E+09   0.718318E+04
 0726   0.258790E+06   0.340152E+14   0.148332E+09   0.130609E+09   0.709426E+04
 0727   0.258866E+06   0.340277E+14   0.164453E+09   0.131199E+09   0.701590E+04
 0728   0.258929E+06   0.340396E+14   0.188379E+09   0.132123E+09   0.694842E+04
 0729   0.259043E+06   0.340539E+14   0.126147E+09   0.132174E+09   0.684272E+04
 0730   0.259194E+06   0.340702E+14   0.107271E+09   0.131363E+09   0.671168E+04
 0731   0.259321E+06   0.340852E+14   0.119174E+09   0.130890E+09   0.660183E+04
 0732   0.259371E+06   0.340963E+14   0.220296E+09   0.131924E+09   0.654886E+04
 0733   0.259434E+06   0.341082E+14   0.187950E+09   0.132896E+09   0.648686E+04
 0734   0.259585E+06   0.341244E+14   0.106967E+09   0.132156E+09   0.636498E+04
 0735   0.259699E+06   0.341387E+14   0.126678E+09   0.131969E+09   0.627139E+04
 0736   0.259774E+06   0.341511E+14   0.164363E+09   0.132482E+09   0.620447E+04
 0737   0.259837E+06   0.341629E+14   0.187914E+09   0.133311E+09   0.614642E+04
 0738   0.259962E+06   0.341778E+14   0.118282E+09   0.132972E+09   0.604731E+04
 0739   0.260112E+06   0.341939E+14   0.107361E+09   0.132055E+09   0.593314E+04
 0740   0.260237E+06   0.342087E+14   0.118830E+09   0.131525E+09   0.583687E+04
 0741   0.260386E+06   0.342249E+14   0.108275E+09   0.130340E+09   0.572619E+04
 0742   0.260473E+06   0.342374E+14   0.144836E+09   0.130325E+09   0.565597E+04
 0743   0.260535E+06   0.342485E+14   0.179437E+09   0.130852E+09   0.560182E+04
 0744   0.260584E+06   0.342590E+14   0.211424E+09   0.131728E+09   0.555586E+04
 0745   0.260658E+06   0.342708E+14   0.159033E+09   0.132198E+09   0.549457E+04
 0747   0.260695E+06   0.342894E+14   0.504266E+09   0.135427E+09   0.544069E+04
 0748   0.260708E+06   0.342991E+14   0.790293E+09   0.137420E+09   0.541657E+04
 0749   0.260782E+06   0.343115E+14   0.168334E+09   0.138649E+09   0.535618E+04
 0750   0.261111E+06   0.343351E+14   0.713867E+08   0.135311E+09   0.514662E+04
 0752   0.261244E+06   0.343594E+14   0.182429E+09   0.136816E+09   0.503903E+04
 0753   0.261269E+06   0.343698E+14   0.433406E+09   0.138510E+09   0.500985E+04
 0754   0.261329E+06   0.343822E+14   0.204795E+09   0.139747E+09   0.495981E+04
 0755   0.261449E+06   0.343971E+14   0.125011E+09   0.140058E+09   0.487604E+04
 0756   0.261627E+06   0.344150E+14   0.998102E+08   0.139283E+09   0.475906E+04
 0757   0.261852E+06   0.344358E+14   0.924173E+08   0.137438E+09   0.461647E+04
 0760   0.261993E+06   0.344710E+14   0.249610E+09   0.140283E+09   0.449469E+04
 0761   0.262064E+06   0.344841E+14   0.186022E+09   0.141201E+09   0.444101E+04
 0762   0.262275E+06   0.345039E+14   0.937024E+08   0.139745E+09   0.430904E+04
 0763   0.262520E+06   0.345264E+14   0.917951E+08   0.137192E+09   0.415711E+04
 0764   0.262567E+06   0.345378E+14   0.244115E+09   0.137995E+09   0.411793E+04
 0766   0.262579E+06   0.345570E+14   0.164102E+10   0.141299E+09   0.408478E+04
 0767   0.262719E+06   0.345733E+14   0.116089E+09   0.140933E+09   0.399402E+04
 0768   0.262918E+06   0.345927E+14   0.980031E+08   0.139386E+09   0.387141E+04
 0769   0.262976E+06   0.346049E+14   0.208959E+09   0.140114E+09   0.382661E+04
 0770   0.263081E+06   0.346196E+14   0.139288E+09   0.140097E+09   0.375693E+04
 0772   0.263174E+06   0.346429E+14   0.250488E+09   0.141902E+09   0.368155E+04
 0773   0.263256E+06   0.346563E+14   0.164971E+09   0.142520E+09   0.362592E+04
 0774   0.263603E+06   0.346837E+14   0.788561E+08   0.138519E+09   0.343287E+04
 0778   0.263729E+06   0.347256E+14   0.331212E+09   0.142352E+09   0.331933E+04
 0779   0.263879E+06   0.347420E+14   0.109405E+09   0.141659E+09   0.323183E+04
 0780   0.263959E+06   0.347550E+14   0.162240E+09   0.142094E+09   0.317952E+04
 0781   0.264188E+06   0.347757E+14   0.904748E+08   0.139947E+09   0.305400E+04
 0782   0.264245E+06   0.347873E+14   0.203099E+09   0.140531E+09   0.301445E+04
 0783   0.264371E+06   0.348026E+14   0.121744E+09   0.139967E+09   0.294204E+04
 0784   0.264451E+06   0.348153E+14   0.159162E+09   0.140155E+09   0.289244E+04
 0785   0.264610E+06   0.348325E+14   0.107466E+09   0.138957E+09   0.280544E+04
 0786   0.264645E+06   0.348425E+14   0.290434E+09   0.139809E+09   0.277842E+04
 0789   0.264725E+06   0.348718E+14   0.366644E+09   0.142744E+09   0.270759E+04
 0790   0.264976E+06   0.348928E+14   0.836269E+08   0.140400E+09   0.258239E+04
 0793   0.265148E+06   0.349262E+14   0.194298E+09   0.141747E+09   0.247336E+04
 0794   0.265159E+06   0.349352E+14   0.783767E+09   0.143103E+09   0.245729E+04
 0796   0.265297E+06   0.349588E+14   0.171603E+09   0.144006E+09   0.237550E+04
 0797   0.265366E+06   0.349707E+14   0.172234E+09   0.144567E+09   0.233513E+04
 0798   0.265458E+06   0.349836E+14   0.140572E+09   0.144849E+09   0.228571E+04
 0799   0.265677E+06   0.350026E+14   0.869785E+08   0.143162E+09   0.218556E+04
 0800   0.265826E+06   0.350187E+14   0.107382E+09   0.142411E+09   0.211528E+04
 0804   0.266058E+06   0.350633E+14   0.192929E+09   0.144057E+09   0.198650E+04
 0806   0.266185E+06   0.350862E+14   0.179821E+09   0.144979E+09   0.192025E+04
 0807   0.266463E+06   0.351088E+14   0.813219E+08   0.142229E+09   0.181390E+04
 0809   0.266475E+06   0.351252E+14   0.141543E+10   0.144669E+09   0.179092E+04
 0810   0.266498E+06   0.351347E+14   0.407731E+09   0.145815E+09   0.177341E+04
 0813   0.266637E+06   0.351669E+14   0.232149E+09   0.148034E+09   0.169900E+04
 0814   0.266889E+06   0.351871E+14   0.801499E+08   0.146000E+09   0.161356E+04
 0815   0.267048E+06   0.352036E+14   0.103520E+09   0.145083E+09   0.155879E+04
 0816   0.267206E+06   0.352203E+14   0.105750E+09   0.144054E+09   0.150631E+04
 0818   0.267285E+06   0.352402E+14   0.253751E+09   0.145415E+09   0.146790E+04
 0820   0.267363E+06   0.352604E+14   0.257057E+09   0.146753E+09   0.143010E+04
 0822   0.267463E+06   0.352818E+14   0.213451E+09   0.148003E+09   0.138763E+04
 0828   0.267838E+06   0.353495E+14   0.180556E+09   0.150041E+09   0.125039E+04
 0829   0.268013E+06   0.353659E+14   0.941408E+08   0.149131E+09   0.120658E+04
 0830   0.268186E+06   0.353828E+14   0.975112E+08   0.148085E+09   0.116459E+04
 0831   0.268272E+06   0.353954E+14   0.145627E+09   0.148189E+09   0.114005E+04
 0832   0.268294E+06   0.354045E+14   0.427460E+09   0.149263E+09   0.112783E+04
 0837   0.268443E+06   0.354545E+14   0.334120E+09   0.153680E+09   0.105868E+04
 0838   0.268781E+06   0.354787E+14   0.715936E+08   0.150672E+09   0.995984E+03
 0839   0.268907E+06   0.354936E+14   0.118455E+09   0.150241E+09   0.968514E+03
 0840   0.268949E+06   0.355040E+14   0.248575E+09   0.150970E+09   0.954325E+03
 0841   0.269095E+06   0.355200E+14   0.110190E+09   0.150431E+09   0.924292E+03
 0847   0.269292E+06   0.355799E+14   0.303778E+09   0.154656E+09   0.848470E+03
 0849   0.269498E+06   0.356069E+14   0.130999E+09   0.154684E+09   0.803558E+03
 0852   0.269765E+06   0.356459E+14   0.145899E+09   0.154979E+09   0.743812E+03
 0854   0.269837E+06   0.356670E+14   0.293289E+09   0.156736E+09   0.719105E+03
 0859   0.270042E+06   0.357228E+14   0.272175E+09   0.160787E+09   0.653782E+03
 0860   0.270267E+06   0.357419E+14   0.851307E+08   0.159665E+09   0.617657E+03
 0862   0.270461E+06   0.357700E+14   0.144791E+09   0.160066E+09   0.576672E+03
 0863   0.270522E+06   0.357825E+14   0.204028E+09   0.160795E+09   0.560993E+03
 0866   0.270655E+06   0.358183E+14   0.270249E+09   0.163362E+09   0.521194E+03
 0868   0.270807E+06   0.358456E+14   0.178857E+09   0.164452E+09   0.487522E+03
 0869   0.270889E+06   0.358596E+14   0.172777E+09   0.165124E+09   0.470843E+03
 0872   0.271000E+06   0.358971E+14   0.335292E+09   0.168152E+09   0.436253E+03
 0873   0.271061E+06   0.359109E+14   0.227147E+09   0.169235E+09   0.422288E+03
 0875   0.271213E+06   0.359403E+14   0.193204E+09   0.170786E+09   0.391121E+03
 0876   0.271315E+06   0.359563E+14   0.157519E+09   0.171518E+09   0.373498E+03
 0879   0.271508E+06   0.360012E+14   0.232913E+09   0.173998E+09   0.335791E+03
 0880   0.271996E+06   0.360353E+14   0.698626E+08   0.170270E+09   0.309175E+03
 0890   0.272549E+06   0.361787E+14   0.259389E+09   0.175574E+09   0.245061E+03
 0891   0.272786E+06   0.362019E+14   0.979757E+08   0.174733E+09   0.240046E+03
 0895   0.272909E+06   0.362587E+14   0.458516E+09   0.179269E+09   0.212309E+03
 0896   0.273096E+06   0.362800E+14   0.114390E+09   0.179137E+09   0.208219E+03
 0897   0.273241E+06   0.363000E+14   0.137907E+09   0.179245E+09   0.201540E+03
 0898   0.273251E+06   0.363141E+14   0.135380E+10   0.180764E+09   0.195099E+03
 0900   0.273303E+06   0.363449E+14   0.591983E+09   0.184028E+09   0.182027E+03
 0901   0.273492E+06   0.363675E+14   0.120014E+09   0.184300E+09   0.177190E+03
 0902   0.273649E+06   0.363895E+14   0.139567E+09   0.184704E+09   0.172187E+03
 0903   0.273754E+06   0.364095E+14   0.190113E+09   0.185652E+09   0.166815E+03
 0905   0.273903E+06   0.364476E+14   0.257199E+09   0.187875E+09   0.155842E+03
 0906   0.274222E+06   0.364793E+14   0.989462E+08   0.186662E+09   0.151405E+03
 0917   0.274470E+06   0.366644E+14   0.748307E+09   0.204902E+09   0.807999E+02
 0918   0.274752E+06   0.366959E+14   0.111389E+09   0.213303E+09   0.783675E+02
 0919   0.275427E+06   0.367536E+14   0.855320E+08   0.214969E+09   0.788248E+02
 0921   0.275561E+06   0.368252E+14   0.531228E+09   0.225551E+09   0.679784E+02
 0922   0.275584E+06   0.368648E+14   0.175439E+10   0.231074E+09   0.621297E+02
 0923   0.275742E+06   0.369150E+14   0.317009E+09   0.235859E+09   0.573470E+02
 0924   0.275925E+06   0.369710E+14   0.306946E+09   0.241008E+09   0.527359E+02
 0925   0.276144E+06   0.370344E+14   0.289698E+09   0.246350E+09   0.486582E+02
 0926   0.276388E+06   0.371056E+14   0.291566E+09   0.251894E+09   0.443684E+02
 0927   0.276623E+06   0.371839E+14   0.332660E+09   0.258340E+09   0.399503E+02
 0928   0.276897E+06   0.372736E+14   0.327332E+09   0.265481E+09   0.356475E+02
 0929   0.277200E+06   0.373767E+14   0.340652E+09   0.273540E+09   0.313869E+02
 0930   0.277520E+06   0.374957E+14   0.371445E+09   0.284231E+09   0.271414E+02
 0931   0.278038E+06   0.376501E+14   0.297971E+09   0.295042E+09   0.234432E+02
 0932   0.278588E+06   0.378365E+14   0.339052E+09   0.307667E+09   0.195591E+02
 0933   0.279243E+06   0.380705E+14   0.357280E+09   0.323489E+09   0.168426E+02
 0938   0.279341E+06   0.426910E+14   0.470946E+11   0.103627E+10   0.975723E+00
 0939   0.364659E+06   0.983079E+14   0.651879E+09   0.101920E+11   0.103956E-03
 0999   0.184376E+08   0.444607E+18   0.245952E+11   0.402644E+09   0.126017E-08
