  0.0000000000E+000  0.0000000000E+000
  1.7003576676E+003  1.6207775708E+014
  3.4006246376E+003  1.6207602256E+014
  5.1006911816E+003  1.6206886843E+014
  6.8006655833E+003  1.6205759358E+014
  8.5003967652E+003  1.6204296966E+014
  1.0200367490E+004  1.6203239359E+014
  1.1900625426E+004  1.6202732800E+014
  1.3600546689E+004  1.6201592029E+014
  1.5300517583E+004  1.6199067614E+014
  1.7000397727E+004  1.6195206808E+014
  1.8700407460E+004  1.6188579751E+014
  2.0400436812E+004  1.6177183196E+014
  2.2100614695E+004  1.6162794200E+014
  2.3800696823E+004  1.6149328012E+014
  2.5500583935E+004  1.6136292261E+014
  2.7200653889E+004  1.6126927768E+014
  2.8900640682E+004  1.6124963126E+014
  3.0600602952E+004  1.6127957607E+014
  3.2300513415E+004  1.6130588958E+014
  3.4000550188E+004  1.6131469372E+014
  3.5700469643E+004  1.6135326744E+014
  3.7400471448E+004  1.6143262265E+014
  3.9100560489E+004  1.6157988170E+014
  4.0800605497E+004  1.6191383108E+014
  4.2500662307E+004  1.6235782435E+014
  4.4200548945E+004  7.6483519648E+014
  4.5900385431E+004  1.0680263585E+015
  4.7600462150E+004  1.1740783549E+015
  4.9300529351E+004  1.2139890028E+015
  5.1000537062E+004  1.2468458277E+015
  5.2700615050E+004  1.3016708660E+015
  5.4400475649E+004  1.3546195774E+015
  5.6100414494E+004  1.4040279862E+015
  5.7800428083E+004  1.4502039849E+015
  5.9500490966E+004  1.4930665382E+015
  6.1200536636E+004  1.5324141494E+015
  6.2900602277E+004  1.5680852638E+015
  6.4600598827E+004  1.6000230724E+015
  6.6300435547E+004  1.6282896212E+015
  6.8000608521E+004  1.6533825642E+015
  6.9700591278E+004  1.6765854819E+015
  7.1400528458E+004  1.6977270806E+015
  7.3100489859E+004  1.7167145490E+015
  7.4800360974E+004  1.7336100802E+015
  7.6500449376E+004  1.7485621272E+015
  7.8200420975E+004  1.7617480791E+015
  7.9900594866E+004  1.7733577658E+015
  8.1600558989E+004  1.7835676159E+015
  8.3300605843E+004  1.7925432393E+015
  8.5000418015E+004  1.8004285364E+015
  8.6700441034E+004  1.8073525779E+015
  8.8400465031E+004  1.8134239749E+015
  9.0100381281E+004  1.8187363762E+015
  9.1800411735E+004  1.8233705717E+015
  9.3500446880E+004  1.8273941988E+015
  9.5200637655E+004  1.8308670448E+015
  9.6900650322E+004  1.8338575724E+015
  9.8600478474E+004  1.8364334429E+015
  1.0030066251E+005  1.8386513738E+015
  1.0200045748E+005  1.8405572476E+015
  1.0370061441E+005  1.8421916392E+015
  1.0540063469E+005  1.8435881158E+015
  1.0710040216E+005  1.8447763002E+015
  1.0880068853E+005  1.8457827860E+015
  1.1050049501E+005  1.8466302445E+015
  1.1220046208E+005  1.8473400554E+015
  1.1390064751E+005  1.8479314193E+015
  1.1560050809E+005  1.8484219464E+015
  1.1730046389E+005  1.8488284300E+015
  1.1900059860E+005  1.8491666219E+015
  1.2070062829E+005  1.8494514955E+015
  1.2240048300E+005  1.8496975074E+015
  1.2410044964E+005  1.8499186844E+015
  1.2580053262E+005  1.8501286055E+015
  1.2750068429E+005  1.8503404868E+015
  1.2920046544E+005  1.8505671429E+015
  1.3090053649E+005  1.8508211699E+015
  1.3260053507E+005  1.8511146289E+015
  1.3430043032E+005  1.8514297247E+015
  1.3600052241E+005  1.8516771345E+015
  1.3770047038E+005  1.8518552681E+015
  1.3940067691E+005  1.8519701109E+015
  1.4110047608E+005  1.8520272732E+015
  1.4280061493E+005  1.8520321825E+015
  1.4450048252E+005  1.8519900286E+015
  1.4620049168E+005  1.8519058384E+015
  1.4790063967E+005  1.8517845046E+015
  1.4960058072E+005  1.8516308569E+015
  1.5130064618E+005  1.8514495956E+015
  1.5300041522E+005  1.8512454427E+015
  1.5470055541E+005  1.8510229536E+015
  1.5640037379E+005  1.8507868315E+015
  1.5810051614E+005  1.8505415879E+015
  1.5980057083E+005  1.8502918750E+015
  1.6150052037E+005  1.8500422871E+015
  1.6320036592E+005  1.8497974115E+015
  1.6490046361E+005  1.8495617792E+015
  1.6660049243E+005  1.8493400055E+015
  1.6830048601E+005  1.8491366324E+015
  1.7000048702E+005  1.8489561671E+015
  1.7170055971E+005  1.8488030684E+015
  1.7340040887E+005  1.8486817546E+015
  1.7510037213E+005  1.8485873003E+015
  1.7680042546E+005  1.8484934127E+015
  1.7850056168E+005  1.8483990608E+015
  1.8020041355E+005  1.8483052484E+015
  1.8190064983E+005  1.8482128595E+015
  1.8360053431E+005  1.8481227925E+015
  1.8530037400E+005  1.8480358262E+015
  1.8700049379E+005  1.8479526794E+015
  1.8870053418E+005  1.8478740434E+015
  1.9040048718E+005  1.8478005300E+015
  1.9210036652E+005  1.8477326894E+015
  1.9380053971E+005  1.8476709993E+015
  1.9550069328E+005  1.8476159044E+015
  1.9720053599E+005  1.8475677848E+015
  1.9890045527E+005  1.8475269426E+015
  2.0060045422E+005  1.8474936357E+015
  2.0230054444E+005  1.8474680657E+015
  2.0400038308E+005  1.8474503821E+015
  2.0570064136E+005  1.8474406705E+015
  2.0740058742E+005  1.8474389746E+015
  2.0910054939E+005  1.8474452797E+015
  2.1080049449E+005  1.8474595416E+015
  2.1250039473E+005  1.8474816806E+015
  2.1420059346E+005  1.8475115726E+015
  2.1590037105E+005  1.8475713833E+015
  2.1760041819E+005  1.8477023576E+015
  2.1930041412E+005  1.8478884624E+015
  2.2100039127E+005  1.8481120664E+015
  2.2270036090E+005  1.8483561903E+015
  2.2440035936E+005  1.8486045764E+015
  2.2610042744E+005  1.8488417039E+015
  2.2780057808E+005  1.8490527592E+015
  2.2950046363E+005  1.8492235526E+015
  2.3120042419E+005  1.8493405509E+015
  2.3290043028E+005  1.8493906386E+015
  2.3460045874E+005  1.8493610371E+015
  2.3630050108E+005  1.8492617505E+015
  2.3800052934E+005  1.8491543949E+015
  2.3970051805E+005  1.8490435421E+015
  2.4140044373E+005  1.8489293392E+015
  2.4310065282E+005  1.8488119051E+015
  2.4480046672E+005  1.8486914273E+015
  2.4650059534E+005  1.8485679938E+015
  2.4820069491E+005  1.8484417642E+015
  2.4990045177E+005  1.8483128659E+015
  2.5160060812E+005  1.8481813228E+015
  2.5330048313E+005  1.8480473166E+015
  2.5500042671E+005  1.8479109489E+015
  2.5670043584E+005  1.8477723471E+015
  2.5840049740E+005  1.8476316383E+015
  2.6010059836E+005  1.8474889483E+015
  2.6180038442E+005  1.8473444307E+015
  2.6350052220E+005  1.8471981506E+015
  2.6520062591E+005  1.8470502612E+015
  2.6690069172E+005  1.8469008816E+015
  2.6860036724E+005  1.8467501604E+015
  2.7030068250E+005  1.8465981210E+015
  2.7200059887E+005  1.8464449696E+015
  2.7370048658E+005  1.8462907847E+015
  2.7540036642E+005  1.8461356740E+015
  2.7710061747E+005  1.8459797102E+015
  2.7880057056E+005  1.8458230600E+015
  2.8050057634E+005  1.8456657946E+015
  2.8220064027E+005  1.8455080145E+015
  2.8390042504E+005  1.8453498499E+015
  2.8560060895E+005  1.8451913339E+015
  2.8730047445E+005  1.8450326277E+015
  2.8900035061E+005  1.8448737929E+015
  2.9070056351E+005  1.8447148890E+015
  2.9240040574E+005  1.8445560696E+015
  2.9410056251E+005  1.8443973551E+015
  2.9580066376E+005  1.8442388621E+015
  2.9750036507E+005  1.8440807018E+015
  2.9920038789E+005  1.8439228831E+015
  3.0090039728E+005  1.8437655105E+015
  3.0260040658E+005  1.8436086532E+015
  3.0430043855E+005  1.8434523763E+015
  3.0600051406E+005  1.8432967420E+015
  3.0770064833E+005  1.8431418101E+015
  3.0940050032E+005  1.8429876693E+015
  3.1110040349E+005  1.8428343439E+015
  3.1280068538E+005  1.8426818560E+015
  3.1450064315E+005  1.8425303166E+015
  3.1620061255E+005  1.8423797402E+015
  3.1790056693E+005  1.8422301704E+015
  3.1960049132E+005  1.8420816465E+015
  3.2130037609E+005  1.8419342034E+015
  3.2300056199E+005  1.8417878430E+015
  3.2470036983E+005  1.8416426511E+015
  3.2640050809E+005  1.8414985909E+015
  3.2810062781E+005  1.8413557129E+015
  3.2980040369E+005  1.8412140608E+015
  3.3150056870E+005  1.8410735869E+015
  3.3320043654E+005  1.8409343579E+015
  3.3490035323E+005  1.8407963513E+015
  3.3660066737E+005  1.8406595420E+015
  3.3830067166E+005  1.8405239861E+015
  3.4000035895E+005  1.8403896476E+015
  3.4170041916E+005  1.8402563290E+015
  3.4340047611E+005  1.8401239666E+015
  3.4510051026E+005  1.8399924752E+015
  3.4680051975E+005  1.8398617697E+015
  3.4850049828E+005  1.8397317667E+015
  3.5020043902E+005  1.8396023842E+015
  3.5190069406E+005  1.8394735146E+015
  3.5360057712E+005  1.8393451309E+015
  3.5530045938E+005  1.8392171271E+015
  3.5700036740E+005  1.8390894254E+015
  3.5870065783E+005  1.8389619247E+015
  3.6040063835E+005  1.8388346050E+015
  3.6210066676E+005  1.8387073691E+015
  3.6380039856E+005  1.8385801745E+015
  3.6550051515E+005  1.8384529035E+015
  3.6720065613E+005  1.8383255185E+015
  3.6890045899E+005  1.8381979837E+015
  3.7060059893E+005  1.8380701876E+015
  3.7230037525E+005  1.8379421235E+015
  3.7400047827E+005  1.8378136826E+015
  3.7570053852E+005  1.8376848374E+015
  3.7740055815E+005  1.8375555346E+015
  3.7910056121E+005  1.8374257211E+015
  3.8080055733E+005  1.8372953468E+015
  3.8250055648E+005  1.8371643637E+015
  3.8420057484E+005  1.8370327252E+015
  3.8590062561E+005  1.8369003868E+015
  3.8760037460E+005  1.8367673335E+015
  3.8930052555E+005  1.8366334707E+015
  3.9100036685E+005  1.8364988170E+015
  3.9270058008E+005  1.8363632829E+015
  3.9440046667E+005  1.8362268906E+015
  3.9610036137E+005  1.8360895821E+015
  3.9780059400E+005  1.8359513009E+015
  3.9950045412E+005  1.8358120774E+015
  4.0120062804E+005  1.8356718299E+015
  4.0290042055E+005  1.8355305920E+015
  4.0460054166E+005  1.8353882830E+015
  4.0630064875E+005  1.8352449114E+015
  4.0800039512E+005  1.8351004891E+015
  4.0970049881E+005  1.8349549390E+015
  4.1140063497E+005  1.8348082743E+015
  4.1310046185E+005  1.8346605124E+015
  4.1480067982E+005  1.8345115820E+015
  4.1650058827E+005  1.8343615355E+015
  4.1820052547E+005  1.8342103366E+015
  4.1990048975E+005  1.8340579803E+015
  4.2160047373E+005  1.8339044639E+015
  4.2330045115E+005  1.8337497883E+015
  4.2500040952E+005  1.8335939546E+015
  4.2670035043E+005  1.8334369645E+015
  4.2840061482E+005  1.8332787898E+015
  4.3010050363E+005  1.8331195008E+015
  4.3180036927E+005  1.8329590719E+015
  4.3350056456E+005  1.8327974785E+015
  4.3520041222E+005  1.8326347953E+015
  4.3690063436E+005  1.8324709653E+015
  4.3860053525E+005  1.8323060688E+015
  4.4030046539E+005  1.8321400873E+015
  4.4200043723E+005  1.8319730363E+015
  4.4370045045E+005  1.8318049337E+015
  4.4540049328E+005  1.8316358001E+015
  4.4710055495E+005  1.8314656574E+015
  4.4880062305E+005  1.8312942738E+015
  4.5050068312E+005  1.8311210420E+015
  4.5220038420E+005  1.8309460383E+015
  4.5390041442E+005  1.8307692652E+015
  4.5560041278E+005  1.8305908324E+015
  4.5730038236E+005  1.8304108123E+015
  4.5900068538E+005  1.8302292379E+015
  4.6070063632E+005  1.8300462544E+015
  4.6240059471E+005  1.8298618947E+015
  4.6410057021E+005  1.8296762288E+015
  4.6580056973E+005  1.8294893265E+015
  4.6750060985E+005  1.8293012559E+015
  4.6920069610E+005  1.8291120862E+015
  4.7090046228E+005  1.8289219280E+015
  4.7260059648E+005  1.8287307734E+015
  4.7430040213E+005  1.8285387694E+015
  4.7600056105E+005  1.8283459074E+015
  4.7770036314E+005  1.8281523360E+015
  4.7940049603E+005  1.8279580445E+015
  4.8110059813E+005  1.8277631414E+015
  4.8280067297E+005  1.8275676935E+015
  4.8450038806E+005  1.8273718055E+015
  4.8620043975E+005  1.8271754635E+015
  4.8790048198E+005  1.8269787730E+015
  4.8960053552E+005  1.8267817969E+015
  4.9130061716E+005  1.8265845985E+015
  4.9300038447E+005  1.8263872821E+015
  4.9470053613E+005  1.8261898308E+015
  4.9640037084E+005  1.8259923898E+015
  4.9810057834E+005  1.8257949421E+015
  4.9980046167E+005  1.8255976318E+015
  5.0150035920E+005  1.8254004825E+015
  5.0320059918E+005  1.8252035185E+015
  5.0490047482E+005  1.8250068839E+015
  5.0660068264E+005  1.8248105599E+015
  5.0830052081E+005  1.8246146883E+015
  5.1000068813E+005  1.8244192496E+015
  5.1170048920E+005  1.8242243837E+015
  5.1340062393E+005  1.8240300700E+015
  5.1510041423E+005  1.8238364452E+015
  5.1680057610E+005  1.8236434861E+015
  5.1850041394E+005  1.8234513297E+015
  5.2020062490E+005  1.8232599548E+015
  5.2190052385E+005  1.8230694952E+015
  5.2360045544E+005  1.8228799685E+015
  5.2530041312E+005  1.8226914310E+015
  5.2700038724E+005  1.8225039388E+015
  5.2870036236E+005  1.8223175479E+015
  5.3040067978E+005  1.8221322750E+015
  5.3210064264E+005  1.8219482492E+015
  5.3380058675E+005  1.8217654859E+015
  5.3550050367E+005  1.8215840378E+015
  5.3720040129E+005  1.8214039548E+015
  5.3890063557E+005  1.8212252499E+015
  5.4060051861E+005  1.8210480449E+015
  5.4230041194E+005  1.8208723505E+015
  5.4400066867E+005  1.8206981786E+015
  5.4570059662E+005  1.8205256474E+015
  5.4740056045E+005  1.8203547660E+015
  5.4910056323E+005  1.8201855797E+015
  5.5080058983E+005  1.8200181351E+015
  5.5250063317E+005  1.8198524769E+015
  5.5420069151E+005  1.8196886486E+015
  5.5590040631E+005  1.8195267265E+015
  5.5760046281E+005  1.8193666868E+015
  5.5930050451E+005  1.8192085465E+015
  5.6100051927E+005  1.8190522470E+015
  5.6270051275E+005  1.8188978305E+015
  5.6440049731E+005  1.8187453399E+015
  5.6610047183E+005  1.8185948186E+015
  5.6780044111E+005  1.8184463095E+015
  5.6950042098E+005  1.8183000511E+015
  5.7120042419E+005  1.8181561807E+015
  5.7290045921E+005  1.8180146480E+015
  5.7460052731E+005  1.8178754026E+015
  5.7630061910E+005  1.8177383943E+015
  5.7800038341E+005  1.8176035990E+015
  5.7970052004E+005  1.8174709088E+015
  5.8140066618E+005  1.8173402997E+015
  5.8310045722E+005  1.8172117455E+015
  5.8480058595E+005  1.8170851398E+015
  5.8650035008E+005  1.8169604802E+015
  5.8820044397E+005  1.8168376609E+015
  5.8990052385E+005  1.8167166519E+015
  5.9160058905E+005  1.8165973975E+015
  5.9330064268E+005  1.8164798415E+015
  5.9500035467E+005  1.8163639500E+015
  5.9670043601E+005  1.8162496181E+015
  5.9840053858E+005  1.8161368132E+015
  6.0010066465E+005  1.8160254784E+015
  6.0180047218E+005  1.8159155788E+015
  6.0350065596E+005  1.8158070127E+015
  6.0520051516E+005  1.8156997679E+015
  6.0690038907E+005  1.8155937656E+015
  6.0860060917E+005  1.8154889286E+015
  6.1030047539E+005  1.8153852432E+015
  6.1200068575E+005  1.8152826099E+015
  6.1370053126E+005  1.8151810149E+015
  6.1540035366E+005  1.8150803809E+015
  6.1710050962E+005  1.8149806306E+015
  6.1880065640E+005  1.8148817282E+015
  6.2050045435E+005  1.8147836374E+015
  6.2220061231E+005  1.8146862616E+015
  6.2390043378E+005  1.8145895854E+015
  6.2560062207E+005  1.8144935137E+015
  6.2730049405E+005  1.8143980304E+015
  6.2900039849E+005  1.8143030615E+015
  6.3070067283E+005  1.8142085373E+015
  6.3240061490E+005  1.8141144561E+015
  6.3410056647E+005  1.8140207483E+015
  6.3580052096E+005  1.8139273631E+015
  6.3750047313E+005  1.8138342503E+015
  6.3920041003E+005  1.8137413605E+015
  6.4090067225E+005  1.8136486254E+015
  6.4260057015E+005  1.8135560338E+015
  6.4430046046E+005  1.8134635178E+015
  6.4600069055E+005  1.8133710106E+015
  6.4770057041E+005  1.8132785025E+015
  6.4940046067E+005  1.8131859272E+015
  6.5110037048E+005  1.8130932383E+015
  6.5280065844E+005  1.8130003706E+015
  6.5450062883E+005  1.8129073173E+015
  6.5620061868E+005  1.8128140158E+015
  6.5790062611E+005  1.8127204226E+015
  6.5960065490E+005  1.8126264946E+015
  6.6130069160E+005  1.8125321901E+015
  6.6300037387E+005  1.8124374877E+015
  6.6470039467E+005  1.8123423077E+015
  6.6640040132E+005  1.8122466293E+015
  6.6810039310E+005  1.8121504127E+015
  6.6980037379E+005  1.8120536186E+015
  6.7150068915E+005  1.8119561885E+015
  6.7320064768E+005  1.8118581242E+015
  6.7490061561E+005  1.8117593674E+015
  6.7660060092E+005  1.8116598810E+015
  6.7830060603E+005  1.8115596288E+015
  6.8000063498E+005  1.8114585750E+015
  6.8170068763E+005  1.8113566849E+015
  6.8340041517E+005  1.8112539452E+015
  6.8510051469E+005  1.8111502802E+015
  6.8680062634E+005  1.8110456785E+015
  6.8850038597E+005  1.8109401303E+015
  6.9020049041E+005  1.8108335604E+015
  6.9190058957E+005  1.8107259593E+015
  6.9360067416E+005  1.8106172968E+015
  6.9530039234E+005  1.8105075656E+015
  6.9700044485E+005  1.8103966908E+015
  6.9870048930E+005  1.8102846655E+015
  7.0040053708E+005  1.8101714602E+015
  7.0210059635E+005  1.8100570464E+015
  7.0380066603E+005  1.8099413967E+015
  7.0550040379E+005  1.8098245078E+015
  7.0720051966E+005  1.8097063043E+015
  7.0890066246E+005  1.8095867842E+015
  7.1060047595E+005  1.5919429634E+014
  7.1230065367E+005  1.5918939793E+014
  7.1400048958E+005  1.5918447069E+014
  7.1570067571E+005  1.5917951092E+014
  7.1740051267E+005  1.5917451893E+014
  7.1910068437E+005  1.5916948749E+014
  7.2080048664E+005  1.5916435259E+014
  7.2250062594E+005  1.5915908771E+014
  7.2420040954E+005  1.5915369480E+014
  7.2590053513E+005  1.5914817122E+014
  7.2760066165E+005  1.5914251736E+014
  7.2930044824E+005  1.5913673360E+014
  7.3100060072E+005  1.5913081685E+014
  7.3270043394E+005  1.5912476922E+014
  7.3440064180E+005  1.5911858850E+014
  7.3610051889E+005  1.5911227807E+014
  7.3780041273E+005  1.5910583809E+014
  7.3950067183E+005  1.5909927022E+014
  7.4120058861E+005  1.5909260377E+014
  7.4290050247E+005  1.5908593336E+014
  7.4460040612E+005  1.5907930441E+014
  7.4630064286E+005  1.5907275295E+014
  7.4800052058E+005  1.5906631892E+014
  7.4970039002E+005  1.5906004174E+014
  7.5140059449E+005  1.5905405886E+014
  7.5310044389E+005  1.5904920596E+014
  7.5480065228E+005  1.5904609748E+014
  7.5650052739E+005  1.5904422769E+014
  7.5820042108E+005  1.5904361678E+014
  7.5990068584E+005  1.5904426173E+014
  7.6160062256E+005  1.5904616424E+014
  7.6330057924E+005  1.5904998224E+014
  7.6500055758E+005  1.5906443031E+014
  7.6670054586E+005  1.5911760880E+014
  7.6840053093E+005  1.5918319590E+014
  7.7010051304E+005  1.5924558623E+014
  7.7180048812E+005  1.5930492170E+014
  7.7350045078E+005  1.5936390382E+014
  7.7520040015E+005  1.5942236671E+014
  7.7690068476E+005  1.5948394458E+014
  7.7860061279E+005  1.5961009457E+014
  7.8030054730E+005  1.6001129209E+014
  7.8200049261E+005  1.4879642053E+014
  7.8370044728E+005  1.4055428075E+014
  7.8540041910E+005  1.4060716413E+014
  7.8710041643E+005  1.4063354563E+014
  7.8880043713E+005  1.4064405470E+014
  7.9050047714E+005  1.4064845749E+014
  7.9220052963E+005  1.4064961637E+014
  7.9390058660E+005  1.4064469528E+014
  7.9560064622E+005  1.4063882846E+014
  7.9730035630E+005  1.4063460162E+014
  7.9900040182E+005  1.4063358694E+014
  8.0070042958E+005  1.4064442639E+014
  8.0240044734E+005  1.8122447700E+015
  8.0410045824E+005  1.8191656654E+015
  8.0580046542E+005  1.8225680561E+015
  8.0750047507E+005  1.8242291095E+015
  8.0920049108E+005  1.8251121600E+015
  8.1090052329E+005  1.8255751210E+015
  8.1260058355E+005  1.8258024038E+015
  8.1430066694E+005  1.8259140972E+015
  8.1600041703E+005  1.8260169437E+015
  8.1770053254E+005  1.8265548834E+015
  8.1940066127E+005  1.8282474840E+015
  8.2110044588E+005  1.8311615728E+015
  8.2280057858E+005  1.8349150398E+015
  8.2450035258E+005  1.8389383308E+015
  8.2620045941E+005  1.8437486149E+015
  8.2790055845E+005  1.8491258002E+015
  8.2960065080E+005  1.8486175356E+015
  8.3130038319E+005  1.8474004656E+015
  8.3300045997E+005  1.6383971807E+015
  8.3470054540E+005  1.1528948902E+015
  8.3640064547E+005  1.6230780052E+014
  8.3810041645E+005  1.6231033060E+014
  8.3980055584E+005  1.6233773260E+014
  8.4150036374E+005  1.6234374944E+014
  8.4320054052E+005  1.6233669809E+014
  8.4490038759E+005  1.6227095448E+014
  8.4660059082E+005  1.6227424466E+014
  8.4830044334E+005  1.6227744483E+014
  8.5000064200E+005  1.6227712598E+014
  8.5170048409E+005  1.6227618018E+014
  8.5340066449E+005  1.6227686344E+014
  8.5510048590E+005  1.6227839693E+014
  8.5680064342E+005  1.6228066413E+014
  8.5850044521E+005  1.6228366787E+014
  8.6020060301E+005  1.6228726579E+014
  8.6190042254E+005  1.6229164851E+014
  8.6360060013E+005  1.6229702398E+014
  8.6530044614E+005  1.6230358606E+014
  8.6700066241E+005  1.6231136334E+014
  8.6870055101E+005  1.6232035537E+014
  8.7040045919E+005  1.6233057715E+014
  8.7210037734E+005  1.6234204948E+014
  8.7380064620E+005  1.6235481326E+014
  8.7550057032E+005  1.6236897223E+014
  8.7720049325E+005  1.6238460485E+014
  8.7890040339E+005  1.6240176730E+014
  8.8060064872E+005  1.6242051381E+014
  8.8230053450E+005  1.6244088269E+014
  8.8400041328E+005  1.6246292359E+014
  8.8570064074E+005  1.6375286824E+015
  8.8740052247E+005  1.6435130124E+015
  8.8910040923E+005  1.6500021084E+015
  8.9080066055E+005  1.6563583415E+015
  8.9250058865E+005  1.6619830906E+015
  8.9420053779E+005  1.6664623941E+015
  8.9590050188E+005  1.6700607694E+015
  8.9760048086E+005  1.6732858300E+015
  8.9930047023E+005  1.6765522976E+015
  9.0100046493E+005  1.6801766069E+015
  9.0270045906E+005  1.6844232322E+015
  9.0440044280E+005  1.6890581579E+015
  9.0610041258E+005  1.6935863549E+015
  9.0780037523E+005  1.6976283594E+015
  9.0950068004E+005  1.7008939777E+015
  9.1120062753E+005  1.7032123221E+015
  9.1290057365E+005  1.7048796118E+015
  9.1460052620E+005  1.7061150085E+015
  9.1630049167E+005  1.7070293433E+015
  9.1800047810E+005  1.7076600663E+015
  9.1970048224E+005  1.7079794747E+015
  9.2140049970E+005  1.7090334979E+015
  9.2310053695E+005  1.6955018707E+015
  9.2480059159E+005  1.6696128449E+015
  9.2650065227E+005  1.6150215241E+015
  9.2820036281E+005  1.4717449554E+015
  9.2990041834E+005  1.1528873098E+015
  9.3160046571E+005  7.4626313994E+014
  9.3330050618E+005  5.5747045815E+014
  9.3500053719E+005  6.3004436273E+014
  9.3670055603E+005  6.2032660140E+014
  9.3840057072E+005  1.9013035856E+014
  9.4010059193E+005  1.6451779721E+014
  9.4180062213E+005  1.6460058353E+014
  9.4350066390E+005  1.6469987101E+014
  9.4520037251E+005  1.6480813178E+014
  9.4690044774E+005  1.6492142372E+014
  9.4860054330E+005  1.6503793152E+014
  9.5030065794E+005  1.6515650437E+014
  9.5200043179E+005  1.6527797777E+014
  9.5370055553E+005  1.6541639723E+014
  9.5540068283E+005  1.6554668136E+014
  9.5710045950E+005  1.6567967288E+014
  9.5880057462E+005  1.6581535176E+014
  9.6050067842E+005  1.6595360573E+014
  9.6220042252E+005  3.3084577964E+014
  9.6390050889E+005  4.8392492259E+014
  9.6560059739E+005  6.1561751338E+014
  9.6730068927E+005  7.2885032878E+014
  9.6900043681E+005  8.2606014080E+014
  9.7070054941E+005  9.0980558091E+014
  9.7240068493E+005  9.8251568012E+014
  9.7410049022E+005  1.0457597537E+015
  9.7580066066E+005  1.1008905930E+015
  9.7750049429E+005  1.1490075309E+015
  9.7920068413E+005  1.1910848458E+015
  9.8090053229E+005  1.2279215315E+015
  9.8260038042E+005  1.2602287436E+015
  9.8430056570E+005  1.2886177972E+015
  9.8600039017E+005  1.3840480391E+015
  9.8770055720E+005  1.4034710021E+015
  9.8940036853E+005  1.4206982936E+015
  9.9110052321E+005  1.4360331765E+015
  9.9280067714E+005  1.4497331562E+015
  9.9450048766E+005  1.4620266602E+015
  9.9620065990E+005  1.4731229234E+015
  9.9790050312E+005  1.4831967970E+015
  9.9960036258E+005  1.4919714666E+015
  1.0013005836E+006  1.4993051629E+015
  1.0030004730E+006  1.5054028527E+015
  1.0047003772E+006  1.5104452799E+015
  1.0064006371E+006  1.5145901297E+015
  1.0081005490E+006  1.5179750913E+015
  1.0098004544E+006  1.5207219816E+015
  1.0115003513E+006  1.5229354656E+015
  1.0132005932E+006  1.5247065389E+015
  1.0149004776E+006  1.5261130320E+015
  1.0166003501E+006  1.5272233818E+015
  1.0183005687E+006  1.5280966348E+015
  1.0200004443E+006  1.5287833456E+015
  1.0217006768E+006  1.5293277473E+015
  1.0234005729E+006  1.5297674614E+015
  1.0251004840E+006  1.5301351172E+015
  1.0268004098E+006  1.5304585491E+015
  1.0285003558E+006  1.5307639949E+015
  1.0302006678E+006  1.5310741134E+015
  1.0319006378E+006  1.5314001252E+015
  1.0336006095E+006  1.4757837587E+015
  1.0353005831E+006  1.4758608673E+015
  1.0370005532E+006  1.4759777032E+015
  1.0387005164E+006  1.4761422672E+015
  1.0404004698E+006  1.4763607410E+015
  1.0421004111E+006  1.4766377283E+015
  1.0438006961E+006  1.4769765444E+015
  1.0455006358E+006  1.4773357899E+015
  1.0472005786E+006  1.4776302678E+015
  1.0489005265E+006  1.4778645773E+015
  1.0506004899E+006  1.4780454658E+015
  1.0523004733E+006  1.4781790397E+015
  1.0540004750E+006  1.4782708230E+015
  1.0557004926E+006  1.4783258104E+015
  1.0574005201E+006  1.4783485149E+015
  1.0591005534E+006  1.4783430123E+015
  1.0608005938E+006  1.4783129825E+015
  1.0625006343E+006  1.4782617467E+015
  1.0642006642E+006  1.4781922997E+015
  1.0659006834E+006  1.4781073388E+015
  1.0676006952E+006  1.4780092906E+015
  1.0693003523E+006  1.4779003590E+015
  1.0710003562E+006  1.4777824562E+015
  1.0727003597E+006  1.4776573580E+015
  1.0744003664E+006  1.4775266342E+015
  1.0761003872E+006  1.4773916872E+015
  1.0778004268E+006  1.4772537684E+015
  1.0795004803E+006  1.4771139925E+015
  1.0812005473E+006  1.4769733499E+015
  1.0829006295E+006  1.4768327183E+015
  1.0846003744E+006  1.4766929029E+015
  1.0863004761E+006  1.4765545310E+015
  1.0880005796E+006  1.4764182338E+015
  1.0897006752E+006  1.4762845393E+015
  1.0914004144E+006  1.4761539339E+015
  1.0931004985E+006  1.4760267634E+015
  1.0948005753E+006  1.4759034008E+015
  1.0965006430E+006  1.4757841431E+015
  1.0982003587E+006  1.4756692665E+015
  1.0999004272E+006  1.4755589382E+015
  1.1016005052E+006  1.4754533618E+015
  1.1033005963E+006  1.4753526865E+015
  1.1050003514E+006  1.4752570532E+015
  1.1067004689E+006  1.4751665201E+015
  1.1084006063E+006  1.4750811831E+015
  1.1101004105E+006  1.4750011152E+015
  1.1118005694E+006  1.4749263242E+015
  1.1135003819E+006  1.4748568662E+015
  1.1152005434E+006  1.4747927251E+015
  1.1169003520E+006  1.4747339285E+015
  1.1186005045E+006  1.4746804435E+015
  1.1203006482E+006  1.4746322655E+015
  1.1220004309E+006  1.4745893780E+015
  1.1237005585E+006  1.4745517318E+015
  1.1254006896E+006  1.4745192995E+015
  1.1271004753E+006  1.4744920444E+015
  1.1288006170E+006  1.4744699095E+015
  1.1305004233E+006  1.4744528545E+015
  1.1322005948E+006  1.4744408203E+015
  1.1339004371E+006  1.4744337598E+015
  1.1356006438E+006  1.4744316151E+015
  1.1373005089E+006  1.4744343288E+015
  1.1390003796E+006  1.4744418379E+015
  1.1407006059E+006  1.4744540802E+015
  1.1424004823E+006  1.4744709821E+015
  1.1441003504E+006  1.4744924737E+015
  1.1458005579E+006  1.4745184861E+015
  1.1475004076E+006  1.4745489305E+015
  1.1492006016E+006  1.4745837382E+015
  1.1509004469E+006  1.4746228103E+015
  1.1526006408E+006  1.4746660750E+015
  1.1543004888E+006  1.4747134230E+015
  1.1560003499E+006  1.4747647678E+015
  1.1577005774E+006  1.4748200225E+015
  1.1594004699E+006  1.4748790612E+015
  1.1611003755E+006  1.4749417876E+015
  1.1628006423E+006  1.4750081044E+015
  1.1645005705E+006  1.4750778680E+015
  1.1662005076E+006  1.4751509712E+015
  1.1679004458E+006  1.4752272880E+015
  1.1696003762E+006  1.4753066874E+015
  1.1713006492E+006  1.4753890511E+015
  1.1730005697E+006  1.4754742043E+015
  1.1747004826E+006  1.4755620170E+015
  1.1764003894E+006  1.4756523373E+015
  1.1781006424E+006  1.4757450271E+015
  1.1798005478E+006  1.4758398851E+015
  1.1815004637E+006  1.4759367615E+015
  1.1832003942E+006  1.4760354815E+015
  1.1849006842E+006  1.4761358845E+015
  1.1866006380E+006  1.4762377425E+015
  1.1883006102E+006  1.4763408920E+015
  1.1900005962E+006  1.4764451500E+015
  1.1917005896E+006  1.4765503258E+015
  1.1934005854E+006  1.4766562206E+015
  1.1951005787E+006  1.4767626269E+015
  1.1968005687E+006  1.4768693294E+015
  1.1985005559E+006  1.4769761047E+015
  1.2002005337E+006  1.4770827211E+015
  1.2019005008E+006  1.4771889390E+015
  1.2036004646E+006  1.4772945117E+015
  1.2053004313E+006  1.4773991844E+015
  1.2070004024E+006  1.4775026943E+015
  1.2087003821E+006  1.4776047711E+015
  1.2104003736E+006  1.4777051368E+015
  1.2121003789E+006  1.4778035061E+015
  1.2138004034E+006  1.4778995864E+015
  1.2155004432E+006  1.4779930776E+015
  1.2172004897E+006  1.4780836722E+015
  1.2189005413E+006  1.4781710565E+015
  1.2206005978E+006  1.4782549102E+015
  1.2223006535E+006  1.4783349063E+015
  1.2240003542E+006  1.4784106967E+015
  1.2257003947E+006  1.4784819735E+015
  1.2274004251E+006  1.4785483760E+015
  1.2291004530E+006  1.4786095544E+015
  1.2308004824E+006  1.4786651531E+015
  1.2325005108E+006  1.4787148112E+015
  1.2342005427E+006  1.4787581632E+015
  1.2359005872E+006  1.4787948386E+015
  1.2376006463E+006  1.4788244626E+015
  1.2393003717E+006  1.4788466520E+015
  1.2410004596E+006  1.4788610326E+015
  1.2427005566E+006  1.4788672113E+015
  1.2444006626E+006  1.4788647944E+015
  1.2461004294E+006  1.4788533853E+015
  1.2478005458E+006  1.4788325737E+015
  1.2495006548E+006  1.4788019493E+015
  1.2512004094E+006  1.4787611044E+015
  1.2529005083E+006  1.4787095991E+015
  1.2546006015E+006  1.4786470119E+015
  1.2563006903E+006  1.4785729085E+015
  1.2580004266E+006  1.4784868679E+015
  1.2597005130E+006  1.4783884091E+015
  1.2614006100E+006  1.4782770969E+015
  1.2631003719E+006  1.4781525014E+015
  1.2648004938E+006  1.4780141096E+015
  1.2665006284E+006  1.4778614779E+015
  1.2682004300E+006  1.4776942554E+015
  1.2699005924E+006  1.4775297832E+015
  1.2716004149E+006  1.4773810608E+015
  1.2733005890E+006  1.4772474285E+015
  1.2750004097E+006  1.4771283012E+015
  1.2767005760E+006  1.4770229504E+015
  1.2784003916E+006  1.4769307028E+015
  1.2801005473E+006  1.4768507692E+015
  1.2818006934E+006  1.4767823850E+015
  1.2835004875E+006  1.4767247449E+015
  1.2852006325E+006  1.4766769804E+015
  1.2869004350E+006  1.4766382397E+015
  1.2886005960E+006  1.4766076099E+015
  1.2903004168E+006  1.4765841836E+015
  1.2920006001E+006  1.4765670093E+015
  1.2937004529E+006  1.4765551325E+015
  1.2954006679E+006  1.4765475682E+015
  1.2971005410E+006  1.4765433226E+015
  1.2988004199E+006  1.4765413820E+015
  1.3005006499E+006  1.4765407200E+015
  1.3022005301E+006  1.4765402980E+015
  1.3039004069E+006  1.4765390653E+015
  1.3056006235E+006  1.4765359599E+015
  1.3073004813E+006  1.4765299122E+015
  1.3090006858E+006  1.4765198391E+015
  1.3107005433E+006  1.4765046563E+015
  1.3124004008E+006  1.4764832657E+015
  1.3141006109E+006  1.4764545563E+015
  1.3158004826E+006  1.4764174277E+015
  1.3175003677E+006  1.4763707550E+015
  1.3192006179E+006  1.4763133980E+015
  1.3209005323E+006  1.4762442448E+015
  1.3226004539E+006  1.4761621418E+015
  1.3243003845E+006  1.4760659368E+015
  1.3260006729E+006  1.4759544441E+015
  1.3277006125E+006  1.4758265388E+015
  1.3294005469E+006  1.4756810186E+015
  1.3311004758E+006  1.4755166904E+015
  1.3328003981E+006  1.4753323489E+015
  1.3345006654E+006  1.4751267298E+015
  1.3362005818E+006  1.4748986827E+015
  1.3379004930E+006  1.4746469173E+015
  1.3396004049E+006  1.4743701639E+015
  1.3413006769E+006  1.4740670674E+015
  1.3430006129E+006  1.4737364413E+015
  1.3447005604E+006  1.4733768934E+015
  1.3464005208E+006  1.4729870648E+015
  1.3481004937E+006  1.4725655701E+015
  1.3498004784E+006  1.4721109943E+015
  1.3515004727E+006  1.4716218910E+015
  1.3532004686E+006  1.4710967815E+015
  1.3549004602E+006  1.4705341498E+015
  1.3566004488E+006  1.4699324381E+015
  1.3583004340E+006  1.4692900457E+015
  1.3600004120E+006  1.4686053345E+015
  1.3617003828E+006  1.4678766297E+015
  1.3634003494E+006  1.4671022062E+015
  1.3651006660E+006  1.4662801094E+015
  1.3668006422E+006  1.4654088351E+015
  1.3685006284E+006  1.4644863172E+015
  1.3702006220E+006  1.4635105876E+015
  1.3719006280E+006  1.4624796000E+015
  1.3736006512E+006  1.4613912286E+015
  1.3753006867E+006  1.4602432682E+015
  1.3770003814E+006  1.4590336775E+015
  1.3787004293E+006  1.4577595656E+015
  1.3804004779E+006  1.4564186747E+015
  1.3821005266E+006  1.4550083892E+015
  1.3838005734E+006  1.4535259729E+015
  1.3855006104E+006  1.4519685647E+015
  1.3872006392E+006  1.4503331544E+015
  1.3889006661E+006  1.4486165753E+015
  1.3906006932E+006  1.4468155015E+015
  1.3923003731E+006  1.4449268295E+015
  1.3940004074E+006  1.4429460926E+015
  1.3957004490E+006  1.4408697772E+015
  1.3974005029E+006  1.4386937683E+015
  1.3991005743E+006  1.4364137153E+015
  1.4008006579E+006  1.4340250287E+015
  1.4025003994E+006  1.4315233737E+015
  1.4042004980E+006  1.4289025613E+015
  1.4059006037E+006  1.4261576620E+015
  1.4076003614E+006  1.4233192143E+015
  1.4093004650E+006  1.4204129958E+015
  1.4110005614E+006  1.4174363135E+015
  1.4127006508E+006  1.4143857613E+015
  1.4144003890E+006  1.4112584389E+015
  1.4161004742E+006  1.4080493756E+015
  1.4178005552E+006  1.4047553731E+015
  1.4195006375E+006  1.4013724239E+015
  1.4212003807E+006  1.3978970683E+015
  1.4229004849E+006  1.3943235315E+015
  1.4246006022E+006  1.3906479825E+015
  1.4263003830E+006  1.3868664787E+015
  1.4280005226E+006  1.3829725327E+015
  1.4297006736E+006  1.3789617342E+015
  1.4314004861E+006  1.3748295103E+015
  1.4331006484E+006  1.3705685021E+015
  1.4348004573E+006  1.3661745332E+015
  1.4365006122E+006  1.3616395833E+015
  1.4382004137E+006  1.3569590183E+015
  1.4399005585E+006  1.3521241116E+015
  1.4416003494E+006  1.3471297145E+015
  1.4433004839E+006  1.3419662972E+015
  1.4450006194E+006  1.3366269996E+015
  1.4467004154E+006  1.3311047050E+015
  1.4484005692E+006  1.3253884886E+015
  1.4501003821E+006  1.3194716020E+015
  1.4518005561E+006  1.3133420300E+015
  1.4535003949E+006  1.3069922118E+015
  1.4552005948E+006  1.3004089415E+015
  1.4569004555E+006  1.2935837629E+015
  1.4586006680E+006  1.2865021298E+015
  1.4603005303E+006  1.2791545587E+015
  1.4620003937E+006  1.2715265266E+015
  1.4637006049E+006  1.2636025731E+015
  1.4654004587E+006  1.2553713994E+015
  1.4671006538E+006  1.2468142109E+015
  1.4688004970E+006  1.2379182120E+015
  1.4705006891E+006  1.2286625109E+015
  1.4722005354E+006  1.2190326750E+015
  1.4739003871E+006  1.2090075587E+015
  1.4756005941E+006  1.1985645719E+015
  1.4773004642E+006  1.1876863656E+015
  1.4790003511E+006  1.1763479353E+015
  1.4807005986E+006  1.1645226070E+015
  1.4824005047E+006  1.1521895922E+015
  1.4841004182E+006  1.1393193208E+015
  1.4858006853E+006  1.1258801786E+015
  1.4875006050E+006  1.1118471598E+015
  1.4892005235E+006  1.0971852227E+015
  1.4909004339E+006  1.0818601280E+015
  1.4926006857E+006  1.0658321590E+015
  1.4943005867E+006  1.0490693097E+015
  1.4960004862E+006  1.0315275367E+015
  1.4977003828E+006  1.0131636070E+015
  1.4994006307E+006  9.9392761563E+014
  1.5011005373E+006  9.7377888103E+014
  1.5028004557E+006  9.5266214513E+014
  1.5045003885E+006  9.3052304501E+014
  1.5062006812E+006  9.0729929159E+014
  1.5079006332E+006  8.8293973417E+014
  1.5096005966E+006  8.5737556106E+014
  1.5113005693E+006  8.3053846470E+014
  1.5130005431E+006  8.0229829369E+014
  1.5147005141E+006  7.7254227608E+014
  1.5164004806E+006  7.4119229142E+014
  1.5181004415E+006  7.0816684939E+014
  1.5198003995E+006  6.7338106310E+014
  1.5215003537E+006  6.3674686009E+014
  1.5232006514E+006  5.9816491366E+014
  1.5249006011E+006  5.5755663045E+014
  1.5266005593E+006  5.1481695833E+014
  1.5283005266E+006  4.6984606803E+014
  1.5300005026E+006  4.2254173629E+014
  1.5317004896E+006  3.7279952065E+014
  1.5334004882E+006  3.2051321892E+014
  1.5351004991E+006  2.6557515481E+014
  1.5368005203E+006  2.6050479647E+014
  1.5385005434E+006  2.6081035361E+014
  1.5402005652E+006  2.6111589490E+014
  1.5419005881E+006  2.6142142831E+014
  1.5436006091E+006  2.6172696059E+014
  1.5453006237E+006  2.6203249795E+014
  1.5470006324E+006  2.6233804719E+014
  1.5487006359E+006  2.6264361472E+014
  1.5504006388E+006  2.6294920734E+014
  1.5521006472E+006  2.6325483182E+014
  1.5538006605E+006  2.6356049298E+014
  1.5555006788E+006  2.6386619525E+014
  1.5572003605E+006  2.6417188106E+014
  1.5589004066E+006  2.6447767985E+014
  1.5606004644E+006  2.6478353101E+014
  1.5623005307E+006  2.6508943626E+014
  1.5640006030E+006  2.6539539695E+014
  1.5657006783E+006  2.6570141385E+014
  1.5674004077E+006  2.6600742499E+014
  1.5691004849E+006  2.6631355569E+014
  1.5708005540E+006  2.6661974185E+014
  1.5725006161E+006  2.6692598328E+014
  1.5742006756E+006  2.6723227999E+014
  1.5759003843E+006  2.6753856819E+014
  1.5776004421E+006  2.6784497259E+014
  1.5793005027E+006  2.6815142921E+014
  1.5810005686E+006  2.6845793662E+014
  1.5827006460E+006  2.6876449389E+014
  1.5844003893E+006  2.6907103650E+014
  1.5861004919E+006  2.6937768713E+014
  1.5878006021E+006  2.6968437990E+014
  1.5895003734E+006  2.6999104979E+014
  1.5912005019E+006  2.7029781584E+014
  1.5929006325E+006  2.7060460432E+014
  1.5946004128E+006  2.7091134985E+014
  1.5963005357E+006  2.7121817588E+014
  1.5980006533E+006  2.7152501796E+014
  1.5997004208E+006  2.7183181212E+014
  1.6014005338E+006  2.7213868221E+014
  1.6031006418E+006  2.7244556313E+014
  1.6048004022E+006  2.7275239132E+014
  1.6065005182E+006  2.7305929186E+014
  1.6082006427E+006  2.7336620034E+014
  1.6099004293E+006  2.7367305244E+014
  1.6116005746E+006  2.7397997202E+014
  1.6133003801E+006  2.7428683138E+014
  1.6150005475E+006  2.7459375562E+014
  1.6167003763E+006  2.7490061678E+014
  1.6184005559E+006  2.7520753785E+014
  1.6201003858E+006  2.7551439092E+014
  1.6218005645E+006  2.7582130069E+014
  1.6235003918E+006  2.7612813947E+014
  1.6252005641E+006  2.7643503162E+014
  1.6269003820E+006  2.7674184966E+014
  1.6286005425E+006  2.7704871820E+014
  1.6303003532E+006  2.7735551112E+014
  1.6320005189E+006  2.7766235454E+014
  1.6337006899E+006  2.7796918424E+014
  1.6354005176E+006  2.7827593638E+014
  1.6371003568E+006  2.7858267396E+014
  1.6388005583E+006  2.7888945942E+014
  1.6405004231E+006  2.7919616576E+014
  1.6422006469E+006  2.7950291766E+014
  1.6439005258E+006  2.7980958736E+014
  1.6456004060E+006  2.8011623662E+014
  1.6473006393E+006  2.8042292816E+014
  1.6490005223E+006  2.8072953450E+014
  1.6507003975E+006  2.8103611678E+014
  1.6524006155E+006  2.8134273765E+014
  1.6541004806E+006  2.8164927114E+014
  1.6558006936E+006  2.8195584310E+014
  1.6575005602E+006  2.8226232789E+014
  1.6592004291E+006  2.8256878793E+014
  1.6609006512E+006  2.8287528616E+014
  1.6626005358E+006  2.8318169799E+014
  1.6643004340E+006  2.8348808644E+014
  1.6660006913E+006  2.8379451338E+014
  1.6677006080E+006  2.8410085241E+014
  1.6694005327E+006  2.8440716606E+014
  1.6711004632E+006  2.8471345366E+014
  1.6728003983E+006  2.8501971474E+014
  1.6745006819E+006  2.8532601106E+014
  1.6762006094E+006  2.8563221548E+014
  1.6779005317E+006  2.8593839107E+014
  1.6796004530E+006  2.8624453844E+014
  1.6813003716E+006  2.8655065714E+014
  1.6830006354E+006  2.8685680977E+014
  1.6847005508E+006  2.8716287131E+014
  1.6864004711E+006  2.8746890534E+014
  1.6881004008E+006  2.8777491260E+014
  1.6898006912E+006  2.8808095633E+014
  1.6915006414E+006  2.8838691036E+014
  1.6932006001E+006  2.8869283742E+014
  1.6949005715E+006  2.8899873834E+014
  1.6966005522E+006  2.8930461250E+014
  1.6983005355E+006  2.8961045878E+014
  1.7000005192E+006  2.8991627680E+014
  1.7017005007E+006  2.9022206620E+014
  1.7034004789E+006  2.9052782686E+014
  1.7051004551E+006  2.9083355911E+014
  1.7068004264E+006  2.9113926252E+014
  1.7085003906E+006  2.9144493681E+014
  1.7102003544E+006  2.9175058334E+014
  1.7119006729E+006  2.9205626604E+014
  1.7136006481E+006  2.9236185958E+014
  1.7153006308E+006  2.9266742720E+014
  1.7170006231E+006  2.9297296941E+014
  1.7187006263E+006  2.9327848629E+014
  1.7204006431E+006  2.9358397567E+014
  1.7221006700E+006  2.9388943642E+014
  1.7238003507E+006  2.9419480464E+014
  1.7255003824E+006  2.9450020568E+014
  1.7272004166E+006  2.9480557705E+014
  1.7289004493E+006  2.9511091814E+014
  1.7306004768E+006  2.9541622839E+014
  1.7323004983E+006  2.9572150779E+014
  1.7340005145E+006  2.9602675660E+014
  1.7357005302E+006  2.9633197581E+014
  1.7374005501E+006  2.9663716638E+014
  1.7391005720E+006  2.9694232811E+014
  1.7408005978E+006  2.9724746143E+014
  1.7425006340E+006  2.9755256769E+014
  1.7442006829E+006  2.9785764747E+014
  1.7459003934E+006  2.9816263789E+014
  1.7476004620E+006  2.9846766410E+014
  1.7493005367E+006  2.9877266313E+014
  1.7510006164E+006  2.9907763492E+014
  1.7527003524E+006  2.9938251714E+014
  1.7544004373E+006  2.9968743414E+014
  1.7561005156E+006  2.9999232239E+014
  1.7578005898E+006  3.0029718248E+014
  1.7595006614E+006  3.0060201490E+014
  1.7612003810E+006  3.0090675718E+014
  1.7629004487E+006  3.0121153504E+014
  1.7646005161E+006  3.0151628620E+014
  1.7663005861E+006  3.0182101128E+014
  1.7680006664E+006  3.0212571181E+014
  1.7697004100E+006  3.0243032585E+014
  1.7714005110E+006  3.0273497797E+014
  1.7731006207E+006  3.0303960589E+014
  1.7748003922E+006  3.0334414770E+014
  1.7765005210E+006  3.0364872822E+014
  1.7782006545E+006  3.0395328450E+014
  1.7799004393E+006  3.0425775345E+014
  1.7816005691E+006  3.0456225958E+014
  1.7833006959E+006  3.0486674075E+014
  1.7850004723E+006  3.0517113499E+014
  1.7867005927E+006  3.0547556690E+014
  1.7884003583E+006  3.0577991157E+014
  1.7901004730E+006  3.0608429523E+014
  1.7918005917E+006  3.0638865639E+014
  1.7935003680E+006  3.0669293321E+014
  1.7952005024E+006  3.0699725136E+014
  1.7969006447E+006  3.0730154837E+014
  1.7986004471E+006  3.0760576222E+014
  1.8003006118E+006  3.0791001884E+014
  1.8020004374E+006  3.0821419294E+014
  1.8037006155E+006  3.0851840852E+014
  1.8054004464E+006  3.0882254059E+014
  1.8071006270E+006  3.0912671409E+014
  1.8088004570E+006  3.0943080399E+014
  1.8105006336E+006  3.0973493524E+014
  1.8122004553E+006  3.1003898259E+014
  1.8139006198E+006  3.1034307106E+014
  1.8156004356E+006  3.1064707723E+014
  1.8173006043E+006  3.1095112682E+014
  1.8190004260E+006  3.1125509488E+014
  1.8207006017E+006  3.1155910702E+014
  1.8224004371E+006  3.1186303930E+014
  1.8241006324E+006  3.1216701717E+014
  1.8258004906E+006  3.1247091626E+014
  1.8275003585E+006  3.1277479880E+014
  1.8292005797E+006  3.1307872643E+014
  1.8309004563E+006  3.1338257463E+014
  1.8326006872E+006  3.1368646860E+014
  1.8343005692E+006  3.1399028281E+014
  1.8360004462E+006  3.1429407901E+014
  1.8377006678E+006  3.1459791943E+014
  1.8394005360E+006  3.1490167800E+014
  1.8411004021E+006  3.1520541756E+014
  1.8428006178E+006  3.1550920110E+014
  1.8445004834E+006  3.1581290378E+014
  1.8462003511E+006  3.1611658870E+014
  1.8479005780E+006  3.1642031981E+014
  1.8496004678E+006  3.1672397289E+014
  1.8513003667E+006  3.1702760991E+014
  1.8530006239E+006  3.1733129344E+014
  1.8547005404E+006  3.1763489875E+014
  1.8564004641E+006  3.1793848811E+014
  1.8581003942E+006  3.1824206154E+014
  1.8598006740E+006  3.1854568049E+014
  1.8615005996E+006  3.1884921938E+014
  1.8632005218E+006  3.1915274097E+014
  1.8649004425E+006  3.1945624576E+014
  1.8666003591E+006  3.1975973340E+014
  1.8683006212E+006  3.2006326640E+014
  1.8700005334E+006  3.2036672076E+014
  1.8717004482E+006  3.2067015951E+014
  1.8734003712E+006  3.2097358376E+014
  1.8751006526E+006  3.2127705614E+014
  1.8768005914E+006  3.2158045161E+014
  1.8785005392E+006  3.2188383305E+014
  1.8802004991E+006  3.2218720111E+014
  1.8819004680E+006  3.2249055532E+014
  1.8836004420E+006  3.2279389509E+014
  1.8853004180E+006  3.2309721994E+014
  1.8870003928E+006  3.2340052940E+014
  1.8887003665E+006  3.2370382359E+014
  1.8904006885E+006  3.2400716489E+014
  1.8921006559E+006  3.2431042800E+014
  1.8938006172E+006  3.2461367518E+014
  1.8955005779E+006  3.2491690747E+014
  1.8972005415E+006  3.2522012556E+014
  1.8989005088E+006  3.2552332967E+014
  1.9006004814E+006  3.2582652017E+014
  1.9023004609E+006  3.2612969738E+014
  1.9040004502E+006  3.2643286189E+014
  1.9057004528E+006  3.2673601439E+014
  1.9074004649E+006  3.2703915425E+014
  1.9091004809E+006  3.2734228052E+014
  1.9108005011E+006  3.2764539332E+014
  1.9125005256E+006  3.2794849272E+014
  1.9142005500E+006  3.2825157797E+014
  1.9159005715E+006  3.2855464862E+014
  1.9176005881E+006  3.2885770436E+014
  1.9193005987E+006  3.2916074503E+014
  1.9210006085E+006  3.2946377161E+014
  1.9227006196E+006  3.2976678452E+014
  1.9244006299E+006  3.3006978342E+014
  1.9261006431E+006  3.3037276898E+014
  1.9278006652E+006  3.3067574234E+014
  1.9295006979E+006  3.3097870379E+014
  1.9312003925E+006  3.3128159127E+014
  1.9329004454E+006  3.3158452888E+014
  1.9346005043E+006  3.3188745385E+014
  1.9363005702E+006  3.3219036640E+014
  1.9380006430E+006  3.3249326654E+014
  1.9397003670E+006  3.3279609091E+014
  1.9414004356E+006  3.3309896305E+014
  1.9431005008E+006  3.3340182100E+014
  1.9448005631E+006  3.3370466485E+014
  1.9465006229E+006  3.3400749469E+014
  1.9482006811E+006  3.3431031071E+014
  1.9499003883E+006  3.3461305066E+014
  1.9516004464E+006  3.3491583958E+014
  1.9533005127E+006  3.3521861645E+014
  1.9550005885E+006  3.3552138150E+014
  1.9567006710E+006  3.3582413423E+014
  1.9584004128E+006  3.3612681279E+014
  1.9601005138E+006  3.3642954183E+014
  1.9618006238E+006  3.3673225898E+014
  1.9635003912E+006  3.3703490164E+014
  1.9652005095E+006  3.3733759328E+014
  1.9669006253E+006  3.3764027101E+014
  1.9686003917E+006  3.3794287304E+014
  1.9703005068E+006  3.3824552368E+014
  1.9720006166E+006  3.3854815988E+014
  1.9737003722E+006  3.3885071955E+014
  1.9754004756E+006  3.3915332763E+014
  1.9771005800E+006  3.3945592241E+014
  1.9788006895E+006  3.3975850508E+014
  1.9805004568E+006  3.4006101420E+014
  1.9822005786E+006  3.4036357380E+014
  1.9839003605E+006  3.4066606027E+014
  1.9856005047E+006  3.4096859858E+014
  1.9873006580E+006  3.4127112588E+014
  1.9890004674E+006  3.4157357931E+014
  1.9907006297E+006  3.4187608289E+014
  1.9924004447E+006  3.4217851201E+014
  1.9941006094E+006  3.4248099069E+014
  1.9958004241E+006  3.4278339442E+014
  1.9975005817E+006  3.4308584650E+014
  1.9992003839E+006  3.4338822270E+014
  2.0009005348E+006  3.4369064824E+014
  2.0026006874E+006  3.4399306139E+014
  2.0043004912E+006  3.4429539983E+014
  2.0060006479E+006  3.4459778836E+014
  2.0077004622E+006  3.4490010331E+014
  2.0094006352E+006  3.4520246936E+014
  2.0111004706E+006  3.4550476270E+014
  2.0128006644E+006  3.4580710708E+014
  2.0145005144E+006  3.4610937763E+014
  2.0162003706E+006  3.4641163660E+014
  2.0179005822E+006  3.4671394608E+014
  2.0196004453E+006  3.4701618090E+014
  2.0213006549E+006  3.4731846463E+014
  2.0230005114E+006  3.4762067290E+014
  2.0247003637E+006  3.4792286773E+014
  2.0264005641E+006  3.4822511176E+014
  2.0281004153E+006  3.4852728102E+014
  2.0298006129E+006  3.4882949915E+014
  2.0315004626E+006  3.4913164277E+014
  2.0332006693E+006  3.4943383715E+014
  2.0349005354E+006  3.4973595831E+014
  2.0366004099E+006  3.5003806826E+014
  2.0383006420E+006  3.5034022909E+014
  2.0400005329E+006  3.5064231659E+014
  2.0417004324E+006  3.5094439294E+014
  2.0434006891E+006  3.5124652007E+014
  2.0451005980E+006  3.5154857267E+014
  2.0468005046E+006  3.5185061200E+014
  2.0485004105E+006  3.5215263833E+014
  2.0502006640E+006  3.5245471356E+014
  2.0519005647E+006  3.5275671321E+014
  2.0536004616E+006  3.5305869933E+014
  2.0553003553E+006  3.5336067199E+014
  2.0570005984E+006  3.5366269386E+014
  2.0587004991E+006  3.5396464202E+014
  2.0604004069E+006  3.5426657858E+014
  2.0621006693E+006  3.5456856522E+014
  2.0638005914E+006  3.5487047855E+014
  2.0655005250E+006  3.5517238106E+014
  2.0672004678E+006  3.5547427231E+014
  2.0689004172E+006  3.5577615184E+014
  2.0706003698E+006  3.5607801908E+014
  2.0723006716E+006  3.5637993542E+014
  2.0740006250E+006  3.5668177703E+014
  2.0757005782E+006  3.5698360571E+014
  2.0774005255E+006  3.5728542046E+014
  2.0791004674E+006  3.5758722134E+014
  2.0808004083E+006  3.5788900916E+014
  2.0825003500E+006  3.5819078424E+014
  2.0842006438E+006  3.5849260890E+014
  2.0859005926E+006  3.5879435941E+014
  2.0876005456E+006  3.5909609779E+014
  2.0893005076E+006  3.5939782486E+014
  2.0910004821E+006  3.5969954124E+014
  2.0927004652E+006  3.6000124625E+014
  2.0944004535E+006  3.6030293928E+014
  2.0961004479E+006  3.6060462048E+014
  2.0978004468E+006  3.6090628959E+014
  2.0995004476E+006  3.6120794615E+014
  2.1012004475E+006  3.6150958963E+014
  2.1029004426E+006  3.6181121938E+014
  2.1046004330E+006  3.6211283541E+014
  2.1063004228E+006  3.6241443842E+014
  2.1080004123E+006  3.6271602850E+014
  2.1097003997E+006  3.6301760535E+014
  2.1114003887E+006  3.6331916958E+014
  2.1131003834E+006  3.6362072194E+014
  2.1148003866E+006  3.6392226295E+014
  2.1165004001E+006  3.6422379294E+014
  2.1182004222E+006  3.6452531157E+014
  2.1199004502E+006  3.6482681841E+014
  2.1216004868E+006  3.6512831392E+014
  2.1233005314E+006  3.6542979801E+014
  2.1250005775E+006  3.6573126955E+014
  2.1267006221E+006  3.6603272798E+014
  2.1284006650E+006  3.6633417330E+014
  2.1301003559E+006  3.6663554341E+014
  2.1318003939E+006  3.6693696225E+014
  2.1335004294E+006  3.6723836789E+014
  2.1352004605E+006  3.6753975995E+014
  2.1369004922E+006  3.6784113936E+014
  2.1386005308E+006  3.6814250723E+014
  2.1403005762E+006  3.6844386356E+014
  2.1420006278E+006  3.6874520827E+014
  2.1437006881E+006  3.6904654181E+014
  2.1454004080E+006  3.6934780230E+014
  2.1471004866E+006  3.6964911367E+014
  2.1488005735E+006  3.6995041384E+014
  2.1505006625E+006  3.7025170173E+014
  2.1522004013E+006  3.7055291492E+014
  2.1539004907E+006  3.7085417775E+014
  2.1556005797E+006  3.7115542808E+014
  2.1573006642E+006  3.7145666524E+014
  2.1590003955E+006  3.7175782741E+014
  2.1607004734E+006  3.7205903863E+014
  2.1624005518E+006  3.7236023759E+014
  2.1641006343E+006  3.7266142496E+014
  2.1658003718E+006  3.7296253887E+014
  2.1675004620E+006  3.7326370299E+014
  2.1692005604E+006  3.7356485628E+014
  2.1709006704E+006  3.7386599937E+014
  2.1726004402E+006  3.7416706995E+014
  2.1743005657E+006  3.7446819132E+014
  2.1760006961E+006  3.7476930137E+014
  2.1777004801E+006  3.7507033789E+014
  2.1794006165E+006  3.7537142465E+014
  2.1811004041E+006  3.7567243751E+014
  2.1828005357E+006  3.7597349917E+014
  2.1845006621E+006  3.7627454781E+014
  2.1862004386E+006  3.7657552242E+014
  2.1879005634E+006  3.7687654666E+014
  2.1896006878E+006  3.7717755878E+014
  2.1913004647E+006  3.7747849737E+014
  2.1930005949E+006  3.7777948653E+014
  2.1947003844E+006  3.7808040340E+014
  2.1964005349E+006  3.7838137224E+014
  2.1981006931E+006  3.7868233054E+014
  2.1998005081E+006  3.7898321616E+014
  2.2015006802E+006  3.7928415314E+014
  2.2032005095E+006  3.7958501759E+014
  2.2049006905E+006  3.7988593247E+014
  2.2066005222E+006  3.8018677372E+014
  2.2083003505E+006  3.8048760260E+014
  2.2100005241E+006  3.8078848083E+014
  2.2117006972E+006  3.8108934727E+014
  2.2134005196E+006  3.8139013992E+014
  2.2151006875E+006  3.8169098204E+014
  2.2168005067E+006  3.8199175082E+014
  2.2185006807E+006  3.8229257075E+014
  2.2202005123E+006  3.8259331851E+014
  2.2219003516E+006  3.8289405607E+014
  2.2236005475E+006  3.8319484517E+014
  2.2253004014E+006  3.8349556226E+014
  2.2270006142E+006  3.8379633135E+014
  2.2287004864E+006  3.8409702873E+014
  2.2304003607E+006  3.8439771505E+014
  2.2321005838E+006  3.8469845168E+014
  2.2338004582E+006  3.8499911525E+014
  2.2355006807E+006  3.8529982905E+014
  2.2372005515E+006  3.8560046934E+014
  2.2389004193E+006  3.8590109780E+014
  2.2406006321E+006  3.8620177604E+014
  2.2423004953E+006  3.8650238123E+014
  2.2440003633E+006  3.8680297606E+014
  2.2457005849E+006  3.8710362228E+014
  2.2474004611E+006  3.8740419627E+014
  2.2491006945E+006  3.8770482232E+014
  2.2508005884E+006  3.8800537727E+014
  2.2525004919E+006  3.8830592289E+014
  2.2542004034E+006  3.8860645892E+014
  2.2559006678E+006  3.8890704634E+014
  2.2576005844E+006  3.8920756136E+014
  2.2593005048E+006  3.8950806613E+014
  2.2610004256E+006  3.8980856009E+014
  2.2627006912E+006  3.9010910416E+014
  2.2644006030E+006  3.9040957489E+014
  2.2661005120E+006  3.9071003436E+014
  2.2678004202E+006  3.9101048296E+014
  2.2695006796E+006  3.9131098293E+014
  2.2712005917E+006  3.9161141087E+014
  2.2729005066E+006  3.9191182868E+014
  2.2746004301E+006  3.9221223741E+014
  2.2763003645E+006  3.9251263755E+014
  2.2780006564E+006  3.9281309033E+014
  2.2797006054E+006  3.9311347205E+014
  2.2814005606E+006  3.9341384444E+014
  2.2831005210E+006  3.9371420734E+014
  2.2848004852E+006  3.9401456056E+014
  2.2865004501E+006  3.9431490357E+014
  2.2882004102E+006  3.9461523547E+014
  2.2899003667E+006  3.9491555647E+014
  2.2916006724E+006  3.9521592894E+014
  2.2933006276E+006  3.9551622934E+014
  2.2950005805E+006  3.9581651918E+014
  2.2967005342E+006  3.9611679907E+014
  2.2984004910E+006  3.9641706946E+014
  2.3001004545E+006  3.9671733100E+014
  2.3018004273E+006  3.9701758423E+014
  2.3035004068E+006  3.9731782871E+014
  2.3052003922E+006  3.9761806434E+014
  2.3069003870E+006  3.9791829177E+014
  2.3086003902E+006  3.9821851088E+014
  2.3103003965E+006  3.9851872078E+014
  2.3120004036E+006  3.9881892109E+014
  2.3137004093E+006  3.9911911149E+014
  2.3154004134E+006  3.9941929195E+014
  2.3171004171E+006  3.9971946274E+014
  2.3188004178E+006  4.0001962348E+014
  2.3205004135E+006  4.0031977380E+014
  2.3222004088E+006  4.0061991459E+014
  2.3239004083E+006  4.0092004669E+014
  2.3256004124E+006  4.0122017022E+014
  2.3273004222E+006  4.0152028543E+014
  2.3290004390E+006  4.0182039259E+014
  2.3307004639E+006  4.0212049191E+014
  2.3324004986E+006  4.0242058377E+014
  2.3341005421E+006  4.0272066803E+014
  2.3358005887E+006  4.0302074370E+014
  2.3375006366E+006  4.0332081055E+014
  2.3392006870E+006  4.0362086882E+014
  2.3409003884E+006  4.0392085650E+014
  2.3426004366E+006  4.0422089646E+014
  2.3443004808E+006  4.0452092682E+014
  2.3460005207E+006  4.0482094758E+014
  2.3477005601E+006  4.0512095947E+014
  2.3494006034E+006  4.0542096327E+014
  2.3511006486E+006  4.0572095871E+014
  2.3528006961E+006  4.0602094591E+014
  2.3545004021E+006  4.0632086423E+014
  2.3562004671E+006  4.0662083732E+014
  2.3579005406E+006  4.0692080341E+014
  2.3596006217E+006  4.0722076235E+014
  2.3613003584E+006  4.0752065209E+014
  2.3630004479E+006  4.0782059577E+014
  2.3647005426E+006  4.0812053255E+014
  2.3664006383E+006  4.0842046186E+014
  2.3681003807E+006  4.0872032122E+014
  2.3698004690E+006  4.0902023404E+014
  2.3715005561E+006  4.0932013908E+014
  2.3732006419E+006  4.0962003640E+014
  2.3749003784E+006  4.0991986460E+014
  2.3766004643E+006  4.1021974700E+014
  2.3783005514E+006  4.1051962221E+014
  2.3800006455E+006  4.1081949126E+014
  2.3817004000E+006  4.1111929310E+014
  2.3834005106E+006  4.1141915043E+014
  2.3851006272E+006  4.1171900157E+014
  2.3868004029E+006  4.1201878535E+014
  2.3885005349E+006  4.1231862479E+014
  2.3902006717E+006  4.1261845794E+014
  2.3919004607E+006  4.1291822263E+014
  2.3936005965E+006  4.1321804141E+014
  2.3953003808E+006  4.1351779119E+014
  2.3970005145E+006  4.1381759558E+014
  2.3987006457E+006  4.1411739259E+014
  2.4004004234E+006  4.1441712035E+014
  2.4021005498E+006  4.1471690273E+014
  2.4038006791E+006  4.1501667878E+014
  2.4055004645E+006  4.1531638743E+014
  2.4072006069E+006  4.1561615226E+014
  2.4089004058E+006  4.1591584983E+014
  2.4106005604E+006  4.1621560344E+014
  2.4123003756E+006  4.1651529062E+014
  2.4140005487E+006  4.1681503430E+014
  2.4157003757E+006  4.1711471041E+014
  2.4174005538E+006  4.1741444194E+014
  2.4191003834E+006  4.1771410559E+014
  2.4208005621E+006  4.1801382435E+014
  2.4225003909E+006  4.1831347507E+014
  2.4242005658E+006  4.1861318048E+014
  2.4259003866E+006  4.1891281719E+014
  2.4276005567E+006  4.1921250923E+014
  2.4293003806E+006  4.1951213404E+014
  2.4310005563E+006  4.1981181473E+014
  2.4327003862E+006  4.2011142835E+014
  2.4344005712E+006  4.2041109851E+014
  2.4361004148E+006  4.2071070245E+014
  2.4378006174E+006  4.2101036370E+014
  2.4395004791E+006  4.2130995895E+014
  2.4412006938E+006  4.2160961051E+014
  2.4429005626E+006  4.2190919525E+014
  2.4446004360E+006  4.2220877502E+014
  2.4463006603E+006  4.2250841085E+014
  2.4480005326E+006  4.2280797895E+014
  2.4497004017E+006  4.2310754082E+014
  2.4514006171E+006  4.2340715808E+014
  2.4531004821E+006  4.2370670802E+014
  2.4548006979E+006  4.2400631423E+014
  2.4565005643E+006  4.2430585339E+014
  2.4582004316E+006  4.2460538725E+014
  2.4599006551E+006  4.2490497847E+014
  2.4616005385E+006  4.2520450440E+014
  2.4633004292E+006  4.2550402631E+014
  2.4650006767E+006  4.2580360581E+014
  2.4667005809E+006  4.2610311959E+014
  2.4684004906E+006  4.2640262914E+014
  2.4701004064E+006  4.2670213463E+014
  2.4718006737E+006  4.2700169696E+014
  2.4735005884E+006  4.2730119211E+014
  2.4752005008E+006  4.2760068185E+014
  2.4769004126E+006  4.2790016651E+014
  2.4786006719E+006  4.2819970745E+014
  2.4803005800E+006  4.2849918165E+014
  2.4820004872E+006  4.2879865085E+014
  2.4837003956E+006  4.2909811547E+014
  2.4854006597E+006  4.2939763800E+014
  2.4871005824E+006  4.2969709568E+014
  2.4888005103E+006  4.2999654961E+014
  2.4905004445E+006  4.3029600003E+014
  2.4922003874E+006  4.3059544740E+014
  2.4939006872E+006  4.3089495309E+014
  2.4956006427E+006  4.3119439366E+014
  2.4973006003E+006  4.3149383015E+014
  2.4990005569E+006  4.3179326205E+014
  2.5007005132E+006  4.3209268954E+014
  2.5024004704E+006  4.3239211287E+014
  2.5041004250E+006  4.3269153146E+014
  2.5058003753E+006  4.3299094506E+014
  2.5075006743E+006  4.3329041588E+014
  2.5092006261E+006  4.3358982140E+014
  2.5109005811E+006  4.3388922336E+014
  2.5126005407E+006  4.3418862209E+014
  2.5143005051E+006  4.3448801762E+014
  2.5160004758E+006  4.3478741028E+014
  2.5177004571E+006  4.3508680085E+014
  2.5194004472E+006  4.3538618907E+014
  2.5211004411E+006  4.3568557410E+014
  2.5228004382E+006  4.3598495587E+014
  2.5245004386E+006  4.3628433444E+014
  2.5262004399E+006  4.3658370944E+014
  2.5279004411E+006  4.3688308070E+014
  2.5296004391E+006  4.3718244775E+014
  2.5313004321E+006  4.3748181029E+014
  2.5330004243E+006  4.3778116912E+014
  2.5347004188E+006  4.3808052480E+014
  2.5364004137E+006  4.3837987706E+014
  2.5381004104E+006  4.3867922616E+014
  2.5398004131E+006  4.3897857291E+014
  2.5415004234E+006  4.3927791762E+014
  2.5432004427E+006  4.3957726055E+014
  2.5449004695E+006  4.3987660151E+014
  2.5466005005E+006  4.4017593994E+014
  2.5483005366E+006  4.4047527603E+014
  2.5500005787E+006  4.4077461001E+014
  2.5517006229E+006  4.4107394119E+014
  2.5534006650E+006  4.4137326889E+014
  2.5551003555E+006  4.4167253162E+014
  2.5568003935E+006  4.4197185248E+014
  2.5585004306E+006  4.4227117019E+014
  2.5602004677E+006  4.4257048495E+014
  2.5619005039E+006  4.4286979661E+014
  2.5636005401E+006  4.4316910540E+014
  2.5653005822E+006  4.4346841238E+014
  2.5670006319E+006  4.4376771786E+014
  2.5687006875E+006  4.4406702163E+014
  2.5704003999E+006  4.4436626224E+014
  2.5721004686E+006  4.4466556287E+014
  2.5738005443E+006  4.4496486206E+014
  2.5755006267E+006  4.4526415981E+014
  2.5772003623E+006  4.4556339390E+014
  2.5789004453E+006  4.4586268661E+014
  2.5806005281E+006  4.4616197675E+014
  2.5823006116E+006  4.4646126454E+014
  2.5840006928E+006  4.4676054948E+014
  2.5857004218E+006  4.4705976998E+014
  2.5874004989E+006  4.4735904940E+014
  2.5891005763E+006  4.4765832653E+014
  2.5908006582E+006  4.4795760212E+014
  2.5925003966E+006  4.4825681499E+014
  2.5942004885E+006  4.4855608784E+014
  2.5959005866E+006  4.4885535957E+014
  2.5976006941E+006  4.4915463079E+014
  2.5993004603E+006  4.4945383979E+014
  2.6010005811E+006  4.4975310910E+014
  2.6027003558E+006  4.5005231543E+014
  2.6044004810E+006  4.5035158141E+014
  2.6061006072E+006  4.5065084558E+014
  2.6078003854E+006  4.5095004651E+014
  2.6095005097E+006  4.5124930643E+014
  2.6112006292E+006  4.5154856359E+014
  2.6129003987E+006  4.5184775728E+014
  2.6146005194E+006  4.5214701094E+014
  2.6163006418E+006  4.5244626310E+014
  2.6180004180E+006  4.5274545255E+014
  2.6197005477E+006  4.5304470248E+014
  2.6214006838E+006  4.5334395181E+014
  2.6231004798E+006  4.5364313962E+014
  2.6248006333E+006  4.5394238870E+014
  2.6265004410E+006  4.5424157529E+014
  2.6282006026E+006  4.5454082250E+014
  2.6299004198E+006  4.5484000746E+014
  2.6316005886E+006  4.5513925273E+014
  2.6333004079E+006  4.5543843492E+014
  2.6350005743E+006  4.5573767670E+014
  2.6367003879E+006  4.5603685490E+014
  2.6384005508E+006  4.5633609314E+014
  2.6401003655E+006  4.5663526867E+014
  2.6418005283E+006  4.5693450410E+014
  2.6435006914E+006  4.5723373825E+014
  2.6452005099E+006  4.5753291042E+014
  2.6469006843E+006  4.5783214397E+014
  2.6486005168E+006  4.5813131610E+014
  2.6503003563E+006  4.5843048824E+014
  2.6520005503E+006  4.5872972161E+014
  2.6537004014E+006  4.5902889347E+014
  2.6554006091E+006  4.5932812699E+014
  2.6571004701E+006  4.5962729840E+014
  2.6588006793E+006  4.5992653005E+014
  2.6605005381E+006  4.6022569902E+014
  2.6622003962E+006  4.6052486686E+014
  2.6639006024E+006  4.6082409503E+014
  2.6656004582E+006  4.6112326058E+014
  2.6673006610E+006  4.6142248631E+014
  2.6690005139E+006  4.6172164960E+014
  2.6707003722E+006  4.6202081301E+014
  2.6724005864E+006  4.6232003825E+014
  2.6741004556E+006  4.6261920198E+014
  2.6758006800E+006  4.6291842749E+014
  2.6775005628E+006  4.6321759215E+014
  2.6792004527E+006  4.6351675738E+014
  2.6809006986E+006  4.6381598459E+014
  2.6826005984E+006  4.6411515024E+014
  2.6843004978E+006  4.6441431523E+014
  2.6860003982E+006  4.6471347983E+014
  2.6877006497E+006  4.6501270566E+014
  2.6894005493E+006  4.6531186902E+014
  2.6911004456E+006  4.6561103132E+014
  2.6928006902E+006  4.6591025443E+014
  2.6945005857E+006  4.6620941566E+014
  2.6962004844E+006  4.6650857705E+014
  2.6979003873E+006  4.6680773876E+014
  2.6996006421E+006  4.6710696206E+014
  2.7013005531E+006  4.6740612450E+014
  2.7030004735E+006  4.6770528827E+014
  2.7047004016E+006  4.6800445313E+014
  2.7064006840E+006  4.6830368006E+014
  2.7081006211E+006  4.6860284598E+014
  2.7098005615E+006  4.6890201226E+014
  2.7115005043E+006  4.6920117879E+014
  2.7132004486E+006  4.6950034540E+014
  2.7149003903E+006  4.6979951142E+014
  2.7166006777E+006  4.7009873815E+014
  2.7183006156E+006  4.7039790328E+014
  2.7200005541E+006  4.7069706844E+014
  2.7217004925E+006  4.7099623354E+014
  2.7234004320E+006  4.7129539879E+014
  2.7251003748E+006  4.7159456463E+014
  2.7268006729E+006  4.7189379300E+014
  2.7285006304E+006  4.7219296148E+014
  2.7302005953E+006  4.7249213131E+014
  2.7319005644E+006  4.7279130197E+014
  2.7336005390E+006  4.7309047370E+014
  2.7353005201E+006  4.7338964669E+014
  2.7370005041E+006  4.7368882035E+014
  2.7387004883E+006  4.7398799418E+014
  2.7404004710E+006  4.7428716795E+014
  2.7421004513E+006  4.7458634150E+014
  2.7438004314E+006  4.7488551523E+014
  2.7455004117E+006  4.7518468926E+014
  2.7472003898E+006  4.7548386313E+014
  2.7489003677E+006  4.7578303727E+014
  2.7506003506E+006  4.7608221258E+014
  2.7523006885E+006  4.7638145069E+014
  2.7540006827E+006  4.7668062864E+014
  2.7557006831E+006  4.7697980804E+014
  2.7574006886E+006  4.7727898870E+014
  2.7591003513E+006  4.7757810944E+014
  2.7608003712E+006  4.7787729344E+014
  2.7625003942E+006  4.7817647840E+014
  2.7642004167E+006  4.7847566373E+014
  2.7659004403E+006  4.7877484969E+014
  2.7676004644E+006  4.7907403623E+014
  2.7693004875E+006  4.7937322309E+014
  2.7710005090E+006  4.7967241016E+014
  2.7727005282E+006  4.7997159734E+014
  2.7744005469E+006  4.8027078499E+014
  2.7761005695E+006  4.8056997388E+014
  2.7778005964E+006  4.8086916410E+014
  2.7795006260E+006  4.8116835539E+014
  2.7812006609E+006  4.8146754824E+014
  2.7829003547E+006  4.8176668164E+014
  2.7846004056E+006  4.8206587856E+014
  2.7863004630E+006  4.8236507726E+014
  2.7880005244E+006  4.8266427733E+014
  2.7897005871E+006  4.8296347831E+014
  2.7914006523E+006  4.8326268041E+014
  2.7931003703E+006  4.8356182211E+014
  2.7948004355E+006  4.8386102564E+014
  2.7965004974E+006  4.8416022930E+014
  2.7982005580E+006  4.8445943350E+014
  2.7999006190E+006  4.8475863850E+014
  2.8016006816E+006  4.8505784456E+014
  2.8033003973E+006  4.8535699033E+014
  2.8050004644E+006  4.8565619876E+014
  2.8067005369E+006  4.8595540892E+014
  2.8084006186E+006  4.8625462152E+014
  2.8101003578E+006  4.8655377465E+014
  2.8118004508E+006  4.8685299089E+014
  2.8135005490E+006  4.8715220889E+014
  2.8152006517E+006  4.8745142853E+014
  2.8169004082E+006  4.8775058812E+014
  2.8186005164E+006  4.8804981046E+014
  2.8203006223E+006  4.8834903330E+014
  2.8220003759E+006  4.8864819501E+014
  2.8237004794E+006  4.8894741922E+014
  2.8254005834E+006  4.8924664442E+014
  2.8271006861E+006  4.8954587033E+014
  2.8288004398E+006  4.8984503574E+014
  2.8305005459E+006  4.9014426410E+014
  2.8322006569E+006  4.9044349429E+014
  2.8339004259E+006  4.9074266523E+014
  2.8356005503E+006  4.9104189968E+014
  2.8373006786E+006  4.9134113581E+014
  2.8390004641E+006  4.9164031257E+014
  2.8407006066E+006  4.9193955316E+014
  2.8424004030E+006  4.9223873383E+014
  2.8441005495E+006  4.9253797713E+014
  2.8458006961E+006  4.9283722143E+014
  2.8475004926E+006  4.9313640517E+014
  2.8492006388E+006  4.9343565145E+014
  2.8509004350E+006  4.9373483717E+014
  2.8526005777E+006  4.9403408492E+014
  2.8543003698E+006  4.9433327202E+014
  2.8560005153E+006  4.9463252235E+014
  2.8577006652E+006  4.9493177452E+014
  2.8594004698E+006  4.9523096697E+014
  2.8611006293E+006  4.9553022298E+014
  2.8628004456E+006  4.9582941963E+014
  2.8645006187E+006  4.9612868016E+014
  2.8662004500E+006  4.9642788164E+014
  2.8679006342E+006  4.9672714630E+014
  2.8696004694E+006  4.9702635064E+014
  2.8713006565E+006  4.9732561803E+014
  2.8730004957E+006  4.9762482528E+014
  2.8747006831E+006  4.9792409492E+014
  2.8764005189E+006  4.9822330380E+014
  2.8781003524E+006  4.9852251340E+014
  2.8798005350E+006  4.9882178557E+014
  2.8815003716E+006  4.9912099796E+014
  2.8832005607E+006  4.9942027353E+014
  2.8849004020E+006  4.9971948903E+014
  2.8866005977E+006  5.0001876803E+014
  2.8883004516E+006  5.0031798802E+014
  2.8900006619E+006  5.0061727190E+014
  2.8917005286E+006  5.0091649643E+014
  2.8934003995E+006  5.0121572287E+014
  2.8951006227E+006  5.0151501249E+014
  2.8968005007E+006  5.0181424248E+014
  2.8985003816E+006  5.0211347417E+014
  2.9002006101E+006  5.0241276820E+014
  2.9019004864E+006  5.0271200141E+014
  2.9036003627E+006  5.0301123579E+014
  2.9053005886E+006  5.0331053287E+014
  2.9070004652E+006  5.0360976966E+014
  2.9087006922E+006  5.0390906930E+014
  2.9104005709E+006  5.0420830881E+014
  2.9121004541E+006  5.0450755030E+014
  2.9138006950E+006  5.0480685593E+014
  2.9155005925E+006  5.0510610231E+014
  2.9172004944E+006  5.0540535064E+014
  2.9189004024E+006  5.0570460124E+014
  2.9206006655E+006  5.0600391555E+014
  2.9223005832E+006  5.0630317024E+014
  2.9240005032E+006  5.0660242652E+014
  2.9257004220E+006  5.0690168380E+014
  2.9274006885E+006  5.0720100347E+014
  2.9291006064E+006  5.0750026298E+014
  2.9308005245E+006  5.0779952372E+014
  2.9325004401E+006  5.0809878521E+014
  2.9342003552E+006  5.0839804781E+014
  2.9359006225E+006  5.0869737363E+014
  2.9376005449E+006  5.0899663991E+014
  2.9393004731E+006  5.0929590842E+014
  2.9410004065E+006  5.0959517905E+014
  2.9427006937E+006  5.0989451317E+014
  2.9444006384E+006  5.1019378822E+014
  2.9461005907E+006  5.1049306581E+014
  2.9478005466E+006  5.1079234525E+014
  2.9495005039E+006  5.1109162614E+014
  2.9512004625E+006  5.1139090849E+014
  2.9529004217E+006  5.1169019215E+014
  2.9546003813E+006  5.1198947708E+014
  2.9563006895E+006  5.1228882462E+014
  2.9580006453E+006  5.1258811131E+014
  2.9597006003E+006  5.1288739905E+014
  2.9614005587E+006  5.1318668861E+014
  2.9631005204E+006  5.1348597995E+014
  2.9648004844E+006  5.1378527291E+014
  2.9665004529E+006  5.1408456785E+014
  2.9682004271E+006  5.1438386498E+014
  2.9699004087E+006  5.1468316461E+014
  2.9716003978E+006  5.1498246677E+014
  2.9733003906E+006  5.1528177076E+014
  2.9750003852E+006  5.1558107627E+014
  2.9767003841E+006  5.1588038371E+014
  2.9784003855E+006  5.1617969279E+014
  2.9801003859E+006  5.1647900287E+014
  2.9818003846E+006  5.1677831383E+014
  2.9835003816E+006  5.1707762568E+014
  2.9852003780E+006  5.1737693861E+014
  2.9869003765E+006  5.1767625306E+014
  2.9886003763E+006  5.1797556893E+014
  2.9903003763E+006  5.1827488600E+014
  2.9920003810E+006  5.1857420507E+014
  2.9937003934E+006  5.1887352666E+014
  2.9954004123E+006  5.1917285057E+014
  2.9971004367E+006  5.1947217659E+014
  2.9988004659E+006  5.1977150462E+014
  3.0005004990E+006  5.2007083451E+014
  3.0022005369E+006  5.2037016639E+014
  3.0039005779E+006  5.2066949997E+014
  3.0056006174E+006  5.2096883442E+014
  3.0073006548E+006  5.2126816967E+014
  3.0090006929E+006  5.2156750617E+014
  3.0107003817E+006  5.2186678231E+014
  3.0124004193E+006  5.2216612101E+014
  3.0141004572E+006  5.2246546089E+014
  3.0158004962E+006  5.2276480211E+014
  3.0175005392E+006  5.2306414516E+014
  3.0192005892E+006  5.2336349057E+014
  3.0209006441E+006  5.2366283798E+014
  3.0226003531E+006  5.2396212559E+014
  3.0243004179E+006  5.2426147698E+014
  3.0260004894E+006  5.2456083068E+014
  3.0277005655E+006  5.2486018628E+014
  3.0294006444E+006  5.2515954350E+014
  3.0311003738E+006  5.2545884028E+014
  3.0328004524E+006  5.2575819967E+014
  3.0345005326E+006  5.2605756044E+014
  3.0362006126E+006  5.2635692226E+014
  3.0379006896E+006  5.2665628467E+014
  3.0396004162E+006  5.2695558646E+014
  3.0413004946E+006  5.2725495130E+014
  3.0430005761E+006  5.2755431775E+014
  3.0447006618E+006  5.2785368605E+014
  3.0464004021E+006  5.2815299460E+014
  3.0481004964E+006  5.2845236656E+014
  3.0498005982E+006  5.2875174094E+014
  3.0515003584E+006  5.2905105622E+014
  3.0532004717E+006  5.2935043476E+014
  3.0549005873E+006  5.2964981476E+014
  3.0566003559E+006  5.2994913472E+014
  3.0583004757E+006  5.3024851759E+014
  3.0600005964E+006  5.3054790166E+014
  3.0617003664E+006  5.3084722506E+014
  3.0634004831E+006  5.3114661052E+014
  3.0651005989E+006  5.3144599690E+014
  3.0668003681E+006  5.3174532328E+014
  3.0685004888E+006  5.3204471259E+014
  3.0702006107E+006  5.3234410316E+014
  3.0719003871E+006  5.3264343391E+014
  3.0736005191E+006  5.3294282831E+014
  3.0753006578E+006  5.3324222492E+014
  3.0770004535E+006  5.3354156216E+014
  3.0787006028E+006  5.3384096268E+014
  3.0804004053E+006  5.3414030314E+014
  3.0821005624E+006  5.3443970706E+014
  3.0838003733E+006  5.3473905103E+014
  3.0855005330E+006  5.3503845743E+014
  3.0872006915E+006  5.3533786461E+014
  3.0889004996E+006  5.3563721110E+014
  3.0906006569E+006  5.3593662007E+014
  3.0923004662E+006  5.3623596875E+014
  3.0940006256E+006  5.3653538008E+014
  3.0957004351E+006  5.3683473077E+014
  3.0974005979E+006  5.3713414466E+014
  3.0991004180E+006  5.3743349916E+014
  3.1008005928E+006  5.3773291711E+014
  3.1025004226E+006  5.3803227529E+014
  3.1042006073E+006  5.3833169693E+014
  3.1059004477E+006  5.3863105890E+014
  3.1076006435E+006  5.3893048442E+014
  3.1093004932E+006  5.3922984995E+014
  3.1110006917E+006  5.3952927785E+014
  3.1127005400E+006  5.3982864502E+014
  3.1144003896E+006  5.4012801337E+014
  3.1161005887E+006  5.4042744423E+014
  3.1178004368E+006  5.4072681420E+014
  3.1195006336E+006  5.4102624652E+014
  3.1212004812E+006  5.4132561825E+014
  3.1229006819E+006  5.4162505309E+014
  3.1246005390E+006  5.4192442832E+014
  3.1263004002E+006  5.4222380516E+014
  3.1280006146E+006  5.4252324513E+014
  3.1297004865E+006  5.4282262564E+014
  3.1314003652E+006  5.4312200827E+014
  3.1331005981E+006  5.4342145415E+014
  3.1348004840E+006  5.4372083981E+014
  3.1365003711E+006  5.4402022656E+014
  3.1382006085E+006  5.4431967588E+014
  3.1399004986E+006  5.4461906491E+014
  3.1416003885E+006  5.4491845478E+014
  3.1433006248E+006  5.4521790653E+014
  3.1450005108E+006  5.4551729745E+014
  3.1467003994E+006  5.4581668968E+014
  3.1484006395E+006  5.4611614469E+014
  3.1501005331E+006  5.4641553951E+014
  3.1518004300E+006  5.4671493578E+014
  3.1535006801E+006  5.4701439511E+014
  3.1552005877E+006  5.4731379497E+014
  3.1569005029E+006  5.4761319700E+014
  3.1586004217E+006  5.4791260051E+014
  3.1603006930E+006  5.4821206693E+014
  3.1620006190E+006  5.4851147339E+014
  3.1637005480E+006  5.4881088120E+014
  3.1654004779E+006  5.4911028999E+014
  3.1671004071E+006  5.4940969948E+014
  3.1688006833E+006  5.4970917094E+014
  3.1705006097E+006  5.5000858158E+014
  3.1722005383E+006  5.5030799344E+014
  3.1739004675E+006  5.5060740622E+014
  3.1756003967E+006  5.5090681980E+014
  3.1773006787E+006  5.5120629635E+014
  3.1790006168E+006  5.5150571313E+014
  3.1807005612E+006  5.5180513182E+014
  3.1824005117E+006  5.5210455238E+014
  3.1841004665E+006  5.5240397451E+014
  3.1858004251E+006  5.5270339809E+014
  3.1875003894E+006  5.5300282348E+014
  3.1892003576E+006  5.5330225036E+014
  3.1909006751E+006  5.5360173953E+014
  3.1926006422E+006  5.5390116779E+014
  3.1943006094E+006  5.5420059685E+014
  3.1960005767E+006  5.5450002672E+014
  3.1977005447E+006  5.5479945747E+014
  3.1994005121E+006  5.5509888891E+014
  3.2011004788E+006  5.5539832100E+014
  3.2028004491E+006  5.5569775451E+014
  3.2045004255E+006  5.5599718986E+014
  3.2062004061E+006  5.5629662672E+014
  3.2079003907E+006  5.5659606507E+014
  3.2096003809E+006  5.5689550516E+014
  3.2113003767E+006  5.5719494700E+014
  3.2130003781E+006  5.5749439059E+014
  3.2147003833E+006  5.5779383564E+014
  3.2164003887E+006  5.5809328147E+014
  3.2181003947E+006  5.5839272815E+014
  3.2198004027E+006  5.5869217596E+014
  3.2215004110E+006  5.5899162457E+014
  3.2232004173E+006  5.5929107360E+014
  3.2249004229E+006  5.5959052325E+014
  3.2266004289E+006  5.5988997372E+014
  3.2283004376E+006  5.6018942542E+014
  3.2300004507E+006  5.6048887865E+014
  3.2317004664E+006  5.6078833309E+014
  3.2334004851E+006  5.6108778880E+014
  3.2351005108E+006  5.6138724649E+014
  3.2368005439E+006  5.6168670624E+014
  3.2385005816E+006  5.6198616753E+014
  3.2402006227E+006  5.6228563018E+014
  3.2419006663E+006  5.6258509402E+014
  3.2436003624E+006  5.6288449738E+014
  3.2453004105E+006  5.6318396348E+014
  3.2470004585E+006  5.6348343031E+014
  3.2487005033E+006  5.6378289732E+014
  3.2504005475E+006  5.6408236497E+014
  3.2521005935E+006  5.6438183368E+014
  3.2538006408E+006  5.6468130335E+014
  3.2555006897E+006  5.6498077405E+014
  3.2572003917E+006  5.6528018438E+014
  3.2589004472E+006  5.6557965773E+014
  3.2606005098E+006  5.6587913305E+014
  3.2623005793E+006  5.6617861034E+014
  3.2640006523E+006  5.6647808898E+014
  3.2657003788E+006  5.6677750732E+014
  3.2674004599E+006  5.6707698887E+014
  3.2691005445E+006  5.6737647177E+014
  3.2708006305E+006  5.6767595566E+014
  3.2725003666E+006  5.6797537865E+014
  3.2742004508E+006  5.6827486372E+014
  3.2759005354E+006  5.6857434957E+014
  3.2776006220E+006  5.6887383653E+014
  3.2793003587E+006  5.6917326259E+014
  3.2810004444E+006  5.6947275089E+014
  3.2827005331E+006  5.6977224044E+014
  3.2844006265E+006  5.7007173158E+014
  3.2861003754E+006  5.7037116277E+014
  3.2878004790E+006  5.7067065719E+014
  3.2895005867E+006  5.7097015307E+014
  3.2912006988E+006  5.7126965049E+014
  3.2929004683E+006  5.7156908829E+014
  3.2946005918E+006  5.7186858921E+014
  3.2963003659E+006  5.7216802933E+014
  3.2980004898E+006  5.7246753183E+014
  3.2997006149E+006  5.7276703529E+014
  3.3014003905E+006  5.7306647792E+014
  3.3031005157E+006  5.7336598291E+014
  3.3048006398E+006  5.7366548847E+014
  3.3065004132E+006  5.7396493302E+014
  3.3082005392E+006  5.7426444043E+014
  3.3099006703E+006  5.7456394950E+014
  3.3116004547E+006  5.7486339827E+014
  3.3133005925E+006  5.7516291006E+014
  3.3150003867E+006  5.7546236209E+014
  3.3167005365E+006  5.7576187753E+014
  3.3184006920E+006  5.7606139475E+014
  3.3201005021E+006  5.7636085190E+014
  3.3218006626E+006  5.7666037156E+014
  3.3235004749E+006  5.7695983065E+014
  3.3252006399E+006  5.7725935267E+014
  3.3269004556E+006  5.7755881394E+014
  3.3286006188E+006  5.7785833722E+014
  3.3303004317E+006  5.7815779957E+014
  3.3320005945E+006  5.7845732436E+014
  3.3337004098E+006  5.7875678874E+014
  3.3354005780E+006  5.7905631606E+014
  3.3371003983E+006  5.7935578292E+014
  3.3388005713E+006  5.7965531270E+014
  3.3405004012E+006  5.7995478287E+014
  3.3422005875E+006  5.8025431662E+014
  3.3439004282E+006  5.8055379031E+014
  3.3456006221E+006  5.8085332704E+014
  3.3473004702E+006  5.8115280366E+014
  3.3490006709E+006  5.8145234324E+014
  3.3507005250E+006  5.8175182257E+014
  3.3524003793E+006  5.8205130279E+014
  3.3541005809E+006  5.8235084502E+014
  3.3558004327E+006  5.8265032647E+014
  3.3575006359E+006  5.8294987067E+014
  3.3592004900E+006  5.8324935422E+014
  3.3609006941E+006  5.8354890027E+014
  3.3626005504E+006  5.8384838592E+014
  3.3643004101E+006  5.8414787302E+014
  3.3660006255E+006  5.8444742365E+014
  3.3677004976E+006  5.8474691467E+014
  3.3694003732E+006  5.8504640718E+014
  3.3711006024E+006  5.8534596287E+014
  3.3728004884E+006  5.8564545896E+014
  3.3745003783E+006  5.8594495665E+014
  3.3762006194E+006  5.8624451709E+014
  3.3779005112E+006  5.8654401690E+014
  3.3796004021E+006  5.8684351744E+014
  3.3813006431E+006  5.8714308057E+014
  3.3830005360E+006  5.8744258329E+014
  3.3847004279E+006  5.8774208674E+014
  3.3864006682E+006  5.8804165251E+014
  3.3881005617E+006  5.8834115810E+014
  3.3898004596E+006  5.8864066540E+014
  3.3915003617E+006  5.8894017438E+014
  3.3932006181E+006  5.8923974672E+014
  3.3949005289E+006  5.8953925912E+014
  3.3966004445E+006  5.8983877334E+014
  3.3983003669E+006  5.9013828969E+014
  3.4000006431E+006  5.9043786938E+014
  3.4017005705E+006  5.9073738856E+014
  3.4034004993E+006  5.9103690897E+014
  3.4051004303E+006  5.9133643075E+014
  3.4068003621E+006  5.9163595369E+014
  3.4085006433E+006  5.9193553916E+014
  3.4102005737E+006  5.9223506383E+014
  3.4119005031E+006  5.9253458934E+014
  3.4136004349E+006  5.9283411629E+014
  3.4153003705E+006  5.9313364493E+014
  3.4170006577E+006  5.9343323656E+014
  3.4187005979E+006  5.9373276808E+014
  3.4204005436E+006  5.9403230162E+014
  3.4221004956E+006  5.9433183731E+014
  3.4238004533E+006  5.9463137507E+014
  3.4255004155E+006  5.9493091469E+014
  3.4272003797E+006  5.9523045574E+014
  3.4289006963E+006  5.9553005994E+014
  3.4306006668E+006  5.9582960427E+014
  3.4323006377E+006  5.9612914974E+014
  3.4340006064E+006  5.9642869595E+014
  3.4357005747E+006  5.9672824319E+014
  3.4374005437E+006  5.9702779166E+014
  3.4391005139E+006  5.9732734147E+014
  3.4408004862E+006  5.9762689278E+014
  3.4425004595E+006  5.9792644542E+014
  3.4442004356E+006  5.9822599970E+014
  3.4459004182E+006  5.9852555628E+014
  3.4476004071E+006  5.9882511513E+014
  3.4493003998E+006  5.9912467582E+014
  3.4510003967E+006  5.9942423844E+014
  3.4527003978E+006  5.9972380299E+014
  3.4544004025E+006  6.0002336937E+014
  3.4561004107E+006  6.0032293757E+014
  3.4578004193E+006  6.0062250706E+014
  3.4595004262E+006  6.0092207747E+014
  3.4612004337E+006  6.0122164923E+014
  3.4629004428E+006  6.0152122251E+014
  3.4646004517E+006  6.0182079700E+014
  3.4663004603E+006  6.0212037270E+014
  3.4680004704E+006  6.0241994993E+014
  3.4697004837E+006  6.0271952902E+014
  3.4714005022E+006  6.0301911029E+014
  3.4731005259E+006  6.0331869379E+014
  3.4748005526E+006  6.0361827912E+014
  3.4765005836E+006  6.0391786653E+014
  3.4782006213E+006  6.0421745645E+014
  3.4799006637E+006  6.0451704852E+014
  3.4816003583E+006  6.0481658064E+014
  3.4833004040E+006  6.0511617599E+014
  3.4850004500E+006  6.0541577278E+014
  3.4867004969E+006  6.0571537108E+014
  3.4884005450E+006  6.0601497099E+014
  3.4901005919E+006  6.0631457208E+014
  3.4918006372E+006  6.0661417429E+014
  3.4935006847E+006  6.0691377829E+014
  3.4952003860E+006  6.0721332273E+014
  3.4969004400E+006  6.0751293074E+014
  3.4986004975E+006  6.0781254083E+014
  3.5003005592E+006  6.0811215311E+014
  3.5020006263E+006  6.0841176781E+014
  3.5037003509E+006  6.0871132362E+014
  3.5054004296E+006  6.0901094333E+014
  3.5071005097E+006  6.0931056478E+014
  3.5088005920E+006  6.0961018815E+014
  3.5105006772E+006  6.0990981354E+014
  3.5122004135E+006  6.1020937897E+014
  3.5139004991E+006  6.1050900753E+014
  3.5156005837E+006  6.1080863747E+014
  3.5173006676E+006  6.1110826885E+014
  3.5190004039E+006  6.1140784056E+014
  3.5207004929E+006  6.1170747603E+014
  3.5224005829E+006  6.1200711330E+014
  3.5241006755E+006  6.1230675261E+014
  3.5258004239E+006  6.1260633291E+014
  3.5275005277E+006  6.1290597749E+014
  3.5292006366E+006  6.1320562462E+014
  3.5309003999E+006  6.1350521251E+014
  3.5326005154E+006  6.1380486414E+014
  3.5343006346E+006  6.1410451811E+014
  3.5360004087E+006  6.1440411297E+014
  3.5377005333E+006  6.1470377132E+014
  3.5394006565E+006  6.1500343112E+014
  3.5411004301E+006  6.1530303106E+014
  3.5428005540E+006  6.1560269449E+014
  3.5445006786E+006  6.1590235981E+014
  3.5462004546E+006  6.1620196543E+014
  3.5479005806E+006  6.1650163455E+014
  3.5496003588E+006  6.1680124417E+014
  3.5513004927E+006  6.1710091828E+014
  3.5530006321E+006  6.1740059519E+014
  3.5547004253E+006  6.1770021291E+014
  3.5564005726E+006  6.1799989489E+014
  3.5581003756E+006  6.1829951806E+014
  3.5598005327E+006  6.1859920551E+014
  3.5615006936E+006  6.1889889551E+014
  3.5632005055E+006  6.1919852591E+014
  3.5649006661E+006  6.1949821968E+014
  3.5666004781E+006  6.1979785392E+014
  3.5683006416E+006  6.2009755207E+014
  3.5700004545E+006  6.2039719037E+014
  3.5717006163E+006  6.2069689212E+014
  3.5734004298E+006  6.2099653447E+014
  3.5751005957E+006  6.2129624094E+014
  3.5768004163E+006  6.2159588854E+014
  3.5785005909E+006  6.2189560056E+014
  3.5802004188E+006  6.2219525350E+014
  3.5819006011E+006  6.2249497095E+014
  3.5836004404E+006  6.2279463001E+014
  3.5853006339E+006  6.2309435358E+014
  3.5870004798E+006  6.2339401797E+014
  3.5887006773E+006  6.2369374644E+014
  3.5904005267E+006  6.2399341566E+014
  3.5921003777E+006  6.2429308729E+014
  3.5938005798E+006  6.2459282296E+014
  3.5955004308E+006  6.2489249889E+014
  3.5972006298E+006  6.2519223835E+014
  3.5989004812E+006  6.2549191873E+014
  3.6006006853E+006  6.2579166347E+014
  3.6023005415E+006  6.2609134909E+014
  3.6040004004E+006  6.2639103744E+014
  3.6057006129E+006  6.2669079037E+014
  3.6074004809E+006  6.2699048480E+014
  3.6091003556E+006  6.2729018271E+014
  3.6108005845E+006  6.2758994534E+014
  3.6125004657E+006  6.2788964898E+014
  3.6142003504E+006  6.2818935557E+014
  3.6159005887E+006  6.2848912681E+014
  3.6176004785E+006  6.2878883897E+014
  3.6193003681E+006  6.2908855345E+014
  3.6210006066E+006  6.2938833183E+014
  3.6227004947E+006  6.2968805080E+014
  3.6244003845E+006  6.2998777250E+014
  3.6261006262E+006  6.3028755865E+014
  3.6278005181E+006  6.3058728558E+014
  3.6295004119E+006  6.3088701528E+014
  3.6312006606E+006  6.3118681004E+014
  3.6329005651E+006  6.3148654659E+014
  3.6346004746E+006  6.3178628649E+014
  3.6363003883E+006  6.3208602967E+014
  3.6380006550E+006  6.3238583762E+014
  3.6397005764E+006  6.3268558721E+014
  3.6414005023E+006  6.3298534018E+014
  3.6431004292E+006  6.3328509588E+014
  3.6448003549E+006  6.3358485395E+014
  3.6465006312E+006  6.3388467645E+014
  3.6482005590E+006  6.3418444012E+014
  3.6499004871E+006  6.3448420649E+014
  3.6516004156E+006  6.3478397556E+014
  3.6533006939E+006  6.3508380899E+014
  3.6550006242E+006  6.3538358372E+014
  3.6567005597E+006  6.3568336209E+014
  3.6584005001E+006  6.3598314401E+014
  3.6601004430E+006  6.3628292910E+014
  3.6618003901E+006  6.3658271768E+014
  3.6635006926E+006  6.3688257168E+014
  3.6652006502E+006  6.3718236765E+014
  3.6669006120E+006  6.3748216713E+014
  3.6686005754E+006  6.3778196971E+014
  3.6703005389E+006  6.3808177512E+014
  3.6720005045E+006  6.3838158373E+014
  3.6737004718E+006  6.3868139549E+014
  3.6754004378E+006  6.3898120990E+014
  3.6771004025E+006  6.3928102696E+014
  3.6788003681E+006  6.3958084706E+014
  3.6805006855E+006  6.3988073213E+014
  3.6822006566E+006  6.4018055906E+014
  3.6839006312E+006  6.4048038952E+014
  3.6856006082E+006  6.4078022338E+014
  3.6873005901E+006  6.4108006109E+014
  3.6890005793E+006  6.4137990305E+014
  3.6907005731E+006  6.4167974885E+014
  3.6924005697E+006  6.4197959815E+014
  3.6941005688E+006  6.4227945092E+014
  3.6958005702E+006  6.4257930716E+014
  3.6975005736E+006  6.4287916682E+014
  3.6992005784E+006  6.4317902979E+014
  3.7009005816E+006  6.4347889560E+014
  3.7026005836E+006  6.4377876430E+014
  3.7043005877E+006  6.4407863649E+014
  3.7060005943E+006  6.4437851226E+014
  3.7077006015E+006  6.4467839129E+014
  3.7094006108E+006  6.4497827389E+014
  3.7111006239E+006  6.4527816031E+014
  3.7128006418E+006  6.4557805080E+014
  3.7145006658E+006  6.4587794558E+014
  3.7162006941E+006  6.4617784436E+014
  3.7179003749E+006  6.4647768507E+014
  3.7196004094E+006  6.4677759145E+014
  3.7213004488E+006  6.4707750196E+014
  3.7230004899E+006  6.4737741607E+014
  3.7247005312E+006  6.4767733351E+014
  3.7264005724E+006  6.4797725426E+014
  3.7281006132E+006  6.4827717827E+014
  3.7298006555E+006  6.4857710590E+014
  3.7315006992E+006  6.4887703713E+014
  3.7332003922E+006  6.4917690988E+014
  3.7349004363E+006  6.4947684796E+014
  3.7366004853E+006  6.4977679030E+014
  3.7383005390E+006  6.5007673690E+014
  3.7400005967E+006  6.5037668764E+014
  3.7417006586E+006  6.5067664257E+014
  3.7434003747E+006  6.5097653996E+014
  3.7451004458E+006  6.5127650346E+014
  3.7468005220E+006  6.5157647134E+014
  3.7485005997E+006  6.5187644299E+014
  3.7502006771E+006  6.5217641811E+014
  3.7519004061E+006  6.5247633528E+014
  3.7536004860E+006  6.5277631790E+014
  3.7553005659E+006  6.5307630411E+014
  3.7570006458E+006  6.5337629385E+014
  3.7587003754E+006  6.5367622539E+014
  3.7604004562E+006  6.5397622249E+014
  3.7621005415E+006  6.5427622399E+014
  3.7638006307E+006  6.5457622981E+014
  3.7655003725E+006  6.5487617795E+014
  3.7672004683E+006  6.5517619221E+014
  3.7689005703E+006  6.5547621121E+014
  3.7706006772E+006  6.5577623476E+014
  3.7723004384E+006  6.5607620099E+014
  3.7740005512E+006  6.5637623295E+014
  3.7757006649E+006  6.5667626879E+014
  3.7774004316E+006  6.5697624711E+014
  3.7791005506E+006  6.5727629131E+014
  3.7808006681E+006  6.5757633901E+014
  3.7825004348E+006  6.5787632855E+014
  3.7842005523E+006  6.5817638376E+014
  3.7859006714E+006  6.5847644302E+014
  3.7876004432E+006  6.5877644479E+014
  3.7893005673E+006  6.5907651251E+014
  3.7910006932E+006  6.5937658436E+014
  3.7927004738E+006  6.5967659909E+014
  3.7944006111E+006  6.5997668059E+014
  3.7961004031E+006  6.6027670499E+014
  3.7978005477E+006  6.6057679546E+014
  3.7995006959E+006  6.6087689043E+014
  3.8012004979E+006  6.6117692814E+014
  3.8029006523E+006  6.6147703194E+014
  3.8046004585E+006  6.6177707816E+014
  3.8063006131E+006  6.6207718975E+014
  3.8080004166E+006  6.6237724327E+014
  3.8097005718E+006  6.6267736278E+014
  3.8114003788E+006  6.6297742474E+014
  3.8131005356E+006  6.6327755237E+014
  3.8148006939E+006  6.6357768418E+014
  3.8165005057E+006  6.6387775877E+014
  3.8182006720E+006  6.6417789988E+014
  3.8199004943E+006  6.6447798421E+014
  3.8216006706E+006  6.6477813499E+014
  3.8233004998E+006  6.6507822845E+014
  3.8250006834E+006  6.6537838845E+014
  3.8267005224E+006  6.6567849157E+014
  3.8284003632E+006  6.6597859900E+014
  3.8301005542E+006  6.6627877224E+014
  3.8318003958E+006  6.6657888776E+014
  3.8335005875E+006  6.6687906911E+014
  3.8352004312E+006  6.6717919300E+014
  3.8369006255E+006  6.6747938279E+014
  3.8386004689E+006  6.6777951461E+014
  3.8403006629E+006  6.6807971236E+014
  3.8420005114E+006  6.6837985310E+014
  3.8437003637E+006  6.6867999854E+014
  3.8454005692E+006  6.6898021034E+014
  3.8471004288E+006  6.6928036508E+014
  3.8488006423E+006  6.6958058632E+014
  3.8505005114E+006  6.6988075077E+014
  3.8522003861E+006  6.7018092021E+014
  3.8539006125E+006  6.7048115578E+014
  3.8556004897E+006  6.7078133372E+014
  3.8573003694E+006  6.7108151608E+014
  3.8590006004E+006  6.7138176451E+014
  3.8607004817E+006  6.7168195518E+014
  3.8624003625E+006  6.7198214978E+014
  3.8641005922E+006  6.7228241001E+014
  3.8658004732E+006  6.7258261266E+014
  3.8675003582E+006  6.7288282000E+014
  3.8692005959E+006  6.7318309364E+014
  3.8709004853E+006  6.7348330975E+014
  3.8726003790E+006  6.7378353060E+014
  3.8743006285E+006  6.7408381829E+014
  3.8760005333E+006  6.7438404906E+014
  3.8777004424E+006  6.7468428455E+014
  3.8794003541E+006  6.7498452447E+014
  3.8811006173E+006  6.7528483042E+014
  3.8828005340E+006  6.7558507912E+014
  3.8845004530E+006  6.7588533214E+014
  3.8862003708E+006  6.7618558888E+014
  3.8879006373E+006  6.7648591111E+014
  3.8896005553E+006  6.7678617565E+014
  3.8913004746E+006  6.7708644428E+014
  3.8930003958E+006  6.7738671704E+014
  3.8947006684E+006  6.7768705568E+014
  3.8964005929E+006  6.7798733657E+014
  3.8981005215E+006  6.7828762192E+014
  3.8998004568E+006  6.7858791210E+014
  3.9015003964E+006  6.7888820669E+014
  3.9032006885E+006  6.7918856711E+014
  3.9049006348E+006  6.7948886997E+014
  3.9066005851E+006  6.7978917702E+014
  3.9083005386E+006  6.8008948805E+014
  3.9100004941E+006  6.8038980279E+014
  3.9117004489E+006  6.8069012071E+014
  3.9134004033E+006  6.8099044179E+014
  3.9151003597E+006  6.8129076638E+014
  3.9168006669E+006  6.8159115604E+014
  3.9185006236E+006  6.8189148682E+014
  3.9202005812E+006  6.8219182068E+014
  3.9219005414E+006  6.8249215789E+014
  3.9236005057E+006  6.8279249860E+014
  3.9253004750E+006  6.8309284291E+014
  3.9270004480E+006  6.8339319051E+014
  3.9287004240E+006  6.8369354117E+014
  3.9304004054E+006  6.8399389526E+014
  3.9321003925E+006  6.8429425272E+014
  3.9338003821E+006  6.8459461289E+014
  3.9355003728E+006  6.8489497545E+014
  3.9372003644E+006  6.8519534027E+014
  3.9389003567E+006  6.8549570720E+014
  3.9406003503E+006  6.8579607628E+014
  3.9423006941E+006  6.8609650904E+014
  3.9440006865E+006  6.8639688142E+014
  3.9457006797E+006  6.8669725556E+014
  3.9474006768E+006  6.8699763189E+014
  3.9491006770E+006  6.8729801021E+014
  3.9508006799E+006  6.8759839028E+014
  3.9525006866E+006  6.8789877225E+014
  3.9542006975E+006  6.8819915606E+014
  3.9559003641E+006  6.8849948003E+014
  3.9576003860E+006  6.8879986769E+014
  3.9593004099E+006  6.8910025650E+014
  3.9610004349E+006  6.8940064618E+014
  3.9627004631E+006  6.8970103701E+014
  3.9644004936E+006  6.9000142874E+014
  3.9661005244E+006  6.9030182089E+014
  3.9678005549E+006  6.9060221326E+014
  3.9695005848E+006  6.9090260569E+014
  3.9712006155E+006  6.9120299830E+014
  3.9729006492E+006  6.9150339141E+014
  3.9746006847E+006  6.9180378469E+014
  3.9763003714E+006  6.9210411607E+014
  3.9780004117E+006  6.9240450958E+014
  3.9797004578E+006  6.9270490364E+014
  3.9814005089E+006  6.9300529802E+014
  3.9831005641E+006  6.9330569247E+014
  3.9848006226E+006  6.9360608673E+014
  3.9865006840E+006  6.9390648061E+014
  3.9882003995E+006  6.9420681241E+014
  3.9899004675E+006  6.9450720542E+014
  3.9916005348E+006  6.9480759711E+014
  3.9933006011E+006  6.9510798737E+014
  3.9950006683E+006  6.9540837642E+014
  3.9967003868E+006  6.9570870238E+014
  3.9984004563E+006  6.9600908877E+014
  4.0001005268E+006  6.9630947371E+014
  4.0018005986E+006  6.9660985710E+014
  4.0035006742E+006  6.9691023933E+014
  4.0052004061E+006  6.9721055888E+014
  4.0069004916E+006  6.9751093886E+014
  4.0086005799E+006  6.9781131723E+014
  4.0103006729E+006  6.9811169420E+014
  4.0120004206E+006  6.9841200786E+014
  4.0137005216E+006  6.9871238154E+014
