  0.0000000000E+000  0.0000000000E+000
  1.7003173234E+003  1.6437086118E+036
  3.4002726608E+003  1.6693768891E+036
  5.1002179501E+003  1.7727317601E+036
  6.8002334215E+003  2.1387064442E+036
  8.5002000912E+003  3.2073829603E+036
  1.0200359670E+004  5.8485540600E+036
  1.1900197310E+004  1.1113288015E+037
  1.3600324596E+004  2.0864201725E+037
  1.5300308948E+004  4.7591639357E+037
  1.7000234961E+004  6.1485029094E+037
  1.8700216618E+004  6.0518639605E+037
  2.0400328547E+004  5.8537613886E+037
  2.2100254901E+004  5.6471929898E+037
  2.3800201961E+004  5.4513489332E+037
  2.5500246830E+004  5.2700790235E+037
  2.7200308238E+004  5.1044343152E+037
  2.8900205951E+004  4.9539191562E+037
  3.0600244414E+004  4.8113817336E+037
  3.2300236251E+004  4.6823183959E+037
  3.4000359271E+004  4.5648817231E+037
  3.5700322968E+004  4.4566203018E+037
  3.7400241491E+004  4.3518433277E+037
  3.9100240884E+004  4.2558410554E+037
  4.0800265153E+004  4.1682749583E+037
  4.2500323250E+004  4.0838594961E+037
  4.4200349284E+004  4.0054450003E+037
  4.5900284703E+004  3.9333787776E+037
  4.7600252479E+004  3.8663713870E+037
  4.9300211626E+004  3.8075490260E+037
  5.1000281722E+004  3.7451179760E+037
  5.2700345245E+004  3.6814673331E+037
  5.4400330945E+004  3.6224522534E+037
  5.6100222764E+004  3.5658903451E+037
  5.7800336671E+004  3.5119213399E+037
  5.9500252009E+004  3.4607421786E+037
  6.1200265982E+004  3.4115757733E+037
  6.2900326343E+004  3.3635141237E+037
  6.4600380478E+004  3.3174629844E+037
  6.6300276714E+004  3.2736685501E+037
  6.8000283946E+004  3.2314735855E+037
  6.9700322794E+004  3.1910187872E+037
  7.1400305999E+004  3.1520635162E+037
  7.3100215875E+004  3.1144500677E+037
  7.4800328388E+004  3.0781985532E+037
  7.6500224185E+004  3.0425242486E+037
  7.8200258610E+004  3.0082452726E+037
  7.9900245423E+004  2.9755831956E+037
  8.1600304884E+004  2.9441419047E+037
  8.3300242492E+004  2.9139528428E+037
  8.5000272781E+004  2.8848411665E+037
  8.6700287344E+004  2.8568569036E+037
  8.8400257820E+004  2.8299883332E+037
  9.0100327668E+004  2.8040656199E+037
  9.1800325317E+004  2.7790846070E+037
  9.3500310780E+004  2.7546739678E+037
  9.5200219372E+004  2.7312299494E+037
  9.6900372268E+004  2.7087450400E+037
  9.8600366973E+004  2.6871673409E+037
  1.0030030153E+005  2.6664048217E+037
  1.0200022151E+005  2.6460628232E+037
  1.0370029417E+005  2.6222041906E+037
  1.0540034041E+005  2.6013782724E+037
  1.0710028341E+005  2.5818801807E+037
  1.0880022980E+005  2.5633927497E+037
  1.1050027576E+005  2.5458959870E+037
  1.1220034682E+005  2.5292612265E+037
  1.1390029541E+005  2.5131496269E+037
  1.1560031977E+005  2.4978206690E+037
  1.1730025808E+005  2.4833264319E+037
  1.1900027554E+005  2.4696231804E+037
  1.2070020283E+005  2.4566226992E+037
  1.2240021698E+005  2.4442959135E+037
  1.2410029305E+005  2.4326461351E+037
  1.2580031123E+005  2.4216710159E+037
  1.2750034101E+005  2.4113623319E+037
  1.2920030324E+005  2.4016950395E+037
  1.3090026609E+005  2.3926154406E+037
  1.3260035518E+005  2.3841100671E+037
  1.3430027186E+005  2.3761917135E+037
  1.3600028616E+005  2.3688583525E+037
  1.3770033351E+005  2.3621046186E+037
  1.3940027082E+005  2.3559224017E+037
  1.4110023931E+005  2.3503010924E+037
  1.4280032785E+005  2.3452298163E+037
  1.4450020980E+005  2.3406988333E+037
  1.4620020571E+005  2.3366968074E+037
  1.4790019783E+005  2.3332140316E+037
  1.4960027223E+005  2.3302397557E+037
  1.5130019759E+005  2.3277605171E+037
  1.5300036808E+005  2.3257681500E+037
  1.5470036130E+005  2.3242597942E+037
  1.5640024028E+005  2.3232315126E+037
  1.5810030930E+005  2.3226784579E+037
  1.5980027510E+005  2.3225945125E+037
  1.6150026171E+005  2.3229671724E+037
  1.6320026410E+005  2.3237857674E+037
  1.6490032735E+005  2.3250441654E+037
  1.6660020178E+005  2.3267369658E+037
  1.6830032735E+005  2.3288595783E+037
  1.7000029275E+005  2.3314064687E+037
  1.7170028291E+005  2.3343728374E+037
  1.7340030655E+005  2.3377536844E+037
  1.7510019474E+005  2.3415437389E+037
  1.7680028907E+005  2.3457389638E+037
  1.7850027335E+005  2.3503338677E+037
  1.8020024305E+005  2.3553239982E+037
  1.8190030841E+005  2.3607051096E+037
  1.8360036913E+005  2.3664655268E+037
  1.8530033045E+005  2.3725662889E+037
  1.8700029896E+005  2.3789939608E+037
  1.8870033806E+005  2.3857550522E+037
  1.9040022190E+005  2.3928538033E+037
  1.9210037261E+005  2.4002937362E+037
  1.9380036846E+005  2.4080793804E+037
  1.9550023889E+005  2.4162015975E+037
  1.9720033506E+005  2.4246421365E+037
  1.9890028221E+005  2.4333449979E+037
  2.0060030603E+005  2.4423061895E+037
  2.0230032433E+005  2.4515402243E+037
  2.0400023945E+005  2.4610576396E+037
  2.0570033681E+005  2.4708657491E+037
  2.0740030414E+005  2.4809630056E+037
  2.0910030735E+005  2.4913028163E+037
  2.1080035023E+005  2.5018371809E+037
  2.1250023890E+005  2.5125822045E+037
  2.1420035220E+005  2.5235591923E+037
  2.1590031162E+005  2.5345979893E+037
  2.1760029121E+005  2.5458554735E+037
  2.1930033980E+005  2.5573307023E+037
  2.2100037512E+005  2.5689562307E+037
  2.2270027790E+005  2.5807496481E+037
  2.2440038143E+005  2.5927420180E+037
  2.2610030963E+005  2.6049672304E+037
  2.2780030042E+005  2.6174058893E+037
  2.2950028150E+005  2.6299888683E+037
  2.3120031928E+005  2.6426577421E+037
  2.3290035788E+005  2.6554462251E+037
  2.3460023716E+005  2.6660197918E+037
  2.3630033881E+005  2.6777017037E+037
  2.3800027115E+005  2.6899050943E+037
  2.3970023604E+005  2.7023993514E+037
  2.4140020053E+005  2.7150829413E+037
  2.4310021548E+005  2.7279607278E+037
  2.4480022113E+005  2.7410454706E+037
  2.4650027525E+005  2.7543203161E+037
  2.4820034934E+005  2.7677710764E+037
  2.4990022753E+005  2.7812761571E+037
  2.5160036379E+005  2.7945395188E+037
  2.5330028954E+005  2.8079062277E+037
  2.5500027144E+005  2.8214180879E+037
  2.5670027534E+005  2.8350778452E+037
  2.5840028065E+005  2.8488683988E+037
  2.6010034420E+005  2.8626557203E+037
  2.6180021075E+005  2.8764408293E+037
  2.6350031487E+005  2.8902825797E+037
  2.6520025278E+005  2.9042075682E+037
  2.6690020083E+005  2.9182309239E+037
  2.6860038503E+005  2.9323466918E+037
  2.7030020172E+005  2.9464001210E+037
  2.7200024832E+005  2.9603875273E+037
  2.7370032222E+005  2.9743772747E+037
  2.7540023290E+005  2.9884031188E+037
  2.7710035816E+005  3.0024813216E+037
  2.7880031152E+005  3.0165936931E+037
  2.8050030470E+005  3.0306180895E+037
  2.8220029985E+005  3.0444498009E+037
  2.8390032656E+005  3.0581944647E+037
  2.8560037359E+005  3.0717946068E+037
  2.8730021544E+005  3.0851890909E+037
  2.8900029812E+005  3.0986760256E+037
  2.9070019741E+005  3.1122299627E+037
  2.9240030096E+005  3.1257312682E+037
  2.9410025760E+005  3.1390924793E+037
  2.9580020708E+005  3.1524245465E+037
  2.9750036822E+005  3.1657732684E+037
  2.9920038570E+005  3.1791643630E+037
  3.0090039032E+005  3.1926033230E+037
  3.0260022347E+005  3.2060776670E+037
  3.0430028327E+005  3.2195629123E+037
  3.0600031625E+005  3.2328376731E+037
  3.0770019614E+005  3.2459771660E+037
  3.0940028593E+005  3.2590672138E+037
  3.1110036383E+005  3.2721304171E+037
  3.1280029266E+005  3.2851721560E+037
  3.1450020426E+005  3.2981943850E+037
  3.1620031561E+005  3.3111942119E+037
  3.1790026863E+005  3.3241645412E+037
  3.1960020814E+005  3.3369347604E+037
  3.2130036316E+005  3.3494657616E+037
  3.2300033381E+005  3.3619028360E+037
  3.2470029398E+005  3.3742874169E+037
  3.2640027014E+005  3.3866332686E+037
  3.2810025826E+005  3.3989423083E+037
  3.2980024624E+005  3.4112127164E+037
  3.3150024838E+005  3.4234423643E+037
  3.3320025606E+005  3.4352560541E+037
  3.3490025122E+005  3.4471249046E+037
  3.3660026997E+005  3.4587048113E+037
  3.3830029602E+005  3.4701920203E+037
  3.4000031286E+005  3.4816308707E+037
  3.4170035837E+005  3.4930318503E+037
  3.4340019739E+005  3.5043947256E+037
  3.4510023143E+005  3.5157192558E+037
  3.4680029336E+005  3.5269967645E+037
  3.4850035089E+005  3.5382223272E+037
  3.5020021926E+005  3.5493920754E+037
  3.5190029767E+005  3.5605058755E+037
  3.5360037398E+005  3.5714275028E+037
  3.5530025452E+005  3.5820281482E+037
  3.5700035500E+005  3.5925471978E+037
  3.5870026301E+005  3.6030075596E+037
  3.6040036240E+005  3.6134173136E+037
  3.6210028936E+005  3.6237750500E+037
  3.6380020510E+005  3.6340793161E+037
  3.6550032304E+005  3.6443272378E+037
  3.6720026696E+005  3.6545140344E+037
  3.6890020130E+005  3.6646383870E+037
  3.7060033450E+005  3.6746979536E+037
  3.7230027921E+005  3.6846871341E+037
  3.7400021880E+005  3.6946056878E+037
  3.7570034685E+005  3.7042258423E+037
  3.7740030391E+005  3.7136045784E+037
  3.7910025284E+005  3.7229298930E+037
  3.8080038324E+005  3.7322019929E+037
  3.8250034112E+005  3.7414192786E+037
  3.8420027914E+005  3.7505814237E+037
  3.8590020904E+005  3.7596854885E+037
  3.8760035351E+005  3.7687295311E+037
  3.8930029540E+005  3.7777097835E+037
  3.9100021177E+005  3.7866255211E+037
  3.9270033467E+005  3.7954753217E+037
  3.9440026470E+005  3.8041349756E+037
  3.9610035714E+005  3.8127029115E+037
  3.9780026994E+005  3.8212415987E+037
  3.9950038367E+005  3.8297452844E+037
  4.0120027048E+005  3.8381215637E+037
  4.0290034994E+005  3.8461396171E+037
  4.0460024708E+005  3.8541442410E+037
  4.0630031769E+005  3.8621187441E+037
  4.0800037653E+005  3.8700543337E+037
  4.0970026105E+005  3.8778180315E+037
  4.1140031192E+005  3.8855550147E+037
  4.1310034976E+005  3.8932592475E+037
  4.1480039308E+005  3.9009240950E+037
  4.1650023062E+005  3.9085452767E+037
  4.1820024585E+005  3.9161888368E+037
  4.1990026275E+005  3.9253016478E+037
  4.2160027566E+005  3.9907597374E+037
  4.2330025358E+005  9.6736670956E+037
  4.2500023305E+005  2.3354954764E+039
  4.2670019870E+005  4.1054574020E+039
  4.2840035148E+005  1.0638480126E+040
  4.3010029451E+005  2.6125587578E+040
  4.3180022324E+005  1.3039545294E+041
  4.3350033938E+005  6.7536448493E+041
  4.3520024275E+005  2.1391086651E+042
  4.3690033283E+005  4.9314555735E+042
  4.3860020720E+005  9.1854775080E+042
  4.4030028473E+005  1.4451042461E+043
  4.4200033137E+005  1.9623631475E+043
  4.4370035821E+005  2.2919653410E+043
  4.4540038911E+005  2.5490401422E+043
  4.4710020618E+005  2.6293188650E+043
  4.4880039323E+005  2.5380694091E+043
  4.5050037986E+005  2.3463173033E+043
  4.5220036676E+005  2.0171388705E+043
  4.5390030810E+005  1.6797070887E+043
  4.5560024307E+005  1.3837698176E+043
  4.5730037517E+005  1.0997358571E+043
  4.5900028985E+005  8.6773071173E+042
  4.6070037492E+005  6.9829941646E+042
  4.6240025480E+005  5.7469060398E+042
  4.6410031598E+005  4.8485335316E+042
  4.6580034998E+005  4.2517008920E+042
  4.6750037537E+005  3.7283022532E+042
  4.6920037643E+005  3.3270637873E+042
  4.7090037098E+005  3.0360992700E+042
  4.7260034503E+005  2.7782844724E+042
  4.7430029843E+005  2.5721531394E+042
  4.7600022624E+005  2.4254181769E+042
  4.7770036074E+005  2.2921218243E+042
  4.7940027283E+005  2.1564780711E+042
  4.8110035354E+005  2.0329330493E+042
  4.8280022954E+005  1.9501184949E+042
  4.8450029360E+005  1.8718309772E+042
  4.8620032093E+005  1.7953019962E+042
  4.8790032332E+005  1.7200412750E+042
  4.8960032567E+005  1.6477782368E+042
  4.9130030009E+005  1.5736093248E+042
  4.9300025268E+005  1.5028821491E+042
  4.9470038152E+005  1.4600841261E+042
  4.9640029193E+005  1.4187117432E+042
  4.9810037674E+005  1.3766506634E+042
  4.9980025236E+005  1.3363367459E+042
  5.0150029933E+005  1.2972542053E+042
  5.0320031912E+005  1.2614138126E+042
  5.0490033067E+005  1.2269867282E+042
  5.0660031711E+005  1.1951072601E+042
  5.0830026795E+005  1.1620316480E+042
  5.1000039619E+005  1.1285987956E+042
  5.1170032404E+005  1.0963116426E+042
  5.1340021256E+005  1.0619440796E+042
  5.1510027321E+005  1.0267738752E+042
  5.1680031243E+005  1.0089726419E+042
  5.1850033213E+005  9.9868852230E+041
  5.2020031614E+005  9.8449051315E+041
  5.2190028125E+005  9.6846544291E+041
  5.2360021364E+005  9.5306742468E+041
  5.2530031528E+005  9.3607557509E+041
  5.2700039660E+005  9.2139447552E+041
  5.2870025233E+005  9.0711651255E+041
  5.3040026167E+005  8.9204091433E+041
  5.3210024593E+005  8.7687379918E+041
  5.3380022318E+005  8.6238067103E+041
  5.3550036773E+005  8.4953336617E+041
  5.3720027876E+005  8.3608917221E+041
  5.3890036607E+005  8.2260215982E+041
  5.4060023211E+005  8.1061031122E+041
  5.4230025701E+005  7.9966221914E+041
  5.4400025895E+005  7.8917339818E+041
  5.4570022433E+005  7.7827499728E+041
  5.4740035442E+005  7.6673067383E+041
  5.4910025241E+005  7.5581924371E+041
  5.5080033185E+005  7.4587304568E+041
  5.5250035785E+005  7.3600932208E+041
  5.5420035007E+005  7.2617549089E+041
  5.5590032049E+005  7.1681457857E+041
  5.5760026750E+005  7.0797071834E+041
  5.5930036998E+005  6.9951604827E+041
  5.6100024259E+005  6.9117862817E+041
  5.6270028382E+005  6.8263369734E+041
  5.6440028730E+005  6.7388800259E+041
  5.6610026832E+005  6.6522815508E+041
  5.6780022498E+005  6.5681339686E+041
  5.6950034013E+005  6.4852662776E+041
  5.7120021566E+005  6.4017827958E+041
  5.7290027076E+005  6.3266396330E+041
  5.7460029040E+005  6.2806213604E+041
  5.7630027069E+005  6.2735373946E+041
  5.7800021526E+005  6.2741774663E+041
  5.7970033580E+005  6.2601194053E+041
  5.8140021200E+005  6.2301581800E+041
  5.8310026415E+005  6.1920068801E+041
  5.8480028233E+005  6.1537685045E+041
  5.8650025822E+005  6.1158182503E+041
  5.8820038739E+005  6.0761492135E+041
  5.8990030140E+005  6.0352648425E+041
  5.9160038176E+005  5.9944136030E+041
  5.9330022215E+005  5.9543941677E+041
  5.9500021782E+005  5.9161582028E+041
  5.9670038390E+005  5.8798396834E+041
  5.9840030174E+005  5.8442506508E+041
  6.0010038900E+005  5.8081073303E+041
  6.0180024830E+005  5.7712651751E+041
  6.0350026681E+005  5.7341948091E+041
  6.0520023230E+005  5.6975778773E+041
  6.0690036640E+005  5.6616560838E+041
  6.0860026574E+005  5.6268325116E+041
  6.1030032395E+005  5.5933755452E+041
  6.1200034176E+005  5.5610033904E+041
  6.1370032384E+005  5.5290059959E+041
  6.1540025882E+005  5.4969071842E+041
  6.1710034673E+005  5.4646319896E+041
  6.1880020185E+005  5.4322621717E+041
  6.2050021916E+005  5.4000081232E+041
  6.2220038368E+005  5.3681143238E+041
  6.2390030573E+005  5.3366428333E+041
  6.2560039471E+005  5.3057657943E+041
  6.2730023508E+005  5.2756833479E+041
  6.2900023113E+005  5.2464644113E+041
  6.3070039265E+005  5.2181966690E+041
  6.3240030989E+005  5.1907341522E+041
  6.3410036888E+005  5.1639302462E+041
  6.3580038877E+005  5.1376700702E+041
  6.3750037246E+005  5.1118017432E+041
  6.3920031245E+005  5.0862646446E+041
  6.4090020365E+005  5.0610171230E+041
  6.4260025652E+005  5.0360748807E+041
  6.4430025815E+005  5.0114469592E+041
  6.4600020809E+005  4.9871250056E+041
  6.4770031588E+005  4.9631453752E+041
  6.4940039302E+005  4.9395218152E+041
  6.5110022000E+005  4.9162851335E+041
  6.5280039730E+005  4.8934231934E+041
  6.5450033100E+005  4.8709671913E+041
  6.5620022072E+005  4.8489110319E+041
  6.5790025474E+005  4.8272668907E+041
  6.5960024847E+005  4.8060361860E+041
  6.6130020704E+005  4.7853683917E+041
  6.6300031816E+005  4.7650432049E+041
  6.6470037038E+005  4.7450470637E+041
  6.6640037842E+005  4.7253386162E+041
  6.6810033822E+005  4.7058848652E+041
  6.6980024426E+005  4.6866636915E+041
  6.7150030518E+005  4.6676796928E+041
  6.7320033055E+005  4.6489225324E+041
  6.7490030467E+005  4.6303968180E+041
  6.7660022119E+005  4.6120991080E+041
  6.7830029209E+005  4.5940299040E+041
  6.8000031800E+005  4.5761834207E+041
  6.8170028746E+005  4.5585525930E+041
  6.8340020765E+005  4.5411374377E+041
  6.8510029178E+005  4.5239381041E+041
  6.8680032712E+005  4.5069551404E+041
  6.8850030264E+005  4.4901844534E+041
  6.9020022589E+005  4.4736196474E+041
  6.9190030479E+005  4.4572411833E+041
  6.9360032290E+005  4.4410461712E+041
  6.9530028581E+005  4.4250382970E+041
  6.9700020185E+005  4.4092185008E+041
  6.9870027351E+005  4.3935833527E+041
  7.0040027919E+005  4.3781275514E+041
  7.0210023146E+005  4.3628525114E+041
  7.0380033363E+005  4.3477491390E+041
  7.0550038274E+005  4.3328122059E+041
  7.0720036888E+005  4.3180389229E+041
  7.0890031514E+005  4.3034083070E+041
  7.1060021216E+005  4.2889151925E+041
  7.1230025298E+005  4.2745553995E+041
  7.1400023012E+005  4.2603313991E+041
  7.1570036444E+005  4.2462398607E+041
  7.1740023531E+005  4.2322831463E+041
  7.1910024906E+005  4.2184599805E+041
  7.2080020764E+005  4.2047727763E+041
  7.2250032736E+005  4.1912129440E+041
  7.2420038284E+005  4.1777738295E+041
  7.2590038228E+005  4.1644599560E+041
  7.2760032485E+005  4.1512733679E+041
  7.2930021838E+005  4.1382159550E+041
  7.3100024367E+005  4.1252862694E+041
  7.3270021501E+005  4.1124881916E+041
  7.3440033445E+005  4.0998203146E+041
  7.3610020241E+005  4.0872705686E+041
  7.3780020361E+005  4.0748393549E+041
  7.3950035434E+005  4.0625301802E+041
  7.4120024901E+005  4.0503475399E+041
  7.4290028157E+005  4.0382903231E+041
  7.4460024617E+005  4.0263600748E+041
  7.4630036056E+005  4.0145544706E+041
  7.4800021793E+005  4.0028667089E+041
  7.4970020980E+005  3.9913004390E+041
  7.5140034342E+005  3.9798677733E+041
  7.5310022291E+005  3.9685688017E+041
  7.5480024611E+005  3.9573997264E+041
  7.5650020175E+005  3.9463577378E+041
  7.5820030566E+005  3.9354327618E+041
  7.5990035320E+005  3.9246292661E+041
  7.6160034184E+005  3.9139481084E+041
  7.6330025959E+005  3.9033906957E+041
  7.6500032793E+005  3.8929554206E+041
  7.6670033494E+005  3.8826376203E+041
  7.6840028090E+005  3.8724340678E+041
  7.7010036256E+005  3.8623446031E+041
  7.7180039938E+005  3.8523699577E+041
  7.7350037063E+005  3.8425097483E+041
  7.7520027605E+005  3.8327597152E+041
  7.7690031774E+005  3.8231131683E+041
  7.7860030602E+005  3.8135730981E+041
  7.8030022608E+005  3.8041394793E+041
  7.8200028038E+005  3.7948115143E+041
  7.8370027493E+005  3.7855856393E+041
  7.8540021391E+005  3.7764558130E+041
  7.8710028813E+005  3.7674227147E+041
  7.8880029147E+005  3.7584899463E+041
  7.9050023855E+005  3.7496547970E+041
  7.9220032231E+005  3.7409092507E+041
  7.9390033507E+005  3.7322535863E+041
  7.9560027687E+005  3.7236879025E+041
  7.9730036927E+005  3.7152079170E+041
  7.9900039410E+005  3.7068102190E+041
  8.0070035210E+005  3.6984915476E+041
  8.0240023998E+005  3.6902525864E+041
  8.0410027570E+005  3.6820924884E+041
  8.0580023993E+005  3.6740125312E+041
  8.0750033683E+005  3.6660146005E+041
  8.0920036884E+005  3.6580959243E+041
  8.1090034697E+005  3.6502530610E+041
  8.1260025249E+005  3.6424835888E+041
  8.1430028672E+005  3.6347823228E+041
  8.1600025876E+005  3.6271504732E+041
  8.1770036768E+005  3.6195867185E+041
  8.1940020349E+005  3.6120881291E+041
  8.2110036785E+005  3.6046488012E+041
  8.2280027289E+005  3.5972733428E+041
  8.2450031280E+005  3.5899616876E+041
  8.2620028264E+005  3.5827113363E+041
  8.2790037850E+005  3.5755200347E+041
  8.2960021619E+005  3.5683874693E+041
  8.3130038483E+005  3.5613109601E+041
  8.3300027817E+005  3.5542910573E+041
  8.3470030074E+005  3.5473267166E+041
  8.3640026292E+005  3.5404193376E+041
  8.3810035835E+005  3.5335653215E+041
  8.3980037655E+005  3.5267679620E+041
  8.4150032669E+005  3.5200309567E+041
  8.4320020952E+005  3.5133508583E+041
  8.4490022368E+005  3.5067245112E+041
  8.4660035796E+005  3.5001507998E+041
  8.4830022662E+005  3.4936288938E+041
  8.5000022911E+005  3.4871557836E+041
  8.5170036620E+005  3.4807321003E+041
  8.5340021989E+005  3.4743616338E+041
  8.5510021047E+005  3.4680398988E+041
  8.5680033405E+005  3.4617649786E+041
  8.5850038212E+005  3.4555382179E+041
  8.6020035201E+005  3.4493586133E+041
  8.6190025266E+005  3.4432260063E+041
  8.6360029033E+005  3.4371383015E+041
  8.6530024996E+005  3.4310986989E+041
  8.6700033883E+005  3.4251070422E+041
  8.6870035384E+005  3.4191629243E+041
  8.7040030540E+005  3.4132642777E+041
  8.7210037573E+005  3.4074079382E+041
  8.7380037261E+005  3.4015987886E+041
  8.7550029718E+005  3.3958366549E+041
  8.7720035929E+005  3.3901182060E+041
  8.7890034436E+005  3.3844431261E+041
  8.8060025119E+005  3.3788104049E+041
  8.8230029394E+005  3.3732197651E+041
  8.8400026439E+005  3.3676725079E+041
  8.8570036015E+005  3.3621681317E+041
  8.8740037411E+005  3.3566992643E+041
  8.8910032506E+005  3.3512677116E+041
  8.9080020289E+005  3.3458746807E+041
  8.9250020740E+005  3.3405187342E+041
  8.9420033199E+005  3.3351987639E+041
  8.9590039069E+005  3.3299156262E+041
  8.9760037373E+005  3.3246698217E+041
  8.9930027273E+005  3.3194608170E+041
  9.0100029776E+005  3.3142876726E+041
  9.0270024902E+005  3.3091528673E+041
  9.0440033310E+005  3.3040548034E+041
  9.0610032916E+005  3.2989920751E+041
  9.0780025177E+005  3.2939641535E+041
  9.0950030200E+005  3.2889730569E+041
  9.1120027823E+005  3.2840219552E+041
  9.1290036986E+005  3.2791067480E+041
  9.1460038167E+005  3.2742274593E+041
  9.1630032139E+005  3.2693837867E+041
  9.1800038690E+005  3.2645753654E+041
  9.1970037228E+005  3.2598029701E+041
  9.2140027466E+005  3.2550655987E+041
  9.2310031116E+005  3.2503617314E+041
  9.2480026677E+005  3.2456906994E+041
  9.2650034435E+005  3.2410518618E+041
  9.2820033625E+005  3.2364466808E+041
  9.2990025813E+005  3.2318732968E+041
  9.3160030576E+005  3.2273310537E+041
  9.3330026721E+005  3.2228211954E+041
  9.3500035037E+005  3.2183419089E+041
  9.3670035604E+005  3.2138956297E+041
  9.3840028739E+005  3.2094838111E+041
  9.4010032759E+005  3.2051039656E+041
  9.4180028849E+005  3.2007546289E+041
  9.4350037304E+005  3.1964349908E+041
  9.4520038192E+005  3.1921470316E+041
  9.4690030293E+005  3.1878892552E+041
  9.4860034378E+005  3.1836601880E+041
  9.5030031215E+005  3.1794598038E+041
  9.5200039860E+005  3.1752869770E+041
  9.5370040075E+005  3.1711419553E+041
  9.5540031167E+005  3.1670236833E+041
  9.5710035114E+005  3.1629259908E+041
  9.5880030833E+005  3.1588540415E+041
  9.6050038448E+005  3.1548097747E+041
  9.6220037427E+005  3.1507922195E+041
  9.6390028527E+005  3.1468003686E+041
  9.6560032412E+005  3.1428335967E+041
  9.6730027089E+005  3.1388923499E+041
  9.6900033618E+005  3.1349763302E+041
  9.7070031839E+005  3.1310859662E+041
  9.7240022547E+005  3.1272202840E+041
  9.7410024604E+005  3.1233783909E+041
  9.7580038366E+005  3.1195604362E+041
  9.7750023965E+005  3.1157686756E+041
  9.7920021871E+005  3.1120026067E+041
  9.8090031527E+005  3.1082618546E+041
  9.8260031756E+005  3.1045458087E+041
  9.8430024073E+005  3.1008472284E+041
  9.8600028290E+005  3.0971638919E+041
  9.8770024141E+005  3.0934984706E+041
  9.8940031275E+005  3.0898514226E+041
  9.9110030148E+005  3.0862226043E+041
  9.9280021221E+005  3.0826070290E+041
  9.9450023763E+005  3.0790081503E+041
  9.9620037657E+005  3.0754253255E+041
  9.9790022212E+005  3.0718596467E+041
  9.9960039907E+005  3.0683103988E+041
  1.0013002829E+006  3.0647796571E+041
  1.0030002796E+006  3.0612661998E+041
  1.0047003944E+006  3.0577698739E+041
  1.0064002246E+006  3.0542912113E+041
  1.0081003779E+006  3.0508290227E+041
  1.0098002312E+006  3.0473871005E+041
  1.0115004056E+006  3.0439639917E+041
  1.0132002889E+006  3.0405599472E+041
  1.0149002921E+006  3.0371737438E+041
  1.0166004051E+006  3.0338045460E+041
  1.0183002236E+006  3.0304530191E+041
  1.0200003691E+006  3.0271180004E+041
  1.0217002236E+006  3.0238001422E+041
  1.0234003944E+006  3.0204979528E+041
  1.0251002626E+006  3.0172135095E+041
  1.0268002516E+006  3.0139458862E+041
  1.0285003571E+006  3.0106949469E+041
  1.0302003687E+006  3.0074604018E+041
  1.0319002886E+006  3.0042421413E+041
  1.0336003237E+006  3.0010393630E+041
  1.0353002780E+006  2.9978520995E+041
  1.0370003410E+006  2.9946811989E+041
  1.0387003119E+006  2.9915281121E+041
  1.0404003934E+006  2.9883913554E+041
  1.0421003896E+006  2.9852705212E+041
  1.0438002962E+006  2.9821653933E+041
  1.0455003059E+006  2.9790754242E+041
  1.0472002288E+006  2.9759998444E+041
  1.0489002672E+006  2.9729384937E+041
  1.0506002198E+006  2.9698937443E+041
  1.0523002764E+006  2.9668648480E+041
  1.0540002399E+006  2.9638503255E+041
  1.0557003208E+006  2.9608418658E+041
  1.0574003090E+006  2.9578426140E+041
  1.0591002064E+006  2.9548540662E+041
  1.0608002073E+006  2.9518770469E+041
  1.0625003287E+006  2.9489135936E+041
  1.0642003607E+006  2.9459637220E+041
  1.0659002996E+006  2.9430272635E+041
  1.0676003448E+006  2.9401035724E+041
  1.0693002972E+006  2.9371929987E+041
  1.0710003703E+006  2.9342953906E+041
  1.0727003437E+006  2.9314120407E+041
  1.0744002238E+006  2.9285441163E+041
  1.0761002132E+006  2.9256908083E+041
  1.0778003211E+006  2.9228517006E+041
  1.0795003400E+006  2.9200268615E+041
  1.0812002590E+006  2.9172162567E+041
  1.0829002878E+006  2.9144198803E+041
  1.0846002232E+006  2.9116393091E+041
  1.0863002739E+006  2.9088737421E+041
  1.0880002234E+006  2.9061233943E+041
  1.0897002778E+006  2.9033877454E+041
  1.0914002444E+006  2.9006670036E+041
  1.0931003213E+006  2.8979609294E+041
  1.0948003055E+006  2.8952659229E+041
  1.0965003907E+006  2.8925809794E+041
  1.0982003823E+006  2.8898983242E+041
  1.0999002830E+006  2.8872209729E+041
  1.1016002901E+006  2.8845509409E+041
  1.1033004028E+006  2.8818901310E+041
  1.1050002095E+006  2.8792410176E+041
  1.1067003401E+006  2.8766027689E+041
  1.1084003739E+006  2.8739762764E+041
  1.1101003098E+006  2.8713616726E+041
  1.1118003507E+006  2.8687588818E+041
  1.1135002945E+006  2.8661695211E+041
  1.1152003518E+006  2.8635936493E+041
  1.1169003051E+006  2.8610314700E+041
  1.1186003618E+006  2.8584825960E+041
  1.1203003208E+006  2.8559473452E+041
  1.1220003932E+006  2.8534259409E+041
  1.1237003706E+006  2.8509152744E+041
  1.1254002419E+006  2.8484156231E+041
  1.1271002243E+006  2.8459276152E+041
  1.1288003141E+006  2.8434508530E+041
  1.1305003096E+006  2.8409810155E+041
  1.1322004082E+006  2.8385209189E+041
  1.1339004028E+006  2.8360719500E+041
  1.1356003077E+006  2.8336345008E+041
  1.1373003217E+006  2.8312085205E+041
  1.1390002405E+006  2.8287948773E+041
  1.1407002596E+006  2.8263944073E+041
  1.1424003867E+006  2.8240069741E+041
  1.1441002150E+006  2.8216332268E+041
  1.1458003500E+006  2.8192718041E+041
  1.1475003834E+006  2.8169202380E+041
  1.1492003109E+006  2.8145802708E+041
  1.1509003490E+006  2.8122521878E+041
  1.1526002933E+006  2.8099365282E+041
  1.1543003360E+006  2.8076331990E+041
  1.1560002803E+006  2.8053446319E+041
  1.1577003292E+006  2.8030655118E+041
  1.1594002865E+006  2.8007861701E+041
  1.1611003454E+006  2.7985115967E+041
  1.1628002992E+006  2.7962446420E+041
  1.1645003586E+006  2.7939870613E+041
  1.1662003204E+006  2.7917388535E+041
  1.1679003937E+006  2.7894972295E+041
  1.1696003602E+006  2.7872643214E+041
  1.1713002249E+006  2.7850418751E+041
  1.1730004039E+006  2.7828302689E+041
  1.1747002764E+006  2.7806306765E+041
  1.1764002542E+006  2.7784428288E+041
  1.1781003257E+006  2.7762674079E+041
  1.1798002967E+006  2.7741057765E+041
  1.1815003760E+006  2.7719578287E+041
  1.1832003529E+006  2.7698238374E+041
  1.1849002260E+006  2.7677019626E+041
  1.1866004027E+006  2.7655912611E+041
  1.1883002798E+006  2.7634935317E+041
  1.1900002616E+006  2.7614089392E+041
  1.1917003428E+006  2.7593380258E+041
  1.1934003196E+006  2.7572774046E+041
  1.1951003957E+006  2.7552194520E+041
  1.1968003796E+006  2.7531687821E+041
  1.1985002585E+006  2.7511273509E+041
  1.2002002362E+006  2.7490966781E+041
  1.2019003174E+006  2.7470752140E+041
  1.2036002960E+006  2.7450639129E+041
  1.2053003827E+006  2.7430634887E+041
  1.2070003602E+006  2.7410736597E+041
  1.2087002292E+006  2.7390949733E+041
  1.2104004079E+006  2.7371276449E+041
  1.2121002798E+006  2.7351727377E+041
  1.2138002564E+006  2.7332304444E+041
  1.2155003267E+006  2.7313009161E+041
  1.2172002951E+006  2.7293828245E+041
  1.2189003691E+006  2.7274748761E+041
  1.2206003411E+006  2.7255693662E+041
  1.2223002081E+006  2.7236680269E+041
  1.2240003709E+006  2.7217730363E+041
  1.2257002264E+006  2.7198864985E+041
  1.2274003910E+006  2.7180091305E+041
  1.2291002416E+006  2.7161426133E+041
  1.2308003980E+006  2.7142845920E+041
  1.2325002368E+006  2.7124361067E+041
  1.2342003882E+006  2.7105977572E+041
  1.2359002305E+006  2.7087708065E+041
  1.2376003726E+006  2.7069553239E+041
  1.2393004054E+006  2.7051525784E+041
  1.2410003297E+006  2.7033612405E+041
  1.2427003577E+006  2.7015728091E+041
  1.2444002775E+006  2.6997881540E+041
  1.2461002899E+006  2.6980100681E+041
  1.2478004013E+006  2.6962405103E+041
  1.2495004069E+006  2.6944767761E+041
  1.2512003143E+006  2.6927154297E+041
  1.2529003161E+006  2.6909594069E+041
  1.2546002078E+006  2.6892106444E+041
  1.2563004068E+006  2.6874677816E+041
  1.2580002936E+006  2.6857321386E+041
  1.2597002836E+006  2.6840036120E+041
  1.2614003651E+006  2.6822752039E+041
  1.2631003365E+006  2.6805495969E+041
  1.2648002078E+006  2.6788294538E+041
  1.2665003834E+006  2.6771157572E+041
  1.2682002484E+006  2.6754082610E+041
  1.2699002072E+006  2.6737075230E+041
  1.2716002626E+006  2.6720151669E+041
  1.2733002169E+006  2.6703322549E+041
  1.2750002650E+006  2.6686593146E+041
  1.2767004080E+006  2.6669968358E+041
  1.2784002310E+006  2.6653350753E+041
  1.2801003589E+006  2.6636646729E+041
  1.2818003840E+006  2.6619924864E+041
  1.2835002975E+006  2.6603232138E+041
  1.2852003056E+006  2.6586583009E+041
  1.2869004089E+006  2.6569994571E+041
  1.2886004080E+006  2.6553482437E+041
  1.2903003033E+006  2.6537038974E+041
  1.2920002867E+006  2.6520665958E+041
  1.2937003640E+006  2.6504336572E+041
  1.2954003288E+006  2.6488029226E+041
  1.2971003930E+006  2.6471770290E+041
  1.2988003492E+006  2.6455580531E+041
  1.3005003909E+006  2.6439464399E+041
  1.3022003236E+006  2.6423370091E+041
  1.3039003523E+006  2.6407247314E+041
  1.3056002729E+006  2.6391141686E+041
  1.3073002892E+006  2.6375076901E+041
  1.3090003913E+006  2.6359013631E+041
  1.3107003841E+006  2.6342953003E+041
  1.3124002697E+006  2.6326915083E+041
  1.3141002481E+006  2.6310920780E+041
  1.3158003214E+006  2.6294994567E+041
  1.3175002750E+006  2.6279150721E+041
  1.3192003266E+006  2.6263409995E+041
  1.3209002719E+006  2.6247803200E+041
  1.3226003083E+006  2.6232243039E+041
  1.3243002310E+006  2.6216633749E+041
  1.3260002420E+006  2.6201024798E+041
  1.3277003511E+006  2.6185448262E+041
  1.3294003518E+006  2.6169926660E+041
  1.3311002360E+006  2.6154464164E+041
  1.3328002118E+006  2.6139074349E+041
  1.3345002803E+006  2.6123771898E+041
  1.3362002420E+006  2.6108524918E+041
  1.3379003012E+006  2.6093332241E+041
  1.3396002420E+006  2.6078207982E+041
  1.3413002748E+006  2.6063130038E+041
  1.3430003999E+006  2.6048038977E+041
  1.3447002100E+006  2.6032978011E+041
  1.3464003208E+006  2.6017997322E+041
  1.3481003112E+006  2.6003100775E+041
  1.3498003976E+006  2.5988241884E+041
  1.3515003725E+006  2.5973444250E+041
  1.3532002387E+006  2.5958726614E+041
  1.3549004031E+006  2.5944103008E+041
  1.3566002389E+006  2.5929589177E+041
  1.3583003739E+006  2.5915150495E+041
  1.3600003962E+006  2.5900714438E+041
  1.3617003054E+006  2.5886271255E+041
  1.3634003078E+006  2.5871849336E+041
  1.3651003969E+006  2.5857481307E+041
  1.3668003776E+006  2.5843179535E+041
  1.3685002507E+006  2.5828973508E+041
  1.3702002145E+006  2.5814888699E+041
  1.3719002706E+006  2.5800926717E+041
  1.3736004095E+006  2.5787041560E+041
  1.3753002301E+006  2.5773147265E+041
  1.3770003535E+006  2.5759261925E+041
  1.3787003583E+006  2.5745422198E+041
  1.3804002494E+006  2.5731653153E+041
  1.3821002278E+006  2.5717967201E+041
  1.3838003009E+006  2.5704357466E+041
  1.3855002645E+006  2.5690808060E+041
  1.3872003121E+006  2.5677344658E+041
  1.3889002411E+006  2.5663975193E+041
  1.3906002599E+006  2.5650616792E+041
  1.3923003711E+006  2.5637302058E+041
  1.3940003740E+006  2.5624054920E+041
  1.3957002548E+006  2.5610853178E+041
  1.3974002246E+006  2.5597712249E+041
  1.3991002883E+006  2.5584648436E+041
  1.4008002361E+006  2.5571683624E+041
  1.4025002803E+006  2.5558829271E+041
  1.4042004091E+006  2.5545994309E+041
  1.4059002127E+006  2.5533162519E+041
  1.4076003185E+006  2.5520370962E+041
  1.4093003072E+006  2.5507651021E+041
  1.4110003885E+006  2.5495018607E+041
  1.4127003464E+006  2.5482490490E+041
  1.4144003885E+006  2.5470073825E+041
  1.4161003209E+006  2.5457726445E+041
  1.4178003449E+006  2.5445362795E+041
  1.4195002525E+006  2.5433030931E+041
  1.4212002479E+006  2.5420752851E+041
  1.4229003282E+006  2.5408553031E+041
  1.4246002983E+006  2.5396454654E+041
  1.4263003577E+006  2.5384450485E+041
  1.4280002959E+006  2.5372548824E+041
  1.4297003249E+006  2.5360674864E+041
  1.4314002334E+006  2.5348827817E+041
  1.4331002385E+006  2.5337044734E+041
  1.4348003353E+006  2.5325325496E+041
  1.4365003082E+006  2.5313668019E+041
  1.4382003697E+006  2.5302097901E+041
  1.4399003104E+006  2.5290640769E+041
  1.4416003458E+006  2.5279240941E+041
  1.4433002661E+006  2.5267878276E+041
  1.4450002672E+006  2.5256576571E+041
  1.4467003559E+006  2.5245336362E+041
  1.4484003256E+006  2.5234182159E+041
  1.4501003853E+006  2.5223127896E+041
  1.4518003299E+006  2.5212187976E+041
  1.4535003554E+006  2.5201239893E+041
  1.4552002608E+006  2.5190323185E+041
  1.4569002568E+006  2.5179462893E+041
  1.4586003385E+006  2.5168682282E+041
  1.4603003021E+006  2.5158001646E+041
  1.4620003444E+006  2.5147407056E+041
  1.4637002644E+006  2.5136861643E+041
  1.4654002793E+006  2.5126320529E+041
  1.4671003811E+006  2.5115834405E+041
  1.4688003666E+006  2.5105428754E+041
  1.4705002277E+006  2.5095089767E+041
  1.4722003775E+006  2.5084835654E+041
  1.4739002071E+006  2.5074659463E+041
  1.4756003302E+006  2.5064490240E+041
  1.4773003333E+006  2.5054370608E+041
  1.4790002125E+006  2.5044297018E+041
  1.4807003797E+006  2.5034297371E+041
  1.4824002253E+006  2.5024396767E+041
  1.4841003644E+006  2.5014569226E+041
  1.4858003803E+006  2.5004734514E+041
  1.4875002769E+006  2.4994929561E+041
  1.4892002575E+006  2.4985182795E+041
  1.4909003296E+006  2.4975528880E+041
  1.4926002833E+006  2.4965980919E+041
  1.4943003146E+006  2.4956459964E+041
  1.4960002228E+006  2.4946937624E+041
  1.4977002153E+006  2.4937461962E+041
  1.4994002965E+006  2.4928059306E+041
  1.5011002610E+006  2.4918741606E+041
  1.5028003031E+006  2.4909492331E+041
  1.5045002203E+006  2.4900266426E+041
  1.5062002233E+006  2.4891087211E+041
  1.5079003137E+006  2.4881974602E+041
  1.5096002880E+006  2.4872921971E+041
  1.5113003416E+006  2.4863948929E+041
  1.5130002674E+006  2.4854995750E+041
  1.5147002780E+006  2.4846060066E+041
  1.5164003725E+006  2.4837177016E+041
  1.5181003479E+006  2.4828398256E+041
  1.5198004055E+006  2.4819701975E+041
  1.5215003354E+006  2.4811044150E+041
  1.5232003521E+006  2.4802384555E+041
  1.5249002474E+006  2.4793754588E+041
  1.5266002262E+006  2.4785182000E+041
  1.5283002883E+006  2.4776686856E+041
  1.5300002230E+006  2.4768223906E+041
  1.5317002416E+006  2.4759747689E+041
  1.5334003483E+006  2.4751309801E+041
  1.5351003274E+006  2.4742937069E+041
  1.5368003872E+006  2.4734648665E+041
  1.5385003219E+006  2.4726351527E+041
  1.5402003401E+006  2.4718052265E+041
  1.5419002416E+006  2.4709764004E+041
  1.5436002236E+006  2.4701553437E+041
  1.5453002823E+006  2.4693409558E+041
  1.5470002155E+006  2.4685239841E+041
  1.5487002289E+006  2.4677097281E+041
  1.5504003314E+006  2.4669013312E+041
  1.5521003094E+006  2.4661002604E+041
  1.5538003623E+006  2.4653050963E+041
  1.5555002900E+006  2.4645091321E+041
  1.5572002987E+006  2.4637178516E+041
  1.5589003963E+006  2.4629317295E+041
  1.5606003739E+006  2.4621529408E+041
  1.5623002184E+006  2.4613733797E+041
  1.5640003514E+006  2.4605964709E+041
  1.5657003580E+006  2.4598243429E+041
  1.5674002413E+006  2.4590593916E+041
  1.5691002114E+006  2.4582992399E+041
  1.5708002575E+006  2.4575388642E+041
  1.5725003812E+006  2.4567818994E+041
  1.5742003803E+006  2.4560361131E+041
  1.5759002551E+006  2.4552987577E+041
  1.5776002159E+006  2.4545607516E+041
  1.5793002571E+006  2.4538255218E+041
  1.5810003750E+006  2.4530963027E+041
  1.5827003674E+006  2.4523773289E+041
  1.5844002349E+006  2.4516662087E+041
  1.5861003909E+006  2.4509568839E+041
  1.5878002126E+006  2.4502533555E+041
  1.5895003179E+006  2.4495582829E+041
  1.5912002947E+006  2.4488650509E+041
  1.5929003569E+006  2.4481734858E+041
  1.5946002902E+006  2.4474897685E+041
  1.5963003041E+006  2.4468139287E+041
  1.5980003976E+006  2.4461403122E+041
  1.5997003600E+006  2.4454661143E+041
  1.6014004088E+006  2.4447984035E+041
  1.6031003299E+006  2.4441430244E+041
  1.6048003285E+006  2.4434903181E+041
  1.6065004095E+006  2.4428371509E+041
  1.6082003592E+006  2.4421903920E+041
  1.6099003941E+006  2.4415506147E+041
  1.6116003040E+006  2.4409184214E+041
  1.6133002891E+006  2.4402889030E+041
  1.6150003562E+006  2.4396655208E+041
  1.6167002943E+006  2.4390488185E+041
  1.6184003138E+006  2.4384334605E+041
  1.6201002087E+006  2.4378190492E+041
  1.6218003870E+006  2.4372101821E+041
  1.6235002264E+006  2.4366089424E+041
  1.6252003536E+006  2.4360067448E+041
  1.6269003528E+006  2.4354069033E+041
  1.6286002247E+006  2.4348161090E+041
  1.6303003838E+006  2.4342370675E+041
  1.6320004109E+006  2.4336555109E+041
  1.6337003111E+006  2.4330770278E+041
  1.6354002945E+006  2.4325059044E+041
  1.6371003562E+006  2.4319453930E+041
  1.6388002911E+006  2.4313838876E+041
  1.6405003019E+006  2.4308258995E+041
  1.6422003881E+006  2.4302765580E+041
  1.6439003492E+006  2.4297318597E+041
  1.6456003862E+006  2.4291842576E+041
  1.6473002935E+006  2.4286420521E+041
  1.6490002790E+006  2.4281095775E+041
  1.6507003383E+006  2.4275763404E+041
  1.6524002726E+006  2.4270462932E+041
  1.6541002872E+006  2.4265338772E+041
  1.6558003782E+006  2.4260283294E+041
  1.6575003404E+006  2.4255204612E+041
  1.6592003776E+006  2.4250164738E+041
  1.6609002841E+006  2.4245198960E+041
  1.6626002721E+006  2.4240225861E+041
  1.6643003364E+006  2.4235257052E+041
  1.6660002685E+006  2.4230353821E+041
  1.6677002790E+006  2.4225545043E+041
  1.6694003646E+006  2.4220830695E+041
  1.6711003236E+006  2.4216146417E+041
  1.6728003646E+006  2.4211540926E+041
  1.6745002716E+006  2.4206934032E+041
  1.6762002580E+006  2.4202317694E+041
  1.6779003200E+006  2.4197752312E+041
  1.6796002514E+006  2.4193220809E+041
  1.6813002670E+006  2.4188688433E+041
  1.6830003562E+006  2.4184261036E+041
  1.6847003119E+006  2.4179923227E+041
  1.6864003447E+006  2.4175559182E+041
  1.6881002449E+006  2.4171238993E+041
  1.6898002287E+006  2.4166951777E+041
  1.6915002913E+006  2.4162636391E+041
  1.6932002171E+006  2.4158335437E+041
  1.6949002183E+006  2.4154072197E+041
  1.6966002975E+006  2.4149890929E+041
  1.6983002472E+006  2.4145750421E+041
  1.7000002774E+006  2.4141654075E+041
  1.7017003792E+006  2.4137586190E+041
  1.7034003429E+006  2.4133463904E+041
  1.7051003879E+006  2.4129360449E+041
  1.7068003035E+006  2.4125280139E+041
  1.7085002986E+006  2.4121158675E+041
  1.7102003693E+006  2.4117216415E+041
  1.7119002993E+006  2.4113390199E+041
  1.7136003080E+006  2.4109519767E+041
  1.7153003966E+006  2.4105673558E+041
  1.7170003518E+006  2.4101759729E+041
  1.7187003794E+006  2.4097773791E+041
  1.7204002681E+006  2.4093791827E+041
  1.7221002313E+006  2.4089869056E+041
  1.7238002756E+006  2.4086054618E+041
  1.7255003974E+006  2.4082223497E+041
  1.7272003813E+006  2.4078443738E+041
  1.7289002321E+006  2.4074668880E+041
  1.7306003660E+006  2.4070898838E+041
  1.7323003698E+006  2.4067176496E+041
  1.7340002457E+006  2.4063437925E+041
  1.7357004003E+006  2.4059495945E+041
  1.7374002131E+006  2.4055560945E+041
  1.7391003092E+006  2.4051630598E+041
  1.7408002712E+006  2.4047828386E+041
  1.7425003115E+006  2.4044509290E+041
  1.7442002196E+006  2.4041205764E+041
  1.7459004100E+006  2.4037881596E+041
  1.7476002581E+006  2.4034372997E+041
  1.7493003908E+006  2.4030798052E+041
  1.7510003899E+006  2.4027200080E+041
  1.7527002617E+006  2.4023480768E+041
  1.7544004154E+006  2.4019472017E+041
  1.7561002210E+006  2.4015448643E+041
  1.7578003101E+006  2.4011505673E+041
  1.7595002650E+006  2.4007636957E+041
  1.7612002998E+006  2.4003766560E+041
  1.7629004101E+006  2.3999992181E+041
  1.7646003788E+006  2.3996340506E+041
  1.7663002115E+006  2.3992737557E+041
  1.7680003321E+006  2.3989238038E+041
  1.7697003210E+006  2.3985826373E+041
  1.7714003844E+006  2.3982507220E+041
  1.7731003094E+006  2.3979296987E+041
  1.7748003030E+006  2.3976145584E+041
  1.7765003750E+006  2.3973116065E+041
  1.7782003150E+006  2.3970205732E+041
  1.7799003254E+006  2.3967349591E+041
  1.7816004107E+006  2.3964598885E+041
  1.7833003575E+006  2.3961998633E+041
  1.7850003773E+006  2.3959444405E+041
  1.7867002663E+006  2.3956988906E+041
  1.7884002281E+006  2.3954703848E+041
  1.7901002650E+006  2.3952454870E+041
  1.7918003751E+006  2.3950306109E+041
  1.7935003459E+006  2.3948341812E+041
  1.7952003894E+006  2.3946403210E+041
  1.7969003045E+006  2.3944571099E+041
  1.7986002916E+006  2.3942927417E+041
  1.8003003500E+006  2.3941305499E+041
  1.8020002691E+006  2.3939802119E+041
  1.8037002582E+006  2.3938466583E+041
  1.8054003285E+006  2.3937173522E+041
  1.8071002642E+006  2.3935998887E+041
  1.8088002671E+006  2.3934972084E+041
  1.8105003412E+006  2.3934015856E+041
  1.8122002795E+006  2.3933166900E+041
  1.8139002909E+006  2.3932446474E+041
  1.8156003771E+006  2.3931817809E+041
  1.8173003238E+006  2.3931296592E+041
  1.8190003387E+006  2.3930878130E+041
  1.8207002189E+006  2.3930567413E+041
  1.8224003776E+006  2.3930367293E+041
  1.8241003997E+006  2.3930256116E+041
  1.8258002905E+006  2.3930256683E+041
  1.8275002484E+006  2.3930362711E+041
  1.8292002747E+006  2.3930564388E+041
  1.8309003721E+006  2.3930874536E+041
  1.8326003345E+006  2.3931274671E+041
  1.8343003719E+006  2.3931779201E+041
  1.8360002715E+006  2.3932363566E+041
  1.8377002339E+006  2.3932954613E+041
  1.8394002684E+006  2.3933646935E+041
  1.8411003800E+006  2.3934351440E+041
  1.8428003520E+006  2.3934998290E+041
  1.8445003964E+006  2.3935749902E+041
  1.8462003011E+006  2.3936600071E+041
  1.8479002743E+006  2.3937515456E+041
  1.8496003219E+006  2.3938588781E+041
  1.8513002321E+006  2.3939732170E+041
  1.8530002141E+006  2.3940958948E+041
  1.8547002691E+006  2.3942337519E+041
  1.8564003911E+006  2.3943771465E+041
  1.8581003688E+006  2.3945323043E+041
  1.8598002153E+006  2.3946986758E+041
  1.8615003444E+006  2.3948628290E+041
  1.8632003333E+006  2.3950320434E+041
  1.8649003912E+006  2.3952059489E+041
  1.8666003065E+006  2.3953877667E+041
  1.8683002961E+006  2.3955838845E+041
  1.8700003609E+006  2.3957843044E+041
  1.8717002845E+006  2.3959979994E+041
  1.8734002771E+006  2.3962202742E+041
  1.8751003417E+006  2.3964495680E+041
  1.8768002641E+006  2.3966930181E+041
  1.8785002577E+006  2.3969406566E+041
  1.8802003281E+006  2.3972005464E+041
  1.8819002576E+006  2.3974688654E+041
  1.8836002564E+006  2.3977436524E+041
  1.8853003230E+006  2.3980321076E+041
  1.8870002526E+006  2.3983240156E+041
  1.8887002594E+006  2.3986283638E+041
  1.8904003391E+006  2.3989394629E+041
  1.8921002729E+006  2.3992572481E+041
  1.8938002761E+006  2.3995883772E+041
  1.8955003509E+006  2.3999217611E+041
  1.8972002835E+006  2.4002687819E+041
  1.8989002889E+006  2.4006197594E+041
  1.9006003645E+006  2.4009787944E+041
  1.9023002965E+006  2.4013499193E+041
  1.9040002970E+006  2.4017223032E+041
  1.9057003669E+006  2.4021101437E+041
  1.9074003012E+006  2.4024985606E+041
  1.9091003086E+006  2.4028978082E+041
  1.9108003818E+006  2.4033056738E+041
  1.9125003082E+006  2.4037157239E+041
  1.9142003086E+006  2.4041416464E+041
  1.9159003787E+006  2.4045655762E+041
  1.9176003073E+006  2.4050042877E+041
  1.9193003060E+006  2.4054455911E+041
  1.9210003706E+006  2.4058933987E+041
  1.9227002917E+006  2.4063535167E+041
  1.9244002818E+006  2.4068124661E+041
  1.9261003444E+006  2.4072876556E+041
  1.9278002683E+006  2.4077607631E+041
  1.9295002613E+006  2.4082462368E+041
  1.9312003159E+006  2.4087366251E+041
  1.9329002311E+006  2.4092314918E+041
  1.9346002205E+006  2.4097384651E+041
  1.9363002770E+006  2.4102447225E+041
  1.9380004008E+006  2.4107646302E+041
  1.9397003841E+006  2.4112841348E+041
  1.9414002233E+006  2.4118141082E+041
  1.9431003390E+006  2.4123490271E+041
  1.9448003188E+006  2.4128891555E+041
  1.9465003682E+006  2.4134384117E+041
  1.9482002758E+006  2.4139881731E+041
  1.9499002484E+006  2.4145385339E+041
  1.9516002872E+006  2.4150866916E+041
