  0.0000000000E+000  0.0000000000E+000
  1.7002824373E+003  2.0537867193E+034
  3.4002772104E+003  2.0536723036E+034
  5.1001895671E+003  2.0536691897E+034
  6.8002576989E+003  2.0539249243E+034
  8.5001563915E+003  2.0543694201E+034
  1.0200191486E+004  2.0548990754E+034
  1.1900227884E+004  2.0555443870E+034
  1.3600274676E+004  2.0575450800E+034
  1.5300165614E+004  2.0577485660E+034
  1.7000267623E+004  2.0577576929E+034
  1.8700168192E+004  2.0577380838E+034
  2.0400238830E+004  2.0577478508E+034
  2.2100240231E+004  2.0578439983E+034
  2.3800182805E+004  2.0579930191E+034
  2.5500187522E+004  2.0580046563E+034
  2.7200158322E+004  2.0580106065E+034
  2.8900185605E+004  2.0580134873E+034
  3.0600174074E+004  2.0580147391E+034
  3.2300282245E+004  2.0580152550E+034
  3.4000161780E+004  2.0580154756E+034
  3.5700233882E+004  2.0580155801E+034
  3.7400277529E+004  2.0580156536E+034
  3.9100285794E+004  2.0580157073E+034
  4.0800201007E+004  2.0580157124E+034
  4.2500152974E+004  2.0580156899E+034
  4.4200248026E+004  2.0580156539E+034
  4.5900240438E+004  2.0580156149E+034
  4.7600204182E+004  2.0580155805E+034
  4.9300215081E+004  2.0580155564E+034
  5.1000217189E+004  2.0580155397E+034
  5.2700238024E+004  2.0580155219E+034
  5.4400254420E+004  2.0580155051E+034
  5.6100255164E+004  2.0580154858E+034
  5.7800284173E+004  2.0580154682E+034
  5.9500246620E+004  2.0580154546E+034
  6.1200186559E+004  2.0580154456E+034
  6.2900288520E+004  2.0580154416E+034
  6.4600225535E+004  2.0580154426E+034
  6.6300212910E+004  2.0580154573E+034
  6.8000255528E+004  2.0580154896E+034
  6.9700174120E+004  2.0580155270E+034
  7.1400180640E+004  2.0580155632E+034
  7.3100177810E+004  2.0580155893E+034
  7.4800207478E+004  2.0580155988E+034
  7.6500259453E+004  2.0580155948E+034
  7.8200155914E+004  2.0580155899E+034
  7.9900257300E+004  2.0580155845E+034
  8.1600239824E+004  2.0580155787E+034
  8.3300285322E+004  2.0580155725E+034
  8.5000236676E+004  2.0580155661E+034
  8.6700251922E+004  2.0580155595E+034
  8.8400215281E+004  2.0580155528E+034
  9.0100244671E+004  2.0580155459E+034
  9.1800224843E+004  2.0580155390E+034
  9.3500257812E+004  2.0580155321E+034
  9.5200185511E+004  2.0580155253E+034
  9.6900172934E+004  2.0580155185E+034
  9.8600180233E+004  2.0580155118E+034
  1.0030025385E+005  2.0580155052E+034
  1.0200021590E+005  2.0580154987E+034
  1.0370025359E+005  2.0580154923E+034
  1.0540016234E+005  2.0580154860E+034
  1.0710026765E+005  2.0580154798E+034
  1.0880025010E+005  2.0580154738E+034
  1.1050022871E+005  2.0580154678E+034
  1.1220024466E+005  2.0580154621E+034
  1.1390027661E+005  2.0580154565E+034
  1.1560020212E+005  2.0580154510E+034
  1.1730029767E+005  2.0580154458E+034
  1.1900027851E+005  2.0580154407E+034
  1.2070028672E+005  2.0580154358E+034
  1.2240015431E+005  2.0580154311E+034
  1.2410022902E+005  2.0580154265E+034
  1.2580017852E+005  2.0580154222E+034
  1.2750018526E+005  2.0580154181E+034
  1.2920025631E+005  2.0580154142E+034
  1.3090021728E+005  2.0580154104E+034
  1.3260025190E+005  2.0580154069E+034
  1.3430018397E+005  2.0580154036E+034
  1.3600018707E+005  2.0580154005E+034
  1.3770023145E+005  2.0580153976E+034
  1.3940018423E+005  2.0580153949E+034
  1.4110019148E+005  2.0580153924E+034
  1.4280022345E+005  2.0580153901E+034
  1.4450016985E+005  2.0580153880E+034
  1.4620029751E+005  2.0580153861E+034
  1.4790017417E+005  2.0580153844E+034
  1.4960022923E+005  2.0580153829E+034
  1.5130017939E+005  2.0580153816E+034
  1.5300015896E+005  2.0580153805E+034
  1.5470015679E+005  2.0580153795E+034
  1.5640019772E+005  2.0580153788E+034
  1.5810024642E+005  2.0580153782E+034
  1.5980018258E+005  2.0580153778E+034
  1.6150029247E+005  2.0580153776E+034
  1.6320028892E+005  2.0580153776E+034
  1.6490016524E+005  2.0580153777E+034
  1.6660022173E+005  2.0580153781E+034
  1.6830017519E+005  2.0580153785E+034
  1.7000030266E+005  2.0580153792E+034
  1.7170018686E+005  2.0580153800E+034
  1.7340026716E+005  2.0580153810E+034
  1.7510024751E+005  2.0580153821E+034
  1.7680029253E+005  2.0580153834E+034
  1.7850022478E+005  2.0580153849E+034
  1.8020021661E+005  2.0580153865E+034
  1.8190024429E+005  2.0580153883E+034
  1.8360018075E+005  2.0580153902E+034
  1.8530030258E+005  2.0580153922E+034
  1.8700016630E+005  2.0580153943E+034
  1.8870023153E+005  2.0580153966E+034
  1.9040017586E+005  2.0580153990E+034
  1.9210017093E+005  2.0580154016E+034
  1.9380018975E+005  2.0580154042E+034
  1.9550025293E+005  2.0580154069E+034
  1.9720018211E+005  2.0580154097E+034
  1.9890015395E+005  2.0580154127E+034
  2.0060015353E+005  2.0580154157E+034
  2.0230017600E+005  2.0580154187E+034
  2.0400023603E+005  2.0580154219E+034
  2.0570016322E+005  2.0580154251E+034
  2.0740028156E+005  2.0580154284E+034
  2.0910027278E+005  2.0580154317E+034
  2.1080015722E+005  2.0580154350E+034
  2.1250022312E+005  2.0580154385E+034
  2.1420017264E+005  2.0580154419E+034
  2.1590017633E+005  2.0580154454E+034
  2.1760021185E+005  2.0580154489E+034
  2.1930015390E+005  2.0580154524E+034
  2.2100028824E+005  2.0580154559E+034
  2.2270017192E+005  2.0580154595E+034
  2.2440024992E+005  2.0580154630E+034
  2.2610022417E+005  2.0580154666E+034
  2.2780024715E+005  2.0580154702E+034
  2.2950029525E+005  2.0580154738E+034
  2.3120024791E+005  2.0580154774E+034
  2.3290023039E+005  2.0580154810E+034
  2.3460026126E+005  2.0580154845E+034
  2.3630017133E+005  2.0580154881E+034
  2.3800027246E+005  2.0580154916E+034
  2.3970025471E+005  2.0580154951E+034
  2.4140026207E+005  2.0580154986E+034
  2.4310016258E+005  2.0580155020E+034
  2.4480022624E+005  2.0580155053E+034
  2.4650017853E+005  2.0580155086E+034
  2.4820015512E+005  2.0580155119E+034
  2.4990016825E+005  2.0580155151E+034
  2.5160020731E+005  2.0580155182E+034
  2.5330027492E+005  2.0580155213E+034
  2.5500023241E+005  2.0580155243E+034
  2.5670021131E+005  2.0580155271E+034
  2.5840024238E+005  2.0580155300E+034
  2.6010015174E+005  2.0580155327E+034
  2.6180025702E+005  2.0580155354E+034
  2.6350025332E+005  2.0580155379E+034
  2.6520029268E+005  2.0580155404E+034
  2.6690022906E+005  2.0580155428E+034
  2.6860019620E+005  2.0580155452E+034
  2.7030022118E+005  2.0580155474E+034
  2.7200027577E+005  2.0580155496E+034
  2.7370022675E+005  2.0580155516E+034
  2.7540021261E+005  2.0580155536E+034
  2.7710023713E+005  2.0580155555E+034
  2.7880030080E+005  2.0580155573E+034
  2.8050024721E+005  2.0580155590E+034
  2.8220023568E+005  2.0580155607E+034
  2.8390024494E+005  2.0580155623E+034
  2.8560029848E+005  2.0580155637E+034
  2.8730022205E+005  2.0580155650E+034
  2.8900018213E+005  2.0580155661E+034
  2.9070016284E+005  2.0580155672E+034
  2.9240017622E+005  2.0580155682E+034
  2.9410022210E+005  2.0580155691E+034
  2.9580029043E+005  2.0580155689E+034
  2.9750024852E+005  2.0580155669E+034
  2.9920022643E+005  2.0580155633E+034
  3.0090024832E+005  2.0580155583E+034
  3.0260029646E+005  2.0580155520E+034
  3.0430023311E+005  2.0580155447E+034
  3.0600020431E+005  2.0580155365E+034
  3.0770021193E+005  2.0580155276E+034
  3.0940027020E+005  2.0580155182E+034
  3.1110020419E+005  2.0580155084E+034
  3.1280018826E+005  2.0580154984E+034
  3.1450020626E+005  2.0580154883E+034
  3.1620027104E+005  2.0580154783E+034
  3.1790021674E+005  2.0580154684E+034
  3.1960020253E+005  2.0580154588E+034
  3.2130023067E+005  2.0580154496E+034
  3.2300028778E+005  2.0580154409E+034
  3.2470023806E+005  2.0580154329E+034
  3.2640021362E+005  2.0580154256E+034
  3.2810022895E+005  2.0580154192E+034
  3.2980026780E+005  2.0580154136E+034
  3.3150019565E+005  2.0580154091E+034
  3.3320029589E+005  2.0580154057E+034
  3.3490027801E+005  2.0580154035E+034
  3.3660029296E+005  2.0580154024E+034
  3.3830017700E+005  2.0580154015E+034
  3.4000024860E+005  2.0580154009E+034
  3.4170019066E+005  2.0580154005E+034
  3.4340017344E+005  2.0580154002E+034
  3.4510017448E+005  2.0580154002E+034
  3.4680021427E+005  2.0580154003E+034
  3.4850028540E+005  2.0580154006E+034
  3.5020023624E+005  2.0580154010E+034
  3.5190022583E+005  2.0580154015E+034
  3.5360024521E+005  2.0580154023E+034
  3.5530016016E+005  2.0580154030E+034
  3.5700025562E+005  2.0580154037E+034
  3.5870024695E+005  2.0580154044E+034
  3.6040026995E+005  2.0580154051E+034
  3.6210018222E+005  2.0580154059E+034
  3.6380028297E+005  2.0580154068E+034
  3.6550026678E+005  2.0580154078E+034
  3.6720028685E+005  2.0580154089E+034
  3.6890018603E+005  2.0580154101E+034
  3.7060028165E+005  2.0580154114E+034
  3.7230024536E+005  2.0580154128E+034
  3.7400025360E+005  2.0580154143E+034
  3.7570028635E+005  2.0580154159E+034
  3.7740020204E+005  2.0580154175E+034
  3.7910029380E+005  2.0580154193E+034
  3.8080026516E+005  2.0580154210E+034
  3.8250026706E+005  2.0580154229E+034
  3.8420028868E+005  2.0580154247E+034
  3.8590019568E+005  2.0580154267E+034
  3.8760027633E+005  2.0580154286E+034
  3.8930024035E+005  2.0580154306E+034
  3.9100022458E+005  2.0580154326E+034
  3.9270024781E+005  2.0580154346E+034
  3.9440029791E+005  2.0580154367E+034
  3.9610022767E+005  2.0580154388E+034
  3.9780019299E+005  2.0580154409E+034
  3.9950018888E+005  2.0580154430E+034
  4.0120022430E+005  2.0580154451E+034
  4.0290028662E+005  2.0580154472E+034
  4.0460024295E+005  2.0580154492E+034
  4.0630022605E+005  2.0580154513E+034
  4.0800025370E+005  2.0580154533E+034
  4.0970016087E+005  2.0580154554E+034
  4.1140025644E+005  2.0580154574E+034
  4.1310023652E+005  2.0580154594E+034
  4.1480024533E+005  2.0580154613E+034
  4.1650029361E+005  2.0580154633E+034
  4.1820021412E+005  2.0580154653E+034
  4.1990017461E+005  2.0580154672E+034
  4.2160015853E+005  2.0580154691E+034
  4.2330017968E+005  2.0580154710E+034
  4.2500022342E+005  2.0580154729E+034
  4.2670030182E+005  2.0580154748E+034
  4.2840025151E+005  2.0580154766E+034
  4.3010022935E+005  2.0580154784E+034
  4.3180023894E+005  2.0580154801E+034
  4.3350026738E+005  2.0580154819E+034
  4.3520017992E+005  2.0580154835E+034
  4.3690026498E+005  2.0580154852E+034
  4.3860023337E+005  2.0580154868E+034
  4.4030022267E+005  2.0580154884E+034
  4.4200024857E+005  2.0580154900E+034
  4.4370030240E+005  2.0580154925E+034
  4.4540023507E+005  2.0580155415E+034
  4.4710020193E+005  2.0574359455E+034
  4.4880020055E+005  2.0577440672E+034
  4.5050023623E+005  2.0579604511E+034
  4.5220029790E+005  2.0579986919E+034
  4.5390025205E+005  2.0580026383E+034
  4.5560023030E+005  2.0580114050E+034
  4.5730024922E+005  2.0580116909E+034
  4.5900029776E+005  2.0580115467E+034
  4.6070023135E+005  2.0580116397E+034
  4.6240019494E+005  2.0580115713E+034
  4.6410018966E+005  2.0580117013E+034
  4.6580022022E+005  2.0580117060E+034
  4.6750027420E+005  2.0580116827E+034
  4.6920021110E+005  2.0580115028E+034
  4.7090017234E+005  2.0580115378E+034
  4.7260016887E+005  2.0580115624E+034
  4.7430018317E+005  2.0580115799E+034
  4.7600023469E+005  2.0580114010E+034
  4.7770015526E+005  2.0580113944E+034
  4.7940025617E+005  2.0580113885E+034
  4.8110023168E+005  2.0580114313E+034
  4.8280023257E+005  2.0580114680E+034
  4.8450026272E+005  2.0580114365E+034
  4.8620016189E+005  2.0580113502E+034
  4.8790024859E+005  2.0580112523E+034
  4.8960020424E+005  2.0580111624E+034
  4.9130019504E+005  2.0580110970E+034
  4.9300021037E+005  2.0580110419E+034
  4.9470026236E+005  2.0580109899E+034
  4.9640018738E+005  2.0580109390E+034
  4.9810029974E+005  2.0580108816E+034
  4.9980029295E+005  2.0580108085E+034
  5.0150016149E+005  2.0580107299E+034
  5.0320022021E+005  2.0580106477E+034
  5.0490015318E+005  2.0580105546E+034
  5.0660027751E+005  2.0580104493E+034
  5.0830027346E+005  2.0580103353E+034
  5.1000015705E+005  2.0580102177E+034
  5.1170021769E+005  2.0580101284E+034
  5.1340016022E+005  2.0580100460E+034
  5.1510028074E+005  2.0580099656E+034
  5.1680028078E+005  2.0580098915E+034
  5.1850015573E+005  2.0580098220E+034
  5.2020020909E+005  2.0580097583E+034
  5.2190029358E+005  2.0580096996E+034
  5.2360024773E+005  2.0580096448E+034
  5.2530023523E+005  2.0580095940E+034
  5.2700023920E+005  2.0580095472E+034
  5.2870027795E+005  2.0580095018E+034
  5.3040018302E+005  2.0580094562E+034
  5.3210026965E+005  2.0580094117E+034
  5.3380022720E+005  2.0580093672E+034
  5.3550021461E+005  2.0580093225E+034
  5.3720022665E+005  2.0580092761E+034
  5.3890026543E+005  2.0580092287E+034
  5.4060018457E+005  2.0580091812E+034
  5.4230027797E+005  2.0580091329E+034
  5.4400025326E+005  2.0580090841E+034
  5.4570025279E+005  2.0580090352E+034
  5.4740028910E+005  2.0580089857E+034
  5.4910019524E+005  2.0580089352E+034
  5.5080029326E+005  2.0580088847E+034
  5.5250026560E+005  2.0580088342E+034
  5.5420026965E+005  2.0580087836E+034
  5.5590015250E+005  2.0580087327E+034
  5.5760021818E+005  2.0580086817E+034
  5.5930016124E+005  2.0580086312E+034
  5.6100028211E+005  2.0580085812E+034
  5.6270028727E+005  2.0580085321E+034
  5.6440015954E+005  2.0580084849E+034
  5.6610021948E+005  2.0580084381E+034
  5.6780030146E+005  2.0580083862E+034
  5.6950026361E+005  2.0580083306E+034
  5.7120024626E+005  2.0580082783E+034
  5.7290025961E+005  2.0580082290E+034
  5.7460029432E+005  2.0580081808E+034
  5.7630020433E+005  2.0580081335E+034
  5.7800028961E+005  2.0580080874E+034
  5.7970024683E+005  2.0580080421E+034
  5.8140023334E+005  2.0580079971E+034
  5.8310023851E+005  2.0580079525E+034
  5.8480027526E+005  2.0580079083E+034
  5.8650018026E+005  2.0580078641E+034
  5.8820026934E+005  2.0580078195E+034
  5.8990022440E+005  2.0580077744E+034
  5.9160021453E+005  2.0580077287E+034
  5.9330022657E+005  2.0580076831E+034
  5.9500026817E+005  2.0580076377E+034
  5.9670018689E+005  2.0580075922E+034
  5.9840028715E+005  2.0580075461E+034
  6.0010026509E+005  2.0580074993E+034
  6.0180027017E+005  2.0580074524E+034
  6.0350015749E+005  2.0580074056E+034
  6.0520021905E+005  2.0580073591E+034
  6.0690016342E+005  2.0580073129E+034
  6.0860028317E+005  2.0580072670E+034
  6.1030028516E+005  2.0580072213E+034
  6.1200015647E+005  2.0580071757E+034
  6.1370021444E+005  2.0580071301E+034
  6.1540029440E+005  2.0580070845E+034
  6.1710025180E+005  2.0580070390E+034
  6.1880023263E+005  2.0580069936E+034
  6.2050023946E+005  2.0580069484E+034
  6.2220027321E+005  2.0580069036E+034
  6.2390017464E+005  2.0580068592E+034
  6.2560025838E+005  2.0580068154E+034
  6.2730020983E+005  2.0580067723E+034
  6.2900018958E+005  2.0580067302E+034
  6.3070018722E+005  2.0580066894E+034
  6.3240021673E+005  2.0580066500E+034
  6.3410026183E+005  2.0580066125E+034
  6.3580018438E+005  2.0580065771E+034
  6.3750028147E+005  2.0580065440E+034
  6.3920025303E+005  2.0580065134E+034
  6.4090024928E+005  2.0580064839E+034
  6.4260027275E+005  2.0580064555E+034
  6.4430017075E+005  2.0580064282E+034
  6.4600024555E+005  2.0580064023E+034
  6.4770019820E+005  2.0580063781E+034
  6.4940017407E+005  2.0580063562E+034
  6.5110018437E+005  2.0580063368E+034
  6.5280021464E+005  2.0580063205E+034
  6.5450028127E+005  2.0580063075E+034
  6.5620021812E+005  2.0580062982E+034
  6.5790018630E+005  2.0580062930E+034
  6.5960017729E+005  2.0580062923E+034
  6.6130020049E+005  2.0580062965E+034
  6.6300024562E+005  2.0580063059E+034
  6.6470016597E+005  2.0580063211E+034
  6.6640026696E+005  2.0580063424E+034
  6.6810023793E+005  2.0580063703E+034
  6.6980023799E+005  2.0580064051E+034
  6.7150025814E+005  2.0580064474E+034
  6.7320015560E+005  2.0580064974E+034
  6.7490022307E+005  2.0580065556E+034
  6.7660016598E+005  2.0580066223E+034
  6.7830028008E+005  2.0580066982E+034
  6.8000027134E+005  2.0580067836E+034
  6.8170027851E+005  2.0580068791E+034
  6.8340016310E+005  2.0580069852E+034
  6.8510022000E+005  2.0580071024E+034
  6.8680030121E+005  2.0580072294E+034
  6.8850025253E+005  2.0580073655E+034
  6.9020022868E+005  2.0580075113E+034
  6.9190022970E+005  2.0580076668E+034
  6.9360025302E+005  2.0580078324E+034
  6.9530015361E+005  2.0580080082E+034
  6.9700022813E+005  2.0580081948E+034
  6.9870018119E+005  2.0580083923E+034
  7.0040015395E+005  2.0580086012E+034
  7.0210016109E+005  2.0580088219E+034
  7.0380018730E+005  2.0580090548E+034
  7.0550024535E+005  2.0580093003E+034
  7.0720017429E+005  2.0580095588E+034
  7.0890028602E+005  2.0580098305E+034
  7.1060026847E+005  2.0580101157E+034
  7.1230027903E+005  2.0580104144E+034
  7.1400016262E+005  2.0580107268E+034
  7.1570022262E+005  2.0580110527E+034
  7.1740015632E+005  2.0580113921E+034
  7.1910026495E+005  2.0580117445E+034
  7.2080025055E+005  2.0580121088E+034
  7.2250025302E+005  2.0580124845E+034
  7.2420028654E+005  2.0580128711E+034
  7.2590018512E+005  2.0580132680E+034
  7.2760026278E+005  2.0580136743E+034
  7.2930020586E+005  2.0580140890E+034
  7.3100017628E+005  2.0580145104E+034
  7.3270016422E+005  2.0580149366E+034
  7.3440017873E+005  2.0580153648E+034
  7.3610021172E+005  2.0580157914E+034
  7.3780027127E+005  2.0580162116E+034
  7.3950019888E+005  2.0580170931E+034
  7.4120030075E+005  2.0580181948E+034
  7.4290027601E+005  2.0580192128E+034
  7.4460027159E+005  2.0580201270E+034
  7.4630029323E+005  2.0580209101E+034
  7.4800018448E+005  2.0580215341E+034
  7.4970025755E+005  2.0580219726E+034
  7.5140019739E+005  2.0580222022E+034
  7.5310016859E+005  2.0580222035E+034
  7.5480015884E+005  2.0580219692E+034
  7.5650018078E+005  2.0580215309E+034
  7.5820022137E+005  2.0580209566E+034
  7.5990029374E+005  2.0580203250E+034
  7.6160023557E+005  2.0580197055E+034
  7.6330020429E+005  2.0580191482E+034
  7.6500019707E+005  2.0580186843E+034
  7.6670021497E+005  2.0580183291E+034
  7.6840025772E+005  2.0580180860E+034
  7.7010016943E+005  2.0580179507E+034
  7.7180025980E+005  2.0580179129E+034
  7.7350021923E+005  2.0580179574E+034
  7.7520020448E+005  2.0580180627E+034
  7.7690020744E+005  2.0580182035E+034
  7.7860024012E+005  2.0580183546E+034
  7.8030028664E+005  2.0580184935E+034
  7.8200020821E+005  2.0580186019E+034
  7.8370029889E+005  2.0580186664E+034
  7.8540026356E+005  2.0580186784E+034
  7.8710024489E+005  2.0580186341E+034
  7.8880025180E+005  2.0580185359E+034
  7.9050027836E+005  2.0580183932E+034
  7.9220017605E+005  2.0580182206E+034
  7.9390024542E+005  2.0580180335E+034
  7.9560018608E+005  2.0580178483E+034
  7.9730030213E+005  2.0580176798E+034
  7.9900028633E+005  2.0580175401E+034
  8.0070029734E+005  2.0580174381E+034
  8.0240017646E+005  2.0580173796E+034
  8.0410023605E+005  2.0580173670E+034
  8.0580016095E+005  2.0580173997E+034
  8.0750026914E+005  2.0580174732E+034
  8.0920024400E+005  2.0580175793E+034
  8.1090024648E+005  2.0580177067E+034
  8.1260027050E+005  2.0580178428E+034
  8.1430017121E+005  2.0580179748E+034
  8.1600024319E+005  2.0580180905E+034
  8.1770019113E+005  2.0580181794E+034
  8.1940015878E+005  2.0580182331E+034
  8.2110015299E+005  2.0580182456E+034
  8.2280016708E+005  2.0580182133E+034
  8.2450020602E+005  2.0580181359E+034
  8.2620026811E+005  2.0580180173E+034
  8.2790019834E+005  2.0580178648E+034
  8.2960030486E+005  2.0580176880E+034
  8.3130027784E+005  2.0580174980E+034
  8.3300027548E+005  2.0580173062E+034
  8.3470028927E+005  2.0580171236E+034
  8.3640017543E+005  2.0580169596E+034
  8.3810023205E+005  2.0580168220E+034
  8.3980016104E+005  2.0580167166E+034
  8.4150025752E+005  2.0580166472E+034
  8.4320022925E+005  2.0580166155E+034
  8.4490021484E+005  2.0580166213E+034
  8.4660022637E+005  2.0580166619E+034
  8.4830025436E+005  2.0580167324E+034
  8.5000015683E+005  2.0580168257E+034
  8.5170022982E+005  2.0580169333E+034
  8.5340017407E+005  2.0580170465E+034
  8.5510029352E+005  2.0580171564E+034
  8.5680028192E+005  2.0580172550E+034
  8.5850029394E+005  2.0580173352E+034
  8.6020017484E+005  2.0580173913E+034
  8.6190023479E+005  2.0580174190E+034
  8.6360016245E+005  2.0580174155E+034
  8.6530026913E+005  2.0580173803E+034
  8.6700024368E+005  2.0580173149E+034
  8.6870024594E+005  2.0580172228E+034
  8.7040026435E+005  2.0580171089E+034
  8.7210015970E+005  2.0580169794E+034
  8.7380022458E+005  2.0580168408E+034
  8.7550016481E+005  2.0580166999E+034
  8.7720027395E+005  2.0580165630E+034
  8.7890025881E+005  2.0580164357E+034
  8.8060026039E+005  2.0580163449E+034
  8.8230028520E+005  2.0580163010E+034
  8.8400017648E+005  2.0580162663E+034
  8.8570024289E+005  2.0580162416E+034
  8.8740017597E+005  2.0580162270E+034
  8.8910028268E+005  2.0580162224E+034
  8.9080025739E+005  2.0580162270E+034
  8.9250025172E+005  2.0580162397E+034
  8.9420026590E+005  2.0580162591E+034
  8.9590029826E+005  2.0580162833E+034
  8.9760020153E+005  2.0580163103E+034
  8.9930027375E+005  2.0580163379E+034
  9.0100021794E+005  2.0580163644E+034
  9.0270017823E+005  2.0580164127E+034
  9.0440016552E+005  2.0580164505E+034
  9.0610016567E+005  2.0580164749E+034
  9.0780019360E+005  2.0580164839E+034
  9.0950023833E+005  2.0580164762E+034
  9.1120015623E+005  2.0580164514E+034
  9.1290024447E+005  2.0580164101E+034
  9.1460020688E+005  2.0580163589E+034
  9.1630018852E+005  2.0580163256E+034
  9.1800019352E+005  2.0580162873E+034
  9.1970021974E+005  2.0580162458E+034
  9.2140026972E+005  2.0580162026E+034
  9.2310018789E+005  2.0580161595E+034
  9.2480028150E+005  2.0580161181E+034
  9.2650024505E+005  2.0580160797E+034
  9.2820022955E+005  2.0580160456E+034
  9.2990023655E+005  2.0580160168E+034
  9.3160026179E+005  2.0580159940E+034
  9.3330015976E+005  2.0580159776E+034
  9.3500022645E+005  2.0580159678E+034
  9.3670016560E+005  2.0580159644E+034
  9.3840027309E+005  2.0580159670E+034
  9.4010025429E+005  2.0580159746E+034
  9.4180024819E+005  2.0580159863E+034
  9.4350026680E+005  2.0580160005E+034
  9.4520030118E+005  2.0580160157E+034
  9.4690020599E+005  2.0580160303E+034
  9.4860027863E+005  2.0580160429E+034
  9.5030022246E+005  2.0580160521E+034
  9.5200018270E+005  2.0580160565E+034
  9.5370016382E+005  2.0580160549E+034
  9.5540016212E+005  2.0580160461E+034
  9.5710018289E+005  2.0580160294E+034
  9.5880022126E+005  2.0580160043E+034
  9.6050028130E+005  2.0580159707E+034
  9.6220020862E+005  2.0580159288E+034
  9.6390015677E+005  2.0580158794E+034
  9.6560027830E+005  2.0580158233E+034
  9.6730026610E+005  2.0580157616E+034
  9.6900027831E+005  2.0580156956E+034
  9.7070015576E+005  2.0580156267E+034
  9.7240021105E+005  2.0580155565E+034
  9.7410028347E+005  2.0580154863E+034
  9.7580023044E+005  2.0580154177E+034
  9.7750019220E+005  2.0580153518E+034
  9.7920017975E+005  2.0580152899E+034
  9.8090018438E+005  2.0580152329E+034
  9.8260021454E+005  2.0580151819E+034
  9.8430026030E+005  2.0580151375E+034
  9.8600017864E+005  2.0580151003E+034
  9.8770026698E+005  2.0580150705E+034
  9.8940022494E+005  2.0580150484E+034
  9.9110019911E+005  2.0580150338E+034
  9.9280019682E+005  2.0580150265E+034
  9.9450021120E+005  2.0580150259E+034
  9.9620024705E+005  2.0580150314E+034
  9.9790030014E+005  2.0580150419E+034
  9.9960022192E+005  2.0580150563E+034
  1.0013001600E+006  2.0580150733E+034
  1.0030002700E+006  2.0580150918E+034
  1.0047002462E+006  2.0580151101E+034
  1.0064002409E+006  2.0580151271E+034
  1.0081002554E+006  2.0580151415E+034
  1.0098002867E+006  2.0580151519E+034
  1.0115001878E+006  2.0580151573E+034
  1.0132002562E+006  2.0580151567E+034
  1.0149001950E+006  2.0580151491E+034
  1.0166003016E+006  2.0580151338E+034
  1.0183002811E+006  2.0580151102E+034
  1.0200002747E+006  2.0580150779E+034
  1.0217002934E+006  2.0580150367E+034
  1.0234001752E+006  2.0580149866E+034
  1.0251002342E+006  2.0580149279E+034
  1.0268001552E+006  2.0580148610E+034
  1.0285002545E+006  2.0580147865E+034
  1.0302002186E+006  2.0580147052E+034
  1.0319002056E+006  2.0580146181E+034
  1.0336002096E+006  2.0580145260E+034
  1.0353002378E+006  2.0580144298E+034
  1.0370002823E+006  2.0580143307E+034
  1.0387001961E+006  2.0580142296E+034
  1.0404002812E+006  2.0580141274E+034
  1.0421002358E+006  2.0580140275E+034
  1.0438002077E+006  2.0580139313E+034
  1.0455002001E+006  2.0580138393E+034
  1.0472002108E+006  2.0580137522E+034
  1.0489002406E+006  2.0580136701E+034
  1.0506002887E+006  2.0580135932E+034
  1.0523002018E+006  2.0580135216E+034
  1.0540002888E+006  2.0580134551E+034
  1.0557002388E+006  2.0580133936E+034
  1.0574002092E+006  2.0580133366E+034
  1.0591001944E+006  2.0580132838E+034
  1.0608002024E+006  2.0580132346E+034
  1.0625002227E+006  2.0580131884E+034
  1.0642002668E+006  2.0580131443E+034
  1.0659001721E+006  2.0580131018E+034
  1.0676002536E+006  2.0580130599E+034
  1.0693001947E+006  2.0580130179E+034
  1.0710001600E+006  2.0580129748E+034
  1.0727002922E+006  2.0580129298E+034
  1.0744002942E+006  2.0580128822E+034
  1.0761001587E+006  2.0580128312E+034
  1.0778002000E+006  2.0580127760E+034
  1.0795002570E+006  2.0580127161E+034
  1.0812001826E+006  2.0580126509E+034
  1.0829002785E+006  2.0580125800E+034
  1.0846002435E+006  2.0580125028E+034
  1.0863002258E+006  2.0580124192E+034
  1.0880002294E+006  2.0580123290E+034
  1.0897002522E+006  2.0580122321E+034
  1.0914002948E+006  2.0580121285E+034
  1.0931002027E+006  2.0580120184E+034
  1.0948002829E+006  2.0580119019E+034
  1.0965002297E+006  2.0580117793E+034
  1.0982001952E+006  2.0580116509E+034
  1.0999001799E+006  2.0580115171E+034
  1.1016001826E+006  2.0580113785E+034
  1.1033002052E+006  2.0580112353E+034
  1.1050002431E+006  2.0580110882E+034
  1.1067003011E+006  2.0580109375E+034
  1.1084002228E+006  2.0580107836E+034
  1.1101001655E+006  2.0580106270E+034
  1.1118002747E+006  2.0580104679E+034
  1.1135002533E+006  2.0580103066E+034
  1.1152002454E+006  2.0580101433E+034
  1.1169002584E+006  2.0580099778E+034
  1.1186002841E+006  2.0580098100E+034
  1.1203001808E+006  2.0580096392E+034
  1.1220002427E+006  2.0580094647E+034
  1.1237001741E+006  2.0580092854E+034
  1.1254002717E+006  2.0580090997E+034
  1.1271002395E+006  2.0580089067E+034
  1.1288002200E+006  2.0580087088E+034
  1.1305002231E+006  2.0580085047E+034
  1.1322002418E+006  2.0580082922E+034
  1.1339002821E+006  2.0580080686E+034
  1.1356001848E+006  2.0580078306E+034
  1.1373002613E+006  2.0580075744E+034
  1.1390002021E+006  2.0580072952E+034
  1.1407001624E+006  2.0580069872E+034
  1.1424002937E+006  2.0580066431E+034
  1.1441002916E+006  2.0580062536E+034
  1.1458001561E+006  2.0580058064E+034
  1.1475001908E+006  2.0580052847E+034
  1.1492002447E+006  2.0580046645E+034
  1.1509001633E+006  2.0580039092E+034
  1.1526002552E+006  2.0580029587E+034
  1.1543002093E+006  2.0580017050E+034
  1.1560001849E+006  2.0579999190E+034
  1.1577001763E+006  2.0579970194E+034
  1.1594001873E+006  2.0579911771E+034
  1.1611002124E+006  2.0579765994E+034
  1.1628002590E+006  2.0579514984E+034
  1.1645001672E+006  2.0579402589E+034
  1.1662002484E+006  2.0579341063E+034
  1.1679001909E+006  2.0579292309E+034
  1.1696001547E+006  2.0579347925E+034
  1.1713002841E+006  2.0579328487E+034
  1.1730002804E+006  2.0579305645E+034
  1.1747002915E+006  2.0579281698E+034
  1.1764001704E+006  2.0579256921E+034
  1.1781002154E+006  2.0579231215E+034
  1.1798002814E+006  2.0579204454E+034
  1.1815002086E+006  2.0579179477E+034
  1.1832001558E+006  2.0579156518E+034
  1.1849002699E+006  2.0579133687E+034
  1.1866002524E+006  2.0579110696E+034
  1.1883002501E+006  2.0579087388E+034
  1.1900002682E+006  2.0579063526E+034
  1.1917003010E+006  2.0579038942E+034
  1.1934002016E+006  2.0579013472E+034
  1.1951002708E+006  2.0578986964E+034
  1.1968002066E+006  2.0578959297E+034
  1.1985001589E+006  2.0578932679E+034
  1.2002002846E+006  2.0578907690E+034
  1.2019002735E+006  2.0578882522E+034
  1.2036002808E+006  2.0578857071E+034
  1.2053003053E+006  2.0578831198E+034
  1.2070001960E+006  2.0578804724E+034
  1.2087002566E+006  2.0578777371E+034
  1.2104001819E+006  2.0578748953E+034
  1.2121002788E+006  2.0578719167E+034
  1.2138002391E+006  2.0578689167E+034
  1.2155002163E+006  2.0578661897E+034
  1.2172002100E+006  2.0578634506E+034
  1.2189002232E+006  2.0578606871E+034
  1.2206002510E+006  2.0578578825E+034
  1.2223002977E+006  2.0578550138E+034
  1.2240002064E+006  2.0578520484E+034
  1.2257002871E+006  2.0578489623E+034
  1.2274002278E+006  2.0578457375E+034
  1.2291001886E+006  2.0578426750E+034
  1.2308001637E+006  2.0578397440E+034
  1.2325001586E+006  2.0578367843E+034
  1.2342001658E+006  2.0578337659E+034
  1.2359001939E+006  2.0578306674E+034
  1.2376002346E+006  2.0578274751E+034
  1.2393002958E+006  2.0578241655E+034
  1.2410002170E+006  2.0578207117E+034
  1.2427001602E+006  2.0578173912E+034
  1.2444002688E+006  2.0578142152E+034
  1.2461002454E+006  2.0578109967E+034
  1.2478002345E+006  2.0578077165E+034
  1.2495002458E+006  2.0578043575E+034
  1.2512002699E+006  2.0578009033E+034
  1.2529001622E+006  2.0577973230E+034
  1.2546002215E+006  2.0577935979E+034
  1.2563003022E+006  2.0577901814E+034
  1.2580002424E+006  2.0577867272E+034
  1.2597002036E+006  2.0577832159E+034
  1.2614001793E+006  2.0577796314E+034
  1.2631001758E+006  2.0577759438E+034
  1.2648001856E+006  2.0577721273E+034
  1.2665002156E+006  2.0577681486E+034
  1.2682002606E+006  2.0577644727E+034
  1.2699001708E+006  2.0577607694E+034
  1.2716002483E+006  2.0577570057E+034
  1.2733001926E+006  2.0577531620E+034
  1.2750003050E+006  2.0577492191E+034
  1.2767002813E+006  2.0577451531E+034
  1.2784002731E+006  2.0577410735E+034
  1.2801002826E+006  2.0577372628E+034
  1.2818001545E+006  2.0577334018E+034
  1.2835001955E+006  2.0577294756E+034
  1.2852002539E+006  2.0577254658E+034
  1.2869001749E+006  2.0577213510E+034
  1.2886002648E+006  2.0577170968E+034
  1.2903002165E+006  2.0577131260E+034
  1.2920001866E+006  2.0577092268E+034
  1.2937001710E+006  2.0577052615E+034
  1.2954001737E+006  2.0577012119E+034
  1.2971001908E+006  2.0576970519E+034
  1.2988002270E+006  2.0576927446E+034
  1.3005002759E+006  2.0576884601E+034
  1.3022001910E+006  2.0576844759E+034
  1.3039002727E+006  2.0576804203E+034
  1.3056002222E+006  2.0576762684E+034
  1.3073001840E+006  2.0576719916E+034
  1.3090001664E+006  2.0576675621E+034
  1.3107001616E+006  2.0576629892E+034
  1.3124001776E+006  2.0576588542E+034
  1.3141002055E+006  2.0576546340E+034
  1.3158002549E+006  2.0576503058E+034
  1.3175001643E+006  2.0576458438E+034
  1.3192002475E+006  2.0576412162E+034
  1.3209001888E+006  2.0576364112E+034
  1.3226003046E+006  2.0576320376E+034
  1.3243002798E+006  2.0576275721E+034
  1.3260002752E+006  2.0576229907E+034
  1.3277002830E+006  2.0576182622E+034
  1.3294001589E+006  2.0576133489E+034
  1.3311001996E+006  2.0576083938E+034
  1.3328002593E+006  2.0576037487E+034
  1.3345001786E+006  2.0575990074E+034
  1.3362002714E+006  2.0575941315E+034
  1.3379002231E+006  2.0575890922E+034
  1.3396001936E+006  2.0575838642E+034
  1.3413001774E+006  2.0575789369E+034
  1.3430001796E+006  2.0575740668E+034
  1.3447001938E+006  2.0575690727E+034
  1.3464002270E+006  2.0575639311E+034
  1.3481002741E+006  2.0575586182E+034
  1.3498001861E+006  2.0575533552E+034
  1.3515002637E+006  2.0575483648E+034
  1.3532002067E+006  2.0575432531E+034
  1.3549001636E+006  2.0575379995E+034
  1.3566002907E+006  2.0575325765E+034
  1.3583002789E+006  2.0575270401E+034
  1.3600002856E+006  2.0575219060E+034
  1.3617003060E+006  2.0575166543E+034
  1.3634001903E+006  2.0575112656E+034
  1.3651002427E+006  2.0575057120E+034
  1.3668001596E+006  2.0574999687E+034
  1.3685002450E+006  2.0574947125E+034
  1.3702001936E+006  2.0574894007E+034
  1.3719001581E+006  2.0574840272E+034
  1.3736002918E+006  2.0574785232E+034
  1.3753002883E+006  2.0574728496E+034
  1.3770003004E+006  2.0574675746E+034
  1.3787001770E+006  2.0574622867E+034
  1.3804002219E+006  2.0574568713E+034
  1.3821002834E+006  2.0574513114E+034
  1.3838002058E+006  2.0574455979E+034
  1.3855002997E+006  2.0574401701E+034
  1.3872002540E+006  2.0574348317E+034
  1.3889002257E+006  2.0574293662E+034
  1.3906002113E+006  2.0574237360E+034
  1.3923002154E+006  2.0574179062E+034
  1.3940002313E+006  2.0574122945E+034
  1.3957002654E+006  2.0574068717E+034
  1.3974001597E+006  2.0574013198E+034
  1.3991002261E+006  2.0573955946E+034
  1.4008003036E+006  2.0573896729E+034
  1.4025002465E+006  2.0573839246E+034
  1.4042002019E+006  2.0573784044E+034
  1.4059001752E+006  2.0573727466E+034
  1.4076001601E+006  2.0573669143E+034
  1.4093001647E+006  2.0573608835E+034
  1.4110001815E+006  2.0573550255E+034
  1.4127002164E+006  2.0573493805E+034
  1.4144002624E+006  2.0573435932E+034
  1.4161001752E+006  2.0573376299E+034
  1.4178002525E+006  2.0573314621E+034
  1.4195001956E+006  2.0573255207E+034
  1.4212003035E+006  2.0573197192E+034
  1.4229002785E+006  2.0573137496E+034
  1.4246002638E+006  2.0573075874E+034
  1.4263002690E+006  2.0573012039E+034
  1.4280002858E+006  2.0572951807E+034
  1.4297001703E+006  2.0572891779E+034
  1.4314002180E+006  2.0572830269E+034
  1.4331002858E+006  2.0572766958E+034
  1.4348002116E+006  2.0572701299E+034
  1.4365001573E+006  2.0572641385E+034
