  0.0000000000E+000  0.0000000000E+000
  1.7002223451E+003  2.9265004824E+036
  3.4002973953E+003  2.9461445681E+036
  5.1002880838E+003  2.9660101177E+036
  6.8002625216E+003  3.0353124002E+036
  8.5002409817E+003  3.3158021409E+036
  1.0200305078E+004  4.5262041352E+036
  1.1900284158E+004  8.5334182328E+036
  1.3600254693E+004  1.7242628538E+037
  1.5300275803E+004  3.4013539524E+037
  1.7000304585E+004  8.1211815730E+037
  1.8700240498E+004  1.2779087468E+038
  2.0400255365E+004  1.2672067945E+038
  2.2100229475E+004  1.2296693750E+038
  2.3800250909E+004  1.1908145912E+038
  2.5500286254E+004  1.1549447599E+038
  2.7200200312E+004  1.1225470418E+038
  2.8900239849E+004  1.0970112000E+038
  3.0600162253E+004  1.0711308993E+038
  3.2300265329E+004  1.0450672622E+038
  3.4000165542E+004  1.0225254575E+038
  3.5700202573E+004  1.0011595358E+038
  3.7400268239E+004  9.8032274178E+037
  3.9100303408E+004  9.6168031514E+037
  4.0800221812E+004  9.4268102973E+037
  4.2500211294E+004  9.2327501612E+037
  4.4200175247E+004  9.0560492340E+037
  4.5900227838E+004  8.8824335258E+037
  4.7600293328E+004  8.7215373000E+037
  4.9300299563E+004  8.5830305828E+037
  5.1000248547E+004  8.3023634809E+037
  5.2700200515E+004  8.1112432188E+037
  5.4400288168E+004  7.9482686292E+037
  5.6100224959E+004  7.8026224923E+037
  5.7800274157E+004  7.6656179328E+037
  5.9500285562E+004  7.5376717580E+037
  6.1200218644E+004  7.4184386992E+037
  6.2900168541E+004  7.3054143707E+037
  6.4600228125E+004  7.1967928591E+037
  6.6300187766E+004  7.0940078115E+037
  6.8000247965E+004  6.9968278317E+037
  6.9700283419E+004  6.9035727733E+037
  7.1400206794E+004  6.8104778451E+037
  7.3100253086E+004  6.7214757767E+037
  7.4800288672E+004  6.6370715996E+037
  7.6500212818E+004  6.5561676389E+037
  7.8200295295E+004  6.4777193036E+037
  7.9900166844E+004  6.4025059441E+037
  8.1600164932E+004  6.3307359004E+037
  8.3300274285E+004  6.2620619097E+037
  8.5000239291E+004  6.1954619708E+037
  8.6700264431E+004  6.1312411775E+037
  8.8400186828E+004  6.0696525648E+037
  9.0100299235E+004  6.0105023343E+037
  9.1800187044E+004  5.9530444270E+037
  9.3500250650E+004  5.8969103782E+037
  9.5200290999E+004  5.8418187318E+037
  9.6900282651E+004  5.7876882180E+037
  9.8600194293E+004  5.7356330796E+037
  1.0030027160E+005  5.6851779103E+037
  1.0200020038E+005  5.6361809987E+037
  1.0370030511E+005  5.5888636040E+037
  1.0540023994E+005  5.5431138482E+037
  1.0710029324E+005  5.4988061890E+037
  1.0880024871E+005  5.4556031898E+037
  1.1050023976E+005  5.4133944518E+037
  1.1220026267E+005  5.3723244296E+037
  1.1390016531E+005  5.3324861668E+037
  1.1560024998E+005  5.2938753816E+037
  1.1730022373E+005  5.2562532868E+037
  1.1900026079E+005  5.2194876345E+037
  1.2070024035E+005  5.1836368333E+037
  1.2240021338E+005  5.1292354507E+037
  1.2410020188E+005  5.0724643988E+037
  1.2580024432E+005  5.0265090379E+037
  1.2750017506E+005  4.9841001563E+037
  1.2920029136E+005  4.9438693722E+037
  1.3090026122E+005  4.9053738900E+037
  1.3260021014E+005  4.8683660924E+037
  1.3430028809E+005  4.8326678227E+037
  1.3600017188E+005  4.7979934527E+037
  1.3770030896E+005  4.7641983824E+037
  1.3940019891E+005  4.7313490832E+037
  1.4110028936E+005  4.6994858157E+037
  1.4280025104E+005  4.6686192060E+037
  1.4450025555E+005  4.6387048564E+037
  1.4620016271E+005  4.6095052580E+037
  1.4790027858E+005  4.5808903998E+037
  1.4960016777E+005  4.5528915481E+037
  1.5130016195E+005  4.5255198430E+037
  1.5300016387E+005  4.4987999889E+037
  1.5470019668E+005  4.4727432940E+037
  1.5640025322E+005  4.4473221689E+037
  1.5810015968E+005  4.4223069057E+037
  1.5980020038E+005  4.3972744219E+037
  1.6150021571E+005  4.3726390409E+037
  1.6320019495E+005  4.3485922426E+037
  1.6490028302E+005  4.3251505106E+037
  1.6660029349E+005  4.3022976863E+037
  1.6830021724E+005  4.2800017346E+037
  1.7000018906E+005  4.2581605602E+037
  1.7170020992E+005  4.2367094697E+037
  1.7340029032E+005  4.2156803483E+037
  1.7510025994E+005  4.1951035175E+037
  1.7680029739E+005  4.1749728534E+037
  1.7850026200E+005  4.1552981708E+037
  1.8020018461E+005  4.1360802506E+037
  1.8190024745E+005  4.1172760846E+037
  1.8360030591E+005  4.0988189500E+037
  1.8530020476E+005  4.0806968025E+037
  1.8700025155E+005  4.0629217616E+037
  1.8870027638E+005  4.0455139137E+037
  1.9040026570E+005  4.0284849469E+037
  1.9210021760E+005  4.0118401599E+037
  1.9380026472E+005  3.9955797923E+037
  1.9550024502E+005  3.9796892373E+037
  1.9720030030E+005  3.9641199162E+037
  1.9890025852E+005  3.9488453927E+037
  2.0060027029E+005  3.9338665611E+037
  2.0230016832E+005  3.9191965956E+037
  2.0400027040E+005  3.9048430920E+037
  2.0570027478E+005  3.8908155446E+037
  2.0740019670E+005  3.8771169463E+037
  2.0910020520E+005  3.8636427074E+037
  2.1080017207E+005  3.8503381905E+037
  2.1250026612E+005  3.8373162094E+037
  2.1420018532E+005  3.8245975564E+037
  2.1590024185E+005  3.8121715648E+037
  2.1760026019E+005  3.8000392268E+037
  2.1930024041E+005  3.7882047072E+037
  2.2100016896E+005  3.7766716411E+037
  2.2270018945E+005  3.7654402010E+037
  2.2440029426E+005  3.7545103841E+037
  2.2610030575E+005  3.7438833054E+037
  2.2780021225E+005  3.7335560400E+037
  2.2950016563E+005  3.7235247222E+037
  2.3120016572E+005  3.7137844737E+037
  2.3290021572E+005  3.7043197949E+037
  2.3460017003E+005  3.6951116217E+037
  2.3630018658E+005  3.6861493687E+037
  2.3800028232E+005  3.6774327099E+037
  2.3970017089E+005  3.6689664365E+037
  2.4140016811E+005  3.6607525438E+037
  2.4310029050E+005  3.6527936913E+037
  2.4480021948E+005  3.6450928582E+037
  2.4650026215E+005  3.6376491071E+037
  2.4820025959E+005  3.6304628430E+037
  2.4990020365E+005  3.6235332645E+037
  2.5160023635E+005  3.6168586558E+037
  2.5330018516E+005  3.6104382348E+037
  2.5500019943E+005  3.6042696988E+037
  2.5670026098E+005  3.5983512111E+037
  2.5840021305E+005  3.5926812614E+037
  2.6010020654E+005  3.5872572338E+037
  2.6180024231E+005  3.5820770320E+037
  2.6350017504E+005  3.5771389789E+037
  2.6520016453E+005  3.5724397464E+037
  2.6690022640E+005  3.5679732703E+037
  2.6860021642E+005  3.5637330886E+037
  2.7030030312E+005  3.5597150938E+037
  2.7200017953E+005  3.5559193121E+037
  2.7370016615E+005  3.5523457339E+037
  2.7540026246E+005  3.5489954097E+037
  2.7710030557E+005  3.5458694762E+037
  2.7880029133E+005  3.5429683897E+037
  2.8050020606E+005  3.5402922937E+037
  2.8220020043E+005  3.5378408235E+037
  2.8390026438E+005  3.5356136785E+037
  2.8560022660E+005  3.5336105679E+037
  2.8730023947E+005  3.5318306718E+037
  2.8900029374E+005  3.5302733010E+037
  2.9070022827E+005  3.5289378107E+037
  2.9240020515E+005  3.5278232420E+037
  2.9410023000E+005  3.5269287685E+037
  2.9580030338E+005  3.5262535572E+037
  2.9750028657E+005  3.5257968017E+037
  2.9920018944E+005  3.5255576185E+037
  3.0090017887E+005  3.5255351476E+037
  3.0260026797E+005  3.5257286011E+037
  3.0430029485E+005  3.5261371619E+037
  3.0600025826E+005  3.5267600192E+037
  3.0770031361E+005  3.5275964706E+037
  3.0940029515E+005  3.5286456952E+037
  3.1110019602E+005  3.5299069396E+037
  3.1280016540E+005  3.5313796144E+037
  3.1450019693E+005  3.5330627141E+037
  3.1620027555E+005  3.5349524547E+037
  3.1790024407E+005  3.5370421286E+037
  3.1960025108E+005  3.5393268808E+037
  3.2130029153E+005  3.5418045752E+037
  3.2300021297E+005  3.5444747214E+037
  3.2470017204E+005  3.5473380752E+037
  3.2640017980E+005  3.5503953654E+037
  3.2810024576E+005  3.5536472423E+037
  3.2980022431E+005  3.5570938880E+037
  3.3150027820E+005  3.5607359358E+037
  3.3320026088E+005  3.5645732467E+037
  3.3490017125E+005  3.5686058140E+037
  3.3660016403E+005  3.5728338730E+037
  3.3830023768E+005  3.5772543443E+037
  3.4000022184E+005  3.5818691214E+037
  3.4170027117E+005  3.5866811158E+037
  3.4340022175E+005  3.5916883567E+037
  3.4510021966E+005  3.5968903032E+037
  3.4680025722E+005  3.6022863342E+037
  3.4850016974E+005  3.6078753184E+037
  3.5020026963E+005  3.6136576849E+037
  3.5190024237E+005  3.6196317856E+037
  3.5360025512E+005  3.6257961598E+037
  3.5530030792E+005  3.6321396558E+037
  3.5700025036E+005  3.6386450700E+037
  3.5870025282E+005  3.6453035700E+037
  3.6040016074E+005  3.6521133903E+037
  3.6210030207E+005  3.6590788631E+037
  3.6380021058E+005  3.6662020665E+037
  3.6550019779E+005  3.6734879723E+037
  3.6720026075E+005  3.6809394767E+037
  3.6890023993E+005  3.6885580460E+037
  3.7060028631E+005  3.6963459755E+037
  3.7230023016E+005  3.7043036279E+037
  3.7400022699E+005  3.7124325197E+037
  3.7570026218E+005  3.7207329524E+037
  3.7740017029E+005  3.7292040148E+037
  3.7910026549E+005  3.7378462880E+037
  3.8080022820E+005  3.7466463225E+037
  3.8250022237E+005  3.7555788312E+037
  3.8420024967E+005  3.7646273103E+037
  3.8590031305E+005  3.7737909745E+037
  3.8760026062E+005  3.7830756221E+037
  3.8930026407E+005  3.7924898821E+037
  3.9100017095E+005  3.8020394541E+037
  3.9270029788E+005  3.8117309453E+037
  3.9440017884E+005  3.8215649420E+037
  3.9610028187E+005  3.8315460435E+037
  3.9780029387E+005  3.8416732580E+037
  3.9950021179E+005  3.8519469034E+037
  4.0120018789E+005  3.8623405383E+037
  4.0290021966E+005  3.8727268230E+037
  4.0460030275E+005  3.8831534563E+037
  4.0630027192E+005  3.8936602501E+037
  4.0800027714E+005  3.9042580854E+037
  4.0970016100E+005  3.9149540550E+037
  4.1140022916E+005  3.9257592325E+037
  4.1310031544E+005  3.9366803854E+037
  4.1480026981E+005  3.9477223749E+037
  4.1650025368E+005  3.9588903057E+037
  4.1820027176E+005  3.9701870327E+037
  4.1990017446E+005  3.9816134357E+037
  4.2160028344E+005  3.9931724891E+037
  4.2330028481E+005  4.0048605732E+037
  4.2500018709E+005  4.0166541719E+037
  4.2670030839E+005  4.0285067888E+037
  4.2840016585E+005  4.0403961885E+037
  4.3010023560E+005  4.0523358707E+037
  4.3180019648E+005  4.0643396932E+037
  4.3350020057E+005  4.0764215335E+037
  4.3520024593E+005  4.0885906034E+037
  4.3690016509E+005  4.1008523072E+037
  4.3860026817E+005  4.1132134175E+037
  4.4030023249E+005  4.1256748031E+037
  4.4200021699E+005  4.1382396512E+037
  4.4370021757E+005  4.1509086821E+037
  4.4540023982E+005  4.1636753903E+037
  4.4710028757E+005  4.1764892597E+037
  4.4880020243E+005  4.1892985841E+037
  4.5050031252E+005  4.2021076624E+037
  4.5220031041E+005  4.2149372882E+037
  4.5390020006E+005  4.2278082610E+037
  4.5560030364E+005  4.2407300159E+037
  4.5730030683E+005  4.2537108185E+037
  4.5900020738E+005  4.2667665996E+037
  4.6070016046E+005  4.2799031361E+037
  4.6240016755E+005  4.2931224435E+037
  4.6410021864E+005  4.3064253303E+037
  4.6580030664E+005  4.3198111304E+037
  4.6750027201E+005  4.3332653692E+037
  4.6920026488E+005  4.3467170301E+037
  4.7090028045E+005  4.3601200892E+037
  4.7260031063E+005  4.3734907100E+037
  4.7430019610E+005  4.3868580712E+037
  4.7600025312E+005  4.4002475022E+037
  4.7770017019E+005  4.4136711695E+037
  4.7940027120E+005  4.4269552860E+037
  4.8110023998E+005  4.4401366627E+037
  4.8280024463E+005  4.4533872640E+037
  4.8450029085E+005  4.4667352854E+037
  4.8620022389E+005  4.4801699306E+037
  4.8790020735E+005  4.4936836921E+037
  4.8960024010E+005  4.5072707196E+037
  4.9130031788E+005  4.5208765080E+037
  4.9300027472E+005  4.5344145781E+037
  4.9470027139E+005  4.5478861315E+037
  4.9640029917E+005  4.5613269329E+037
  4.9810019445E+005  4.5747664773E+037
  4.9980027211E+005  4.5882266140E+037
  5.0150020335E+005  4.6017164604E+037
  5.0320030309E+005  4.6152459221E+037
  5.0490025537E+005  4.6288171627E+037
  5.0660021886E+005  4.6424343304E+037
  5.0830019368E+005  4.6560985336E+037
  5.1000018435E+005  4.6698085065E+037
  5.1170019971E+005  4.6835618103E+037
  5.1340024323E+005  4.6973566754E+037
  5.1510016674E+005  4.7111673086E+037
  5.1680029100E+005  4.7248897532E+037
  5.1850029843E+005  4.7384930993E+037
  5.2020019002E+005  4.7520181759E+037
  5.2190028476E+005  4.7655082238E+037
  5.2360025855E+005  4.7789883409E+037
  5.2530026525E+005  4.7924766140E+037
  5.2700030312E+005  4.8059832704E+037
  5.2870020619E+005  4.8195129496E+037
  5.3040028831E+005  4.8330702299E+037
  5.3210022393E+005  4.8466529034E+037
  5.3380016326E+005  4.8602625810E+037
  5.3550026383E+005  4.8739006885E+037
  5.3720020794E+005  4.8875644867E+037
  5.3890031836E+005  4.9012560133E+037
  5.4060027673E+005  4.9149719479E+037
  5.4230024821E+005  4.9286661374E+037
  5.4400024034E+005  4.9422446597E+037
  5.4570025482E+005  4.9559409939E+037
  5.4740030057E+005  4.9723482599E+037
  5.4910022291E+005  5.0335082134E+037
  5.5080017998E+005  5.7148309877E+037
  5.5250017039E+005  2.4680542629E+039
  5.5420019362E+005  3.9647996008E+039
  5.5590024697E+005  5.2584736431E+039
  5.5760016408E+005  7.4238175415E+039
  5.5930026284E+005  1.1007318027E+040
  5.6100021849E+005  1.6961727899E+040
  5.6270018294E+005  2.7395376333E+040
  5.6440031621E+005  4.8840663632E+040
  5.6610029468E+005  9.7924684487E+040
  5.6780027588E+005  1.2499786223E+041
  5.6950026026E+005  3.6074199294E+041
  5.7120025148E+005  7.4535467387E+041
  5.7290024987E+005  1.4576923983E+042
  5.7460025686E+005  2.6027828428E+042
  5.7630028063E+005  4.2842015829E+042
  5.7800016413E+005  5.8218885002E+042
  5.7970023168E+005  8.4026178713E+042
  5.8140017039E+005  1.1461240086E+043
  5.8310030226E+005  1.4760685819E+043
  5.8480030474E+005  1.8272997776E+043
  5.8650017619E+005  2.0854197280E+043
  5.8820023690E+005  2.3852046703E+043
  5.8990016027E+005  2.6593330869E+043
  5.9160025969E+005  2.8939466950E+043
  5.9330021038E+005  3.0791703224E+043
  5.9500016337E+005  3.2084302586E+043
  5.9670027864E+005  3.2788268339E+043
  5.9840023529E+005  3.2914266246E+043
  6.0010019218E+005  3.3257077418E+043
  6.0180030842E+005  3.2138727141E+043
  6.0350026662E+005  3.0627862187E+043
  6.0520023437E+005  2.8840037716E+043
  6.0690021119E+005  2.6876183756E+043
  6.0860020293E+005  2.4831664448E+043
  6.1030021550E+005  2.2793526323E+043
  6.1200024649E+005  2.1073108105E+043
  6.1370029739E+005  1.9106294889E+043
  6.1540020952E+005  1.7293523052E+043
  6.1710030158E+005  1.5643643198E+043
  6.1880024735E+005  1.4147619747E+043
  6.2050020710E+005  1.2796702700E+043
  6.2220017988E+005  1.1592096696E+043
  6.2390031861E+005  1.0525084144E+043
  6.2560029965E+005  9.5727148514E+042
  6.2730027970E+005  8.7238537295E+042
  6.2900025399E+005  7.9772504488E+042
  6.3070022265E+005  7.3223370587E+042
  6.3240018403E+005  6.7444485913E+042
  6.3410029818E+005  6.2315770832E+042
  6.3580024304E+005  5.7720083725E+042
  6.3750018701E+005  5.3717140708E+042
  6.3920029518E+005  5.0303983802E+042
  6.4090024783E+005  4.7376475269E+042
  6.4260021380E+005  4.4836674993E+042
  6.4430019679E+005  4.2605452847E+042
  6.4600019705E+005  4.0618908144E+042
  6.4770021456E+005  3.8809353201E+042
  6.4940025011E+005  3.9781139812E+042
  6.5110030014E+005  3.7443811573E+042
  6.5280019591E+005  3.5464324314E+042
  6.5450026014E+005  3.3791681072E+042
  6.5620016645E+005  3.2330505895E+042
  6.5790023011E+005  3.1033744152E+042
  6.5960028683E+005  2.9859002322E+042
  6.6130017490E+005  2.8805754399E+042
  6.6300021669E+005  2.7853267346E+042
  6.6470024971E+005  2.6986636077E+042
  6.6640027785E+005  2.6189611379E+042
  6.6810030284E+005  2.5443234269E+042
  6.6980016529E+005  2.4734142291E+042
  6.7150019388E+005  2.4062306697E+042
  6.7320022981E+005  2.3401171563E+042
  6.7490027495E+005  2.2731384499E+042
  6.7660017110E+005  2.2111300032E+042
  6.7830024415E+005  2.1634818590E+042
  6.8000017148E+005  2.1256131056E+042
  6.8170027172E+005  2.0898985225E+042
  6.8340022214E+005  2.0548246204E+042
  6.8510017935E+005  2.0214457268E+042
  6.8680030003E+005  1.9883657367E+042
  6.8850026022E+005  1.9558322324E+042
  6.9020021798E+005  1.9246427505E+042
  6.9190016514E+005  1.8940331349E+042
  6.9360025848E+005  1.8636533520E+042
  6.9530017818E+005  1.8334358497E+042
  6.9700024676E+005  1.8037956447E+042
  6.9870030140E+005  1.7756618094E+042
  7.0040018452E+005  1.7484292695E+042
  7.0210021966E+005  1.7212551559E+042
  7.0380024823E+005  1.6946622574E+042
  7.0550027408E+005  1.6692460359E+042
  7.0720030228E+005  1.6450332821E+042
  7.0890017348E+005  1.6215308063E+042
  7.1060021065E+005  1.5978149588E+042
  7.1230025501E+005  1.5733227896E+042
  7.1400030464E+005  1.5483330333E+042
  7.1570019253E+005  1.5234868745E+042
  7.1740024063E+005  1.4987292038E+042
  7.1910028556E+005  1.4734081353E+042
  7.2080016258E+005  1.4474498408E+042
  7.2250018827E+005  1.4229258622E+042
  7.2420020006E+005  1.4057827281E+042
  7.2590019596E+005  1.3978660201E+042
  7.2760017273E+005  1.3912179319E+042
  7.2930029432E+005  1.3831309425E+042
  7.3100023877E+005  1.3745353235E+042
  7.3270016774E+005  1.3647771050E+042
  7.3440024640E+005  1.3536776921E+042
  7.3610031874E+005  1.3427421325E+042
  7.3780022769E+005  1.3329603980E+042
  7.3950029606E+005  1.3233341513E+042
  7.4120020444E+005  1.3127624603E+042
  7.4290027704E+005  1.3016026001E+042
  7.4460018839E+005  1.2909070650E+042
  7.4630026034E+005  1.2810650055E+042
  7.4800016781E+005  1.2714451570E+042
  7.4970023230E+005  1.2615256810E+042
  7.5140028819E+005  1.2513611223E+042
  7.5310017086E+005  1.2412988214E+042
  7.5480020076E+005  1.2312939695E+042
  7.5650020984E+005  1.2210258214E+042
  7.5820019798E+005  1.2106876871E+042
  7.5990016614E+005  1.2009916095E+042
  7.6160027671E+005  1.1924821309E+042
  7.6330020736E+005  1.1849170151E+042
  7.6500028445E+005  1.1774267228E+042
  7.6670018941E+005  1.1693946136E+042
  7.6840024677E+005  1.1607362240E+042
  7.7010029847E+005  1.1517142416E+042
  7.7180018595E+005  1.1426254574E+042
  7.7350023292E+005  1.1336424916E+042
  7.7520027876E+005  1.1249001371E+042
  7.7690016329E+005  1.1165774886E+042
  7.7860020924E+005  1.1087887291E+042
  7.8030025035E+005  1.1014632323E+042
  7.8200028235E+005  1.0943730894E+042
  7.8370030449E+005  1.0872311930E+042
  7.8540031133E+005  1.0798922238E+042
  7.8710029894E+005  1.0723974055E+042
  7.8880026584E+005  1.0648934180E+042
  7.9050021087E+005  1.0575190132E+042
  7.9220029453E+005  1.0503175298E+042
  7.9390019064E+005  1.0432414608E+042
  7.9560022634E+005  1.0362528289E+042
  7.9730024191E+005  1.0293930376E+042
  7.9900023847E+005  1.0227630034E+042
  8.0070022113E+005  1.0164679511E+042
  8.0240018964E+005  1.0105560405E+042
  8.0410030853E+005  1.0050056792E+042
  8.0580025659E+005  9.9976234507E+041
  8.0750019920E+005  9.9475854189E+041
  8.0920029809E+005  9.8991383504E+041
  8.1090022569E+005  9.8512829332E+041
  8.1260030626E+005  9.8030507332E+041
  8.1430021466E+005  9.7536185496E+041
  8.1600026952E+005  9.7024055861E+041
  8.1770030534E+005  9.6494950150E+041
  8.1940031891E+005  9.5955529359E+041
  8.2110030918E+005  9.5414968733E+041
  8.2280027017E+005  9.4881498700E+041
  8.2450020094E+005  9.4360044773E+041
  8.2620026481E+005  9.3850740842E+041
  8.2790029841E+005  9.3350190353E+041
  8.2960030303E+005  9.2853828757E+041
  8.3130028309E+005  9.2357736173E+041
  8.3300024346E+005  9.1860343649E+041
  8.3470018701E+005  9.1361554897E+041
  8.3640028057E+005  9.0859913855E+041
  8.3810020514E+005  9.0354130351E+041
  8.3980028395E+005  8.9842017331E+041
  8.4150018809E+005  8.9321285828E+041
  8.4320023744E+005  8.8789395691E+041
  8.4490026928E+005  8.8244552532E+041
  8.4660028081E+005  8.7685471405E+041
  8.4830026890E+005  8.7112803382E+041
  8.5000023365E+005  8.6538398848E+041
  8.5170017417E+005  8.5984895931E+041
  8.5340024988E+005  8.5489893027E+041
  8.5510029679E+005  8.5105138618E+041
  8.5680031284E+005  8.4881528206E+041
  8.5850029708E+005  8.4838708956E+041
  8.6020025092E+005  8.4926019981E+041
  8.6190017687E+005  8.5047447327E+041
  8.6360023902E+005  8.5140341362E+041
  8.6530027359E+005  8.5177260124E+041
  8.6700028500E+005  8.5147501906E+041
  8.6870027787E+005  8.5052134989E+041
  8.7040025285E+005  8.4901890150E+041
  8.7210020959E+005  8.4714843422E+041
  8.7380031225E+005  8.4511095859E+041
  8.7550023775E+005  8.4304865697E+041
  8.7720030820E+005  8.4101484691E+041
  8.7890019594E+005  8.3897121392E+041
  8.8060022667E+005  8.3684293967E+041
  8.8230023669E+005  8.3458855113E+041
  8.8400022442E+005  8.3221186298E+041
  8.8570018703E+005  8.2974628850E+041
  8.8740028450E+005  8.2722683740E+041
  8.8910018908E+005  8.2468809062E+041
  8.9080022313E+005  8.2217027400E+041
  8.9250022311E+005  8.1972123501E+041
  8.9420018803E+005  8.1739207434E+041
  8.9590028084E+005  8.1520932930E+041
  8.9760017989E+005  8.1315799194E+041
  8.9930021409E+005  8.1118141760E+041
  9.0100022217E+005  8.0920670380E+041
  9.0270020333E+005  8.0717826187E+041
  9.0440032503E+005  8.0506398903E+041
  9.0610026551E+005  8.0285838989E+041
  9.0780018563E+005  8.0057464990E+041
  9.0950024701E+005  7.9823505242E+041
  9.1120028573E+005  7.9586298982E+041
  9.1290029977E+005  7.9348489385E+041
  9.1460028531E+005  7.9113395035E+041
  9.1630023952E+005  7.8884694719E+041
  9.1800032527E+005  7.8665320300E+041
  9.1970021327E+005  7.8457110960E+041
  9.2140022718E+005  7.8260416385E+041
  9.2310020478E+005  7.8073459069E+041
  9.2480030742E+005  7.7892480159E+041
  9.2650020886E+005  7.7713388467E+041
  9.2820023647E+005  7.7532829110E+041
  9.2990023033E+005  7.7348525910E+041
  9.3160019120E+005  7.7159435500E+041
  9.3330027965E+005  7.6965647914E+041
  9.3500017473E+005  7.6767787891E+041
  9.3670020716E+005  7.6566638766E+041
  9.3840021535E+005  7.6363344133E+041
  9.4010019848E+005  7.6159273789E+041
  9.4180032172E+005  7.5955953978E+041
  9.4350026100E+005  7.5755086060E+041
  9.4520017602E+005  7.5558284049E+041
  9.4690022670E+005  7.5366901590E+041
  9.4860024952E+005  7.5181906606E+041
  9.5030024319E+005  7.5003788172E+041
  9.5200020419E+005  7.4832379314E+041
  9.5370029195E+005  7.4666576479E+041
  9.5540017847E+005  7.4505003195E+041
  9.5710019026E+005  7.4346213020E+041
  9.5880032573E+005  7.4188916832E+041
  9.6050025947E+005  7.4032186563E+041
  9.6220031563E+005  7.3875432442E+041
  9.6390016716E+005  7.3718351012E+041
  9.6560030721E+005  7.3560777656E+041
  9.6730024852E+005  7.3402810399E+041
  9.6900032182E+005  7.3244484091E+041
  9.7070020039E+005  7.3085921500E+041
  9.7240021030E+005  7.2927324469E+041
  9.7410019060E+005  7.2768920571E+041
  9.7580030252E+005  7.2610971497E+041
  9.7750021743E+005  7.2453981121E+041
  9.7920026110E+005  7.2298321862E+041
  9.8090027175E+005  7.2144195775E+041
  9.8260024945E+005  7.1991792978E+041
  9.8430018952E+005  7.1841098873E+041
  9.8600025464E+005  7.1691957868E+041
  9.8770028120E+005  7.1544085202E+041
  9.8940026729E+005  7.1397061513E+041
  9.9110021075E+005  7.1250480356E+041
  9.9280027320E+005  7.1103987866E+041
  9.9450029333E+005  7.0957295677E+041
  9.9620027033E+005  7.0810224973E+041
  9.9790020545E+005  7.0662780058E+041
  9.9960026614E+005  7.0515053709E+041
  1.0013002905E+006  7.0367231498E+041
  1.0030002790E+006  7.0219500823E+041
  1.0047002330E+006  7.0072183478E+041
  1.0064003187E+006  6.9925563911E+041
  1.0081002090E+006  6.9779972466E+041
  1.0098002302E+006  6.9635696651E+041
  1.0115002199E+006  6.9493091467E+041
  1.0132001765E+006  6.9352482320E+041
  1.0149002595E+006  6.9214207385E+041
  1.0166003041E+006  6.9078482388E+041
  1.0183003104E+006  6.8945415667E+041
  1.0200002772E+006  6.8815063699E+041
  1.0217001994E+006  6.8687465537E+041
  1.0234002375E+006  6.8562633389E+041
  1.0251002293E+006  6.8440465142E+041
  1.0268001741E+006  6.8320695474E+041
  1.0285002356E+006  6.8202997866E+041
  1.0302002513E+006  6.8087000890E+041
  1.0319002225E+006  6.7972276916E+041
  1.0336003148E+006  6.7858385733E+041
  1.0353001999E+006  6.7744929524E+041
  1.0370002101E+006  6.7631509520E+041
  1.0387001852E+006  6.7517877389E+041
  1.0404002898E+006  6.7403849092E+041
  1.0421001950E+006  6.7289326052E+041
  1.0438002282E+006  6.7174203754E+041
  1.0455002261E+006  6.7058493898E+041
  1.0472001874E+006  6.6942181331E+041
  1.0489002744E+006  6.6825224310E+041
  1.0506003219E+006  6.6707717964E+041
  1.0523003233E+006  6.6589770492E+041
  1.0540002756E+006  6.6471516752E+041
  1.0557001763E+006  6.6353135460E+041
  1.0574001891E+006  6.6234737324E+041
  1.0591003135E+006  6.6116423307E+041
  1.0608002193E+006  6.6000167604E+041
  1.0625002358E+006  6.5885942399E+041
  1.0642002020E+006  6.5772139573E+041
  1.0659002836E+006  6.5658867379E+041
  1.0676003191E+006  6.5546257501E+041
  1.0693003092E+006  6.5434425250E+041
  1.0710002566E+006  6.5323415702E+041
  1.0727003275E+006  6.5213214861E+041
  1.0744001944E+006  6.5103920587E+041
  1.0761001904E+006  6.4995553219E+041
  1.0778003150E+006  6.4888149444E+041
  1.0795002365E+006  6.4781738755E+041
  1.0812002797E+006  6.4676276817E+041
  1.0829002775E+006  6.4571752862E+041
  1.0846002297E+006  6.4468137943E+041
  1.0863002953E+006  6.4365462345E+041
  1.0880003068E+006  6.4263731503E+041
  1.0897002640E+006  6.4162904598E+041
  1.0914001670E+006  6.4062917855E+041
  1.0931001803E+006  6.3963649315E+041
  1.0948003015E+006  6.3865097876E+041
  1.0965002047E+006  6.3767286161E+041
  1.0982002188E+006  6.3670199393E+041
  1.0999001794E+006  6.3573857022E+041
  1.1016002542E+006  6.3478257252E+041
  1.1033002827E+006  6.3383425210E+041
  1.1050002674E+006  6.3289374333E+041
  1.1067002088E+006  6.3196112290E+041
  1.1084002718E+006  6.3103628512E+041
  1.1101002946E+006  6.3011877669E+041
  1.1118002753E+006  6.2920829845E+041
  1.1135002101E+006  6.2830510057E+041
  1.1152002615E+006  6.2740917692E+041
  1.1169002634E+006  6.2652084724E+041
  1.1186002161E+006  6.2564021613E+041
  1.1203002817E+006  6.2476710170E+041
  1.1220002943E+006  6.2390158316E+041
  1.1237002526E+006  6.2304371549E+041
  1.1254003182E+006  6.2219324893E+041
  1.1271003261E+006  6.2134944839E+041
  1.1288002766E+006  6.2051235109E+041
  1.1305001715E+006  6.1968203638E+041
  1.1322001770E+006  6.1885840700E+041
  1.1339002938E+006  6.1804137262E+041
  1.1356001964E+006  6.1723095568E+041
  1.1373002155E+006  6.1642678870E+041
  1.1390001871E+006  6.1562869991E+041
  1.1407002776E+006  6.1483603766E+041
  1.1424003223E+006  6.1404809562E+041
  1.1441003226E+006  6.1326467209E+041
  1.1458002771E+006  6.1248549134E+041
  1.1475001853E+006  6.1171027508E+041
  1.1492002126E+006  6.1093865192E+041
  1.1509001912E+006  6.1017033232E+041
  1.1526002837E+006  6.0940489321E+041
  1.1543003238E+006  6.0864191696E+041
  1.1560003109E+006  6.0788071193E+041
  1.1577002443E+006  6.0712122419E+041
  1.1594002855E+006  6.0636334089E+041
  1.1611002686E+006  6.0560707297E+041
  1.1628001908E+006  6.0485239918E+041
  1.1645002159E+006  6.0409926483E+041
  1.1662001791E+006  6.0334780069E+041
  1.1679002470E+006  6.0259759640E+041
  1.1696002593E+006  6.0184869680E+041
  1.1713002171E+006  6.0110124931E+041
  1.1730002848E+006  6.0035479843E+041
  1.1747003009E+006  5.9960989641E+041
  1.1764002685E+006  5.9886691987E+041
  1.1781001871E+006  5.9812619738E+041
  1.1798002193E+006  5.9738771404E+041
  1.1815001992E+006  5.9665161039E+041
  1.1832002959E+006  5.9591817674E+041
  1.1849001779E+006  5.9518787584E+041
  1.1866001706E+006  5.9446088658E+041
  1.1883002717E+006  5.9373751399E+041
  1.1900003154E+006  5.9301811466E+041
  1.1917003009E+006  5.9230266694E+041
  1.1934002242E+006  5.9159117485E+041
  1.1951002494E+006  5.9088381550E+041
  1.1968002136E+006  5.9018095617E+041
  1.1985002820E+006  5.8948276168E+041
  1.2002002896E+006  5.8878951879E+041
  1.2019002368E+006  5.8810139272E+041
  1.2036002904E+006  5.8741819100E+041
  1.2053002877E+006  5.8674072824E+041
  1.2070002299E+006  5.8606976672E+041
  1.2087002858E+006  5.8540499403E+041
  1.2104002919E+006  5.8474650480E+041
  1.2121002469E+006  5.8409413533E+041
  1.2138003149E+006  5.8344752436E+041
  1.2155003296E+006  5.8280659717E+041
  1.2172002924E+006  5.8217134996E+041
  1.2189002028E+006  5.8154173183E+041
  1.2206002228E+006  5.8091759019E+041
  1.2223001855E+006  5.8029888616E+041
  1.2240002534E+006  5.7968530123E+041
  1.2257002602E+006  5.7907669563E+041
  1.2274002033E+006  5.7847293280E+041
  1.2291002460E+006  5.7787366865E+041
  1.2308002259E+006  5.7727878033E+041
  1.2325003077E+006  5.7668802136E+041
  1.2342003263E+006  5.7610114938E+041
  1.2359002820E+006  5.7551801057E+041
  1.2376001765E+006  5.7493848865E+041
  1.2393001775E+006  5.7436241624E+041
  1.2410002861E+006  5.7378979044E+041
  1.2427001747E+006  5.7322051185E+041
  1.2444001771E+006  5.7265418357E+041
  1.2461002929E+006  5.7209064490E+041
  1.2478001917E+006  5.7152994810E+041
  1.2495002021E+006  5.7097194160E+041
  1.2512003241E+006  5.7041652916E+041
  1.2529002276E+006  5.6986368494E+041
  1.2546002408E+006  5.6931327434E+041
  1.2563001965E+006  5.6876535231E+041
  1.2580002578E+006  5.6821983522E+041
  1.2597002583E+006  5.6767656473E+041
  1.2614001966E+006  5.6713544540E+041
  1.2631002352E+006  5.6659644568E+041
  1.2648002088E+006  5.6605967631E+041
  1.2665002839E+006  5.6552549964E+041
  1.2682002959E+006  5.6499444406E+041
  1.2699002459E+006  5.6446617103E+041
  1.2716002976E+006  5.6394047016E+041
  1.2733002851E+006  5.6341716582E+041
  1.2750002120E+006  5.6289621474E+041
  1.2767002465E+006  5.6237753887E+041
  1.2784002248E+006  5.6186111472E+041
  1.2801003115E+006  5.6134689293E+041
  1.2818001769E+006  5.6083499302E+041
  1.2835003191E+006  5.6032520977E+041
  1.2852002398E+006  5.5981661740E+041
  1.2869002688E+006  5.5930918866E+041
  1.2886002397E+006  5.5880333224E+041
  1.2903003181E+006  5.5829912429E+041
  1.2920001688E+006  5.5779675339E+041
  1.2937002831E+006  5.5729611776E+041
  1.2954003275E+006  5.5679734775E+041
  1.2971003021E+006  5.5630046035E+041
  1.2988002078E+006  5.5580535085E+041
  1.3005002095E+006  5.5531200749E+041
  1.3022003062E+006  5.5482044245E+041
  1.3039001683E+006  5.5433077217E+041
  1.3056002938E+006  5.5384289663E+041
  1.3073001865E+006  5.5335705858E+041
  1.3090001799E+006  5.5287361750E+041
  1.3107002764E+006  5.5239245723E+041
  1.3124003117E+006  5.5191366765E+041
  1.3141002852E+006  5.5143720362E+041
  1.3158001963E+006  5.5096304967E+041
  1.3175002119E+006  5.5049112818E+041
  1.3192001672E+006  5.5002146131E+041
  1.3209002270E+006  5.4955393840E+041
  1.3226002256E+006  5.4908837705E+041
  1.3243003275E+006  5.4862441128E+041
  1.3260002001E+006  5.4816228530E+041
  1.3277001719E+006  5.4770203141E+041
  1.3294002404E+006  5.4724366880E+041
  1.3311002415E+006  5.4678724159E+041
  1.3328001756E+006  5.4633259576E+041
  1.3345002073E+006  5.4587964448E+041
  1.3362001684E+006  5.4542845452E+041
  1.3379002245E+006  5.4497900510E+041
  1.3396002137E+006  5.4453134663E+041
  1.3413003033E+006  5.4408547382E+041
  1.3430003277E+006  5.4364160739E+041
  1.3447002880E+006  5.4319971220E+041
  1.3464001859E+006  5.4275974232E+041
  1.3481001894E+006  5.4232161714E+041
  1.3498002985E+006  5.4188531478E+041
  1.3515001809E+006  5.4145090312E+041
  1.3532001680E+006  5.4101818470E+041
  1.3549002590E+006  5.4058711299E+041
  1.3566002866E+006  5.4015773400E+041
  1.3583002479E+006  5.3973006845E+041
  1.3600003079E+006  5.3930417746E+041
  1.3617003019E+006  5.3888011786E+041
  1.3634002286E+006  5.3845777291E+041
  1.3651002525E+006  5.3803708306E+041
  1.3668002059E+006  5.3761811285E+041
  1.3685002531E+006  5.3720084344E+041
  1.3702002288E+006  5.3678542888E+041
  1.3719002994E+006  5.3637190843E+041
  1.3736003006E+006  5.3596018978E+041
  1.3753002325E+006  5.3555031660E+041
  1.3770002616E+006  5.3514227418E+041
  1.3787002235E+006  5.3473618162E+041
  1.3804002861E+006  5.3433232433E+041
  1.3821002832E+006  5.3393058972E+041
  1.3838002157E+006  5.3353089433E+041
  1.3855002498E+006  5.3313318642E+041
  1.3872002204E+006  5.3273751121E+041
  1.3889002920E+006  5.3234385777E+041
  1.3906002978E+006  5.3195230644E+041
  1.3923002383E+006  5.3156278401E+041
  1.3940002793E+006  5.3117524191E+041
  1.3957002527E+006  5.3078985335E+041
  1.3974003217E+006  5.3040658256E+041
  1.3991003179E+006  5.3002542480E+041
  1.4008002414E+006  5.2964629269E+041
  1.4025002567E+006  5.2926911199E+041
  1.4042001965E+006  5.2889397056E+041
  1.4059002271E+006  5.2852083532E+041
  1.4076001817E+006  5.2814973016E+041
  1.4093002274E+006  5.2778055921E+041
  1.4110001988E+006  5.2741329709E+041
  1.4127002653E+006  5.2704788897E+041
  1.4144002626E+006  5.2668436577E+041
  1.4161001901E+006  5.2632273933E+041
  1.4178002155E+006  5.2596296203E+041
  1.4195001743E+006  5.2560405719E+041
  1.4212002341E+006  5.2524619107E+041
  1.4229002273E+006  5.2488955216E+041
  1.4246003190E+006  5.2453417997E+041
  1.4263001780E+006  5.2418037249E+041
  1.4280003016E+006  5.2382818495E+041
  1.4297001874E+006  5.2347766495E+041
  1.4314001676E+006  5.2312876167E+041
  1.4331002437E+006  5.2278146171E+041
  1.4348002487E+006  5.2243577152E+041
  1.4365001778E+006  5.2209163478E+041
  1.4382001948E+006  5.2174905781E+041
  1.4399003034E+006  5.2140733561E+041
  1.4416001717E+006  5.2106607436E+041
  1.4433002963E+006  5.2072554933E+041
  1.4450001781E+006  5.2038594240E+041
  1.4467003189E+006  5.2004720596E+041
  1.4484002230E+006  5.1970948603E+041
  1.4501002213E+006  5.1937275606E+041
  1.4518003147E+006  5.1903702720E+041
  1.4535001749E+006  5.1870236494E+041
  1.4552003025E+006  5.1836869996E+041
  1.4569001966E+006  5.1803617906E+041
  1.4586001873E+006  5.1770478714E+041
  1.4603002774E+006  5.1737449341E+041
  1.4620003010E+006  5.1704531042E+041
  1.4637002543E+006  5.1671753589E+041
  1.4654003010E+006  5.1639114811E+041
  1.4671002738E+006  5.1606612989E+041
  1.4688001720E+006  5.1574242298E+041
  1.4705003287E+006  5.1541991191E+041
  1.4722002402E+006  5.1509866515E+041
  1.4739002385E+006  5.1477861325E+041
  1.4756003234E+006  5.1445981016E+041
  1.4773003276E+006  5.1414227901E+041
  1.4790002529E+006  5.1382598069E+041
  1.4807002665E+006  5.1351086260E+041
  1.4824002040E+006  5.1319694509E+041
  1.4841002341E+006  5.1288418236E+041
  1.4858001906E+006  5.1257257468E+041
  1.4875002411E+006  5.1226209275E+041
  1.4892002208E+006  5.1195276698E+041
  1.4909002987E+006  5.1164456968E+041
  1.4926003081E+006  5.1133756061E+041
  1.4943002465E+006  5.1103197355E+041
  1.4960002791E+006  5.1072779868E+041
  1.4977002409E+006  5.1042501263E+041
  1.4994002983E+006  5.1012355872E+041
  1.5011002824E+006  5.0982342444E+041
  1.5028001907E+006  5.0952457707E+041
  1.5045001886E+006  5.0922696974E+041
  1.5062002762E+006  5.0893059451E+041
  1.5079002854E+006  5.0863550453E+041
  1.5096002160E+006  5.0834170624E+041
  1.5113002332E+006  5.0804915625E+041
  1.5130001684E+006  5.0775782335E+041
  1.5147001891E+006  5.0746650324E+041
  1.5164002962E+006  5.0717528817E+041
  1.5181003245E+006  5.0688447705E+041
  1.5198002756E+006  5.0659423145E+041
  1.5215003175E+006  5.0630486672E+041
  1.5232002845E+006  5.0601648575E+041
  1.5249001758E+006  5.0572909327E+041
  1.5266003273E+006  5.0544263949E+041
  1.5283002420E+006  5.0515723629E+041
  1.5300002516E+006  5.0487285379E+041
  1.5317001858E+006  5.0458952901E+041
  1.5334002102E+006  5.0430724120E+041
  1.5351003281E+006  5.0402600346E+041
  1.5368002046E+006  5.0374589437E+041
  1.5385001679E+006  5.0346690529E+041
  1.5402002166E+006  5.0318905079E+041
  1.5419001868E+006  5.0291236641E+041
  1.5436002444E+006  5.0263684088E+041
  1.5453002201E+006  5.0236271213E+041
  1.5470002809E+006  5.0209002177E+041
  1.5487002617E+006  5.0181875721E+041
  1.5504003293E+006  5.0154887518E+041
  1.5521003143E+006  5.0128041625E+041
  1.5538002190E+006  5.0101338775E+041
  1.5555002130E+006  5.0074775479E+041
  1.5572002968E+006  5.0048352084E+041
  1.5589003033E+006  5.0022072057E+041
  1.5606002333E+006  4.9995935959E+041
  1.5623002564E+006  4.9969941187E+041
  1.5640002074E+006  4.9944087076E+041
