 0001  0.9999887007099029E+000
 0002  0.9999887007099029E+000
 0003  0.9999815874078521E+000
 0004  0.9999815874078521E+000
 0005  0.9999815874078521E+000
 0006  0.9999745128262393E+000
 0007  0.9999745128262393E+000
 0008  0.9999610117191576E+000
 0009  0.9999610117191576E+000
 0010  0.9999415361312993E+000
 0011  0.9999415361312993E+000
 0012  0.9999225128033982E+000
 0013  0.9999225128033982E+000
 0014  0.9998918234124771E+000
 0015  0.9998918234124771E+000
 0016  0.9998394019601317E+000
 0017  0.9998394019601317E+000
 0018  0.9997881978329815E+000
 0019  0.9997881978329815E+000
 0020  0.9996903808469707E+000
 0021  0.9996903808469707E+000
 0022  0.9995492397119811E+000
 0023  0.9995492397119811E+000
 0024  0.9994113761408900E+000
 0025  0.9994113761408900E+000
 0026  0.9991831472401609E+000
 0027  0.9988381365678286E+000
 0028  0.9988381365678286E+000
 0029  0.9985011376953472E+000
 0030  0.9985011376953472E+000
 0031  0.9979720138873426E+000
 0032  0.9979720138873426E+000
 0033  0.9972645351246426E+000
 0034  0.9963293420255988E+000
 0035  0.9963293420255988E+000
 0036  0.9954158658777459E+000
 0037  0.9941658761696895E+000
 0038  0.9941658761696895E+000
 0039  0.9924329455472224E+000
 0040  0.9924329455472224E+000
 0041  0.9902513237374090E+000
 0042  0.9882103948594441E+000
 0043  0.9882103948594441E+000
 0044  0.9855260645845051E+000
 0045  0.9822217952830268E+000
 0046  0.9822217952830268E+000
 0047  0.9780321568884902E+000
 0048  0.9741379705853676E+000
 0049  0.9741379705853676E+000
 0050  0.9691082026957810E+000
 0051  0.9633410498551362E+000
 0052  0.9633410498551362E+000
 0053  0.9563574371317134E+000
 0054  0.9499198111412641E+000
 0055  0.9423472187960342E+000
 0056  0.9423472187960342E+000
 0057  0.9330504409159139E+000
 0058  0.9225179883125045E+000
 0059  0.9128580685455814E+000
 0060  0.9128580685455814E+000
 0061  0.9009776416844968E+000
 0062  0.8879716974337182E+000
 0063  0.8737768880567081E+000
 0064  0.8737768880567081E+000
 0065  0.8572612984269471E+000
 0066  0.8423067260795900E+000
 0067  0.8257249770484427E+000
 0068  0.8257249770484427E+000
 0069  0.8061834606049487E+000
 0070  0.7852598287073972E+000
 0071  0.7635061449463131E+000
 0072  0.7635061449463131E+000
 0073  0.7389256947683771E+000
 0074  0.7170712058469305E+000
 0075  0.6939135215338342E+000
 0076  0.6696620956409991E+000
 0077  0.6696620956409991E+000
 0078  0.6420499196964569E+000
 0079  0.6140094697060638E+000
 0080  0.5857325398943556E+000
 0081  0.5609007526327652E+000
 0082  0.5351555513696975E+000
 0083  0.5351555513696974E+000
 0084  0.5062979186908845E+000
 0085  0.4777866045205825E+000
 0086  0.4497545567511753E+000
 0087  0.4223989839801459E+000
 0088  0.3956923050855155E+000
 0089  0.3956923050855153E+000
 0090  0.3665144508975769E+000
 0091  0.3418043394657134E+000
 0092  0.3176477810584182E+000
 0093  0.2943307963324436E+000
 0094  0.2724767105594079E+000
 0095  0.2504907729332946E+000
 0096  0.2305855073026970E+000
 0097  0.2305855073026970E+000
 0098  0.2095264616793869E+000
 0099  0.1906377344401762E+000
 0100  0.1735758274867819E+000
 0101  0.1461978548639254E+000
 0102  0.1351047897720642E+000
 0103  0.1248142056020825E+000
 0104  0.1152851123616777E+000
 0105  0.1064763779599343E+000
 0106  0.9834707049551095E-001
 0107  0.9085676856093949E-001
 0108  0.8395081121841341E-001
 0109  0.7759855306273022E-001
 0110  0.7176792753197886E-001
 0111  0.6642629707585085E-001
 0112  0.6154110777620175E-001
 0113  0.5708038514101249E-001
 0114  0.5283519591355235E-001
 0115  0.4902094318711930E-001
 0116  0.4559234355380820E-001
 0117  0.4250908375641155E-001
 0118  0.3973531181876011E-001
 0119  0.3723910316658741E-001
 0120  0.3322836856851341E-001
 0121  0.3160833063592283E-001
 0122  0.3012117379856133E-001
 0123  0.2875556185319156E-001
 0124  0.2750274472347342E-001
 0125  0.2635432247507069E-001
 0126  0.2530229908528708E-001
 0127  0.2433911567674957E-001
 0128  0.2345766779550640E-001
 0129  0.2265131044797197E-001
 0130  0.2189021434103955E-001
 0131  0.2119988197655248E-001
 0132  0.2057332375587528E-001
 0133  0.2000427608178129E-001
 0134  0.1948712380990558E-001
 0135  0.1901683098758000E-001
 0136  0.1858887901982920E-001
 0137  0.1788383958336881E-001
 0138  0.1759216588575202E-001
 0139  0.1732210304616716E-001
 0140  0.1707208699710944E-001
 0141  0.1684066130321227E-001
 0142  0.1662647064955425E-001
 0143  0.1642825457382979E-001
 0144  0.1623942293124264E-001
 0145  0.1606587287895156E-001
 0146  0.1590629393981247E-001
 0147  0.1575949592855508E-001
 0148  0.1562428779308483E-001
 0149  0.1549972691751250E-001
 0150  0.1538494789147637E-001
 0151  0.1527915825147719E-001
 0152  0.1510101120191476E-001
 0153  0.1502575688635649E-001
 0154  0.1495552469198286E-001
 0155  0.1488999095064458E-001
 0156  0.1482722566922601E-001
 0157  0.1476899817255661E-001
 0158  0.1471493431054549E-001
 0159  0.1466472985170475E-001
 0160  0.1461810340071340E-001
 0161  0.1457479463128675E-001
 0162  0.1453456266012537E-001
 0163  0.1449718455035010E-001
 0164  0.1446245393380652E-001
 0165  0.1440301779445058E-001
 0166  0.1437752390930780E-001
 0167  0.1435302680989553E-001
 0168  0.1433013525854188E-001
 0169  0.1430874249266201E-001
 0170  0.1428874898565657E-001
 0171  0.1427006194497332E-001
 0172  0.1425259484590485E-001
 0173  0.1423626699850733E-001
 0174  0.1422100308588770E-001
 0175  0.1420673287215246E-001
 0176  0.1419339084979587E-001
 0177  0.1417002928844729E-001
 0178  0.1415980609017170E-001
 0179  0.1415020129655026E-001
 0180  0.1414117712099749E-001
 0181  0.1413269812140605E-001
 0182  0.1412473105146922E-001
 0183  0.1411724472171022E-001
 0184  0.1411020787064016E-001
 0185  0.1410359361038094E-001
 0186  0.1409737663236421E-001
 0187  0.1409142624753862E-001
 0188  0.1408104445696712E-001
 0189  0.1407650878718641E-001
 0190  0.1407222681113796E-001
 0191  0.1406818438768137E-001
 0192  0.1406436815735701E-001
 0193  0.1406076549985319E-001
 0194  0.1405736449372480E-001
 0195  0.1405410182421185E-001
 0196  0.1405102935106162E-001
 0197  0.1404813514136483E-001
 0198  0.1404303260664930E-001
 0199  0.1404078077131166E-001
 0200  0.1403864663635013E-001
 0201  0.1403662406633516E-001
 0202  0.1403467927390728E-001
 0203  0.1403283968916774E-001
 0204  0.1403109950225601E-001
 0205  0.1402945322986776E-001
 0206  0.1402789569775481E-001
 0207  0.1402512564160785E-001
 0208  0.1402389270240617E-001
 0209  0.1402270423715440E-001
 0210  0.1402157582975999E-001
 0211  0.1402050438841035E-001
 0212  0.1401948698356698E-001
 0213  0.1401852083927935E-001
 0214  0.1401760322352658E-001
 0215  0.1401595859521315E-001
 0216  0.1401521201876049E-001
 0217  0.1401450083835754E-001
 0218  0.1401382328473838E-001
 0219  0.1401317774745509E-001
 0220  0.1401256269388507E-001
 0221  0.1401197666565002E-001
 0222  0.1401141827498043E-001
 0223  0.1401040012178340E-001
 0224  0.1400994142093182E-001
 0225  0.1400950313628874E-001
 0226  0.1400908434810394E-001
 0227  0.1400868417842971E-001
 0228  0.1400829780416935E-001
 0229  0.1400792898965303E-001
 0230  0.1400757691644472E-001
 0231  0.1400693890966048E-001
 0232  0.1400664966226295E-001
 0233  0.1400636986435588E-001
 0234  0.1400610205329234E-001
 0235  0.1400584568904789E-001
 0236  0.1400560027188841E-001
 0237  0.1400536532429231E-001
 0238  0.1400493532964975E-001
 0239  0.1400473856057716E-001
 0240  0.1400454974076898E-001
 0241  0.1400436854260007E-001
 0242  0.1400419465218133E-001
 0243  0.1400402776095355E-001
 0244  0.1400371963488545E-001
 0245  0.1400357864954266E-001
 0246  0.1400344305249052E-001
 0247  0.1400331263427795E-001
 0248  0.1400318619600466E-001
 0249  0.1400306466468132E-001
 0250  0.1400284131727053E-001
 0251  0.1400273865296847E-001
 0252  0.1400263896965975E-001
 0253  0.1400254296094666E-001
 0254  0.1400245048504606E-001
 0255  0.1400236140886851E-001
 0256  0.1400219645842254E-001
 0257  0.1400212008623347E-001
 0258  0.1400204638845098E-001
 0259  0.1400197526928215E-001
 0260  0.1400190663454071E-001
 0261  0.1400183995064669E-001
 0262  0.1400171650752047E-001
 0263  0.1400165935921904E-001
 0264  0.1400160376182608E-001
 0265  0.1400155004051873E-001
 0266  0.1400149813024848E-001
 0267  0.1400140141358819E-001
 0268  0.1400135635934568E-001
 0269  0.1400131275492877E-001
 0270  0.1400127055248723E-001
 0271  0.1400122946864574E-001
 0272  0.1400115294434118E-001
 0273  0.1400111729945896E-001
 0274  0.1400108255799121E-001
 0275  0.1400104889538883E-001
 0276  0.1400101627716727E-001
 0277  0.1400095517914313E-001
 0278  0.1400092656532276E-001
 0279  0.1400089880123456E-001
 0280  0.1400087186055909E-001
 0281  0.1400084558506665E-001
 0282  0.1400079637878682E-001
 0283  0.1400077322345555E-001
 0284  0.1400075073294316E-001
 0285  0.1400072888731380E-001
 0286  0.1400068777659247E-001
 0287  0.1400066843364639E-001
 0288  0.1400064962293102E-001
 0289  0.1400063124658768E-001
 0290  0.1400059667341619E-001
 0291  0.1400058033781909E-001
 0292  0.1400056443766773E-001
 0293  0.1400054896085051E-001
 0294  0.1400051965698845E-001
 0295  0.1400050584474261E-001
 0296  0.1400049233156597E-001
 0297  0.1400047916698194E-001
 0298  0.1400045425040175E-001
 0299  0.1400044245964904E-001
 0300  0.1400043096155729E-001
 0301  0.1400041970608684E-001
 0302  0.1400039840674494E-001
 0303  0.1400038829159150E-001
 0304  0.1400037841991014E-001
 0305  0.1400036875146160E-001
 0306  0.1400035042512165E-001
 0307  0.1400034170960768E-001
 0308  0.1400033319756050E-001
 0309  0.1400031698179682E-001
 0310  0.1400030928482426E-001
 0311  0.1400030173671968E-001
 0312  0.1400029435955669E-001
 0313  0.1400028028756933E-001
 0314  0.1400027359820283E-001
 0315  0.1400026703494761E-001
 0316  0.1400025451853215E-001
 0317  0.1400024855081644E-001
 0318  0.1400024269295813E-001
 0319  0.1400023150788937E-001
 0320  0.1400022616834379E-001
 0321  0.1400022092473485E-001
 0322  0.1400021090053372E-001
 0323  0.1400020610946545E-001
 0324  0.1400020140241764E-001
 0325  0.1400019239365602E-001
 0326  0.1400018808298109E-001
 0327  0.1400018384605112E-001
 0328  0.1400017572811302E-001
 0329  0.1400017183944002E-001
 0330  0.1400016801567300E-001
 0331  0.1400016068160964E-001
 0332  0.1400015716472236E-001
 0333  0.1400015370511137E-001
 0334  0.1400014705556296E-001
 0335  0.1400014386053294E-001
 0336  0.1400013772038433E-001
 0337  0.1400013476413614E-001
 0338  0.1400013186007726E-001
 0339  0.1400012626286551E-001
 0340  0.1400012357143660E-001
 0341  0.1400011837992471E-001
 0342  0.1400011588137789E-001
 0343  0.1400011342014967E-001
 0344  0.1400010867379442E-001
 0345  0.1400010638559263E-001
 0346  0.1400010196944923E-001
 0347  0.1400009983876699E-001
 0348  0.1400009773865041E-001
 0349  0.1400009368280997E-001
 0350  0.1400009172465405E-001
 0351  0.1400008793727109E-001
 0352  0.1400008610606462E-001
 0353  0.1400008256480434E-001
 0354  0.1400008085278176E-001
 0355  0.1400007753737476E-001
 0356  0.1400007593237307E-001
 0357  0.1400007282253657E-001
 0358  0.1400007131622810E-001
 0359  0.1400006839606260E-001
 0360  0.1400006698266654E-001
 0361  0.1400006424095462E-001
 0362  0.1400006291143802E-001
 0363  0.1400006032817724E-001
 0364  0.1400005907498059E-001
 0365  0.1400005664184978E-001
 0366  0.1400005546090055E-001
 0367  0.1400005316693703E-001
 0368  0.1400005205299398E-001
 0369  0.1400004988602915E-001
 0370  0.1400004883332306E-001
 0371  0.1400004678574024E-001
 0372  0.1400004579012776E-001
 0373  0.1400004385286785E-001
 0374  0.1400004199806609E-001
 0375  0.1400004109507708E-001
 0376  0.1400003933666283E-001
 0377  0.1400003848065018E-001
 0378  0.1400003681246859E-001
 0379  0.1400003521131493E-001
 0380  0.1400003443129194E-001
 0381  0.1400003290967439E-001
 0382  0.1400003144768974E-001
 0383  0.1400003073475281E-001
 0384  0.1400002934318223E-001
 0385  0.1400002800446448E-001
 0386  0.1400002735105610E-001
 0387  0.1400002607464640E-001
 0388  0.1400002484534252E-001
 0389  0.1400002424501917E-001
 0390  0.1400002307145282E-001
 0391  0.1400002193981786E-001
 0392  0.1400002138679735E-001
 0393  0.1400002030503811E-001
 0394  0.1400001926102479E-001
 0395  0.1400001825308028E-001
 0396  0.1400001775983550E-001
 0397  0.1400001679430163E-001
 0398  0.1400001586129596E-001
 0399  0.1400001495907421E-001
 0400  0.1400001408639384E-001
 0401  0.1400001324187894E-001
 0402  0.1400001282809560E-001
 0403  0.1400001201685208E-001
 0404  0.1400001123118233E-001
 0405  0.1400001046990768E-001
 0406  0.1400000973208465E-001
 0407  0.1400000901665277E-001
 0408  0.1400000832269832E-001
 0409  0.1400000764933546E-001
 0410  0.1400000699575732E-001
 0411  0.1400000636113707E-001
 0412  0.1400000604949964E-001
 0413  0.1400000543783336E-001
 0414  0.1400000484483277E-001
 0415  0.1400000426972370E-001
 0416  0.1400000344206703E-001
 0417  0.1400000291246245E-001
 0418  0.1400000239814470E-001
 0419  0.1400000189851386E-001
 0420  0.1400000141299879E-001
 0421  0.1400000094105791E-001
 0422  0.1400000048217448E-001
 0423  0.1400000003585689E-001
 0424  0.1399999960163684E-001
 0425  0.1399999897418830E-001
 0426  0.1399999857108997E-001
 0427  0.1399999817849173E-001
 0428  0.1399999779602173E-001
 0429  0.1399999724239054E-001
 0430  0.1399999688610926E-001
 0431  0.1399999653867845E-001
 0432  0.1399999603512669E-001
 0433  0.1399999571066812E-001
 0434  0.1399999539398228E-001
 0435  0.1399999493444987E-001
 0436  0.1399999463801294E-001
 0437  0.1399999420750697E-001
 0438  0.1399999392956852E-001
 0439  0.1399999352561082E-001
 0440  0.1399999326461143E-001
 0441  0.1399999288499043E-001
 0442  0.1399999251990630E-001
 0443  0.1399999228374066E-001
 0444  0.1399999193984325E-001
 0445  0.1399999160864784E-001
 0446  0.1399999128951507E-001
 0447  0.1399999108276134E-001
 0448  0.1399999078125136E-001
 0449  0.1399999049035816E-001
 0450  0.1399999020957504E-001
 0451  0.1399998993842477E-001
 0452  0.1399998967646099E-001
 0453  0.1399998942326280E-001
 0454  0.1399998917843398E-001
 0455  0.1399998886494497E-001
 0456  0.1399998863905716E-001
 0457  0.1399998842033529E-001
 0458  0.1399998820847442E-001
 0459  0.1399998793665130E-001
 0460  0.1399998774040168E-001
 0461  0.1399998748835296E-001
 0462  0.1399998724710350E-001
 0463  0.1399998707265804E-001
 0464  0.1399998684827969E-001
 0465  0.1399998663315583E-001
 0466  0.1399998642678302E-001
 0467  0.1399998622869442E-001
 0468  0.1399998603845426E-001
 0469  0.1399998585565820E-001
 0470  0.1399998563731980E-001
 0471  0.1399998547033021E-001
 0472  0.1399998527062352E-001
 0473  0.1399998511769890E-001
 0474  0.1399998493460319E-001
 0475  0.1399998476015002E-001
 0476  0.1399998456167439E-001
 0477  0.1399998440476224E-001
 0478  0.1399998425494992E-001
 0479  0.1399998408413761E-001
 0480  0.1399998392261437E-001
 0481  0.1399998376975509E-001
 0482  0.1399998360173110E-001
 0483  0.1399998346594183E-001
 0484  0.1399998331643626E-001
 0485  0.1399998315668727E-001
 0486  0.1399998300793581E-001
 0487  0.1399998286928128E-001
 0488  0.1399998273991093E-001
 0489  0.1399998259029966E-001
 0490  0.1399998245305528E-001
 0491  0.1399998232699556E-001
 0492  0.1399998218913512E-001
 0493  0.1399998206448494E-001
 0494  0.1399998193395041E-001
 0495  0.1399998180987971E-001
 0496  0.1399998169328814E-001
 0497  0.1399998156734478E-001
 0498  0.1399998145039416E-001
 0499  0.1399998133235658E-001
 0500  0.1399998121559343E-001
 0501  0.1399998114510148E-001
 0502  0.1399998114510148E-001
 0503  0.1399998114510148E-001
 0504  0.1399998114510148E-001
 0505  0.1399998114510148E-001
 0506  0.1399998114510148E-001
 0507  0.1399998114510148E-001
 0508  0.1399998114510148E-001
 0509  0.1399998114510148E-001
 0510  0.1399998114510148E-001
 0511  0.1399998114510148E-001
 0512  0.1399998114510148E-001
 0513  0.1399998114510148E-001
 0514  0.1399998114510148E-001
 0515  0.1399998114510148E-001
 0516  0.1399998114510148E-001
 0517  0.1399998114510148E-001
 0518  0.1399998114510148E-001
 0519  0.1399998114510148E-001
 0520  0.1399998114510148E-001
 0521  0.1399998114510148E-001
 0522  0.1399998114510148E-001
 0523  0.1399998114510148E-001
 0524  0.1399998114510148E-001
 0525  0.1399998114510148E-001
 0526  0.1399998114510148E-001
 0527  0.1399998114510148E-001
 0528  0.1399998114510148E-001
 0529  0.1399998114510148E-001
 0530  0.1399998114510148E-001
 0531  0.1399998114510148E-001
 0532  0.1399998114510148E-001
 0533  0.1399998114510148E-001
 0534  0.1399998114510148E-001
 0535  0.1399998114510148E-001
 0536  0.1399998114510148E-001
 0537  0.1399998114510148E-001
 0538  0.1399998114510148E-001
 0539  0.1399998114510148E-001
 0540  0.1399998114510148E-001
 0541  0.1399998114510148E-001
 0542  0.1399998114510148E-001
 0543  0.1399998114510148E-001
 0544  0.1399998114510148E-001
 0545  0.1399998114510148E-001
 0546  0.1399998114510148E-001
 0547  0.1399998114510148E-001
 0548  0.1399998114510148E-001
 0549  0.1399998114510148E-001
 0550  0.1399998114510148E-001
 0551  0.1399998114510148E-001
 0552  0.1399998114510148E-001
 0553  0.1399998114510148E-001
 0554  0.1399998114510148E-001
 0555  0.1399998114510148E-001
 0556  0.1399998114510148E-001
 0557  0.1399998114510148E-001
 0558  0.1399998114510148E-001
 0559  0.1399998114510148E-001
 0560  0.1399998114510148E-001
 0561  0.1399998114510148E-001
 0562  0.1399998114510148E-001
 0563  0.1399998114510148E-001
 0564  0.1399998114510148E-001
 0565  0.1399998114510148E-001
 0566  0.1399998114510148E-001
 0567  0.1399998114510148E-001
 0568  0.1399998114510148E-001
 0569  0.1399998114510148E-001
 0570  0.1399998114510148E-001
 0571  0.1399998114510148E-001
 0572  0.1399998114510148E-001
 0573  0.1399998114510148E-001
 0574  0.1399998114510148E-001
 0575  0.1399998114510148E-001
 0576  0.1399998114510148E-001
 0577  0.1399998114510148E-001
 0578  0.1399998114510148E-001
 0579  0.1399998114510148E-001
 0580  0.1399998114510148E-001
 0581  0.1399998114510148E-001
 0582  0.1399998114510148E-001
 0583  0.1399998114510148E-001
 0584  0.1399998114510148E-001
 0585  0.1399998114510148E-001
 0586  0.1399998114510148E-001
 0587  0.1399998114510148E-001
 0588  0.1399998114510148E-001
 0589  0.1399998114510148E-001
 0590  0.1399998114510148E-001
 0591  0.1399998114510148E-001
 0592  0.1399998114510148E-001
 0593  0.1399998114510148E-001
 0594  0.1399998114510148E-001
 0595  0.1399998114510148E-001
 0596  0.1399998114510148E-001
 0597  0.1399998114510148E-001
 0598  0.1399998114510148E-001
 0599  0.1399998114510148E-001
 0600  0.1399998114510148E-001
 0601  0.1399998114510148E-001
 0602  0.1399998114510148E-001
 0603  0.1399998114510148E-001
 0604  0.1399998114510148E-001
 0605  0.1399998114510148E-001
 0606  0.1399998114510148E-001
 0607  0.1399998114510148E-001
 0608  0.1399998114510148E-001
 0609  0.1399998114510148E-001
 0610  0.1399998114510148E-001
 0611  0.1399998114510148E-001
 0612  0.1399998114510148E-001
 0613  0.1399998114510148E-001
 0614  0.1399998114510148E-001
 0615  0.1399998114510148E-001
 0616  0.1399998114510148E-001
 0617  0.1399998114510148E-001
 0618  0.1399998114510148E-001
 0619  0.1399998114510148E-001
 0620  0.1399998114510148E-001
 0621  0.1399998114510148E-001
 0622  0.1399998114510148E-001
 0623  0.1399998114510148E-001
 0624  0.1399998114510148E-001
 0625  0.1399998114510148E-001
 0626  0.1399998114510148E-001
 0627  0.1399998114510148E-001
 0628  0.1399998114510148E-001
 0629  0.1399998114510148E-001
 0630  0.1399998114510148E-001
 0631  0.1399998114510148E-001
 0632  0.1399998114510148E-001
 0633  0.1399998114510148E-001
 0634  0.1399998114510148E-001
 0635  0.1399998114510148E-001
 0636  0.1399998114510148E-001
 0637  0.1399998114510148E-001
 0638  0.1399998114510148E-001
 0639  0.1399998114510148E-001
 0640  0.1399998114510148E-001
 0641  0.1399998114510148E-001
 0642  0.1399998114510148E-001
 0643  0.1399998114510148E-001
 0644  0.1399998114510148E-001
 0645  0.1399998114510148E-001
 0646  0.1399998114510148E-001
 0647  0.1399998114510148E-001
 0648  0.1399998114510148E-001
 0649  0.1399998114510148E-001
 0650  0.1399998114510148E-001
 0651  0.1399998114510148E-001
 0652  0.1399998114510148E-001
 0653  0.1399998114510148E-001
 0654  0.1399998114510148E-001
 0655  0.1399998114510148E-001
 0656  0.1399998114510148E-001
 0657  0.1399998114510148E-001
 0658  0.1399998114510148E-001
 0659  0.1399998114510148E-001
 0660  0.1399998114510148E-001
 0661  0.1399998114510148E-001
 0662  0.1399998114510148E-001
 0663  0.1399998114510148E-001
 0664  0.1399998114510148E-001
 0665  0.1399998114510148E-001
 0666  0.1399998114510148E-001
 0667  0.1399998114510148E-001
 0668  0.1399998114510148E-001
 0669  0.1399998114510148E-001
 0670  0.1399998114510148E-001
 0671  0.1399998114510148E-001
 0672  0.1399998114510148E-001
 0673  0.1399998114510148E-001
 0674  0.1399998114510148E-001
 0675  0.1399998114510148E-001
 0676  0.1399998114510148E-001
 0677  0.1399998114510148E-001
 0678  0.1399998114510148E-001
 0679  0.1399998114510148E-001
 0680  0.1399998114510148E-001
 0681  0.1399998114510148E-001
 0682  0.1399998114510148E-001
 0683  0.1399998114510148E-001
 0684  0.1399998114510148E-001
 0685  0.1399998114510148E-001
 0686  0.1399998114510148E-001
 0687  0.1399998114510148E-001
 0688  0.1399998114510148E-001
 0689  0.1399998114510148E-001
 0690  0.1399998114510148E-001
 0691  0.1399998114510148E-001
 0692  0.1399998114510148E-001
 0693  0.1399998114510148E-001
 0694  0.1399998114510148E-001
 0695  0.1399998114510148E-001
 0696  0.1399998114510148E-001
 0697  0.1399998114510148E-001
 0698  0.1399998114510148E-001
 0699  0.1399998114510148E-001
 0700  0.1399998114510148E-001
 0701  0.1399998114510148E-001
 0702  0.1399998114510148E-001
 0703  0.1399998114510148E-001
 0704  0.1399998114510148E-001
 0705  0.1399998114510148E-001
 0706  0.1399998114510148E-001
 0707  0.1399998114510148E-001
 0708  0.1399998114510148E-001
 0709  0.1399998114510148E-001
 0710  0.1399998114510148E-001
 0711  0.1399998114510148E-001
 0712  0.1399998114510148E-001
 0713  0.1399998114510148E-001
 0714  0.1399998114510148E-001
 0715  0.1399998114510148E-001
 0716  0.1399998114510148E-001
 0717  0.1399998114510148E-001
 0718  0.1399998114510148E-001
 0719  0.1399998114510148E-001
 0720  0.1399998114510148E-001
 0721  0.1399998114510148E-001
 0722  0.1399998114510148E-001
 0723  0.1399998114510148E-001
 0724  0.1399998114510148E-001
 0725  0.1399998114510148E-001
 0726  0.1399998114510148E-001
 0727  0.1399998114510148E-001
 0728  0.1399998114510148E-001
 0729  0.1399998114510148E-001
 0730  0.1399998114510148E-001
 0731  0.1399998114510148E-001
 0732  0.1399998114510148E-001
 0733  0.1399998114510148E-001
 0734  0.1399998114510148E-001
 0735  0.1399998114510148E-001
 0736  0.1399998114510148E-001
 0737  0.1399998114510148E-001
 0738  0.1399998114510148E-001
 0739  0.1399998114510148E-001
 0740  0.1399998114510148E-001
 0741  0.1399998114510148E-001
 0742  0.1399998114510148E-001
 0743  0.1399998114510148E-001
 0744  0.1399998114510148E-001
 0745  0.1399998114510148E-001
 0746  0.1399998114510148E-001
 0747  0.1399998114510148E-001
 0748  0.1399998114510148E-001
 0749  0.1399998114510148E-001
 0750  0.1399998114510148E-001
 0751  0.1399998114510148E-001
 0752  0.1399998114510148E-001
 0753  0.1399998114510148E-001
 0754  0.1399998114510148E-001
 0755  0.1399998114510148E-001
 0756  0.1399998114510148E-001
 0757  0.1399998114510148E-001
 0758  0.1399998114510148E-001
 0759  0.1399998114510148E-001
 0760  0.1399998114510148E-001
 0761  0.1399998114510148E-001
 0762  0.1399998114510148E-001
 0763  0.1399998114510148E-001
 0764  0.1399998114510148E-001
 0765  0.1399998114510148E-001
 0766  0.1399998114510148E-001
 0767  0.1399998114510148E-001
 0768  0.1399998114510148E-001
 0769  0.1399998114510148E-001
 0770  0.1399998114510148E-001
 0771  0.1399998114510148E-001
 0772  0.1399998114510148E-001
 0773  0.1399998114510148E-001
 0774  0.1399998114510148E-001
 0775  0.1399998114510148E-001
 0776  0.1399998114510148E-001
 0777  0.1399998114510148E-001
 0778  0.1399998114510148E-001
 0779  0.1399998114510148E-001
 0780  0.1399998114510148E-001
 0781  0.1399998114510148E-001
 0782  0.1399998114510148E-001
 0783  0.1399998114510148E-001
 0784  0.1399998114510148E-001
 0785  0.1399998114510148E-001
 0786  0.1399998114510148E-001
 0787  0.1399998114510148E-001
 0788  0.1399998114510148E-001
 0789  0.1399998114510148E-001
 0790  0.1399998114510148E-001
 0791  0.1399998114510148E-001
 0792  0.1399998114510148E-001
 0793  0.1399998114510148E-001
 0794  0.1399998114510148E-001
 0795  0.1399998114510148E-001
 0796  0.1399998114510148E-001
 0797  0.1399998114510148E-001
 0798  0.1399998114510148E-001
 0799  0.1399998114510148E-001
 0800  0.1399998114510148E-001
 0801  0.1399998114510148E-001
 0802  0.1399998114510148E-001
 0803  0.1399998114510148E-001
 0804  0.1399998114510148E-001
 0805  0.1399998114510148E-001
 0806  0.1399998114510148E-001
 0807  0.1399998114510148E-001
 0808  0.1399998114510148E-001
 0809  0.1399998114510148E-001
 0810  0.1399998114510148E-001
 0811  0.1399998114510148E-001
 0812  0.1399998114510148E-001
 0813  0.1399998114510148E-001
 0814  0.1399998114510148E-001
 0815  0.1399998114510148E-001
 0816  0.1399998114510148E-001
 0817  0.1399998114510148E-001
 0818  0.1399998114510148E-001
 0819  0.1399998114510148E-001
 0820  0.1399998114510148E-001
 0821  0.1399998114510148E-001
 0822  0.1399998114510148E-001
 0823  0.1399998114510148E-001
 0824  0.1399998114510148E-001
 0825  0.1399998114510148E-001
 0826  0.1399998114510148E-001
 0827  0.1399998114510148E-001
 0828  0.1399998114510148E-001
 0829  0.1399998114510148E-001
 0830  0.1399998114510148E-001
 0831  0.1399998114510148E-001
 0832  0.1399998114510148E-001
 0833  0.1399998114510148E-001
 0834  0.1399998114510148E-001
 0835  0.1399998114510148E-001
 0836  0.1399998114510148E-001
 0837  0.1399998114510148E-001
 0838  0.1399998114510148E-001
 0839  0.1399998114510148E-001
 0840  0.1399998114510148E-001
 0841  0.1399998114510148E-001
 0842  0.1399998114510148E-001
 0843  0.1399998114510148E-001
 0844  0.1399998114510148E-001
 0845  0.1399998114510148E-001
 0846  0.1399998114510148E-001
 0847  0.1399998114510148E-001
 0848  0.1399998114510148E-001
 0849  0.1399998114510148E-001
 0850  0.1399998114510148E-001
 0851  0.1399998114510148E-001
 0852  0.1399998114510148E-001
 0853  0.1399998114510148E-001
 0854  0.1399998114510148E-001
 0855  0.1399998114510148E-001
 0856  0.1399998114510148E-001
 0857  0.1399998114510148E-001
 0858  0.1399998114510148E-001
 0859  0.1399998114510148E-001
 0860  0.1399998114510148E-001
 0861  0.1399998114510148E-001
 0862  0.1399998114510148E-001
 0863  0.1399998114510148E-001
 0864  0.1399998114510148E-001
 0865  0.1399998114510148E-001
 0866  0.1399998114510148E-001
 0867  0.1399998114510148E-001
 0868  0.1399998114510148E-001
 0869  0.1399998114510148E-001
 0870  0.1399998114510148E-001
 0871  0.1399998114510148E-001
 0872  0.1399998114510148E-001
 0873  0.1399998114510148E-001
 0874  0.1399998114510148E-001
 0875  0.1399998114510148E-001
 0876  0.1399998114510148E-001
 0877  0.1399998114510148E-001
 0878  0.1399998114510148E-001
 0879  0.1399998114510148E-001
 0880  0.1399998114510148E-001
 0881  0.1399998114510148E-001
 0882  0.1399998114510148E-001
 0883  0.1399998114510148E-001
 0884  0.1399998114510148E-001
 0885  0.1399998114510148E-001
 0886  0.1399998114510148E-001
 0887  0.1399998114510148E-001
 0888  0.1399998114510148E-001
 0889  0.1399998114510148E-001
 0890  0.1399998114510148E-001
 0891  0.1399998114510148E-001
 0892  0.1399998114510148E-001
 0893  0.1399998114510148E-001
 0894  0.1399998114510148E-001
 0895  0.1399998114510148E-001
 0896  0.1399998114510148E-001
 0897  0.1399998114510148E-001
 0898  0.1399998114510148E-001
 0899  0.1399998114510148E-001
 0900  0.1399998114510148E-001
 0901  0.1399998114510148E-001
 0902  0.1399998114510148E-001
 0903  0.1399998114510148E-001
 0904  0.1399998114510148E-001
 0905  0.1399998114510148E-001
 0906  0.1399998114510148E-001
 0907  0.1399998114510148E-001
 0908  0.1399998114510148E-001
 0909  0.1399998114510148E-001
 0910  0.1399998114510148E-001
 0911  0.1399998114510148E-001
 0912  0.1399998114510148E-001
 0913  0.1399998114510148E-001
 0914  0.1399998114510148E-001
 0915  0.1399998114510148E-001
 0916  0.1399998114510148E-001
 0917  0.1399998114510148E-001
 0918  0.1399998114510148E-001
 0919  0.1399998114510148E-001
 0920  0.1399998114510148E-001
 0921  0.1399998114510148E-001
 0922  0.1399998114510148E-001
 0923  0.1399998114510148E-001
 0924  0.1399998114510148E-001
 0925  0.1399998114510148E-001
 0926  0.1399998114510148E-001
 0927  0.1399998114510148E-001
 0928  0.1399998114510148E-001
 0929  0.1399998114510148E-001
 0930  0.1399998114510148E-001
 0931  0.1399998114510148E-001
 0932  0.1399998114510148E-001
 0933  0.1399998114510148E-001
 0934  0.1399998114510148E-001
 0935  0.1399998114510148E-001
 0936  0.1399998114510148E-001
 0937  0.1399998114510148E-001
 0938  0.1399998114510148E-001
 0939  0.1399998114510148E-001
 0940  0.1399998114510148E-001
 0941  0.1399998114510148E-001
 0942  0.1399998114510148E-001
 0943  0.1399998114510148E-001
 0944  0.1399998114510148E-001
 0945  0.1399998114510148E-001
 0946  0.1399998114510148E-001
 0947  0.1399998114510148E-001
 0948  0.1399998114510148E-001
 0949  0.1399998114510148E-001
 0950  0.1399998114510148E-001
 0951  0.1399998114510148E-001
 0952  0.1399998114510148E-001
 0953  0.1399998114510148E-001
 0954  0.1399998114510148E-001
 0955  0.1399998114510148E-001
 0956  0.1399998114510148E-001
 0957  0.1399998114510148E-001
 0958  0.1399998114510148E-001
 0959  0.1399998114510148E-001
 0960  0.1399998114510148E-001
 0961  0.1399998114510148E-001
 0962  0.1399998114510148E-001
 0963  0.1399998114510148E-001
 0964  0.1399998114510148E-001
 0965  0.1399998114510148E-001
 0966  0.1399998114510148E-001
 0967  0.1399998114510148E-001
 0968  0.1399998114510148E-001
 0969  0.1399998114510148E-001
 0970  0.1399998114510148E-001
 0971  0.1399998114510148E-001
 0972  0.1399998114510148E-001
 0973  0.1399998114510148E-001
 0974  0.1399998114510148E-001
 0975  0.1399998114510148E-001
 0976  0.1399998114510148E-001
 0977  0.1399998114510148E-001
 0978  0.1399998114510148E-001
 0979  0.1399998114510148E-001
 0980  0.1399998114510148E-001
 0981  0.1399998114510148E-001
 0982  0.1399998114510148E-001
 0983  0.1399998114510148E-001
 0984  0.1399998114510148E-001
 0985  0.1399998114510148E-001
 0986  0.1399998114510148E-001
 0987  0.1399998114510148E-001
 0988  0.1399998114510148E-001
 0989  0.1399998114510148E-001
 0990  0.1399998114510148E-001
 0991  0.1399998114510148E-001
 0992  0.1399998114510148E-001
 0993  0.1399998114510148E-001
 0994  0.1399998114510148E-001
 0995  0.1399998114510148E-001
 0996  0.1399998114510148E-001
 0997  0.1399998114510148E-001
 0998  0.1399998114510148E-001
 0999  0.1399998114510148E-001
 1000  0.1399998114510148E-001
