 0001  0.5623462439841627E-003
 0002  0.5623462439841627E-003
 0003  0.5623462439841627E-003
 0004  0.5623462439841627E-003
 0005  0.5623462439841627E-003
 0006  0.5623462439841627E-003
 0007  0.5623462439841627E-003
 0008  0.5623462439841625E-003
 0009  0.5623462439841624E-003
 0010  0.5623462439841624E-003
 0011  0.5623462439841624E-003
 0012  0.5623462439841624E-003
 0013  0.5623462439841624E-003
 0014  0.5623462439841625E-003
 0015  0.5623462439841627E-003
 0016  0.5623462439841628E-003
 0017  0.5623462439841628E-003
 0018  0.5623462439841628E-003
 0019  0.5623462439841628E-003
 0020  0.5623462439841628E-003
 0021  0.5623462439841627E-003
 0022  0.5623462439841627E-003
 0023  0.5623462439841627E-003
 0024  0.5623462439841625E-003
 0025  0.5623462439841624E-003
 0026  0.5623462439841625E-003
 0027  0.5623462439841625E-003
 0028  0.5623462439841625E-003
 0029  0.5623462439841625E-003
 0030  0.5623462439841625E-003
 0031  0.5623462439841625E-003
 0032  0.5623462439841625E-003
 0033  0.5623462439841625E-003
 0034  0.5623462439841625E-003
 0035  0.5623462439841625E-003
 0036  0.5623462439841625E-003
 0037  0.5623462439841627E-003
 0038  0.5623462439841625E-003
 0039  0.5623462439841625E-003
 0040  0.5623462439841627E-003
 0041  0.5623462439841625E-003
 0042  0.5623462439841625E-003
 0043  0.5623462439841625E-003
 0044  0.5623462439841625E-003
 0045  0.5623462439841625E-003
 0046  0.5623462439841625E-003
 0047  0.5623462439841627E-003
 0048  0.5623462439841625E-003
 0049  0.5623462439841627E-003
 0050  0.5623462439841625E-003
 0051  0.5623462439841624E-003
 0052  0.5623462439841624E-003
 0053  0.5623462439841623E-003
 0054  0.5623462439841623E-003
 0055  0.5623462439841623E-003
 0056  0.5623462439841624E-003
 0057  0.5623462439841625E-003
 0058  0.5623462439841625E-003
 0059  0.5623462439841627E-003
 0060  0.5623462439841627E-003
 0061  0.5623462439841627E-003
 0062  0.5623462439841628E-003
 0063  0.5623462439841628E-003
 0064  0.5623462439841628E-003
 0065  0.5623462439841629E-003
 0066  0.5623462439841630E-003
 0067  0.5623462439841631E-003
 0068  0.5623462439841631E-003
 0069  0.5623462439841631E-003
 0070  0.5623462439841631E-003
 0071  0.5623462439841630E-003
 0072  0.5623462439841631E-003
 0073  0.5623462439841630E-003
 0074  0.5623462439841630E-003
 0075  0.5623462439841631E-003
 0076  0.5623462439841632E-003
 0077  0.5623462439841633E-003
 0078  0.5623462439841632E-003
 0079  0.5623462439841632E-003
 0080  0.5623462439841633E-003
 0081  0.5623462439841633E-003
 0082  0.5623462439841634E-003
 0083  0.5623462439841635E-003
 0084  0.5623462439841635E-003
 0085  0.5623462439841635E-003
 0086  0.5623462439841635E-003
 0087  0.5623462439841636E-003
 0088  0.5623462439841637E-003
 0089  0.5623462439841637E-003
 0090  0.5623462439841637E-003
 0091  0.5623462439841637E-003
 0092  0.5623462439841637E-003
 0093  0.5623462439841637E-003
 0094  0.5623462439841637E-003
 0095  0.5623462439841638E-003
 0096  0.5623462439841640E-003
 0097  0.5623462439841640E-003
 0098  0.5623462439841640E-003
 0099  0.5623462439841640E-003
 0100  0.5623462439841638E-003
 0101  0.5623462439841638E-003
 0102  0.5623462439841638E-003
 0103  0.5623462439841637E-003
 0104  0.5623462439841637E-003
 0105  0.5623330394321234E-003
 0106  0.5622839206492183E-003
 0107  0.5621293827065459E-003
 0108  0.5618384526262484E-003
 0109  0.5611404112459303E-003
 0110  0.5602197010606922E-003
 0111  0.5577161070077317E-003
 0112  0.5561024484855676E-003
 0113  0.5541256671790797E-003
 0114  0.5517814817045356E-003
 0115  0.5490683748466131E-003
 0116  0.5459873807501177E-003
 0117  0.5425418699684685E-003
 0118  0.5381507254982204E-003
 0119  0.5334748956696212E-003
 0120  0.5235404621224095E-003
 0121  0.5183111921487351E-003
 0122  0.5127946328488253E-003
 0123  0.5070074619389288E-003
 0124  0.5009652907271150E-003
 0125  0.4940428084649115E-003
 0126  0.4869530099460376E-003
 0127  0.4797118175997740E-003
 0128  0.4723340247970384E-003
 0129  0.4648341808134279E-003
 0130  0.4500665218124492E-003
 0131  0.4427731295015905E-003
 0132  0.4348357661841394E-003
 0133  0.4268782389228079E-003
 0134  0.4189100754936647E-003
 0135  0.4109404131933623E-003
 0136  0.4029779933838424E-003
 0137  0.3950136028034639E-003
 0138  0.3792342323848302E-003
 0139  0.3714651564862758E-003
 0140  0.3637561470727672E-003
 0141  0.3561002231952672E-003
 0142  0.3485039525600003E-003
 0143  0.3409732368642486E-003
 0144  0.3335134992986752E-003
 0145  0.3257948183154090E-003
 0146  0.3111839180253107E-003
 0147  0.3042606626754214E-003
 0148  0.2974282548286125E-003
 0149  0.2906890068745726E-003
 0150  0.2840449721219149E-003
 0151  0.2772378126276544E-003
 0152  0.2705592117682271E-003
 0153  0.2579649422763087E-003
 0154  0.2520158144931108E-003
 0155  0.2461620934800827E-003
 0156  0.2402127737164941E-003
 0157  0.2343857146259430E-003
 0158  0.2286760160160112E-003
 0159  0.2230825853213079E-003
 0160  0.2125420184553626E-003
 0161  0.2074235101539009E-003
 0162  0.2024124016544623E-003
 0163  0.1975072051867923E-003
 0164  0.1927063985612602E-003
 0165  0.1880064654515372E-003
 0166  0.1834061737891228E-003
 0167  0.1745201932868565E-003
 0168  0.1703447490210801E-003
 0169  0.1662585413237127E-003
 0170  0.1622602180239930E-003
 0171  0.1582551115937187E-003
 0172  0.1543450860636254E-003
 0173  0.1469934131171881E-003
 0174  0.1435337721735807E-003
 0175  0.1400748834333875E-003
 0176  0.1366970703477692E-003
 0177  0.1333977590147796E-003
 0178  0.1301752944733222E-003
 0179  0.1240473807681156E-003
 0180  0.1211346888158141E-003
 0181  0.1182885304146489E-003
 0182  0.1155069537897616E-003
 0183  0.1127388684653612E-003
 0184  0.1100381315300523E-003
 0185  0.1049523399332279E-003
 0186  0.1025564069138844E-003
 0187  0.1001733318348065E-003
 0188  0.9784627007604197E-004
 0189  0.9557390430010407E-004
 0190  0.9125288808504481E-004
 0191  0.8919881887618607E-004
 0192  0.8719135850294147E-004
 0193  0.8522946144389708E-004
 0194  0.8328327483049499E-004
 0195  0.7960931512074419E-004
 0196  0.7787424726067949E-004
 0197  0.7615335224832258E-004
 0198  0.7447179063913428E-004
 0199  0.7282863946943852E-004
 0200  0.6969988855231269E-004
 0201  0.6821048283452576E-004
 0202  0.6675387881056751E-004
 0203  0.6531140582201373E-004
 0204  0.6258044654617035E-004
 0205  0.6128715768603964E-004
 0206  0.6000619259248595E-004
 0207  0.5875334236195257E-004
 0208  0.5752788388375109E-004
 0209  0.5517752097428950E-004
 0210  0.5406339735741564E-004
 0211  0.5297274928854611E-004
 0212  0.5189354675213902E-004
 0213  0.4984427852386697E-004
 0214  0.4886100944343796E-004
 0215  0.4789829063530586E-004
 0216  0.4695562854029897E-004
 0217  0.4514517615784305E-004
 0218  0.4428451859082774E-004
 0219  0.4343321344514184E-004
 0220  0.4259943385194355E-004
 0221  0.4100476213899755E-004
 0222  0.4024222038479784E-004
 0223  0.3949479331294306E-004
 0224  0.3875581022097333E-004
 0225  0.3734150377238927E-004
 0226  0.3666475240099330E-004
 0227  0.3600119726207096E-004
 0228  0.3472443503921349E-004
 0229  0.3411524232158654E-004
 0230  0.3351287101188237E-004
 0231  0.3292203923303414E-004
 0232  0.3178471752642105E-004
 0233  0.3124149855513738E-004
 0234  0.3070446123033874E-004
 0235  0.2967370874189484E-004
 0236  0.2917907176090722E-004
 0237  0.2869013897944561E-004
 0238  0.2821020108256290E-004
 0239  0.2728831711323994E-004
 0240  0.2684557028137741E-004
 0241  0.2640792627989278E-004
 0242  0.2556665718023106E-004
 0243  0.2516232835175667E-004
 0244  0.2476266954284831E-004
 0245  0.2399382466674233E-004
 0246  0.2362402115286520E-004
 0247  0.2325847517471325E-004
 0248  0.2255471960988915E-004
 0249  0.2221596750516514E-004
 0250  0.2188109430347046E-004
 0251  0.2123590589431869E-004
 0252  0.2092511085523261E-004
 0253  0.2061784425039605E-004
 0254  0.2002540134111801E-004
 0255  0.1973843922363786E-004
 0256  0.1918476692824763E-004
 0257  0.1891767749369360E-004
 0258  0.1865356567604364E-004
 0259  0.1814250584980020E-004
 0260  0.1789530647297320E-004
 0261  0.1765192105523867E-004
 0262  0.1717972055129297E-004
 0263  0.1695166907494207E-004
 0264  0.1650901144172574E-004
 0265  0.1629508528216080E-004
 0266  0.1608350138216202E-004
 0267  0.1567347383119581E-004
 0268  0.1547484016816396E-004
 0269  0.1508902517184478E-004
 0270  0.1490236147401644E-004
 0271  0.1453961930879253E-004
 0272  0.1436342461328312E-004
 0273  0.1418969844388974E-004
 0274  0.1385200913904877E-004
 0275  0.1368793608478316E-004
 0276  0.1336893425795405E-004
 0277  0.1321435585843514E-004
 0278  0.1291366369958305E-004
 0279  0.1276745419360505E-004
 0280  0.1248296497583915E-004
 0281  0.1234459455094658E-004
 0282  0.1207528002978373E-004
 0283  0.1194425041877702E-004
 0284  0.1168914978643433E-004
 0285  0.1156500199984246E-004
 0286  0.1132323765633892E-004
 0287  0.1120554836625695E-004
 0288  0.1097629840743012E-004
 0289  0.1086466912269507E-004
 0290  0.1064694422911723E-004
 0291  0.1054079601919385E-004
 0292  0.1033393337883782E-004
 0293  0.1023315718522883E-004
 0294  0.1003635030755253E-004
 0295  0.9847320247912116E-005
 0296  0.9755101086002000E-005
 0297  0.9575092956614246E-005
 0298  0.9487259251344995E-005
 0299  0.9315648936977535E-005
 0300  0.9150505247693798E-005
 0301  0.9069834114289472E-005
 0302  0.8912273823822439E-005
 0303  0.8835245708589858E-005
 0304  0.8684683519356631E-005
 0305  0.8539572747185980E-005
 0306  0.8468614065603217E-005
 0307  0.8329794185675410E-005
 0308  0.8195856046332398E-005
 0309  0.8130345226761940E-005
 0310  0.8002149625641201E-005
 0311  0.7878342277722005E-005
 0312  0.7817742765518889E-005
 0313  0.7699028298378427E-005
 0314  0.7584288095037085E-005
 0315  0.7473320288614907E-005
 0316  0.7418950121293318E-005
 0317  0.7312380953043642E-005
 0318  0.7209257208102733E-005
 0319  0.7109388982504447E-005
 0320  0.7060423053948411E-005
 0321  0.6964406961014117E-005
 0322  0.6871345181039756E-005
 0323  0.6781121476235765E-005
 0324  0.6693644867726058E-005
 0325  0.6608763646013730E-005
 0326  0.6567099226160230E-005
 0327  0.6485270511113069E-005
 0328  0.6405838509219591E-005
 0329  0.6328693566043448E-005
 0330  0.6253753837600580E-005
 0331  0.6180935254255551E-005
 0332  0.6110145645714684E-005
 0333  0.6041313555100939E-005
 0334  0.5974363576764179E-005
 0335  0.5909223514168910E-005
 0336  0.5845932773646197E-005
 0337  0.5784551574618097E-005
 0338  0.5725001585919282E-005
 0339  0.5667208521427818E-005
 0340  0.5611101889694522E-005
 0341  0.5556614761562595E-005
 0342  0.5503683554310182E-005
 0343  0.5452247830982357E-005
 0344  0.5402250113698691E-005
 0345  0.5353635709831465E-005
 0346  0.5283440160082200E-005
 0347  0.5238376676570582E-005
 0348  0.5194510381590130E-005
 0349  0.5151798001498853E-005
 0350  0.5110198237529467E-005
 0351  0.5050001986229148E-005
 0352  0.5011276241910786E-005
 0353  0.4973521474778414E-005
 0354  0.4918818180248384E-005
 0355  0.4883581414308050E-005
 0356  0.4849196309208828E-005
 0357  0.4799315512080053E-005
 0358  0.4767147254731090E-005
 0359  0.4720442967661567E-005
 0360  0.4690298306103442E-005
 0361  0.4646497075691762E-005
 0362  0.4618203978785421E-005
 0363  0.4577062016225741E-005
 0364  0.4550466888953080E-005
 0365  0.4511766222881368E-005
 0366  0.4474525959624013E-005
 0367  0.4438670952819590E-005
 0368  0.4415456492168395E-005
 0369  0.4381623235998531E-005
 0370  0.4349005511596868E-005
 0371  0.4317543977358430E-005
 0372  0.4287183002814377E-005
 0373  0.4257870386907573E-005
 0374  0.4229557101291545E-005
 0375  0.4202197056116931E-005
 0376  0.4175746886057597E-005
 0377  0.4150165754580377E-005
 0378  0.4125415174682622E-005
 0379  0.4101458844515744E-005
 0380  0.4070748846077394E-005
 0381  0.4048595608417253E-005
 0382  0.4020166542501710E-005
 0383  0.3999637301936045E-005
 0384  0.3973265940320980E-005
 0385  0.3954204079029857E-005
 0386  0.3929694802756619E-005
 0387  0.3906205753178128E-005
 0388  0.3883680968293880E-005
 0389  0.3862068414034474E-005
 0390  0.3841319648209424E-005
 0391  0.3821389518170029E-005
 0392  0.3802235888325098E-005
 0393  0.3779353950704777E-005
 0394  0.3761850223382264E-005
 0395  0.3740913523895855E-005
 0396  0.3724878748822061E-005
 0397  0.3705677326916237E-005
 0398  0.3687379287198528E-005
 0399  0.3666557752269271E-005
 0400  0.3650093727594259E-005
 0401  0.3631330693808847E-005
 0402  0.3616472829868086E-005
 0403  0.3599516976775840E-005
 0404  0.3580891053729517E-005
 0405  0.3565847729861407E-005
 0406  0.3549294352550210E-005
 0407  0.3533749709986442E-005
 0408  0.3517134874877426E-005
 0409  0.3503527352585099E-005
 0410  0.3487213425148800E-005
 0411  0.3472135030200139E-005
 0412  0.3458182446720920E-005
 0413  0.3443887801363715E-005
 0414  0.3429506738801516E-005
 0415  0.3416398471642857E-005
 0416  0.3402384125888060E-005
 0417  0.3388893952536395E-005
 0418  0.3375269671292180E-005
 0419  0.3362620779881435E-005
 0420  0.3349809597181043E-005
 0421  0.3337414823444038E-005
 0422  0.3324709507538637E-005
 0423  0.3312508374628045E-005
 0424  0.3300588660659266E-005
 0425  0.3293144480219429E-005
 0426  0.3293144480219429E-005
 0427  0.3293144480219429E-005
 0428  0.3293144480219429E-005
 0429  0.3293144480219429E-005
 0430  0.3293144480219429E-005
 0431  0.3293144480219429E-005
 0432  0.3293144480219429E-005
 0433  0.3293144480219429E-005
 0434  0.3293144480219429E-005
 0435  0.3293144480219429E-005
 0436  0.3293144480219429E-005
 0437  0.3293144480219429E-005
 0438  0.3293144480219429E-005
 0439  0.3293144480219429E-005
 0440  0.3293144480219429E-005
 0441  0.3293144480219429E-005
 0442  0.3293144480219429E-005
 0443  0.3293144480219429E-005
 0444  0.3293144480219429E-005
 0445  0.3293144480219429E-005
 0446  0.3293144480219429E-005
 0447  0.3293144480219429E-005
 0448  0.3293144480219429E-005
 0449  0.3293144480219429E-005
 0450  0.3293144480219429E-005
 0451  0.3293144480219429E-005
 0452  0.3293144480219429E-005
 0453  0.3293144480219429E-005
 0454  0.3293144480219429E-005
 0455  0.3293144480219429E-005
 0456  0.3293144480219429E-005
 0457  0.3293144480219429E-005
 0458  0.3293144480219429E-005
 0459  0.3293144480219429E-005
 0460  0.3293144480219429E-005
 0461  0.3293144480219429E-005
 0462  0.3293144480219429E-005
 0463  0.3293144480219429E-005
 0464  0.3293144480219429E-005
 0465  0.3293144480219429E-005
 0466  0.3293144480219429E-005
 0467  0.3293144480219429E-005
 0468  0.3293144480219429E-005
 0469  0.3293144480219429E-005
 0470  0.3293144480219429E-005
 0471  0.3293144480219429E-005
 0472  0.3293144480219429E-005
 0473  0.3293144480219429E-005
 0474  0.3293144480219429E-005
 0475  0.3293144480219429E-005
 0476  0.3293144480219429E-005
 0477  0.3293144480219429E-005
 0478  0.3293144480219429E-005
 0479  0.3293144480219429E-005
 0480  0.3293144480219429E-005
 0481  0.3293144480219429E-005
 0482  0.3293144480219429E-005
 0483  0.3293144480219429E-005
 0484  0.3293144480219429E-005
 0485  0.3293144480219429E-005
 0486  0.3293144480219429E-005
 0487  0.3293144480219429E-005
 0488  0.3293144480219429E-005
 0489  0.3293144480219429E-005
 0490  0.3293144480219429E-005
 0491  0.3293144480219429E-005
 0492  0.3293144480219429E-005
 0493  0.3293144480219429E-005
 0494  0.3293144480219429E-005
 0495  0.3293144480219429E-005
 0496  0.3293144480219429E-005
 0497  0.3293144480219429E-005
 0498  0.3293144480219429E-005
 0499  0.3293144480219429E-005
 0500  0.3293144480219429E-005
 0501  0.3293144480219429E-005
 0502  0.3293144480219429E-005
 0503  0.3293144480219429E-005
 0504  0.3293144480219429E-005
 0505  0.3293144480219429E-005
 0506  0.3293144480219429E-005
 0507  0.3293144480219429E-005
 0508  0.3293144480219429E-005
 0509  0.3293144480219429E-005
 0510  0.3293144480219429E-005
 0511  0.3293144480219429E-005
 0512  0.3293144480219429E-005
 0513  0.3293144480219429E-005
 0514  0.3293144480219429E-005
 0515  0.3293144480219429E-005
 0516  0.3293144480219429E-005
 0517  0.3293144480219429E-005
 0518  0.3293144480219429E-005
 0519  0.3293144480219429E-005
 0520  0.3293144480219429E-005
 0521  0.3293144480219429E-005
 0522  0.3293144480219429E-005
 0523  0.3293144480219429E-005
 0524  0.3293144480219429E-005
 0525  0.3293144480219429E-005
 0526  0.3293144480219429E-005
 0527  0.3293144480219429E-005
 0528  0.3293144480219429E-005
 0529  0.3293144480219429E-005
 0530  0.3293144480219429E-005
 0531  0.3293144480219429E-005
 0532  0.3293144480219429E-005
 0533  0.3293144480219429E-005
 0534  0.3293144480219429E-005
 0535  0.3293144480219429E-005
 0536  0.3293144480219429E-005
 0537  0.3293144480219429E-005
 0538  0.3293144480219429E-005
 0539  0.3293144480219429E-005
 0540  0.3293144480219429E-005
 0541  0.3293144480219429E-005
 0542  0.3293144480219429E-005
 0543  0.3293144480219429E-005
 0544  0.3293144480219429E-005
 0545  0.3293144480219429E-005
 0546  0.3293144480219429E-005
 0547  0.3293144480219429E-005
 0548  0.3293144480219429E-005
 0549  0.3293144480219429E-005
 0550  0.3293144480219429E-005
 0551  0.3293144480219429E-005
 0552  0.3293144480219429E-005
 0553  0.3293144480219429E-005
 0554  0.3293144480219429E-005
 0555  0.3293144480219429E-005
 0556  0.3293144480219429E-005
 0557  0.3293144480219429E-005
 0558  0.3293144480219429E-005
 0559  0.3293144480219429E-005
 0560  0.3293144480219429E-005
 0561  0.3293144480219429E-005
 0562  0.3293144480219429E-005
 0563  0.3293144480219429E-005
 0564  0.3293144480219429E-005
 0565  0.3293144480219429E-005
 0566  0.3293144480219429E-005
 0567  0.3293144480219429E-005
 0568  0.3293144480219429E-005
 0569  0.3293144480219429E-005
 0570  0.3293144480219429E-005
 0571  0.3293144480219429E-005
 0572  0.3293144480219429E-005
 0573  0.3293144480219429E-005
 0574  0.3293144480219429E-005
 0575  0.3293144480219429E-005
 0576  0.3293144480219429E-005
 0577  0.3293144480219429E-005
 0578  0.3293144480219429E-005
 0579  0.3293144480219429E-005
 0580  0.3293144480219429E-005
 0581  0.3293144480219429E-005
 0582  0.3293144480219429E-005
 0583  0.3293144480219429E-005
 0584  0.3293144480219429E-005
 0585  0.3293144480219429E-005
 0586  0.3293144480219429E-005
 0587  0.3293144480219429E-005
 0588  0.3293144480219429E-005
 0589  0.3293144480219429E-005
 0590  0.3293144480219429E-005
 0591  0.3293144480219429E-005
 0592  0.3293144480219429E-005
 0593  0.3293144480219429E-005
 0594  0.3293144480219429E-005
 0595  0.3293144480219429E-005
 0596  0.3293144480219429E-005
 0597  0.3293144480219429E-005
 0598  0.3293144480219429E-005
 0599  0.3293144480219429E-005
 0600  0.3293144480219429E-005
 0601  0.3293144480219429E-005
 0602  0.3293144480219429E-005
 0603  0.3293144480219429E-005
 0604  0.3293144480219429E-005
 0605  0.3293144480219429E-005
 0606  0.3293144480219429E-005
 0607  0.3293144480219429E-005
 0608  0.3293144480219429E-005
 0609  0.3293144480219429E-005
 0610  0.3293144480219429E-005
 0611  0.3293144480219429E-005
 0612  0.3293144480219429E-005
 0613  0.3293144480219429E-005
 0614  0.3293144480219429E-005
 0615  0.3293144480219429E-005
 0616  0.3293144480219429E-005
 0617  0.3293144480219429E-005
 0618  0.3293144480219429E-005
 0619  0.3293144480219429E-005
 0620  0.3293144480219429E-005
 0621  0.3293144480219429E-005
 0622  0.3293144480219429E-005
 0623  0.3293144480219429E-005
 0624  0.3293144480219429E-005
 0625  0.3293144480219429E-005
 0626  0.3293144480219429E-005
 0627  0.3293144480219429E-005
 0628  0.3293144480219429E-005
 0629  0.3293144480219429E-005
 0630  0.3293144480219429E-005
 0631  0.3293144480219429E-005
 0632  0.3293144480219429E-005
 0633  0.3293144480219429E-005
 0634  0.3293144480219429E-005
 0635  0.3293144480219429E-005
 0636  0.3293144480219429E-005
 0637  0.3293144480219429E-005
 0638  0.3293144480219429E-005
 0639  0.3293144480219429E-005
 0640  0.3293144480219429E-005
 0641  0.3293144480219429E-005
 0642  0.3293144480219429E-005
 0643  0.3293144480219429E-005
 0644  0.3293144480219429E-005
 0645  0.3293144480219429E-005
 0646  0.3293144480219429E-005
 0647  0.3293144480219429E-005
 0648  0.3293144480219429E-005
 0649  0.3293144480219429E-005
 0650  0.3293144480219429E-005
 0651  0.3293144480219429E-005
 0652  0.3293144480219429E-005
 0653  0.3293144480219429E-005
 0654  0.3293144480219429E-005
 0655  0.3293144480219429E-005
 0656  0.3293144480219429E-005
 0657  0.3293144480219429E-005
 0658  0.3293144480219429E-005
 0659  0.3293144480219429E-005
 0660  0.3293144480219429E-005
 0661  0.3293144480219429E-005
 0662  0.3293144480219429E-005
 0663  0.3293144480219429E-005
 0664  0.3293144480219429E-005
 0665  0.3293144480219429E-005
 0666  0.3293144480219429E-005
 0667  0.3293144480219429E-005
 0668  0.3293144480219429E-005
 0669  0.3293144480219429E-005
 0670  0.3293144480219429E-005
 0671  0.3293144480219429E-005
 0672  0.3293144480219429E-005
 0673  0.3293144480219429E-005
 0674  0.3293144480219429E-005
 0675  0.3293144480219429E-005
 0676  0.3293144480219429E-005
 0677  0.3293144480219429E-005
 0678  0.3293144480219429E-005
 0679  0.3293144480219429E-005
 0680  0.3293144480219429E-005
 0681  0.3293144480219429E-005
 0682  0.3293144480219429E-005
 0683  0.3293144480219429E-005
 0684  0.3293144480219429E-005
 0685  0.3293144480219429E-005
 0686  0.3293144480219429E-005
 0687  0.3293144480219429E-005
 0688  0.3293144480219429E-005
 0689  0.3293144480219429E-005
 0690  0.3293144480219429E-005
 0691  0.3293144480219429E-005
 0692  0.3293144480219429E-005
 0693  0.3293144480219429E-005
 0694  0.3293144480219429E-005
 0695  0.3293144480219429E-005
 0696  0.3293144480219429E-005
 0697  0.3293144480219429E-005
 0698  0.3293144480219429E-005
 0699  0.3293144480219429E-005
 0700  0.3293144480219429E-005
 0701  0.3293144480219429E-005
 0702  0.3293144480219429E-005
 0703  0.3293144480219429E-005
 0704  0.3293144480219429E-005
 0705  0.3293144480219429E-005
 0706  0.3293144480219429E-005
 0707  0.3293144480219429E-005
 0708  0.3293144480219429E-005
 0709  0.3293144480219429E-005
 0710  0.3293144480219429E-005
 0711  0.3293144480219429E-005
 0712  0.3293144480219429E-005
 0713  0.3293144480219429E-005
 0714  0.3293144480219429E-005
 0715  0.3293144480219429E-005
 0716  0.3293144480219429E-005
 0717  0.3293144480219429E-005
 0718  0.3293144480219429E-005
 0719  0.3293144480219429E-005
 0720  0.3293144480219429E-005
 0721  0.3293144480219429E-005
 0722  0.3293144480219429E-005
 0723  0.3293144480219429E-005
 0724  0.3293144480219429E-005
 0725  0.3293144480219429E-005
 0726  0.3293144480219429E-005
 0727  0.3293144480219429E-005
 0728  0.3293144480219429E-005
 0729  0.3293144480219429E-005
 0730  0.3293144480219429E-005
 0731  0.3293144480219429E-005
 0732  0.3293144480219429E-005
 0733  0.3293144480219429E-005
 0734  0.3293144480219429E-005
 0735  0.3293144480219429E-005
 0736  0.3293144480219429E-005
 0737  0.3293144480219429E-005
 0738  0.3293144480219429E-005
 0739  0.3293144480219429E-005
 0740  0.3293144480219429E-005
 0741  0.3293144480219429E-005
 0742  0.3293144480219429E-005
 0743  0.3293144480219429E-005
 0744  0.3293144480219429E-005
 0745  0.3293144480219429E-005
 0746  0.3293144480219429E-005
 0747  0.3293144480219429E-005
 0748  0.3293144480219429E-005
 0749  0.3293144480219429E-005
 0750  0.3293144480219429E-005
 0751  0.3293144480219429E-005
 0752  0.3293144480219429E-005
 0753  0.3293144480219429E-005
 0754  0.3293144480219429E-005
 0755  0.3293144480219429E-005
 0756  0.3293144480219429E-005
 0757  0.3293144480219429E-005
 0758  0.3293144480219429E-005
 0759  0.3293144480219429E-005
 0760  0.3293144480219429E-005
 0761  0.3293144480219429E-005
 0762  0.3293144480219429E-005
 0763  0.3293144480219429E-005
 0764  0.3293144480219429E-005
 0765  0.3293144480219429E-005
 0766  0.3293144480219429E-005
 0767  0.3293144480219429E-005
 0768  0.3293144480219429E-005
 0769  0.3293144480219429E-005
 0770  0.3293144480219429E-005
 0771  0.3293144480219429E-005
 0772  0.3293144480219429E-005
 0773  0.3293144480219429E-005
 0774  0.3293144480219429E-005
 0775  0.3293144480219429E-005
 0776  0.3293144480219429E-005
 0777  0.3293144480219429E-005
 0778  0.3293144480219429E-005
 0779  0.3293144480219429E-005
 0780  0.3293144480219429E-005
 0781  0.3293144480219429E-005
 0782  0.3293144480219429E-005
 0783  0.3293144480219429E-005
 0784  0.3293144480219429E-005
 0785  0.3293144480219429E-005
 0786  0.3293144480219429E-005
 0787  0.3293144480219429E-005
 0788  0.3293144480219429E-005
 0789  0.3293144480219429E-005
 0790  0.3293144480219429E-005
 0791  0.3293144480219429E-005
 0792  0.3293144480219429E-005
 0793  0.3293144480219429E-005
 0794  0.3293144480219429E-005
 0795  0.3293144480219429E-005
 0796  0.3293144480219429E-005
 0797  0.3293144480219429E-005
 0798  0.3293144480219429E-005
 0799  0.3293144480219429E-005
 0800  0.3293144480219429E-005
 0801  0.3293144480219429E-005
 0802  0.3293144480219429E-005
 0803  0.3293144480219429E-005
 0804  0.3293144480219429E-005
 0805  0.3293144480219429E-005
 0806  0.3293144480219429E-005
 0807  0.3293144480219429E-005
 0808  0.3293144480219429E-005
 0809  0.3293144480219429E-005
 0810  0.3293144480219429E-005
 0811  0.3293144480219429E-005
 0812  0.3293144480219429E-005
 0813  0.3293144480219429E-005
 0814  0.3293144480219429E-005
 0815  0.3293144480219429E-005
 0816  0.3293144480219429E-005
 0817  0.3293144480219429E-005
 0818  0.3293144480219429E-005
 0819  0.3293144480219429E-005
 0820  0.3293144480219429E-005
 0821  0.3293144480219429E-005
 0822  0.3293144480219429E-005
 0823  0.3293144480219429E-005
 0824  0.3293144480219429E-005
 0825  0.3293144480219429E-005
 0826  0.3293144480219429E-005
 0827  0.3293144480219429E-005
 0828  0.3293144480219429E-005
 0829  0.3293144480219429E-005
 0830  0.3293144480219429E-005
 0831  0.3293144480219429E-005
 0832  0.3293144480219429E-005
 0833  0.3293144480219429E-005
 0834  0.3293144480219429E-005
 0835  0.3293144480219429E-005
 0836  0.3293144480219429E-005
 0837  0.3293144480219429E-005
 0838  0.3293144480219429E-005
 0839  0.3293144480219429E-005
 0840  0.3293144480219429E-005
 0841  0.3293144480219429E-005
 0842  0.3293144480219429E-005
 0843  0.3293144480219429E-005
 0844  0.3293144480219429E-005
 0845  0.3293144480219429E-005
 0846  0.3293144480219429E-005
 0847  0.3293144480219429E-005
 0848  0.3293144480219429E-005
 0849  0.3293144480219429E-005
 0850  0.3293144480219429E-005
 0851  0.3293144480219429E-005
 0852  0.3293144480219429E-005
 0853  0.3293144480219429E-005
 0854  0.3293144480219429E-005
 0855  0.3293144480219429E-005
 0856  0.3293144480219429E-005
 0857  0.3293144480219429E-005
 0858  0.3293144480219429E-005
 0859  0.3293144480219429E-005
 0860  0.3293144480219429E-005
 0861  0.3293144480219429E-005
 0862  0.3293144480219429E-005
 0863  0.3293144480219429E-005
 0864  0.3293144480219429E-005
 0865  0.3293144480219429E-005
 0866  0.3293144480219429E-005
 0867  0.3293144480219429E-005
 0868  0.3293144480219429E-005
 0869  0.3293144480219429E-005
 0870  0.3293144480219429E-005
 0871  0.3293144480219429E-005
 0872  0.3293144480219429E-005
 0873  0.3293144480219429E-005
 0874  0.3293144480219429E-005
 0875  0.3293144480219429E-005
 0876  0.3293144480219429E-005
 0877  0.3293144480219429E-005
 0878  0.3293144480219429E-005
 0879  0.3293144480219429E-005
 0880  0.3293144480219429E-005
 0881  0.3293144480219429E-005
 0882  0.3293144480219429E-005
 0883  0.3293144480219429E-005
 0884  0.3293144480219429E-005
 0885  0.3293144480219429E-005
 0886  0.3293144480219429E-005
 0887  0.3293144480219429E-005
 0888  0.3293144480219429E-005
 0889  0.3293144480219429E-005
 0890  0.3293144480219429E-005
 0891  0.3293144480219429E-005
 0892  0.3293144480219429E-005
 0893  0.3293144480219429E-005
 0894  0.3293144480219429E-005
 0895  0.3293144480219429E-005
 0896  0.3293144480219429E-005
 0897  0.3293144480219429E-005
 0898  0.3293144480219429E-005
 0899  0.3293144480219429E-005
 0900  0.3293144480219429E-005
 0901  0.3293144480219429E-005
 0902  0.3293144480219429E-005
 0903  0.3293144480219429E-005
 0904  0.3293144480219429E-005
 0905  0.3293144480219429E-005
 0906  0.3293144480219429E-005
 0907  0.3293144480219429E-005
 0908  0.3293144480219429E-005
 0909  0.3293144480219429E-005
 0910  0.3293144480219429E-005
 0911  0.3293144480219429E-005
 0912  0.3293144480219429E-005
 0913  0.3293144480219429E-005
 0914  0.3293144480219429E-005
 0915  0.3293144480219429E-005
 0916  0.3293144480219429E-005
 0917  0.3293144480219429E-005
 0918  0.3293144480219429E-005
 0919  0.3293144480219429E-005
 0920  0.3293144480219429E-005
 0921  0.3293144480219429E-005
 0922  0.3293144480219429E-005
 0923  0.3293144480219429E-005
 0924  0.3293144480219429E-005
 0925  0.3293144480219429E-005
 0926  0.3293144480219429E-005
 0927  0.3293144480219429E-005
 0928  0.3293144480219429E-005
 0929  0.3293144480219429E-005
 0930  0.3293144480219429E-005
 0931  0.3293144480219429E-005
 0932  0.3293144480219429E-005
 0933  0.3293144480219429E-005
 0934  0.3293144480219429E-005
 0935  0.3293144480219429E-005
 0936  0.3293144480219429E-005
 0937  0.3293144480219429E-005
 0938  0.3293144480219429E-005
 0939  0.3293144480219429E-005
 0940  0.3293144480219429E-005
 0941  0.3293144480219429E-005
 0942  0.3293144480219429E-005
 0943  0.3293144480219429E-005
 0944  0.3293144480219429E-005
 0945  0.3293144480219429E-005
 0946  0.3293144480219429E-005
 0947  0.3293144480219429E-005
 0948  0.3293144480219429E-005
 0949  0.3293144480219429E-005
 0950  0.3293144480219429E-005
 0951  0.3293144480219429E-005
 0952  0.3293144480219429E-005
 0953  0.3293144480219429E-005
 0954  0.3293144480219429E-005
 0955  0.3293144480219429E-005
 0956  0.3293144480219429E-005
 0957  0.3293144480219429E-005
 0958  0.3293144480219429E-005
 0959  0.3293144480219429E-005
 0960  0.3293144480219429E-005
 0961  0.3293144480219429E-005
 0962  0.3293144480219429E-005
 0963  0.3293144480219429E-005
 0964  0.3293144480219429E-005
 0965  0.3293144480219429E-005
 0966  0.3293144480219429E-005
 0967  0.3293144480219429E-005
 0968  0.3293144480219429E-005
 0969  0.3293144480219429E-005
 0970  0.3293144480219429E-005
 0971  0.3293144480219429E-005
 0972  0.3293144480219429E-005
 0973  0.3293144480219429E-005
 0974  0.3293144480219429E-005
 0975  0.3293144480219429E-005
 0976  0.3293144480219429E-005
 0977  0.3293144480219429E-005
 0978  0.3293144480219429E-005
 0979  0.3293144480219429E-005
 0980  0.3293144480219429E-005
 0981  0.3293144480219429E-005
 0982  0.3293144480219429E-005
 0983  0.3293144480219429E-005
 0984  0.3293144480219429E-005
 0985  0.3293144480219429E-005
 0986  0.3293144480219429E-005
 0987  0.3293144480219429E-005
 0988  0.3293144480219429E-005
 0989  0.3293144480219429E-005
 0990  0.3293144480219429E-005
 0991  0.3293144480219429E-005
 0992  0.3293144480219429E-005
 0993  0.3293144480219429E-005
 0994  0.3293144480219429E-005
 0995  0.3293144480219429E-005
 0996  0.3293144480219429E-005
 0997  0.3293144480219429E-005
 0998  0.3293144480219429E-005
 0999  0.3293144480219429E-005
 1000  0.3293144480219429E-005
