  0.0000000000E+000  0.0000000000E+000
  1.7001644134E+003  2.9668515147E+034
  3.4001409776E+003  2.9668169002E+034
  5.1002135679E+003  2.9668236488E+034
  6.8001470086E+003  2.9669596767E+034
  8.5001391990E+003  2.9674582025E+034
  1.0200175579E+004  2.9685335035E+034
  1.1900174096E+004  2.9698645594E+034
  1.3600252461E+004  2.9710312788E+034
  1.5300177952E+004  2.9720671582E+034
  1.7000139178E+004  2.9731040340E+034
  1.8700256210E+004  2.9742842033E+034
  2.0400145741E+004  2.9758908919E+034
  2.2100215207E+004  2.9791159640E+034
  2.3800159032E+004  2.9806246648E+034
  2.5500210983E+004  2.9808952928E+034
  2.7200143165E+004  2.9810105874E+034
  2.8900237893E+004  2.9810701314E+034
  3.0600185587E+004  2.9811104226E+034
  3.2300229434E+004  2.9811411324E+034
  3.4000188615E+004  2.9811704751E+034
  3.5700212785E+004  2.9811984339E+034
  3.7400204645E+004  2.9812268686E+034
  3.9100131122E+004  2.9812540191E+034
  4.0800224651E+004  2.9812895868E+034
  4.2500245306E+004  2.9813334093E+034
  4.4200212799E+004  2.9813690423E+034
  4.5900145917E+004  2.9813940250E+034
  4.7600135463E+004  2.9814150962E+034
  4.9300213484E+004  2.9814345209E+034
  5.1000187554E+004  2.9814536973E+034
  5.2700214447E+004  2.9814717609E+034
  5.4400215482E+004  2.9814882919E+034
  5.6100158236E+004  2.9815032694E+034
  5.7800149675E+004  2.9815168585E+034
  5.9500256046E+004  2.9815292956E+034
  6.1200215353E+004  2.9815400567E+034
  6.2900143092E+004  2.9815500905E+034
  6.4600250441E+004  2.9815605160E+034
  6.6300150287E+004  2.9815708750E+034
  6.8000260862E+004  2.9815810343E+034
  6.9700244951E+004  2.9815907217E+034
  7.1400140362E+004  2.9815981563E+034
  7.3100228223E+004  2.9816044443E+034
  7.4800251328E+004  2.9816102776E+034
  7.6500235074E+004  2.9816160080E+034
  7.8200240436E+004  2.9816216170E+034
  7.9900199539E+004  2.9816269885E+034
  8.1600170144E+004  2.9816363228E+034
  8.3300255332E+004  2.9816458560E+034
  8.5000221158E+004  2.9816533044E+034
  8.6700237032E+004  2.9816590331E+034
  8.8400142653E+004  2.9816635281E+034
  9.0100160695E+004  2.9816668396E+034
  9.1800172244E+004  2.9816671971E+034
  9.3500157619E+004  2.9816674730E+034
  9.5200248218E+004  2.9816686271E+034
  9.6900178579E+004  2.9816702768E+034
  9.8600230409E+004  2.9816719888E+034
  1.0030019011E+005  2.9816732284E+034
  1.0200025707E+005  2.9816737110E+034
  1.0370013586E+005  2.9816760881E+034
  1.0540023838E+005  2.9816775974E+034
  1.0710013707E+005  2.9816781595E+034
  1.0880020127E+005  2.9816781076E+034
  1.1050021639E+005  2.9816794006E+034
  1.1220016801E+005  2.9816787617E+034
  1.1390022500E+005  2.9816767356E+034
  1.1560015457E+005  2.9816749364E+034
  1.1730017348E+005  2.9816731187E+034
  1.1900021572E+005  2.9816711146E+034
  1.2070024026E+005  2.9816682781E+034
  1.2240015867E+005  2.9816697000E+034
  1.2410016272E+005  2.9816691922E+034
  1.2580014545E+005  2.9816672064E+034
  1.2750018128E+005  2.9816644646E+034
  1.2920025276E+005  2.9816612721E+034
  1.3090023578E+005  2.9816582902E+034
  1.3260018374E+005  2.9816560672E+034
  1.3430022199E+005  2.9816542644E+034
  1.3600024465E+005  2.9816519233E+034
  1.3770023450E+005  2.9816490287E+034
  1.3940016701E+005  2.9816456755E+034
  1.4110017503E+005  2.9816407112E+034
  1.4280022857E+005  2.9816338124E+034
  1.4450017359E+005  2.9816270072E+034
  1.4620013481E+005  2.9816206229E+034
  1.4790015251E+005  2.9816145024E+034
  1.4960016971E+005  2.9816084933E+034
  1.5130018487E+005  2.9816028150E+034
  1.5300019376E+005  2.9815964804E+034
  1.5470019547E+005  2.9815906827E+034
  1.5640022475E+005  2.9815854522E+034
  1.5810020431E+005  2.9815803480E+034
  1.5980016893E+005  2.9815752348E+034
  1.6150018458E+005  2.9815740904E+034
  1.6320018813E+005  2.9815712397E+034
  1.6490024738E+005  2.9815676163E+034
  1.6660023711E+005  2.9815634699E+034
  1.6830020900E+005  2.9815588342E+034
  1.7000017058E+005  2.9815537505E+034
  1.7170018325E+005  2.9815476149E+034
  1.7340014674E+005  2.9815424201E+034
  1.7510014148E+005  2.9815365964E+034
  1.7680017068E+005  2.9815301326E+034
  1.7850017740E+005  2.9815232639E+034
  1.8020025994E+005  2.9815162448E+034
  1.8190019440E+005  2.9815090663E+034
  1.8360020428E+005  2.9815012681E+034
  1.8530021938E+005  2.9814936986E+034
  1.8700018030E+005  2.9814862787E+034
  1.8870017872E+005  2.9814788348E+034
  1.9040024475E+005  2.9814714910E+034
  1.9210020877E+005  2.9814640207E+034
  1.9380025263E+005  2.9814559701E+034
  1.9550024628E+005  2.9814473813E+034
  1.9720015480E+005  2.9814383081E+034
  1.9890017993E+005  2.9814289126E+034
  2.0060026157E+005  2.9814188294E+034
  2.0230014723E+005  2.9814083360E+034
  2.0400015520E+005  2.9813985866E+034
  2.0570019771E+005  2.9813896130E+034
  2.0740018077E+005  2.9813813089E+034
  2.0910023189E+005  2.9813732348E+034
  2.1080015724E+005  2.9813653424E+034
  2.1250017611E+005  2.9813585223E+034
  2.1420014732E+005  2.9813519264E+034
  2.1590021049E+005  2.9813448123E+034
  2.1760015114E+005  2.9813366622E+034
  2.1930014712E+005  2.9813281237E+034
  2.2100019810E+005  2.9813190752E+034
  2.2270014621E+005  2.9813089386E+034
  2.2440021888E+005  2.9812990757E+034
  2.2610025452E+005  2.9812898877E+034
  2.2780024833E+005  2.9812812970E+034
  2.2950023525E+005  2.9812728432E+034
  2.3120025170E+005  2.9812645823E+034
  2.3290017653E+005  2.9812570862E+034
  2.3460014370E+005  2.9812494538E+034
  2.3630025471E+005  2.9812424616E+034
  2.3800020845E+005  2.9812352926E+034
  2.3970013356E+005  2.9812274062E+034
  2.4140017774E+005  2.9812186502E+034
  2.4310022221E+005  2.9812083685E+034
  2.4480016675E+005  2.9811976120E+034
  2.4650015541E+005  2.9811868465E+034
  2.4820015813E+005  2.9811760579E+034
  2.4990015512E+005  2.9811652127E+034
  2.5160014075E+005  2.9811545711E+034
  2.5330023508E+005  2.9811440040E+034
  2.5500019110E+005  2.9811335238E+034
  2.5670016861E+005  2.9811229949E+034
  2.5840017497E+005  2.9811123626E+034
  2.6010020031E+005  2.9811015818E+034
  2.6180023536E+005  2.9810886674E+034
  2.6350013497E+005  2.9810737128E+034
  2.6520014823E+005  2.9810584484E+034
  2.6690015426E+005  2.9810428329E+034
  2.6860017006E+005  2.9810268146E+034
  2.7030020161E+005  2.9810106831E+034
  2.7200025419E+005  2.9809946620E+034
  2.7370019198E+005  2.9809784144E+034
  2.7540025741E+005  2.9809586562E+034
  2.7710018646E+005  2.9809348627E+034
  2.7880024275E+005  2.9809095886E+034
  2.8050016411E+005  2.9808820907E+034
  2.8220023004E+005  2.9808532570E+034
  2.8390018500E+005  2.9808162485E+034
  2.8560014688E+005  2.9807732267E+034
  2.8730024774E+005  2.9807287832E+034
  2.8900022059E+005  2.9806713632E+034
  2.9070018376E+005  2.9806111992E+034
  2.9240014542E+005  2.9805379607E+034
  2.9410025010E+005  2.9804468489E+034
  2.9580023307E+005  2.9803208157E+034
  2.9750022586E+005  2.9801390208E+034
  2.9920023178E+005  2.9798731798E+034
  3.0090024089E+005  2.9794539200E+034
  3.0260024396E+005  2.9789097753E+034
  3.0430024961E+005  2.9784001225E+034
  3.0600026142E+005  2.9779951392E+034
  3.0770014577E+005  2.9776737978E+034
  3.0940017254E+005  2.9774106061E+034
  3.1110021238E+005  2.9772051211E+034
  3.1280025275E+005  2.9770325709E+034
  3.1450016567E+005  2.9768735450E+034
  3.1620021340E+005  2.9767278552E+034
  3.1790025780E+005  2.9765947039E+034
  3.1960017932E+005  2.9764724537E+034
  3.2130024132E+005  2.9763584574E+034
  3.2300017492E+005  2.9762594150E+034
  3.2470024799E+005  2.9761677788E+034
  3.2640019788E+005  2.9760847081E+034
  3.2810014453E+005  2.9760058673E+034
  3.2980022582E+005  2.9759334005E+034
  3.3150018579E+005  2.9758573790E+034
  3.3320014719E+005  2.9757909101E+034
  3.3490024312E+005  2.9757288086E+034
  3.3660022000E+005  2.9756714675E+034
  3.3830019978E+005  2.9756186115E+034
  3.4000017785E+005  2.9755673308E+034
  3.4170016304E+005  2.9755199064E+034
  3.4340015447E+005  2.9754754247E+034
  3.4510014430E+005  2.9754307792E+034
  3.4680014173E+005  2.9753863833E+034
  3.4850014780E+005  2.9753435081E+034
  3.5020015305E+005  2.9753044934E+034
  3.5190016246E+005  2.9752717675E+034
  3.5360017782E+005  2.9752374980E+034
  3.5530019289E+005  2.9752025610E+034
  3.5700021192E+005  2.9751686046E+034
  3.5870023650E+005  2.9751360134E+034
  3.6040013163E+005  2.9751043621E+034
  3.6210016350E+005  2.9750774999E+034
  3.6380019865E+005  2.9750502405E+034
  3.6550023288E+005  2.9750231204E+034
  3.6720014102E+005  2.9749973174E+034
  3.6890018309E+005  2.9749724962E+034
  3.7060022362E+005  2.9749467596E+034
  3.7230013738E+005  2.9749189161E+034
  3.7400018760E+005  2.9748930450E+034
  3.7570023649E+005  2.9748683961E+034
  3.7740015575E+005  2.9748446717E+034
  3.7910021281E+005  2.9748226525E+034
  3.8080013981E+005  2.9748026925E+034
  3.8250019868E+005  2.9747846879E+034
  3.8420013467E+005  2.9747668267E+034
  3.8590020409E+005  2.9747494406E+034
  3.8760014471E+005  2.9747326012E+034
  3.8930022460E+005  2.9747162834E+034
  3.9100017672E+005  2.9747025450E+034
  3.9270013389E+005  2.9746890580E+034
  3.9440023208E+005  2.9746749805E+034
  3.9610020437E+005  2.9746610240E+034
  3.9780018680E+005  2.9746477470E+034
  3.9950018297E+005  2.9746346536E+034
  4.0120018705E+005  2.9746237255E+034
  4.0290020207E+005  2.9746125581E+034
  4.0460023086E+005  2.9746012171E+034
  4.0630013587E+005  2.9745899102E+034
  4.0800018126E+005  2.9745787378E+034
  4.0970024192E+005  2.9745677239E+034
  4.1140018159E+005  2.9745563237E+034
  4.1310026041E+005  2.9745451772E+034
  4.1480022213E+005  2.9745350000E+034
  4.1650019424E+005  2.9745253723E+034
  4.1820017035E+005  2.9745160160E+034
  4.1990015831E+005  2.9745068146E+034
  4.2160015800E+005  2.9744937784E+034
  4.2330016127E+005  2.9744834954E+034
  4.2500017437E+005  2.9744741204E+034
  4.2670019942E+005  2.9744649801E+034
  4.2840022711E+005  2.9744559494E+034
  4.3010026170E+005  2.9744475602E+034
  4.3180017673E+005  2.9744427258E+034
  4.3350022680E+005  2.9744356347E+034
  4.3520015238E+005  2.9744281694E+034
  4.3690021943E+005  2.9744206796E+034
  4.3860015965E+005  2.9744132463E+034
  4.4030023642E+005  2.9744056795E+034
  4.4200018946E+005  2.9743954953E+034
  4.4370014651E+005  2.9743858422E+034
  4.4540023973E+005  2.9743769291E+034
  4.4710020989E+005  2.9743686571E+034
  4.4880018574E+005  2.9743609357E+034
  4.5050016521E+005  2.9743551899E+034
  4.5220015197E+005  2.9743553467E+034
  4.5390014208E+005  2.9743542531E+034
  4.5560013252E+005  2.9743517952E+034
  4.5730025963E+005  2.9743483930E+034
  4.5900026119E+005  2.9743443574E+034
  4.6070013124E+005  2.9743402951E+034
  4.6240013794E+005  2.9743360271E+034
  4.6410015161E+005  2.9743311981E+034
  4.6580016392E+005  2.9743262037E+034
  4.6750017837E+005  2.9743211872E+034
  4.6920019895E+005  2.9743162091E+034
  4.7090021933E+005  2.9743080346E+034
  4.7260024177E+005  2.9742994897E+034
  4.7430013871E+005  2.9742929113E+034
  4.7600016900E+005  2.9742873065E+034
  4.7770020076E+005  2.9742822811E+034
  4.7940023623E+005  2.9742776449E+034
  4.8110014255E+005  2.9742761274E+034
  4.8280018236E+005  2.9742745927E+034
  4.8450022592E+005  2.9742722182E+034
  4.8620014023E+005  2.9742695568E+034
  4.8790018915E+005  2.9742667080E+034
  4.8960024255E+005  2.9742636980E+034
  4.9130016553E+005  2.9742591741E+034
  4.9300022138E+005  2.9742557424E+034
  4.9470015330E+005  2.9742525076E+034
  4.9640021861E+005  2.9742492679E+034
  4.9810015502E+005  2.9742460253E+034
  4.9980023141E+005  2.9742428031E+034
  5.0150018114E+005  2.9742383513E+034
  5.0320013145E+005  2.9742346052E+034
  5.0490022099E+005  2.9742313597E+034
  5.0660018554E+005  2.9742284520E+034
  5.0830015221E+005  2.9742257669E+034
  5.1000025806E+005  2.9742232214E+034
  5.1170024161E+005  2.9742229895E+034
  5.1340022994E+005  2.9742209201E+034
  5.1510022667E+005  2.9742185272E+034
  5.1680023244E+005  2.9742159797E+034
  5.1850024408E+005  2.9742133751E+034
  5.2020013336E+005  2.9742109990E+034
  5.2190016354E+005  2.9742084208E+034
  5.2360019972E+005  2.9742061973E+034
  5.2530024498E+005  2.9742043293E+034
  5.2700016978E+005  2.9742027150E+034
  5.2870023096E+005  2.9742012571E+034
  5.3040016906E+005  2.9741996524E+034
  5.3210024988E+005  2.9741983563E+034
  5.3380020445E+005  2.9741970331E+034
  5.3550016597E+005  2.9741955216E+034
  5.3720013967E+005  2.9741938537E+034
  5.3890024900E+005  2.9741920864E+034
  5.4060023264E+005  2.9741910653E+034
  5.4230022667E+005  2.9741910742E+034
  5.4400022622E+005  2.9741907412E+034
  5.4570022989E+005  2.9741902562E+034
  5.4740024326E+005  2.9741896829E+034
  5.4910013333E+005  2.9741890400E+034
  5.5080015816E+005  2.9741876924E+034
  5.5250019030E+005  2.9741856322E+034
  5.5420023048E+005  2.9741838035E+034
  5.5590014282E+005  2.9741821953E+034
  5.5760019166E+005  2.9741807777E+034
  5.5930024892E+005  2.9741795263E+034
  5.6100017943E+005  2.9741795906E+034
  5.6270024544E+005  2.9741809043E+034
  5.6440018837E+005  2.9741824977E+034
  5.6610013483E+005  2.9741853290E+034
  5.6780021585E+005  2.9741924464E+034
  5.6950017270E+005  2.9742123709E+034
  5.7120013204E+005  2.9742671254E+034
  5.7290022625E+005  2.9744060851E+034
  5.7460019527E+005  2.9746782344E+034
  5.7630016623E+005  2.9749901799E+034
  5.7800014074E+005  2.9753201722E+034
  5.7970025184E+005  2.9759485091E+034
  5.8140023358E+005  2.9767471641E+034
  5.8310021902E+005  2.9776685287E+034
  5.8480021008E+005  2.9785744449E+034
  5.8650020335E+005  2.9793579578E+034
  5.8820019869E+005  2.9800243615E+034
  5.8990019942E+005  2.9805832973E+034
  5.9160020316E+005  2.9810924721E+034
  5.9330020797E+005  2.9814701114E+034
  5.9500021713E+005  2.9818136759E+034
  5.9670023178E+005  2.9819555944E+034
  5.9840024755E+005  2.9820595109E+034
  6.0010013632E+005  2.9821542906E+034
  6.0180016214E+005  2.9821521338E+034
  6.0350018928E+005  2.9821560779E+034
  6.0520022006E+005  2.9821564307E+034
  6.0690025676E+005  2.9821556183E+034
  6.0860016455E+005  2.9821553648E+034
  6.1030020824E+005  2.9821566204E+034
  6.1200025794E+005  2.9821611675E+034
  6.1370017897E+005  2.9821610868E+034
  6.1540023753E+005  2.9821609153E+034
  6.1710017141E+005  2.9821610130E+034
  6.1880023853E+005  2.9821608912E+034
  6.2050018136E+005  2.9821608377E+034
  6.2220013218E+005  2.9821608195E+034
  6.2390021681E+005  2.9821608075E+034
  6.2560017676E+005  2.9821619299E+034
  6.2730014616E+005  2.9821607771E+034
  6.2900025129E+005  2.9821607562E+034
  6.3070022997E+005  2.9821607364E+034
  6.3240021900E+005  2.9821607261E+034
  6.3410021573E+005  2.9821607419E+034
  6.3580021601E+005  2.9821607871E+034
  6.3750022604E+005  2.9821608570E+034
  6.3920024520E+005  2.9821609375E+034
  6.4090013717E+005  2.9821610006E+034
  6.4260016816E+005  2.9821610389E+034
  6.4430020873E+005  2.9821604354E+034
  6.4600025408E+005  2.9821604748E+034
  6.4770017604E+005  2.9821604810E+034
  6.4940023788E+005  2.9821604620E+034
  6.5110017404E+005  2.9821604264E+034
  6.5280024840E+005  2.9821603821E+034
  6.5450019969E+005  2.9821603362E+034
  6.5620015536E+005  2.9821602792E+034
  6.5790024921E+005  2.9821602182E+034
  6.5960021928E+005  2.9821601658E+034
  6.6130019352E+005  2.9821601321E+034
  6.6300017419E+005  2.9821601273E+034
  6.6470016281E+005  2.9821601743E+034
  6.6640015638E+005  2.9821602432E+034
  6.6810015441E+005  2.9821603063E+034
  6.6980016052E+005  2.9821603484E+034
  6.7150017183E+005  2.9821603595E+034
  6.7320018622E+005  2.9821603258E+034
  6.7490020797E+005  2.9821602337E+034
  6.7660023581E+005  2.9821600970E+034
  6.7830013509E+005  2.9821599357E+034
  6.8000017151E+005  2.9821597593E+034
  6.8170021407E+005  2.9821546867E+034
  6.8340025918E+005  2.9821542024E+034
  6.8510017823E+005  2.9821537477E+034
  6.8680023364E+005  2.9821533417E+034
  6.8850016099E+005  2.9821529940E+034
  6.9020022398E+005  2.9821527100E+034
  6.9190016009E+005  2.9821524911E+034
  6.9360023021E+005  2.9821523215E+034
  6.9530017339E+005  2.9821521853E+034
  6.9700025209E+005  2.9821520698E+034
  6.9870020280E+005  2.9821519665E+034
  7.0040015775E+005  2.9821518702E+034
  7.0210024874E+005  2.9821517776E+034
  7.0380021103E+005  2.9821516867E+034
  7.0550017689E+005  2.9821515962E+034
  7.0720014808E+005  2.9821515050E+034
  7.0890025223E+005  2.9821514122E+034
  7.1060022858E+005  2.9821513173E+034
  7.1230021114E+005  2.9821512192E+034
  7.1400019620E+005  2.9821511170E+034
  7.1570018392E+005  2.9821510121E+034
  7.1740017876E+005  2.9821509072E+034
  7.1910017686E+005  2.9821508012E+034
  7.2080017712E+005  2.9821506927E+034
  7.2250018455E+005  2.9821505819E+034
  7.2420019640E+005  2.9821504695E+034
  7.2590021049E+005  2.9821503555E+034
  7.2760023132E+005  2.9821502403E+034
  7.2930025836E+005  2.9821501239E+034
  7.3100015751E+005  2.9821500064E+034
  7.3270019363E+005  2.9821498876E+034
  7.3440023715E+005  2.9821497677E+034
  7.3610015387E+005  2.9821496469E+034
  7.3780020708E+005  2.9821495251E+034
  7.3950013735E+005  2.9821494023E+034
  7.4120020330E+005  2.9821492782E+034
  7.4290014414E+005  2.9821491530E+034
  7.4460022417E+005  2.9821490270E+034
  7.4630017794E+005  2.9821489002E+034
  7.4800013798E+005  2.9821487724E+034
  7.4970023817E+005  2.9821486436E+034
  7.5140021194E+005  2.9821485137E+034
  7.5310019219E+005  2.9821483831E+034
  7.5480018207E+005  2.9821482523E+034
  7.5650017622E+005  2.9821481216E+034
  7.5820017578E+005  2.9821479911E+034
  7.5990018482E+005  2.9821478613E+034
  7.6160019964E+005  2.9821477322E+034
  7.6330021897E+005  2.9821476041E+034
  7.6500024672E+005  2.9821474767E+034
  7.6670015106E+005  2.9821473476E+034
  7.6840019043E+005  2.9821472113E+034
  7.7010023620E+005  2.9821470658E+034
  7.7180015928E+005  2.9821469159E+034
  7.7350021764E+005  2.9821467649E+034
  7.7520014974E+005  2.9821466136E+034
  7.7690022089E+005  2.9821464623E+034
  7.7860016605E+005  2.9821463117E+034
  7.8030024661E+005  2.9821461609E+034
  7.8200020336E+005  2.9821460088E+034
  7.8370016507E+005  2.9821458546E+034
  7.8540013186E+005  2.9821456995E+034
  7.8710023624E+005  2.9821455442E+034
  7.8880021324E+005  2.9821453884E+034
  7.9050019589E+005  2.9821452309E+034
  7.9220018445E+005  2.9821450713E+034
  7.9390017585E+005  2.9821449101E+034
  7.9560017213E+005  2.9821447484E+034
  7.9730017458E+005  2.9821445861E+034
  7.9900017991E+005  2.9821444231E+034
  8.0070018919E+005  2.9821442589E+034
  8.0240020459E+005  2.9821440933E+034
  8.0410022382E+005  2.9821439262E+034
  8.0580024546E+005  2.9821437569E+034
  8.0750014110E+005  2.9821435852E+034
  8.0920017250E+005  2.9821434110E+034
  8.1090020614E+005  2.9821432348E+034
  8.1260024369E+005  2.9821430573E+034
  8.1430015633E+005  2.9821428789E+034
  8.1600020264E+005  2.9821426994E+034
  8.1770025273E+005  2.9821425181E+034
  8.1940017735E+005  2.9821423347E+034
  8.2110023563E+005  2.9821421487E+034
  8.2280016674E+005  2.9821419600E+034
  8.2450023443E+005  2.9821417686E+034
  8.2620017330E+005  2.9821415754E+034
  8.2790024841E+005  2.9821413805E+034
  8.2960019795E+005  2.9821411841E+034
  8.3130014955E+005  2.9821409863E+034
  8.3300023742E+005  2.9821407872E+034
  8.3470020028E+005  2.9821405867E+034
  8.3640016594E+005  2.9821403847E+034
  8.3810013619E+005  2.9821401811E+034
  8.3980024432E+005  2.9821399756E+034
  8.4150022531E+005  2.9821397681E+034
  8.4320020997E+005  2.9821395585E+034
  8.4490020174E+005  2.9821393470E+034
  8.4660019919E+005  2.9821391333E+034
  8.4830019996E+005  2.9821389176E+034
  8.5000020823E+005  2.9821386998E+034
  8.5170022399E+005  2.9821384797E+034
  8.5340024274E+005  2.9821382574E+034
  8.5510013758E+005  2.9821380329E+034
  8.5680017138E+005  2.9821378062E+034
  8.5850020842E+005  2.9821375774E+034
  8.6020025213E+005  2.9821373464E+034
  8.6190017290E+005  2.9821371132E+034
  8.6360022925E+005  2.9821368778E+034
  8.6530016067E+005  2.9821366400E+034
  8.6700023166E+005  2.9821363997E+034
  8.6870017682E+005  2.9821361569E+034
  8.7040025884E+005  2.9821359115E+034
  8.7210021744E+005  2.9821356635E+034
  8.7380018182E+005  2.9821354128E+034
  8.7550015169E+005  2.9821351595E+034
  8.7720025967E+005  2.9821349036E+034
  8.7890024297E+005  2.9821346452E+034
  8.8060023145E+005  2.9821343841E+034
  8.8230022658E+005  2.9821341205E+034
  8.8400022803E+005  2.9821338541E+034
  8.8570023396E+005  2.9821335848E+034
  8.8740024693E+005  2.9821333126E+034
  8.8910013470E+005  2.9821330375E+034
  8.9080015725E+005  2.9821327592E+034
  8.9250018662E+005  2.9821324778E+034
  8.9420022188E+005  2.9821321931E+034
  8.9590026041E+005  2.9821319053E+034
  8.9760017407E+005  2.9821316140E+034
  8.9930022550E+005  2.9821313188E+034
  9.0100014935E+005  2.9821310200E+034
  9.0270020953E+005  2.9821307178E+034
  9.0440014487E+005  2.9821304129E+034
  9.0610021540E+005  2.9821301066E+034
  9.0780015862E+005  2.9821298008E+034
  9.0950023831E+005  2.9821294973E+034
  9.1120019161E+005  2.9821291973E+034
  9.1290014876E+005  2.9821289000E+034
  9.1460024186E+005  2.9821286031E+034
  9.1630020862E+005  2.9821283045E+034
  9.1800017892E+005  2.9821280026E+034
  9.1970015378E+005  2.9821276968E+034
  9.2140013233E+005  2.9821273867E+034
  9.2310024560E+005  2.9821270722E+034
  9.2480023315E+005  2.9821267537E+034
  9.2650022376E+005  2.9821264318E+034
  9.2820021738E+005  2.9821261070E+034
  9.2990021744E+005  2.9821257799E+034
  9.3160022088E+005  2.9821254506E+034
  9.3330022631E+005  2.9821251193E+034
  9.3500023836E+005  2.9821247855E+034
  9.3670025514E+005  2.9821244492E+034
  9.3840014257E+005  2.9821241104E+034
  9.4010016669E+005  2.9821237692E+034
  9.4180019652E+005  2.9821234255E+034
  9.4350022866E+005  2.9821230796E+034
  9.4520013394E+005  2.9821227317E+034
  9.4690017682E+005  2.9821223818E+034
  9.4860022381E+005  2.9821220303E+034
  9.5030014310E+005  2.9821216774E+034
  9.5200020027E+005  2.9821213231E+034
  9.5370013119E+005  2.9821209675E+034
  9.5540019676E+005  2.9821206104E+034
  9.5710013767E+005  2.9821202516E+034
  9.5880021466E+005  2.9821198906E+034
  9.6050016478E+005  2.9821195273E+034
  9.6220025323E+005  2.9821191616E+034
  9.6390021599E+005  2.9821187935E+034
  9.6560018342E+005  2.9821184231E+034
  9.6730015880E+005  2.9821180506E+034
  9.6900013950E+005  2.9821176760E+034
  9.7070025544E+005  2.9821172997E+034
  9.7240024826E+005  2.9821169219E+034
  9.7410024708E+005  2.9821165427E+034
  9.7580024984E+005  2.9821161623E+034
  9.7750025991E+005  2.9821157810E+034
  9.7920014603E+005  2.9821153989E+034
  9.8090016778E+005  2.9821150157E+034
  9.8260019499E+005  2.9821146315E+034
  9.8430023050E+005  2.9821142461E+034
  9.8600014012E+005  2.9821138591E+034
  9.8770018554E+005  2.9821134704E+034
  9.8940023896E+005  2.9821130798E+034
  9.9110016712E+005  2.9821126872E+034
  9.9280023027E+005  2.9821122924E+034
  9.9450016973E+005  2.9821118956E+034
  9.9620024631E+005  2.9821114966E+034
  9.9790019611E+005  2.9821110955E+034
  9.9960015282E+005  2.9821106924E+034
  1.0013002463E+006  2.9821102872E+034
  1.0030002133E+006  2.9821098801E+034
  1.0047001865E+006  2.9821094712E+034
  1.0064001646E+006  2.9821090605E+034
  1.0081001473E+006  2.9821086481E+034
  1.0098001358E+006  2.9821082341E+034
  1.0115002605E+006  2.9821078184E+034
  1.0132002588E+006  2.9821074012E+034
  1.0149001312E+006  2.9821069823E+034
  1.0166001400E+006  2.9821065616E+034
  1.0183001528E+006  2.9821061390E+034
  1.0200001705E+006  2.9821057144E+034
  1.0217001934E+006  2.9821052877E+034
  1.0234002201E+006  2.9821048587E+034
  1.0251002510E+006  2.9821044274E+034
  1.0268001564E+006  2.9821039937E+034
  1.0285001963E+006  2.9821035576E+034
  1.0302002400E+006  2.9821031191E+034
  1.0319001586E+006  2.9821026780E+034
  1.0336002116E+006  2.9821022342E+034
  1.0353001369E+006  2.9821017880E+034
  1.0370001995E+006  2.9821013392E+034
  1.0387001340E+006  2.9821008878E+034
  1.0404002029E+006  2.9821004340E+034
  1.0421001460E+006  2.9820999777E+034
  1.0438002240E+006  2.9820995190E+034
  1.0455001742E+006  2.9820990579E+034
  1.0472002606E+006  2.9820985945E+034
  1.0489002206E+006  2.9820981288E+034
  1.0506001843E+006  2.9820976608E+034
  1.0523001527E+006  2.9820971906E+034
  1.0540002572E+006  2.9820967180E+034
  1.0557002340E+006  2.9820962431E+034
  1.0574002156E+006  2.9820957659E+034
  1.0591002024E+006  2.9820952863E+034
  1.0608001926E+006  2.9820948044E+034
  1.0625001881E+006  2.9820943200E+034
  1.0642001900E+006  2.9820938332E+034
  1.0659001946E+006  2.9820933440E+034
  1.0676002043E+006  2.9820928524E+034
  1.0693002214E+006  2.9820923584E+034
  1.0710002413E+006  2.9820918622E+034
  1.0727001348E+006  2.9820913638E+034
  1.0744001674E+006  2.9820908632E+034
  1.0761002043E+006  2.9820903605E+034
  1.0778002452E+006  2.9820898558E+034
  1.0795001625E+006  2.9820893493E+034
  1.0812002172E+006  2.9820888410E+034
  1.0829001446E+006  2.9820883309E+034
  1.0846002098E+006  2.9820878192E+034
  1.0863001514E+006  2.9820873054E+034
  1.0880002285E+006  2.9820867877E+034
  1.0897001798E+006  2.9820862661E+034
  1.0914001386E+006  2.9820857408E+034
  1.0931002335E+006  2.9820852118E+034
  1.0948002024E+006  2.9820846794E+034
  1.0965001785E+006  2.9820841437E+034
  1.0982001598E+006  2.9820836049E+034
  1.0999001468E+006  2.9820830629E+034
  1.1016001407E+006  2.9820825181E+034
  1.1033001390E+006  2.9820819703E+034
  1.1050001433E+006  2.9820814198E+034
  1.1067001544E+006  2.9820808667E+034
  1.1084001695E+006  2.9820803109E+034
  1.1101001902E+006  2.9820797526E+034
  1.1118002181E+006  2.9820791919E+034
  1.1135002505E+006  2.9820786289E+034
  1.1152001564E+006  2.9820780639E+034
  1.1169002001E+006  2.9820774967E+034
  1.1186002492E+006  2.9820769277E+034
  1.1203001710E+006  2.9820763569E+034
  1.1220002292E+006  2.9820759964E+034
  1.1237001625E+006  2.9820758226E+034
  1.1254002309E+006  2.9820756482E+034
  1.1271001724E+006  2.9820754735E+034
  1.1288002513E+006  2.9820752988E+034
  1.1305002033E+006  2.9820751245E+034
  1.1322001593E+006  2.9820749508E+034
  1.1339002523E+006  2.9820747779E+034
  1.1356002182E+006  2.9820746060E+034
  1.1373001884E+006  2.9820744354E+034
  1.1390001637E+006  2.9820742661E+034
  1.1407001422E+006  2.9820740982E+034
  1.1424002570E+006  2.9820739316E+034
  1.1441002452E+006  2.9820737664E+034
  1.1458002365E+006  2.9820736024E+034
  1.1475002329E+006  2.9820734396E+034
  1.1492002346E+006  2.9820732778E+034
  1.1509002392E+006  2.9820731167E+034
  1.1526002479E+006  2.9820729562E+034
  1.1543002619E+006  2.9820727961E+034
  1.1560001480E+006  2.9820726361E+034
  1.1577001687E+006  2.9820724760E+034
  1.1594001946E+006  2.9820723156E+034
  1.1611002253E+006  2.9820721548E+034
  1.1628002589E+006  2.9820719935E+034
  1.1645001664E+006  2.9820718315E+034
  1.1662002106E+006  2.9820716689E+034
  1.1679002575E+006  2.9820715055E+034
  1.1696001782E+006  2.9820713417E+034
  1.1713002362E+006  2.9820711772E+034
  1.1730001660E+006  2.9820710125E+034
  1.1747002320E+006  2.9820708475E+034
  1.1764001731E+006  2.9820706826E+034
  1.1781002487E+006  2.9820705179E+034
  1.1798001980E+006  2.9820703537E+034
  1.1815001538E+006  2.9820701902E+034
  1.1832002448E+006  2.9820700276E+034
  1.1849002096E+006  2.9820698662E+034
  1.1866001807E+006  2.9820697063E+034
  1.1883001565E+006  2.9820695479E+034
  1.1900001369E+006  2.9820693913E+034
  1.1917002547E+006  2.9820692366E+034
  1.1934002471E+006  2.9820690839E+034
  1.1951002440E+006  2.9820689333E+034
  1.1968002474E+006  2.9820687847E+034
  1.1985002574E+006  2.9820686383E+034
  1.2002001404E+006  2.9820684938E+034
  1.2019001611E+006  2.9820683513E+034
  1.2036001885E+006  2.9820682105E+034
  1.2053002195E+006  2.9820680713E+034
  1.2070002570E+006  2.9820679334E+034
  1.2087001702E+006  2.9820677967E+034
  1.2104002186E+006  2.9820676608E+034
  1.2121001418E+006  2.9820675255E+034
  1.2138002035E+006  2.9820673904E+034
  1.2155001383E+006  2.9820672552E+034
  1.2172002094E+006  2.9820671197E+034
  1.2189001563E+006  2.9820669837E+034
  1.2206002396E+006  2.9820668468E+034
  1.2223001960E+006  2.9820667091E+034
  1.2240001585E+006  2.9820665703E+034
  1.2257002585E+006  2.9820664301E+034
  1.2274002314E+006  2.9820662886E+034
  1.2291002095E+006  2.9820661455E+034
