 0001  0.1063528452092950E+000
 0002  0.1057460054625256E+000
 0003  0.1057460054625255E+000
 0004  0.1057460054625255E+000
 0005  0.1057460054625255E+000
 0006  0.1050710188332903E+000
 0007  0.1050710188332903E+000
 0008  0.1050710188332903E+000
 0009  0.1043317888062659E+000
 0010  0.1043317888062660E+000
 0011  0.1043317888062660E+000
 0012  0.1036014123907723E+000
 0013  0.1036014123907723E+000
 0014  0.1036014123907723E+000
 0015  0.1027996311569031E+000
 0016  0.1027996311569031E+000
 0017  0.1027996311569031E+000
 0018  0.1020060555265398E+000
 0019  0.1020060555265398E+000
 0020  0.1011500658282166E+000
 0021  0.1011500658282166E+000
 0022  0.1011500658282166E+000
 0023  0.1002178184430387E+000
 0024  0.1002178184430387E+000
 0025  0.1002178184430387E+000
 0026  0.9929255590953548E-001
 0027  0.9929255590953549E-001
 0028  0.9829741408149140E-001
 0029  0.9829741408149138E-001
 0030  0.9723277554267486E-001
 0031  0.9723277554267486E-001
 0032  0.9723277554267486E-001
 0033  0.9617311431732649E-001
 0034  0.9617311431732650E-001
 0035  0.9504234939555412E-001
 0036  0.9504234939555412E-001
 0037  0.9393784297230978E-001
 0038  0.9393784297230977E-001
 0039  0.9275496587898253E-001
 0040  0.9275496587898253E-001
 0041  0.9149407315307136E-001
 0042  0.9149407315307136E-001
 0043  0.9026246073923025E-001
 0044  0.9026246073923025E-001
 0045  0.8894485682941239E-001
 0046  0.8894485682941239E-001
 0047  0.8754854723333184E-001
 0048  0.8754854723333184E-001
 0049  0.8618466258497248E-001
 0050  0.8477335145850678E-001
 0051  0.8477335145850677E-001
 0052  0.8327706278430924E-001
 0053  0.8327706278430924E-001
 0054  0.8169698848851610E-001
 0055  0.8169698848851611E-001
 0056  0.8015360650407033E-001
 0057  0.7857038242699028E-001
 0058  0.7857038242699028E-001
 0059  0.7689822068135976E-001
 0060  0.7689822068135978E-001
 0061  0.7526488969169884E-001
 0062  0.7360169364276556E-001
 0063  0.7360169364276556E-001
 0064  0.7184918335448265E-001
 0065  0.7008169365556716E-001
 0066  0.7008169365556714E-001
 0067  0.6835524840785787E-001
 0068  0.6835524840785785E-001
 0069  0.6653110299973045E-001
 0070  0.6469801083942456E-001
 0071  0.6469801083942456E-001
 0072  0.6277340333935560E-001
 0073  0.6098451860519118E-001
 0074  0.6098451860519118E-001
 0075  0.5909760695726086E-001
 0076  0.5722174385414319E-001
 0077  0.5536552907602803E-001
 0078  0.5536552907602802E-001
 0079  0.5343522905010990E-001
 0080  0.5154638445769517E-001
 0081  0.5154638445769517E-001
 0082  0.4970140240646352E-001
 0083  0.4789132541769305E-001
 0084  0.4612095679486714E-001
 0085  0.4612095679486714E-001
 0086  0.4428158998057781E-001
 0087  0.4250088041932278E-001
 0088  0.4073113526362823E-001
 0089  0.4073113526362823E-001
 0090  0.3895962354291287E-001
 0091  0.3730774088976538E-001
 0092  0.3576067267452263E-001
 0093  0.3430607009763281E-001
 0094  0.3293354241470827E-001
 0095  0.3293354241470827E-001
 0096  0.3152377487344108E-001
 0097  0.3019270716127096E-001
 0098  0.2893187061993554E-001
 0099  0.2773279148107208E-001
 0100  0.2555677774161044E-001
 0101  0.2457134282669425E-001
 0102  0.2363125645874399E-001
 0103  0.2273465143017624E-001
 0104  0.2187972215990068E-001
 0105  0.2106472414548301E-001
 0106  0.2028797282001310E-001
 0107  0.1954736870699909E-001
 0108  0.1884147816291743E-001
 0109  0.1814876157509394E-001
 0110  0.1749224452747118E-001
 0111  0.1632771124073650E-001
 0112  0.1581019930925706E-001
 0113  0.1531618717642797E-001
 0114  0.1484471923728252E-001
 0115  0.1439486912382549E-001
 0116  0.1396573973631406E-001
 0117  0.1355646315626038E-001
 0118  0.1315648326277724E-001
 0119  0.1277662397171283E-001
 0120  0.1209859714900072E-001
 0121  0.1179555350564316E-001
 0122  0.1150601831113437E-001
 0123  0.1122942886956503E-001
 0124  0.1096524241487284E-001
 0125  0.1070749258415543E-001
 0126  0.1046206253985916E-001
 0127  0.1022836135725435E-001
 0128  0.1000582629624494E-001
 0129  0.9793921773293808E-002
 0130  0.9413500217882714E-002
 0131  0.9242498628675490E-002
 0132  0.9075736089861763E-002
 0133  0.8916549642749511E-002
 0134  0.8764593203991413E-002
 0135  0.8619536619286133E-002
 0136  0.8481064922347162E-002
 0137  0.8348853025690385E-002
 0138  0.8108174594849679E-002
 0139  0.7998662691033614E-002
 0140  0.7893869935533966E-002
 0141  0.7793576715053651E-002
 0142  0.7697590558990936E-002
 0143  0.7605727093747753E-002
 0144  0.7517809765985036E-002
 0145  0.7432399399739255E-002
 0146  0.7277699212734821E-002
 0147  0.7207583481918786E-002
 0148  0.7140327445672326E-002
 0149  0.7075814688241548E-002
 0150  0.7013933503596293E-002
 0151  0.6953750738889116E-002
 0152  0.6896107609831287E-002
 0153  0.6791140297190398E-002
 0154  0.6743311489553139E-002
 0155  0.6697334035324290E-002
 0156  0.6652580325113102E-002
 0157  0.6609618041595207E-002
 0158  0.6568370409656184E-002
 0159  0.6528767798965236E-002
 0160  0.6456290687462180E-002
 0161  0.6422720642864767E-002
 0162  0.6390424460207680E-002
 0163  0.6359352994024278E-002
 0164  0.6329459019748642E-002
 0165  0.6300695181662523E-002
 0166  0.6273018208612462E-002
 0167  0.6221613923903379E-002
 0168  0.6198010549446002E-002
 0169  0.6175256887761635E-002
 0170  0.6153321971253087E-002
 0171  0.6131963197775626E-002
 0172  0.6111390449915583E-002
 0173  0.6073465812606359E-002
 0174  0.6055977835672389E-002
 0175  0.6038930055346885E-002
 0176  0.6022479621779426E-002
 0177  0.6006604341423740E-002
 0178  0.5991283628430503E-002
 0179  0.5962809423651890E-002
 0180  0.5949577948067388E-002
 0181  0.5936787637501916E-002
 0182  0.5924422970859738E-002
 0183  0.5912370322586651E-002
 0184  0.5900726179057236E-002
 0185  0.5879119226700749E-002
 0186  0.5869091611623153E-002
 0187  0.5859305490158155E-002
 0188  0.5849835490912484E-002
 0189  0.5840671096457526E-002
 0190  0.5823547103664757E-002
 0191  0.5815547077418770E-002
 0192  0.5807793724546421E-002
 0193  0.5800279232343880E-002
 0194  0.5792944237458560E-002
 0195  0.5779255565077578E-002
 0196  0.5772866797627616E-002
 0197  0.5766624302036858E-002
 0198  0.5760568323355902E-002
 0199  0.5754693106910080E-002
 0200  0.5743662004669116E-002
 0201  0.5738483596456682E-002
 0202  0.5733453234312483E-002
 0203  0.5728536437404945E-002
 0204  0.5719314512568717E-002
 0205  0.5714989115164766E-002
 0206  0.5710757319204849E-002
 0207  0.5706642863632538E-002
 0208  0.5702642317509069E-002
 0209  0.5695078310573545E-002
 0210  0.5691523309533512E-002
 0211  0.5688062771465372E-002
 0212  0.5684675766180851E-002
 0213  0.5678294791345171E-002
 0214  0.5675272982389500E-002
 0215  0.5672329162357595E-002
 0216  0.5669461212277048E-002
 0217  0.5664019582967010E-002
 0218  0.5661451457183012E-002
 0219  0.5658934855135430E-002
 0220  0.5656481232680640E-002
 0221  0.5651830071220852E-002
 0222  0.5649625675716286E-002
 0223  0.5647474362260837E-002
 0224  0.5645365318802592E-002
 0225  0.5641361495119708E-002
 0226  0.5639461124233254E-002
 0227  0.5637605199195751E-002
 0228  0.5634068364827362E-002
 0229  0.5632390493338292E-002
 0230  0.5630743738642661E-002
 0231  0.5629134399635722E-002
 0232  0.5626063785311130E-002
 0233  0.5624604927635907E-002
 0234  0.5623172554441534E-002
 0235  0.5620441431531107E-002
 0236  0.5619139473324011E-002
 0237  0.5617860684160172E-002
 0238  0.5616609334789276E-002
 0239  0.5614220380154240E-002
 0240  0.5613080107997158E-002
 0241  0.5611959651078305E-002
 0242  0.5609818082909176E-002
 0243  0.5608794699918510E-002
 0244  0.5607788721219528E-002
 0245  0.5605863778018186E-002
 0246  0.5604942873175675E-002
 0247  0.5604037282966749E-002
 0248  0.5602302543993345E-002
 0249  0.5601471732412854E-002
 0250  0.5600654428348659E-002
 0251  0.5599087166991407E-002
 0252  0.5598335778338801E-002
 0253  0.5597596327982636E-002
 0254  0.5596176924239550E-002
 0255  0.5595493937823875E-002
 0256  0.5594181686351340E-002
 0257  0.5593551332885672E-002
 0258  0.5592930560416001E-002
 0259  0.5591735280381783E-002
 0260  0.5591159943027465E-002
 0261  0.5590594568331622E-002
 0262  0.5589503787371367E-002
 0263  0.5588978935380750E-002
 0264  0.5587965579223302E-002
 0265  0.5587477567600102E-002
 0266  0.5586996549421793E-002
 0267  0.5586068239719273E-002
 0268  0.5585620373808785E-002
 0269  0.5584754547819951E-002
 0270  0.5584336951374536E-002
 0271  0.5583529084719600E-002
 0272  0.5583138407823520E-002
 0273  0.5582753757533371E-002
 0274  0.5582009216962170E-002
 0275  0.5581648960872259E-002
 0276  0.5580951279097626E-002
 0277  0.5580614087365233E-002
 0278  0.5579960651407575E-002
 0279  0.5579644105992673E-002
 0280  0.5579030373481232E-002
 0281  0.5578732910682374E-002
 0282  0.5578155889816968E-002
 0283  0.5577876079459052E-002
 0284  0.5577333037179262E-002
 0285  0.5577069576985397E-002
 0286  0.5576558029092281E-002
 0287  0.5576309731904689E-002
 0288  0.5575827403751630E-002
 0289  0.5575593180539012E-002
 0290  0.5575137717752197E-002
 0291  0.5574916316424758E-002
 0292  0.5574485879485563E-002
 0293  0.5574276680316132E-002
 0294  0.5573869351654763E-002
 0295  0.5573479376948712E-002
 0296  0.5573289587695471E-002
 0297  0.5572919979207371E-002
 0298  0.5572740039107562E-002
 0299  0.5572389331011109E-002
 0300  0.5572052830037022E-002
 0301  0.5571888824071624E-002
 0302  0.5571569103667058E-002
 0303  0.5571413167726031E-002
 0304  0.5571108973491078E-002
 0305  0.5570816560901339E-002
 0306  0.5570673866403740E-002
 0307  0.5570395248196018E-002
 0308  0.5570127094491365E-002
 0309  0.5569996171141704E-002
 0310  0.5569740405198234E-002
 0311  0.5569493971073080E-002
 0312  0.5569373557447636E-002
 0313  0.5569138086157266E-002
 0314  0.5568910987059684E-002
 0315  0.5568691828140022E-002
 0316  0.5568584624125587E-002
 0317  0.5568374818553908E-002
 0318  0.5568172188799209E-002
 0319  0.5567976352595740E-002
 0320  0.5567880474779160E-002
 0321  0.5567692710223724E-002
 0322  0.5567511074682138E-002
 0323  0.5567335304019772E-002
 0324  0.5567165172620360E-002
 0325  0.5567000386763809E-002
 0326  0.5566919603455378E-002
 0327  0.5566761145254913E-002
 0328  0.5566607575511415E-002
 0329  0.5566458670861433E-002
 0330  0.5566314247295197E-002
 0331  0.5566174122755131E-002
 0332  0.5566038109569704E-002
 0333  0.5565906049708740E-002
 0334  0.5565777784086949E-002
 0335  0.5565653161145101E-002
 0336  0.5565532170346457E-002
 0337  0.5565414829954627E-002
 0338  0.5565300990226534E-002
 0339  0.5565190509151877E-002
 0340  0.5565083251974499E-002
 0341  0.5564979090748164E-002
 0342  0.5564877903923902E-002
 0343  0.5564779575966404E-002
 0344  0.5564683996997118E-002
 0345  0.5564591062461970E-002
 0346  0.5564456871969723E-002
 0347  0.5564370725610637E-002
 0348  0.5564286867876955E-002
 0349  0.5564205216043897E-002
 0350  0.5564125691161986E-002
 0351  0.5564010615995223E-002
 0352  0.5563936585280865E-002
 0353  0.5563864410751221E-002
 0354  0.5563759836286790E-002
 0355  0.5563692475336082E-002
 0356  0.5563626742477007E-002
 0357  0.5563531387020086E-002
 0358  0.5563469892034949E-002
 0359  0.5563380609006406E-002
 0360  0.5563322982461882E-002
 0361  0.5563239249109967E-002
 0362  0.5563185162139856E-002
 0363  0.5563106512421637E-002
 0364  0.5563055671403472E-002
 0365  0.5562981688630364E-002
 0366  0.5562910497660624E-002
 0367  0.5562841954839464E-002
 0368  0.5562797576528970E-002
 0369  0.5562732898621097E-002
 0370  0.5562670544404781E-002
 0371  0.5562610400438654E-002
 0372  0.5562552360375805E-002
 0373  0.5562496324425215E-002
 0374  0.5562442198861024E-002
 0375  0.5562389895574805E-002
 0376  0.5562339331666508E-002
 0377  0.5562290429070297E-002
 0378  0.5562243114211850E-002
 0379  0.5562197317694136E-002
 0380  0.5562138610413945E-002
 0381  0.5562096260808066E-002
 0382  0.5562041913910539E-002
 0383  0.5562002668845763E-002
 0384  0.5561952255592940E-002
 0385  0.5561915815668203E-002
 0386  0.5561868962101852E-002
 0387  0.5561824058868857E-002
 0388  0.5561780998988533E-002
 0389  0.5561739682989080E-002
 0390  0.5561700018265182E-002
 0391  0.5561661918500030E-002
 0392  0.5561625303144407E-002
 0393  0.5561581560507107E-002
 0394  0.5561548099215127E-002
 0395  0.5561508075224719E-002
 0396  0.5561477422079784E-002
 0397  0.5561440715361670E-002
 0398  0.5561405735609169E-002
 0399  0.5561365931775001E-002
 0400  0.5561334458047914E-002
 0401  0.5561298589381756E-002
 0402  0.5561270186098598E-002
 0403  0.5561237772159521E-002
 0404  0.5561202165603389E-002
 0405  0.5561173407782669E-002
 0406  0.5561141763243131E-002
 0407  0.5561112047068175E-002
 0408  0.5561080285041809E-002
 0409  0.5561054271995101E-002
 0410  0.5561023085203902E-002
 0411  0.5560994260338969E-002
 0412  0.5560967587650284E-002
 0413  0.5560940261053316E-002
 0414  0.5560912769255457E-002
 0415  0.5560887710618141E-002
 0416  0.5560860919860581E-002
 0417  0.5560835131145918E-002
 0418  0.5560809086061680E-002
 0419  0.5560784905597672E-002
 0420  0.5560760414886803E-002
 0421  0.5560736720211065E-002
 0422  0.5560712431882222E-002
 0423  0.5560689107383197E-002
 0424  0.5560666320863389E-002
 0425  0.5560652090071819E-002
 0426  0.5560652090071819E-002
 0427  0.5560652090071819E-002
 0428  0.5560652090071819E-002
 0429  0.5560652090071819E-002
 0430  0.5560652090071819E-002
 0431  0.5560652090071819E-002
 0432  0.5560652090071819E-002
 0433  0.5560652090071819E-002
 0434  0.5560652090071819E-002
 0435  0.5560652090071819E-002
 0436  0.5560652090071819E-002
 0437  0.5560652090071819E-002
 0438  0.5560652090071819E-002
 0439  0.5560652090071819E-002
 0440  0.5560652090071819E-002
 0441  0.5560652090071819E-002
 0442  0.5560652090071819E-002
 0443  0.5560652090071819E-002
 0444  0.5560652090071819E-002
 0445  0.5560652090071819E-002
 0446  0.5560652090071819E-002
 0447  0.5560652090071819E-002
 0448  0.5560652090071819E-002
 0449  0.5560652090071819E-002
 0450  0.5560652090071819E-002
 0451  0.5560652090071819E-002
 0452  0.5560652090071819E-002
 0453  0.5560652090071819E-002
 0454  0.5560652090071819E-002
 0455  0.5560652090071819E-002
 0456  0.5560652090071819E-002
 0457  0.5560652090071819E-002
 0458  0.5560652090071819E-002
 0459  0.5560652090071819E-002
 0460  0.5560652090071819E-002
 0461  0.5560652090071819E-002
 0462  0.5560652090071819E-002
 0463  0.5560652090071819E-002
 0464  0.5560652090071819E-002
 0465  0.5560652090071819E-002
 0466  0.5560652090071819E-002
 0467  0.5560652090071819E-002
 0468  0.5560652090071819E-002
 0469  0.5560652090071819E-002
 0470  0.5560652090071819E-002
 0471  0.5560652090071819E-002
 0472  0.5560652090071819E-002
 0473  0.5560652090071819E-002
 0474  0.5560652090071819E-002
 0475  0.5560652090071819E-002
 0476  0.5560652090071819E-002
 0477  0.5560652090071819E-002
 0478  0.5560652090071819E-002
 0479  0.5560652090071819E-002
 0480  0.5560652090071819E-002
 0481  0.5560652090071819E-002
 0482  0.5560652090071819E-002
 0483  0.5560652090071819E-002
 0484  0.5560652090071819E-002
 0485  0.5560652090071819E-002
 0486  0.5560652090071819E-002
 0487  0.5560652090071819E-002
 0488  0.5560652090071819E-002
 0489  0.5560652090071819E-002
 0490  0.5560652090071819E-002
 0491  0.5560652090071819E-002
 0492  0.5560652090071819E-002
 0493  0.5560652090071819E-002
 0494  0.5560652090071819E-002
 0495  0.5560652090071819E-002
 0496  0.5560652090071819E-002
 0497  0.5560652090071819E-002
 0498  0.5560652090071819E-002
 0499  0.5560652090071819E-002
 0500  0.5560652090071819E-002
 0501  0.5560652090071819E-002
 0502  0.5560652090071819E-002
 0503  0.5560652090071819E-002
 0504  0.5560652090071819E-002
 0505  0.5560652090071819E-002
 0506  0.5560652090071819E-002
 0507  0.5560652090071819E-002
 0508  0.5560652090071819E-002
 0509  0.5560652090071819E-002
 0510  0.5560652090071819E-002
 0511  0.5560652090071819E-002
 0512  0.5560652090071819E-002
 0513  0.5560652090071819E-002
 0514  0.5560652090071819E-002
 0515  0.5560652090071819E-002
 0516  0.5560652090071819E-002
 0517  0.5560652090071819E-002
 0518  0.5560652090071819E-002
 0519  0.5560652090071819E-002
 0520  0.5560652090071819E-002
 0521  0.5560652090071819E-002
 0522  0.5560652090071819E-002
 0523  0.5560652090071819E-002
 0524  0.5560652090071819E-002
 0525  0.5560652090071819E-002
 0526  0.5560652090071819E-002
 0527  0.5560652090071819E-002
 0528  0.5560652090071819E-002
 0529  0.5560652090071819E-002
 0530  0.5560652090071819E-002
 0531  0.5560652090071819E-002
 0532  0.5560652090071819E-002
 0533  0.5560652090071819E-002
 0534  0.5560652090071819E-002
 0535  0.5560652090071819E-002
 0536  0.5560652090071819E-002
 0537  0.5560652090071819E-002
 0538  0.5560652090071819E-002
 0539  0.5560652090071819E-002
 0540  0.5560652090071819E-002
 0541  0.5560652090071819E-002
 0542  0.5560652090071819E-002
 0543  0.5560652090071819E-002
 0544  0.5560652090071819E-002
 0545  0.5560652090071819E-002
 0546  0.5560652090071819E-002
 0547  0.5560652090071819E-002
 0548  0.5560652090071819E-002
 0549  0.5560652090071819E-002
 0550  0.5560652090071819E-002
 0551  0.5560652090071819E-002
 0552  0.5560652090071819E-002
 0553  0.5560652090071819E-002
 0554  0.5560652090071819E-002
 0555  0.5560652090071819E-002
 0556  0.5560652090071819E-002
 0557  0.5560652090071819E-002
 0558  0.5560652090071819E-002
 0559  0.5560652090071819E-002
 0560  0.5560652090071819E-002
 0561  0.5560652090071819E-002
 0562  0.5560652090071819E-002
 0563  0.5560652090071819E-002
 0564  0.5560652090071819E-002
 0565  0.5560652090071819E-002
 0566  0.5560652090071819E-002
 0567  0.5560652090071819E-002
 0568  0.5560652090071819E-002
 0569  0.5560652090071819E-002
 0570  0.5560652090071819E-002
 0571  0.5560652090071819E-002
 0572  0.5560652090071819E-002
 0573  0.5560652090071819E-002
 0574  0.5560652090071819E-002
 0575  0.5560652090071819E-002
 0576  0.5560652090071819E-002
 0577  0.5560652090071819E-002
 0578  0.5560652090071819E-002
 0579  0.5560652090071819E-002
 0580  0.5560652090071819E-002
 0581  0.5560652090071819E-002
 0582  0.5560652090071819E-002
 0583  0.5560652090071819E-002
 0584  0.5560652090071819E-002
 0585  0.5560652090071819E-002
 0586  0.5560652090071819E-002
 0587  0.5560652090071819E-002
 0588  0.5560652090071819E-002
 0589  0.5560652090071819E-002
 0590  0.5560652090071819E-002
 0591  0.5560652090071819E-002
 0592  0.5560652090071819E-002
 0593  0.5560652090071819E-002
 0594  0.5560652090071819E-002
 0595  0.5560652090071819E-002
 0596  0.5560652090071819E-002
 0597  0.5560652090071819E-002
 0598  0.5560652090071819E-002
 0599  0.5560652090071819E-002
 0600  0.5560652090071819E-002
 0601  0.5560652090071819E-002
 0602  0.5560652090071819E-002
 0603  0.5560652090071819E-002
 0604  0.5560652090071819E-002
 0605  0.5560652090071819E-002
 0606  0.5560652090071819E-002
 0607  0.5560652090071819E-002
 0608  0.5560652090071819E-002
 0609  0.5560652090071819E-002
 0610  0.5560652090071819E-002
 0611  0.5560652090071819E-002
 0612  0.5560652090071819E-002
 0613  0.5560652090071819E-002
 0614  0.5560652090071819E-002
 0615  0.5560652090071819E-002
 0616  0.5560652090071819E-002
 0617  0.5560652090071819E-002
 0618  0.5560652090071819E-002
 0619  0.5560652090071819E-002
 0620  0.5560652090071819E-002
 0621  0.5560652090071819E-002
 0622  0.5560652090071819E-002
 0623  0.5560652090071819E-002
 0624  0.5560652090071819E-002
 0625  0.5560652090071819E-002
 0626  0.5560652090071819E-002
 0627  0.5560652090071819E-002
 0628  0.5560652090071819E-002
 0629  0.5560652090071819E-002
 0630  0.5560652090071819E-002
 0631  0.5560652090071819E-002
 0632  0.5560652090071819E-002
 0633  0.5560652090071819E-002
 0634  0.5560652090071819E-002
 0635  0.5560652090071819E-002
 0636  0.5560652090071819E-002
 0637  0.5560652090071819E-002
 0638  0.5560652090071819E-002
 0639  0.5560652090071819E-002
 0640  0.5560652090071819E-002
 0641  0.5560652090071819E-002
 0642  0.5560652090071819E-002
 0643  0.5560652090071819E-002
 0644  0.5560652090071819E-002
 0645  0.5560652090071819E-002
 0646  0.5560652090071819E-002
 0647  0.5560652090071819E-002
 0648  0.5560652090071819E-002
 0649  0.5560652090071819E-002
 0650  0.5560652090071819E-002
 0651  0.5560652090071819E-002
 0652  0.5560652090071819E-002
 0653  0.5560652090071819E-002
 0654  0.5560652090071819E-002
 0655  0.5560652090071819E-002
 0656  0.5560652090071819E-002
 0657  0.5560652090071819E-002
 0658  0.5560652090071819E-002
 0659  0.5560652090071819E-002
 0660  0.5560652090071819E-002
 0661  0.5560652090071819E-002
 0662  0.5560652090071819E-002
 0663  0.5560652090071819E-002
 0664  0.5560652090071819E-002
 0665  0.5560652090071819E-002
 0666  0.5560652090071819E-002
 0667  0.5560652090071819E-002
 0668  0.5560652090071819E-002
 0669  0.5560652090071819E-002
 0670  0.5560652090071819E-002
 0671  0.5560652090071819E-002
 0672  0.5560652090071819E-002
 0673  0.5560652090071819E-002
 0674  0.5560652090071819E-002
 0675  0.5560652090071819E-002
 0676  0.5560652090071819E-002
 0677  0.5560652090071819E-002
 0678  0.5560652090071819E-002
 0679  0.5560652090071819E-002
 0680  0.5560652090071819E-002
 0681  0.5560652090071819E-002
 0682  0.5560652090071819E-002
 0683  0.5560652090071819E-002
 0684  0.5560652090071819E-002
 0685  0.5560652090071819E-002
 0686  0.5560652090071819E-002
 0687  0.5560652090071819E-002
 0688  0.5560652090071819E-002
 0689  0.5560652090071819E-002
 0690  0.5560652090071819E-002
 0691  0.5560652090071819E-002
 0692  0.5560652090071819E-002
 0693  0.5560652090071819E-002
 0694  0.5560652090071819E-002
 0695  0.5560652090071819E-002
 0696  0.5560652090071819E-002
 0697  0.5560652090071819E-002
 0698  0.5560652090071819E-002
 0699  0.5560652090071819E-002
 0700  0.5560652090071819E-002
 0701  0.5560652090071819E-002
 0702  0.5560652090071819E-002
 0703  0.5560652090071819E-002
 0704  0.5560652090071819E-002
 0705  0.5560652090071819E-002
 0706  0.5560652090071819E-002
 0707  0.5560652090071819E-002
 0708  0.5560652090071819E-002
 0709  0.5560652090071819E-002
 0710  0.5560652090071819E-002
 0711  0.5560652090071819E-002
 0712  0.5560652090071819E-002
 0713  0.5560652090071819E-002
 0714  0.5560652090071819E-002
 0715  0.5560652090071819E-002
 0716  0.5560652090071819E-002
 0717  0.5560652090071819E-002
 0718  0.5560652090071819E-002
 0719  0.5560652090071819E-002
 0720  0.5560652090071819E-002
 0721  0.5560652090071819E-002
 0722  0.5560652090071819E-002
 0723  0.5560652090071819E-002
 0724  0.5560652090071819E-002
 0725  0.5560652090071819E-002
 0726  0.5560652090071819E-002
 0727  0.5560652090071819E-002
 0728  0.5560652090071819E-002
 0729  0.5560652090071819E-002
 0730  0.5560652090071819E-002
 0731  0.5560652090071819E-002
 0732  0.5560652090071819E-002
 0733  0.5560652090071819E-002
 0734  0.5560652090071819E-002
 0735  0.5560652090071819E-002
 0736  0.5560652090071819E-002
 0737  0.5560652090071819E-002
 0738  0.5560652090071819E-002
 0739  0.5560652090071819E-002
 0740  0.5560652090071819E-002
 0741  0.5560652090071819E-002
 0742  0.5560652090071819E-002
 0743  0.5560652090071819E-002
 0744  0.5560652090071819E-002
 0745  0.5560652090071819E-002
 0746  0.5560652090071819E-002
 0747  0.5560652090071819E-002
 0748  0.5560652090071819E-002
 0749  0.5560652090071819E-002
 0750  0.5560652090071819E-002
 0751  0.5560652090071819E-002
 0752  0.5560652090071819E-002
 0753  0.5560652090071819E-002
 0754  0.5560652090071819E-002
 0755  0.5560652090071819E-002
 0756  0.5560652090071819E-002
 0757  0.5560652090071819E-002
 0758  0.5560652090071819E-002
 0759  0.5560652090071819E-002
 0760  0.5560652090071819E-002
 0761  0.5560652090071819E-002
 0762  0.5560652090071819E-002
 0763  0.5560652090071819E-002
 0764  0.5560652090071819E-002
 0765  0.5560652090071819E-002
 0766  0.5560652090071819E-002
 0767  0.5560652090071819E-002
 0768  0.5560652090071819E-002
 0769  0.5560652090071819E-002
 0770  0.5560652090071819E-002
 0771  0.5560652090071819E-002
 0772  0.5560652090071819E-002
 0773  0.5560652090071819E-002
 0774  0.5560652090071819E-002
 0775  0.5560652090071819E-002
 0776  0.5560652090071819E-002
 0777  0.5560652090071819E-002
 0778  0.5560652090071819E-002
 0779  0.5560652090071819E-002
 0780  0.5560652090071819E-002
 0781  0.5560652090071819E-002
 0782  0.5560652090071819E-002
 0783  0.5560652090071819E-002
 0784  0.5560652090071819E-002
 0785  0.5560652090071819E-002
 0786  0.5560652090071819E-002
 0787  0.5560652090071819E-002
 0788  0.5560652090071819E-002
 0789  0.5560652090071819E-002
 0790  0.5560652090071819E-002
 0791  0.5560652090071819E-002
 0792  0.5560652090071819E-002
 0793  0.5560652090071819E-002
 0794  0.5560652090071819E-002
 0795  0.5560652090071819E-002
 0796  0.5560652090071819E-002
 0797  0.5560652090071819E-002
 0798  0.5560652090071819E-002
 0799  0.5560652090071819E-002
 0800  0.5560652090071819E-002
 0801  0.5560652090071819E-002
 0802  0.5560652090071819E-002
 0803  0.5560652090071819E-002
 0804  0.5560652090071819E-002
 0805  0.5560652090071819E-002
 0806  0.5560652090071819E-002
 0807  0.5560652090071819E-002
 0808  0.5560652090071819E-002
 0809  0.5560652090071819E-002
 0810  0.5560652090071819E-002
 0811  0.5560652090071819E-002
 0812  0.5560652090071819E-002
 0813  0.5560652090071819E-002
 0814  0.5560652090071819E-002
 0815  0.5560652090071819E-002
 0816  0.5560652090071819E-002
 0817  0.5560652090071819E-002
 0818  0.5560652090071819E-002
 0819  0.5560652090071819E-002
 0820  0.5560652090071819E-002
 0821  0.5560652090071819E-002
 0822  0.5560652090071819E-002
 0823  0.5560652090071819E-002
 0824  0.5560652090071819E-002
 0825  0.5560652090071819E-002
 0826  0.5560652090071819E-002
 0827  0.5560652090071819E-002
 0828  0.5560652090071819E-002
 0829  0.5560652090071819E-002
 0830  0.5560652090071819E-002
 0831  0.5560652090071819E-002
 0832  0.5560652090071819E-002
 0833  0.5560652090071819E-002
 0834  0.5560652090071819E-002
 0835  0.5560652090071819E-002
 0836  0.5560652090071819E-002
 0837  0.5560652090071819E-002
 0838  0.5560652090071819E-002
 0839  0.5560652090071819E-002
 0840  0.5560652090071819E-002
 0841  0.5560652090071819E-002
 0842  0.5560652090071819E-002
 0843  0.5560652090071819E-002
 0844  0.5560652090071819E-002
 0845  0.5560652090071819E-002
 0846  0.5560652090071819E-002
 0847  0.5560652090071819E-002
 0848  0.5560652090071819E-002
 0849  0.5560652090071819E-002
 0850  0.5560652090071819E-002
 0851  0.5560652090071819E-002
 0852  0.5560652090071819E-002
 0853  0.5560652090071819E-002
 0854  0.5560652090071819E-002
 0855  0.5560652090071819E-002
 0856  0.5560652090071819E-002
 0857  0.5560652090071819E-002
 0858  0.5560652090071819E-002
 0859  0.5560652090071819E-002
 0860  0.5560652090071819E-002
 0861  0.5560652090071819E-002
 0862  0.5560652090071819E-002
 0863  0.5560652090071819E-002
 0864  0.5560652090071819E-002
 0865  0.5560652090071819E-002
 0866  0.5560652090071819E-002
 0867  0.5560652090071819E-002
 0868  0.5560652090071819E-002
 0869  0.5560652090071819E-002
 0870  0.5560652090071819E-002
 0871  0.5560652090071819E-002
 0872  0.5560652090071819E-002
 0873  0.5560652090071819E-002
 0874  0.5560652090071819E-002
 0875  0.5560652090071819E-002
 0876  0.5560652090071819E-002
 0877  0.5560652090071819E-002
 0878  0.5560652090071819E-002
 0879  0.5560652090071819E-002
 0880  0.5560652090071819E-002
 0881  0.5560652090071819E-002
 0882  0.5560652090071819E-002
 0883  0.5560652090071819E-002
 0884  0.5560652090071819E-002
 0885  0.5560652090071819E-002
 0886  0.5560652090071819E-002
 0887  0.5560652090071819E-002
 0888  0.5560652090071819E-002
 0889  0.5560652090071819E-002
 0890  0.5560652090071819E-002
 0891  0.5560652090071819E-002
 0892  0.5560652090071819E-002
 0893  0.5560652090071819E-002
 0894  0.5560652090071819E-002
 0895  0.5560652090071819E-002
 0896  0.5560652090071819E-002
 0897  0.5560652090071819E-002
 0898  0.5560652090071819E-002
 0899  0.5560652090071819E-002
 0900  0.5560652090071819E-002
 0901  0.5560652090071819E-002
 0902  0.5560652090071819E-002
 0903  0.5560652090071819E-002
 0904  0.5560652090071819E-002
 0905  0.5560652090071819E-002
 0906  0.5560652090071819E-002
 0907  0.5560652090071819E-002
 0908  0.5560652090071819E-002
 0909  0.5560652090071819E-002
 0910  0.5560652090071819E-002
 0911  0.5560652090071819E-002
 0912  0.5560652090071819E-002
 0913  0.5560652090071819E-002
 0914  0.5560652090071819E-002
 0915  0.5560652090071819E-002
 0916  0.5560652090071819E-002
 0917  0.5560652090071819E-002
 0918  0.5560652090071819E-002
 0919  0.5560652090071819E-002
 0920  0.5560652090071819E-002
 0921  0.5560652090071819E-002
 0922  0.5560652090071819E-002
 0923  0.5560652090071819E-002
 0924  0.5560652090071819E-002
 0925  0.5560652090071819E-002
 0926  0.5560652090071819E-002
 0927  0.5560652090071819E-002
 0928  0.5560652090071819E-002
 0929  0.5560652090071819E-002
 0930  0.5560652090071819E-002
 0931  0.5560652090071819E-002
 0932  0.5560652090071819E-002
 0933  0.5560652090071819E-002
 0934  0.5560652090071819E-002
 0935  0.5560652090071819E-002
 0936  0.5560652090071819E-002
 0937  0.5560652090071819E-002
 0938  0.5560652090071819E-002
 0939  0.5560652090071819E-002
 0940  0.5560652090071819E-002
 0941  0.5560652090071819E-002
 0942  0.5560652090071819E-002
 0943  0.5560652090071819E-002
 0944  0.5560652090071819E-002
 0945  0.5560652090071819E-002
 0946  0.5560652090071819E-002
 0947  0.5560652090071819E-002
 0948  0.5560652090071819E-002
 0949  0.5560652090071819E-002
 0950  0.5560652090071819E-002
 0951  0.5560652090071819E-002
 0952  0.5560652090071819E-002
 0953  0.5560652090071819E-002
 0954  0.5560652090071819E-002
 0955  0.5560652090071819E-002
 0956  0.5560652090071819E-002
 0957  0.5560652090071819E-002
 0958  0.5560652090071819E-002
 0959  0.5560652090071819E-002
 0960  0.5560652090071819E-002
 0961  0.5560652090071819E-002
 0962  0.5560652090071819E-002
 0963  0.5560652090071819E-002
 0964  0.5560652090071819E-002
 0965  0.5560652090071819E-002
 0966  0.5560652090071819E-002
 0967  0.5560652090071819E-002
 0968  0.5560652090071819E-002
 0969  0.5560652090071819E-002
 0970  0.5560652090071819E-002
 0971  0.5560652090071819E-002
 0972  0.5560652090071819E-002
 0973  0.5560652090071819E-002
 0974  0.5560652090071819E-002
 0975  0.5560652090071819E-002
 0976  0.5560652090071819E-002
 0977  0.5560652090071819E-002
 0978  0.5560652090071819E-002
 0979  0.5560652090071819E-002
 0980  0.5560652090071819E-002
 0981  0.5560652090071819E-002
 0982  0.5560652090071819E-002
 0983  0.5560652090071819E-002
 0984  0.5560652090071819E-002
 0985  0.5560652090071819E-002
 0986  0.5560652090071819E-002
 0987  0.5560652090071819E-002
 0988  0.5560652090071819E-002
 0989  0.5560652090071819E-002
 0990  0.5560652090071819E-002
 0991  0.5560652090071819E-002
 0992  0.5560652090071819E-002
 0993  0.5560652090071819E-002
 0994  0.5560652090071819E-002
 0995  0.5560652090071819E-002
 0996  0.5560652090071819E-002
 0997  0.5560652090071819E-002
 0998  0.5560652090071819E-002
 0999  0.5560652090071819E-002
 1000  0.5560652090071819E-002
