 0001  0.6069032515985101E+000
 0002  0.6069032515985101E+000
 0003  0.6069032515985101E+000
 0004  0.6069032515985101E+000
 0005  0.6069032515985101E+000
 0006  0.6069032515985100E+000
 0007  0.6069032515985099E+000
 0008  0.6069032515985099E+000
 0009  0.6069032515985099E+000
 0010  0.6069032515985099E+000
 0011  0.6069032515985099E+000
 0012  0.6069032515985100E+000
 0013  0.6069032515985100E+000
 0014  0.6069032515985100E+000
 0015  0.6069032515985100E+000
 0016  0.6069032674524202E+000
 0017  0.6069032674524202E+000
 0018  0.6069032674524203E+000
 0019  0.6069033287640847E+000
 0020  0.6069033287640847E+000
 0021  0.6069033287640846E+000
 0022  0.6069033287640846E+000
 0023  0.6069033898006893E+000
 0024  0.6069033898006891E+000
 0025  0.6069033898006891E+000
 0026  0.6069035436211009E+000
 0027  0.6069035436211011E+000
 0028  0.6069035436211012E+000
 0029  0.6069036955398396E+000
 0030  0.6069036955398397E+000
 0031  0.6069036955398399E+000
 0032  0.6069040051736395E+000
 0033  0.6069040051736395E+000
 0034  0.6069040051736395E+000
 0035  0.6069045432399957E+000
 0036  0.6069045432399955E+000
 0037  0.6069045432399953E+000
 0038  0.6069050760645344E+000
 0039  0.6069050760645345E+000
 0040  0.6069059350915887E+000
 0041  0.6069059350915887E+000
 0042  0.6069059350915887E+000
 0043  0.6069067871594527E+000
 0044  0.6069067871594526E+000
 0045  0.6069080793656664E+000
 0046  0.6069080793656664E+000
 0047  0.6069080793656664E+000
 0048  0.6069099309409243E+000
 0049  0.6069099309409243E+000
 0050  0.6069117395191055E+000
 0051  0.6069117395191054E+000
 0052  0.6069142154723854E+000
 0053  0.6069142154723856E+000
 0054  0.6069175975548654E+000
 0055  0.6069175975548653E+000
 0056  0.6069219711133094E+000
 0057  0.6069219711133094E+000
 0058  0.6069219711133093E+000
 0059  0.6069263400270336E+000
 0060  0.6069263400270336E+000
 0061  0.6069318965373339E+000
 0062  0.6069385650076339E+000
 0063  0.6069385650076338E+000
 0064  0.6069465677323739E+000
 0065  0.6069465677323739E+000
 0066  0.6069559924771886E+000
 0067  0.6069559924771886E+000
 0068  0.6069669372523474E+000
 0069  0.6069669372523476E+000
 0070  0.6069796872011165E+000
 0071  0.6069796872011164E+000
 0072  0.6069943208413094E+000
 0073  0.6070104010679669E+000
 0074  0.6070104010679670E+000
 0075  0.6070284770511871E+000
 0076  0.6070284770511870E+000
 0077  0.6070486448171981E+000
 0078  0.6070702226983159E+000
 0079  0.6070702226983159E+000
 0080  0.6070936837989492E+000
 0081  0.6070936837989491E+000
 0082  0.6071189068436492E+000
 0083  0.6071448920222915E+000
 0084  0.6071448920222917E+000
 0085  0.6071727320749644E+000
 0086  0.6072039977894392E+000
 0087  0.6072357228893706E+000
 0088  0.6072357228893707E+000
 0089  0.6072693941879914E+000
 0090  0.6073034724604149E+000
 0091  0.6073379621780295E+000
 0092  0.6073728707605135E+000
 0093  0.6074083233685962E+000
 0094  0.6074469332140474E+000
 0095  0.6074857356285552E+000
 0096  0.6075247586666848E+000
 0097  0.6075641206853871E+000
 0098  0.6076038353228653E+000
 0099  0.6076439190760949E+000
 0100  0.6076867236201573E+000
 0101  0.6077296091169272E+000
 0102  0.6077726156391495E+000
 0103  0.6078157019978376E+000
 0104  0.6078995319591857E+000
 0105  0.6079423859016020E+000
 0106  0.6079851083610419E+000
 0107  0.6080276738489037E+000
 0108  0.6080700587058026E+000
 0109  0.6081122859144813E+000
 0110  0.6081560903537920E+000
 0111  0.6082401688307237E+000
 0112  0.6082805860148379E+000
 0113  0.6083207122086024E+000
 0114  0.6083619873940880E+000
 0115  0.6084028054764837E+000
 0116  0.6084431599046388E+000
 0117  0.6085204307045946E+000
 0118  0.6085574745529886E+000
 0119  0.6085953610862058E+000
 0120  0.6086327526485918E+000
 0121  0.6086696679368766E+000
 0122  0.6087061041405265E+000
 0123  0.6087777805642003E+000
 0124  0.6088119580121358E+000
 0125  0.6088456625619677E+000
 0126  0.6088789085306776E+000
 0127  0.6089125715346616E+000
 0128  0.6089767240028610E+000
 0129  0.6090073225359595E+000
 0130  0.6090382249211258E+000
 0131  0.6090686234662853E+000
 0132  0.6090985238415799E+000
 0133  0.6091555619311940E+000
 0134  0.6091833925566545E+000
 0135  0.6092107697975531E+000
 0136  0.6092376988361510E+000
 0137  0.6092641849242858E+000
 0138  0.6092907839168321E+000
 0139  0.6093414340682211E+000
 0140  0.6093655667617462E+000
 0141  0.6093897700212396E+000
 0142  0.6094135464327592E+000
 0143  0.6094592873598588E+000
 0144  0.6094812828288854E+000
 0145  0.6095028992206281E+000
 0146  0.6095241423665947E+000
 0147  0.6095453779421079E+000
 0148  0.6095858566029890E+000
 0149  0.6096051566017565E+000
 0150  0.6096244388488268E+000
 0151  0.6096433782914182E+000
 0152  0.6096797971922548E+000
 0153  0.6096973038181046E+000
 0154  0.6097145077040316E+000
 0155  0.6097316579703788E+000
 0156  0.6097484969525676E+000
 0157  0.6097806434195631E+000
 0158  0.6097962046433313E+000
 0159  0.6098114920410657E+000
 0160  0.6098265117183337E+000
 0161  0.6098555922566797E+000
 0162  0.6098694833032906E+000
 0163  0.6098833082297773E+000
 0164  0.6098968889462368E+000
 0165  0.6099230150511643E+000
 0166  0.6099355811989485E+000
 0167  0.6099480733465895E+000
 0168  0.6099719783936725E+000
 0169  0.6099835436607850E+000
 0170  0.6099949119970407E+000
 0171  0.6100060869031922E+000
 0172  0.6100277205374340E+000
 0173  0.6100381845290975E+000
 0174  0.6100484714271299E+000
 0175  0.6100585848084655E+000
 0176  0.6100781612820395E+000
 0177  0.6100876299873954E+000
 0178  0.6100969403028926E+000
 0179  0.6101148834717345E+000
 0180  0.6101235296959996E+000
 0181  0.6101321098295397E+000
 0182  0.6101486524128448E+000
 0183  0.6101566267092872E+000
 0184  0.6101644736585324E+000
 0185  0.6101722583263975E+000
 0186  0.6101872750351570E+000
 0187  0.6101945175276557E+000
 0188  0.6102017003355064E+000
 0189  0.6102155628409144E+000
 0190  0.6102222520608869E+000
 0191  0.6102288848500587E+000
 0192  0.6102416927240550E+000
 0193  0.6102478763229527E+000
 0194  0.6102540068318151E+000
 0195  0.6102658515442108E+000
 0196  0.6102716096470990E+000
 0197  0.6102827404460843E+000
 0198  0.6102881200627640E+000
 0199  0.6102934525062147E+000
 0200  0.6103037663737251E+000
 0201  0.6103087825090263E+000
 0202  0.6103137252593864E+000
 0203  0.6103233170909386E+000
 0204  0.6103279698497217E+000
 0205  0.6103370024572691E+000
 0206  0.6103413857573570E+000
 0207  0.6103457291258927E+000
 0208  0.6103541414839415E+000
 0209  0.6103582347342285E+000
 0210  0.6103661670390177E+000
 0211  0.6103700280022788E+000
 0212  0.6103738362412640E+000
 0213  0.6103812529045852E+000
 0214  0.6103848629884331E+000
 0215  0.6103918651097832E+000
 0216  0.6103952747039546E+000
 0217  0.6104019174887678E+000
 0218  0.6104051398231454E+000
 0219  0.6104083327918637E+000
 0220  0.6104145544177667E+000
 0221  0.6104175846136752E+000
 0222  0.6104234796680549E+000
 0223  0.6104263466512697E+000
 0224  0.6104319361218636E+000
 0225  0.6104346600036116E+000
 0226  0.6104399713707145E+000
 0227  0.6104425602042743E+000
 0228  0.6104476091137887E+000
 0229  0.6104500703796845E+000
 0230  0.6104548711078460E+000
 0231  0.6104572117320531E+000
 0232  0.6104617778795154E+000
 0233  0.6104640102258271E+000
 0234  0.6104683651807962E+000
 0235  0.6104725481374607E+000
 0236  0.6104745933852056E+000
 0237  0.6104785850461891E+000
 0238  0.6104805324793329E+000
 0239  0.6104843420045376E+000
 0240  0.6104862008169106E+000
 0241  0.6104898370007302E+000
 0242  0.6104933406826154E+000
 0243  0.6104950540224489E+000
 0244  0.6104984030663909E+000
 0245  0.6105000394945335E+000
 0246  0.6105032437597908E+000
 0247  0.6105063332103038E+000
 0248  0.6105078454880857E+000
 0249  0.6105108068014414E+000
 0250  0.6105136633336165E+000
 0251  0.6105150617717637E+000
 0252  0.6105178006140438E+000
 0253  0.6105204486051555E+000
 0254  0.6105217458025416E+000
 0255  0.6105242865816347E+000
 0256  0.6105267448836659E+000
 0257  0.6105279497818140E+000
 0258  0.6105303111337416E+000
 0259  0.6105325981439687E+000
 0260  0.6105348133243130E+000
 0261  0.6105358995099619E+000
 0262  0.6105380300711396E+000
 0263  0.6105400952251246E+000
 0264  0.6105420977062445E+000
 0265  0.6105440400534878E+000
 0266  0.6105449932655209E+000
 0267  0.6105468654270295E+000
 0268  0.6105486822863567E+000
 0269  0.6105504461672855E+000
 0270  0.6105521594618850E+000
 0271  0.6105538241899726E+000
 0272  0.6105546420575533E+000
 0273  0.6105562499743450E+000
 0274  0.6105578130707923E+000
 0275  0.6105593330794145E+000
 0276  0.6105608117509164E+000
 0277  0.6105622504569508E+000
 0278  0.6105636507297534E+000
 0279  0.6105650139908476E+000
 0280  0.6105663396598831E+000
 0281  0.6105676253322301E+000
 0282  0.6105688726485897E+000
 0283  0.6105700831649372E+000
 0284  0.6105712583577654E+000
 0285  0.6105723996289526E+000
 0286  0.6105735083102838E+000
 0287  0.6105745856676533E+000
 0288  0.6105761400803733E+000
 0289  0.6105771372074601E+000
 0290  0.6105781073066379E+000
 0291  0.6105790513746646E+000
 0292  0.6105799703619090E+000
 0293  0.6105812992528410E+000
 0294  0.6105821535851931E+000
 0295  0.6105829860880273E+000
 0296  0.6105837975201812E+000
 0297  0.6105849728431376E+000
 0298  0.6105857296859724E+000
 0299  0.6105864680700311E+000
 0300  0.6105875388954647E+000
 0301  0.6105882292759469E+000
 0302  0.6105892313455717E+000
 0303  0.6105898779429035E+000
 0304  0.6105908172255956E+000
 0305  0.6105914237929262E+000
 0306  0.6105923056047510E+000
 0307  0.6105928754897612E+000
 0308  0.6105937045793078E+000
 0309  0.6105945021537889E+000
 0310  0.6105950182059274E+000
 0311  0.6105957698317216E+000
 0312  0.6105964938900116E+000
 0313  0.6105971917568406E+000
 0314  0.6105978647202873E+000
 0315  0.6105983009673235E+000
 0316  0.6105989375180479E+000
 0317  0.6105995520887979E+000
 0318  0.6106001457075051E+000
 0319  0.6106007193404940E+000
 0320  0.6106012738969654E+000
 0321  0.6106019838015750E+000
 0322  0.6106024952118951E+000
 0323  0.6106029903053694E+000
 0324  0.6106034697814762E+000
 0325  0.6106040848308255E+000
 0326  0.6106045287898791E+000
 0327  0.6106050988655087E+000
 0328  0.6106055107730236E+000
 0329  0.6106060401998930E+000
 0330  0.6106065473792960E+000
 0331  0.6106070335451589E+000
 0332  0.6106074998438188E+000
 0333  0.6106079473416013E+000
 0334  0.6106083770316266E+000
 0335  0.6106087898399397E+000
 0336  0.6106091866310364E+000
 0337  0.6106096607452962E+000
 0338  0.6106100234868406E+000
 0339  0.6106104574450573E+000
 0340  0.6106108705550306E+000
 0341  0.6106112640953477E+000
 0342  0.6106116392450921E+000
 0343  0.6106119970932933E+000
 0344  0.6106124047115460E+000
 0345  0.6106127273408983E+000
 0346  0.6106130953638407E+000
 0347  0.6106134435390794E+000
 0348  0.6106137731890926E+000
 0349  0.6106141357116578E+000
 0350  0.6106144759335188E+000
 0351  0.6106147955180558E+000
 0352  0.6106151372074705E+000
 0353  0.6106154555656644E+000
 0354  0.6106157524854009E+000
 0355  0.6106160628478130E+000
 0356  0.6106163805521946E+000
 0357  0.6106166722047599E+000
 0358  0.6106169657411061E+000
 0359  0.6106172564389561E+000
 0360  0.6106175401621448E+000
 0361  0.6106178316774064E+000
 0362  0.6106181054031213E+000
 0363  0.6106183735314785E+000
 0364  0.6106186407551860E+000
 0365  0.6106189053227680E+000
 0366  0.6106191604850706E+000
 0367  0.6106194188778924E+000
 0368  0.6106196680177538E+000
 0369  0.6106198774909374E+000
 0370  0.6106198774909374E+000
 0371  0.6106198774909374E+000
 0372  0.6106198774909374E+000
 0373  0.6106198774909374E+000
 0374  0.6106198774909374E+000
 0375  0.6106198774909374E+000
 0376  0.6106198774909374E+000
 0377  0.6106198774909374E+000
 0378  0.6106198774909374E+000
 0379  0.6106198774909374E+000
 0380  0.6106198774909374E+000
 0381  0.6106198774909374E+000
 0382  0.6106198774909374E+000
 0383  0.6106198774909374E+000
 0384  0.6106198774909374E+000
 0385  0.6106198774909374E+000
 0386  0.6106198774909374E+000
 0387  0.6106198774909374E+000
 0388  0.6106198774909374E+000
 0389  0.6106198774909374E+000
 0390  0.6106198774909374E+000
 0391  0.6106198774909374E+000
 0392  0.6106198774909374E+000
 0393  0.6106198774909374E+000
 0394  0.6106198774909374E+000
 0395  0.6106198774909374E+000
 0396  0.6106198774909374E+000
 0397  0.6106198774909374E+000
 0398  0.6106198774909374E+000
 0399  0.6106198774909374E+000
 0400  0.6106198774909374E+000
 0401  0.6106198774909374E+000
 0402  0.6106198774909374E+000
 0403  0.6106198774909374E+000
 0404  0.6106198774909374E+000
 0405  0.6106198774909374E+000
 0406  0.6106198774909374E+000
 0407  0.6106198774909374E+000
 0408  0.6106198774909374E+000
 0409  0.6106198774909374E+000
 0410  0.6106198774909374E+000
 0411  0.6106198774909374E+000
 0412  0.6106198774909374E+000
 0413  0.6106198774909374E+000
 0414  0.6106198774909374E+000
 0415  0.6106198774909374E+000
 0416  0.6106198774909374E+000
 0417  0.6106198774909374E+000
 0418  0.6106198774909374E+000
 0419  0.6106198774909374E+000
 0420  0.6106198774909374E+000
 0421  0.6106198774909374E+000
 0422  0.6106198774909374E+000
 0423  0.6106198774909374E+000
 0424  0.6106198774909374E+000
 0425  0.6106198774909374E+000
 0426  0.6106198774909374E+000
 0427  0.6106198774909374E+000
 0428  0.6106198774909374E+000
 0429  0.6106198774909374E+000
 0430  0.6106198774909374E+000
 0431  0.6106198774909374E+000
 0432  0.6106198774909374E+000
 0433  0.6106198774909374E+000
 0434  0.6106198774909374E+000
 0435  0.6106198774909374E+000
 0436  0.6106198774909374E+000
 0437  0.6106198774909374E+000
 0438  0.6106198774909374E+000
 0439  0.6106198774909374E+000
 0440  0.6106198774909374E+000
 0441  0.6106198774909374E+000
 0442  0.6106198774909374E+000
 0443  0.6106198774909374E+000
 0444  0.6106198774909374E+000
 0445  0.6106198774909374E+000
 0446  0.6106198774909374E+000
 0447  0.6106198774909374E+000
 0448  0.6106198774909374E+000
 0449  0.6106198774909374E+000
 0450  0.6106198774909374E+000
 0451  0.6106198774909374E+000
 0452  0.6106198774909374E+000
 0453  0.6106198774909374E+000
 0454  0.6106198774909374E+000
 0455  0.6106198774909374E+000
 0456  0.6106198774909374E+000
 0457  0.6106198774909374E+000
 0458  0.6106198774909374E+000
 0459  0.6106198774909374E+000
 0460  0.6106198774909374E+000
 0461  0.6106198774909374E+000
 0462  0.6106198774909374E+000
 0463  0.6106198774909374E+000
 0464  0.6106198774909374E+000
 0465  0.6106198774909374E+000
 0466  0.6106198774909374E+000
 0467  0.6106198774909374E+000
 0468  0.6106198774909374E+000
 0469  0.6106198774909374E+000
 0470  0.6106198774909374E+000
 0471  0.6106198774909374E+000
 0472  0.6106198774909374E+000
 0473  0.6106198774909374E+000
 0474  0.6106198774909374E+000
 0475  0.6106198774909374E+000
 0476  0.6106198774909374E+000
 0477  0.6106198774909374E+000
 0478  0.6106198774909374E+000
 0479  0.6106198774909374E+000
 0480  0.6106198774909374E+000
 0481  0.6106198774909374E+000
 0482  0.6106198774909374E+000
 0483  0.6106198774909374E+000
 0484  0.6106198774909374E+000
 0485  0.6106198774909374E+000
 0486  0.6106198774909374E+000
 0487  0.6106198774909374E+000
 0488  0.6106198774909374E+000
 0489  0.6106198774909374E+000
 0490  0.6106198774909374E+000
 0491  0.6106198774909374E+000
 0492  0.6106198774909374E+000
 0493  0.6106198774909374E+000
 0494  0.6106198774909374E+000
 0495  0.6106198774909374E+000
 0496  0.6106198774909374E+000
 0497  0.6106198774909374E+000
 0498  0.6106198774909374E+000
 0499  0.6106198774909374E+000
 0500  0.6106198774909374E+000
 0501  0.6106198774909374E+000
 0502  0.6106198774909374E+000
 0503  0.6106198774909374E+000
 0504  0.6106198774909374E+000
 0505  0.6106198774909374E+000
 0506  0.6106198774909374E+000
 0507  0.6106198774909374E+000
 0508  0.6106198774909374E+000
 0509  0.6106198774909374E+000
 0510  0.6106198774909374E+000
 0511  0.6106198774909374E+000
 0512  0.6106198774909374E+000
 0513  0.6106198774909374E+000
 0514  0.6106198774909374E+000
 0515  0.6106198774909374E+000
 0516  0.6106198774909374E+000
 0517  0.6106198774909374E+000
 0518  0.6106198774909374E+000
 0519  0.6106198774909374E+000
 0520  0.6106198774909374E+000
 0521  0.6106198774909374E+000
 0522  0.6106198774909374E+000
 0523  0.6106198774909374E+000
 0524  0.6106198774909374E+000
 0525  0.6106198774909374E+000
 0526  0.6106198774909374E+000
 0527  0.6106198774909374E+000
 0528  0.6106198774909374E+000
 0529  0.6106198774909374E+000
 0530  0.6106198774909374E+000
 0531  0.6106198774909374E+000
 0532  0.6106198774909374E+000
 0533  0.6106198774909374E+000
 0534  0.6106198774909374E+000
 0535  0.6106198774909374E+000
 0536  0.6106198774909374E+000
 0537  0.6106198774909374E+000
 0538  0.6106198774909374E+000
 0539  0.6106198774909374E+000
 0540  0.6106198774909374E+000
 0541  0.6106198774909374E+000
 0542  0.6106198774909374E+000
 0543  0.6106198774909374E+000
 0544  0.6106198774909374E+000
 0545  0.6106198774909374E+000
 0546  0.6106198774909374E+000
 0547  0.6106198774909374E+000
 0548  0.6106198774909374E+000
 0549  0.6106198774909374E+000
 0550  0.6106198774909374E+000
 0551  0.6106198774909374E+000
 0552  0.6106198774909374E+000
 0553  0.6106198774909374E+000
 0554  0.6106198774909374E+000
 0555  0.6106198774909374E+000
 0556  0.6106198774909374E+000
 0557  0.6106198774909374E+000
 0558  0.6106198774909374E+000
 0559  0.6106198774909374E+000
 0560  0.6106198774909374E+000
 0561  0.6106198774909374E+000
 0562  0.6106198774909374E+000
 0563  0.6106198774909374E+000
 0564  0.6106198774909374E+000
 0565  0.6106198774909374E+000
 0566  0.6106198774909374E+000
 0567  0.6106198774909374E+000
 0568  0.6106198774909374E+000
 0569  0.6106198774909374E+000
 0570  0.6106198774909374E+000
 0571  0.6106198774909374E+000
 0572  0.6106198774909374E+000
 0573  0.6106198774909374E+000
 0574  0.6106198774909374E+000
 0575  0.6106198774909374E+000
 0576  0.6106198774909374E+000
 0577  0.6106198774909374E+000
 0578  0.6106198774909374E+000
 0579  0.6106198774909374E+000
 0580  0.6106198774909374E+000
 0581  0.6106198774909374E+000
 0582  0.6106198774909374E+000
 0583  0.6106198774909374E+000
 0584  0.6106198774909374E+000
 0585  0.6106198774909374E+000
 0586  0.6106198774909374E+000
 0587  0.6106198774909374E+000
 0588  0.6106198774909374E+000
 0589  0.6106198774909374E+000
 0590  0.6106198774909374E+000
 0591  0.6106198774909374E+000
 0592  0.6106198774909374E+000
 0593  0.6106198774909374E+000
 0594  0.6106198774909374E+000
 0595  0.6106198774909374E+000
 0596  0.6106198774909374E+000
 0597  0.6106198774909374E+000
 0598  0.6106198774909374E+000
 0599  0.6106198774909374E+000
 0600  0.6106198774909374E+000
 0601  0.6106198774909374E+000
 0602  0.6106198774909374E+000
 0603  0.6106198774909374E+000
 0604  0.6106198774909374E+000
 0605  0.6106198774909374E+000
 0606  0.6106198774909374E+000
 0607  0.6106198774909374E+000
 0608  0.6106198774909374E+000
 0609  0.6106198774909374E+000
 0610  0.6106198774909374E+000
 0611  0.6106198774909374E+000
 0612  0.6106198774909374E+000
 0613  0.6106198774909374E+000
 0614  0.6106198774909374E+000
 0615  0.6106198774909374E+000
 0616  0.6106198774909374E+000
 0617  0.6106198774909374E+000
 0618  0.6106198774909374E+000
 0619  0.6106198774909374E+000
 0620  0.6106198774909374E+000
 0621  0.6106198774909374E+000
 0622  0.6106198774909374E+000
 0623  0.6106198774909374E+000
 0624  0.6106198774909374E+000
 0625  0.6106198774909374E+000
 0626  0.6106198774909374E+000
 0627  0.6106198774909374E+000
 0628  0.6106198774909374E+000
 0629  0.6106198774909374E+000
 0630  0.6106198774909374E+000
 0631  0.6106198774909374E+000
 0632  0.6106198774909374E+000
 0633  0.6106198774909374E+000
 0634  0.6106198774909374E+000
 0635  0.6106198774909374E+000
 0636  0.6106198774909374E+000
 0637  0.6106198774909374E+000
 0638  0.6106198774909374E+000
 0639  0.6106198774909374E+000
 0640  0.6106198774909374E+000
 0641  0.6106198774909374E+000
 0642  0.6106198774909374E+000
 0643  0.6106198774909374E+000
 0644  0.6106198774909374E+000
 0645  0.6106198774909374E+000
 0646  0.6106198774909374E+000
 0647  0.6106198774909374E+000
 0648  0.6106198774909374E+000
 0649  0.6106198774909374E+000
 0650  0.6106198774909374E+000
 0651  0.6106198774909374E+000
 0652  0.6106198774909374E+000
 0653  0.6106198774909374E+000
 0654  0.6106198774909374E+000
 0655  0.6106198774909374E+000
 0656  0.6106198774909374E+000
 0657  0.6106198774909374E+000
 0658  0.6106198774909374E+000
 0659  0.6106198774909374E+000
 0660  0.6106198774909374E+000
 0661  0.6106198774909374E+000
 0662  0.6106198774909374E+000
 0663  0.6106198774909374E+000
 0664  0.6106198774909374E+000
 0665  0.6106198774909374E+000
 0666  0.6106198774909374E+000
 0667  0.6106198774909374E+000
 0668  0.6106198774909374E+000
 0669  0.6106198774909374E+000
 0670  0.6106198774909374E+000
 0671  0.6106198774909374E+000
 0672  0.6106198774909374E+000
 0673  0.6106198774909374E+000
 0674  0.6106198774909374E+000
 0675  0.6106198774909374E+000
 0676  0.6106198774909374E+000
 0677  0.6106198774909374E+000
 0678  0.6106198774909374E+000
 0679  0.6106198774909374E+000
 0680  0.6106198774909374E+000
 0681  0.6106198774909374E+000
 0682  0.6106198774909374E+000
 0683  0.6106198774909374E+000
 0684  0.6106198774909374E+000
 0685  0.6106198774909374E+000
 0686  0.6106198774909374E+000
 0687  0.6106198774909374E+000
 0688  0.6106198774909374E+000
 0689  0.6106198774909374E+000
 0690  0.6106198774909374E+000
 0691  0.6106198774909374E+000
 0692  0.6106198774909374E+000
 0693  0.6106198774909374E+000
 0694  0.6106198774909374E+000
 0695  0.6106198774909374E+000
 0696  0.6106198774909374E+000
 0697  0.6106198774909374E+000
 0698  0.6106198774909374E+000
 0699  0.6106198774909374E+000
 0700  0.6106198774909374E+000
 0701  0.6106198774909374E+000
 0702  0.6106198774909374E+000
 0703  0.6106198774909374E+000
 0704  0.6106198774909374E+000
 0705  0.6106198774909374E+000
 0706  0.6106198774909374E+000
 0707  0.6106198774909374E+000
 0708  0.6106198774909374E+000
 0709  0.6106198774909374E+000
 0710  0.6106198774909374E+000
 0711  0.6106198774909374E+000
 0712  0.6106198774909374E+000
 0713  0.6106198774909374E+000
 0714  0.6106198774909374E+000
 0715  0.6106198774909374E+000
 0716  0.6106198774909374E+000
 0717  0.6106198774909374E+000
 0718  0.6106198774909374E+000
 0719  0.6106198774909374E+000
 0720  0.6106198774909374E+000
 0721  0.6106198774909374E+000
 0722  0.6106198774909374E+000
 0723  0.6106198774909374E+000
 0724  0.6106198774909374E+000
 0725  0.6106198774909374E+000
 0726  0.6106198774909374E+000
 0727  0.6106198774909374E+000
 0728  0.6106198774909374E+000
 0729  0.6106198774909374E+000
 0730  0.6106198774909374E+000
 0731  0.6106198774909374E+000
 0732  0.6106198774909374E+000
 0733  0.6106198774909374E+000
 0734  0.6106198774909374E+000
 0735  0.6106198774909374E+000
 0736  0.6106198774909374E+000
 0737  0.6106198774909374E+000
 0738  0.6106198774909374E+000
 0739  0.6106198774909374E+000
 0740  0.6106198774909374E+000
 0741  0.6106198774909374E+000
 0742  0.6106198774909374E+000
 0743  0.6106198774909374E+000
 0744  0.6106198774909374E+000
 0745  0.6106198774909374E+000
 0746  0.6106198774909374E+000
 0747  0.6106198774909374E+000
 0748  0.6106198774909374E+000
 0749  0.6106198774909374E+000
 0750  0.6106198774909374E+000
 0751  0.6106198774909374E+000
 0752  0.6106198774909374E+000
 0753  0.6106198774909374E+000
 0754  0.6106198774909374E+000
 0755  0.6106198774909374E+000
 0756  0.6106198774909374E+000
 0757  0.6106198774909374E+000
 0758  0.6106198774909374E+000
 0759  0.6106198774909374E+000
 0760  0.6106198774909374E+000
 0761  0.6106198774909374E+000
 0762  0.6106198774909374E+000
 0763  0.6106198774909374E+000
 0764  0.6106198774909374E+000
 0765  0.6106198774909374E+000
 0766  0.6106198774909374E+000
 0767  0.6106198774909374E+000
 0768  0.6106198774909374E+000
 0769  0.6106198774909374E+000
 0770  0.6106198774909374E+000
 0771  0.6106198774909374E+000
 0772  0.6106198774909374E+000
 0773  0.6106198774909374E+000
 0774  0.6106198774909374E+000
 0775  0.6106198774909374E+000
 0776  0.6106198774909374E+000
 0777  0.6106198774909374E+000
 0778  0.6106198774909374E+000
 0779  0.6106198774909374E+000
 0780  0.6106198774909374E+000
 0781  0.6106198774909374E+000
 0782  0.6106198774909374E+000
 0783  0.6106198774909374E+000
 0784  0.6106198774909374E+000
 0785  0.6106198774909374E+000
 0786  0.6106198774909374E+000
 0787  0.6106198774909374E+000
 0788  0.6106198774909374E+000
 0789  0.6106198774909374E+000
 0790  0.6106198774909374E+000
 0791  0.6106198774909374E+000
 0792  0.6106198774909374E+000
 0793  0.6106198774909374E+000
 0794  0.6106198774909374E+000
 0795  0.6106198774909374E+000
 0796  0.6106198774909374E+000
 0797  0.6106198774909374E+000
 0798  0.6106198774909374E+000
 0799  0.6106198774909374E+000
 0800  0.6106198774909374E+000
 0801  0.6106198774909374E+000
 0802  0.6106198774909374E+000
 0803  0.6106198774909374E+000
 0804  0.6106198774909374E+000
 0805  0.6106198774909374E+000
 0806  0.6106198774909374E+000
 0807  0.6106198774909374E+000
 0808  0.6106198774909374E+000
 0809  0.6106198774909374E+000
 0810  0.6106198774909374E+000
 0811  0.6106198774909374E+000
 0812  0.6106198774909374E+000
 0813  0.6106198774909374E+000
 0814  0.6106198774909374E+000
 0815  0.6106198774909374E+000
 0816  0.6106198774909374E+000
 0817  0.6106198774909374E+000
 0818  0.6106198774909374E+000
 0819  0.6106198774909374E+000
 0820  0.6106198774909374E+000
 0821  0.6106198774909374E+000
 0822  0.6106198774909374E+000
 0823  0.6106198774909374E+000
 0824  0.6106198774909374E+000
 0825  0.6106198774909374E+000
 0826  0.6106198774909374E+000
 0827  0.6106198774909374E+000
 0828  0.6106198774909374E+000
 0829  0.6106198774909374E+000
 0830  0.6106198774909374E+000
 0831  0.6106198774909374E+000
 0832  0.6106198774909374E+000
 0833  0.6106198774909374E+000
 0834  0.6106198774909374E+000
 0835  0.6106198774909374E+000
 0836  0.6106198774909374E+000
 0837  0.6106198774909374E+000
 0838  0.6106198774909374E+000
 0839  0.6106198774909374E+000
 0840  0.6106198774909374E+000
 0841  0.6106198774909374E+000
 0842  0.6106198774909374E+000
 0843  0.6106198774909374E+000
 0844  0.6106198774909374E+000
 0845  0.6106198774909374E+000
 0846  0.6106198774909374E+000
 0847  0.6106198774909374E+000
 0848  0.6106198774909374E+000
 0849  0.6106198774909374E+000
 0850  0.6106198774909374E+000
 0851  0.6106198774909374E+000
 0852  0.6106198774909374E+000
 0853  0.6106198774909374E+000
 0854  0.6106198774909374E+000
 0855  0.6106198774909374E+000
 0856  0.6106198774909374E+000
 0857  0.6106198774909374E+000
 0858  0.6106198774909374E+000
 0859  0.6106198774909374E+000
 0860  0.6106198774909374E+000
 0861  0.6106198774909374E+000
 0862  0.6106198774909374E+000
 0863  0.6106198774909374E+000
 0864  0.6106198774909374E+000
 0865  0.6106198774909374E+000
 0866  0.6106198774909374E+000
 0867  0.6106198774909374E+000
 0868  0.6106198774909374E+000
 0869  0.6106198774909374E+000
 0870  0.6106198774909374E+000
 0871  0.6106198774909374E+000
 0872  0.6106198774909374E+000
 0873  0.6106198774909374E+000
 0874  0.6106198774909374E+000
 0875  0.6106198774909374E+000
 0876  0.6106198774909374E+000
 0877  0.6106198774909374E+000
 0878  0.6106198774909374E+000
 0879  0.6106198774909374E+000
 0880  0.6106198774909374E+000
 0881  0.6106198774909374E+000
 0882  0.6106198774909374E+000
 0883  0.6106198774909374E+000
 0884  0.6106198774909374E+000
 0885  0.6106198774909374E+000
 0886  0.6106198774909374E+000
 0887  0.6106198774909374E+000
 0888  0.6106198774909374E+000
 0889  0.6106198774909374E+000
 0890  0.6106198774909374E+000
 0891  0.6106198774909374E+000
 0892  0.6106198774909374E+000
 0893  0.6106198774909374E+000
 0894  0.6106198774909374E+000
 0895  0.6106198774909374E+000
 0896  0.6106198774909374E+000
 0897  0.6106198774909374E+000
 0898  0.6106198774909374E+000
 0899  0.6106198774909374E+000
 0900  0.6106198774909374E+000
 0901  0.6106198774909374E+000
 0902  0.6106198774909374E+000
 0903  0.6106198774909374E+000
 0904  0.6106198774909374E+000
 0905  0.6106198774909374E+000
 0906  0.6106198774909374E+000
 0907  0.6106198774909374E+000
 0908  0.6106198774909374E+000
 0909  0.6106198774909374E+000
 0910  0.6106198774909374E+000
 0911  0.6106198774909374E+000
 0912  0.6106198774909374E+000
 0913  0.6106198774909374E+000
 0914  0.6106198774909374E+000
 0915  0.6106198774909374E+000
 0916  0.6106198774909374E+000
 0917  0.6106198774909374E+000
 0918  0.6106198774909374E+000
 0919  0.6106198774909374E+000
 0920  0.6106198774909374E+000
 0921  0.6106198774909374E+000
 0922  0.6106198774909374E+000
 0923  0.6106198774909374E+000
 0924  0.6106198774909374E+000
 0925  0.6106198774909374E+000
 0926  0.6106198774909374E+000
 0927  0.6106198774909374E+000
 0928  0.6106198774909374E+000
 0929  0.6106198774909374E+000
 0930  0.6106198774909374E+000
 0931  0.6106198774909374E+000
 0932  0.6106198774909374E+000
 0933  0.6106198774909374E+000
 0934  0.6106198774909374E+000
 0935  0.6106198774909374E+000
 0936  0.6106198774909374E+000
 0937  0.6106198774909374E+000
 0938  0.6106198774909374E+000
 0939  0.6106198774909374E+000
 0940  0.6106198774909374E+000
 0941  0.6106198774909374E+000
 0942  0.6106198774909374E+000
 0943  0.6106198774909374E+000
 0944  0.6106198774909374E+000
 0945  0.6106198774909374E+000
 0946  0.6106198774909374E+000
 0947  0.6106198774909374E+000
 0948  0.6106198774909374E+000
 0949  0.6106198774909374E+000
 0950  0.6106198774909374E+000
 0951  0.6106198774909374E+000
 0952  0.6106198774909374E+000
 0953  0.6106198774909374E+000
 0954  0.6106198774909374E+000
 0955  0.6106198774909374E+000
 0956  0.6106198774909374E+000
 0957  0.6106198774909374E+000
 0958  0.6106198774909374E+000
 0959  0.6106198774909374E+000
 0960  0.6106198774909374E+000
 0961  0.6106198774909374E+000
 0962  0.6106198774909374E+000
 0963  0.6106198774909374E+000
 0964  0.6106198774909374E+000
 0965  0.6106198774909374E+000
 0966  0.6106198774909374E+000
 0967  0.6106198774909374E+000
 0968  0.6106198774909374E+000
 0969  0.6106198774909374E+000
 0970  0.6106198774909374E+000
 0971  0.6106198774909374E+000
 0972  0.6106198774909374E+000
 0973  0.6106198774909374E+000
 0974  0.6106198774909374E+000
 0975  0.6106198774909374E+000
 0976  0.6106198774909374E+000
 0977  0.6106198774909374E+000
 0978  0.6106198774909374E+000
 0979  0.6106198774909374E+000
 0980  0.6106198774909374E+000
 0981  0.6106198774909374E+000
 0982  0.6106198774909374E+000
 0983  0.6106198774909374E+000
 0984  0.6106198774909374E+000
 0985  0.6106198774909374E+000
 0986  0.6106198774909374E+000
 0987  0.6106198774909374E+000
 0988  0.6106198774909374E+000
 0989  0.6106198774909374E+000
 0990  0.6106198774909374E+000
 0991  0.6106198774909374E+000
 0992  0.6106198774909374E+000
 0993  0.6106198774909374E+000
 0994  0.6106198774909374E+000
 0995  0.6106198774909374E+000
 0996  0.6106198774909374E+000
 0997  0.6106198774909374E+000
 0998  0.6106198774909374E+000
 0999  0.6106198774909374E+000
 1000  0.6106198774909374E+000
