  0.0000000000E+000  0.0000000000E+000
  1.7002378465E+003  2.2308698663E+034
  3.4001749067E+003  2.2308698663E+034
  5.1002487174E+003  2.2308992038E+034
  6.8001518350E+003  2.2308992038E+034
  8.5001603470E+003  2.2308992038E+034
  1.0200215348E+004  2.2308992038E+034
  1.1900151384E+004  2.2308992038E+034
  1.3600200598E+004  2.2308992038E+034
  1.5300271795E+004  2.2308992038E+034
  1.7000232107E+004  2.2308992038E+034
  1.8700170978E+004  2.2308992038E+034
  2.0400156000E+004  2.2308992038E+034
  2.2100157783E+004  2.2308992038E+034
  2.3800210716E+004  2.2308992038E+034
  2.5500270292E+004  2.2308992038E+034
  2.7200248013E+004  2.2308992038E+034
  2.8900268929E+004  2.2308992038E+034
  3.0600155415E+004  2.2308992038E+034
  3.2300174103E+004  2.2308992038E+034
  3.4000146753E+004  2.2308992038E+034
  3.5700190815E+004  2.2308992038E+034
  3.7400221344E+004  2.2308992038E+034
  3.9100153114E+004  2.2308992038E+034
  4.0800260193E+004  2.2308992038E+034
  4.2500153818E+004  2.2308992038E+034
  4.4200233678E+004  2.2308992038E+034
  4.5900227932E+004  2.2308992038E+034
  4.7600273103E+004  2.2308992038E+034
  4.9300187181E+004  2.2308992038E+034
  5.1000187891E+004  2.2308992038E+034
  5.2700163705E+004  2.2308992038E+034
  5.4400239485E+004  2.2308992038E+034
  5.6100205128E+004  2.2308992038E+034
  5.7800169352E+004  2.2308992038E+034
  5.9500271847E+004  2.2308992038E+034
  6.1200181200E+004  2.2308992038E+034
  6.2900229183E+004  2.2308992038E+034
  6.4600158149E+004  2.2308992038E+034
  6.6300239372E+004  2.2308992038E+034
  6.8000232362E+004  2.2308992038E+034
  6.9700256756E+004  2.2308992038E+034
  7.1400246345E+004  2.2308992038E+034
  7.3100164628E+004  2.2308992038E+034
  7.4800270604E+004  2.2308992038E+034
  7.6500238653E+004  2.2308992038E+034
  7.8200183329E+004  2.2308992038E+034
  7.9900224918E+004  2.2308992038E+034
  8.1600219305E+004  2.2308992038E+034
  8.3300205880E+004  2.2308992038E+034
  8.5000251794E+004  2.2308992038E+034
  8.6700223297E+004  2.2308992038E+034
  8.8400259048E+004  2.2308992038E+034
  9.0100181441E+004  2.2309283169E+034
  9.1800150896E+004  2.2309283169E+034
  9.3500152651E+004  2.2309283169E+034
  9.5200174820E+004  2.2309283169E+034
  9.6900193116E+004  2.2309283169E+034
  9.8600204862E+004  2.2309283169E+034
  1.0030022017E+005  2.2309283169E+034
  1.0200019292E+005  2.2309283169E+034
  1.0370026483E+005  2.2309283169E+034
  1.0540016104E+005  2.2309283169E+034
  1.0710017332E+005  2.2309283169E+034
  1.0880017268E+005  2.2309283169E+034
  1.1050015969E+005  2.2309283169E+034
  1.1220015290E+005  2.2309283169E+034
  1.1390017261E+005  2.2309283169E+034
  1.1560025579E+005  2.2309283169E+034
  1.1730024051E+005  2.2309283169E+034
  1.1900025628E+005  2.2309283169E+034
  1.2070015508E+005  2.2309283169E+034
  1.2240021430E+005  2.2309283169E+034
  1.2410015349E+005  2.2309283169E+034
  1.2580022269E+005  2.2309283169E+034
  1.2750015419E+005  2.2309283169E+034
  1.2920020519E+005  2.2309283169E+034
  1.3090022791E+005  2.2309283169E+034
  1.3260021945E+005  2.2309283169E+034
  1.3430018112E+005  2.2309283169E+034
  1.3600014080E+005  2.2309283169E+034
  1.3770022735E+005  2.2309283169E+034
  1.3940017734E+005  2.2309283169E+034
  1.4110026801E+005  2.2309283169E+034
  1.4280026486E+005  2.2309283169E+034
  1.4450017307E+005  2.2309283169E+034
  1.4620024509E+005  2.2309283169E+034
  1.4790019697E+005  2.2309283169E+034
  1.4960015730E+005  2.2309283169E+034
  1.5130015061E+005  2.2309283169E+034
  1.5300015039E+005  2.2309283169E+034
  1.5470014419E+005  2.2309283169E+034
  1.5640025579E+005  2.2309283169E+034
  1.5810020872E+005  2.2309283169E+034
  1.5980015546E+005  2.2309283169E+034
  1.6150021146E+005  2.2309283169E+034
  1.6320024888E+005  2.2309283169E+034
  1.6490027279E+005  2.2309283169E+034
  1.6660017045E+005  2.2309283169E+034
  1.6830021497E+005  2.2309283169E+034
  1.7000027589E+005  2.2309283169E+034
  1.7170023058E+005  2.2309283169E+034
  1.7340021571E+005  2.2309283169E+034
  1.7510023138E+005  2.2309283169E+034
  1.7680025876E+005  2.2309283169E+034
  1.7850015857E+005  2.2309283169E+034
  1.8020020939E+005  2.2309283169E+034
  1.8190026936E+005  2.2309283169E+034
  1.8360017797E+005  2.2309283169E+034
  1.8530020160E+005  2.2309283169E+034
  1.8700021408E+005  2.2309283169E+034
  1.8870021444E+005  2.2309283169E+034
  1.9040020001E+005  2.2309283169E+034
  1.9210016895E+005  2.2309283169E+034
  1.9380027484E+005  2.2309283169E+034
  1.9550025445E+005  2.2309283169E+034
  1.9720025017E+005  2.2309283169E+034
  1.9890026731E+005  2.2309283169E+034
  2.0060016811E+005  2.2309283169E+034
  2.0230023967E+005  2.2309283169E+034
  2.0400019164E+005  2.2309283169E+034
  2.0570015376E+005  2.2309283169E+034
  2.0740025810E+005  2.2309283169E+034
  2.0910023190E+005  2.2309283169E+034
  2.1080021325E+005  2.2309283169E+034
  2.1250017541E+005  2.2309283169E+034
  2.1420025956E+005  2.2309283169E+034
  2.1590018598E+005  2.2309283169E+034
  2.1760024853E+005  2.2309283169E+034
  2.1930016349E+005  2.2309283169E+034
  2.2100020605E+005  2.2309283169E+034
  2.2270025216E+005  2.2309283169E+034
  2.2440017224E+005  2.2309283169E+034
  2.2610026183E+005  2.2309283169E+034
  2.2780022706E+005  2.2309283169E+034
  2.2950021253E+005  2.2309283169E+034
  2.3120021612E+005  2.2309283169E+034
  2.3290024036E+005  2.2309283169E+034
  2.3460027605E+005  2.2309283169E+034
  2.3630016937E+005  2.2309283169E+034
  2.3800020751E+005  2.2309283169E+034
  2.3970023694E+005  2.2309283169E+034
  2.4140025882E+005  2.2309283169E+034
  2.4310026253E+005  2.2309283169E+034
  2.4480025120E+005  2.2309283169E+034
  2.4650023819E+005  2.2309283169E+034
  2.4820022116E+005  2.2309283169E+034
  2.4990020375E+005  2.2309283169E+034
  2.5160018922E+005  2.2309283169E+034
  2.5330019676E+005  2.2309283169E+034
  2.5500022588E+005  2.2309283169E+034
  2.5670027476E+005  2.2309283169E+034
  2.5840020013E+005  2.2309283169E+034
  2.6010013926E+005  2.2309283169E+034
  2.6180023434E+005  2.2309283169E+034
  2.6350019498E+005  2.2309283169E+034
  2.6520015505E+005  2.2309283169E+034
  2.6690024828E+005  2.2309283169E+034
  2.6860019677E+005  2.2309283169E+034
  2.7030027804E+005  2.2309283169E+034
  2.7200020265E+005  2.2309283169E+034
  2.7370025661E+005  2.2309283169E+034
  2.7540016928E+005  2.2309283169E+034
  2.7710022481E+005  2.2309283169E+034
  2.7880014366E+005  2.2309283169E+034
  2.8050021345E+005  2.2309283169E+034
  2.8220016215E+005  2.2309283169E+034
  2.8390027171E+005  2.2309283169E+034
  2.8560026274E+005  2.2309283169E+034
  2.8730026163E+005  2.2309283169E+034
  2.8900027211E+005  2.2309283169E+034
  2.9070015315E+005  2.2309283169E+034
  2.9240018172E+005  2.2309283169E+034
  2.9410020534E+005  2.2309283169E+034
  2.9580021773E+005  2.2309283169E+034
  2.9750022307E+005  2.2309283169E+034
  2.9920022072E+005  2.2309283169E+034
  3.0090021205E+005  2.2309283169E+034
  3.0260019237E+005  2.2309283169E+034
  3.0430017494E+005  2.2309283169E+034
  3.0600016124E+005  2.2309283169E+034
  3.0770016018E+005  2.2309283169E+034
  3.0940017320E+005  2.2309283169E+034
  3.1110019922E+005  2.2309283169E+034
  3.1280024781E+005  2.2309283169E+034
  3.1450017123E+005  2.2309283169E+034
  3.1620024633E+005  2.2309283169E+034
  3.1790018668E+005  2.2309283169E+034
  3.1960027335E+005  2.2309283169E+034
  3.2130022330E+005  2.2309283169E+034
  3.2300016623E+005  2.2309283169E+034
  3.2470024022E+005  2.2309283169E+034
  3.2640016381E+005  2.2309283169E+034
  3.2810022508E+005  2.2309283169E+034
  3.2980013997E+005  2.2309283169E+034
  3.3150019076E+005  2.2309283169E+034
  3.3320024262E+005  2.2309283169E+034
  3.3490016365E+005  2.2309283169E+034
  3.3660024260E+005  2.2309283169E+034
  3.3830019434E+005  2.2309283169E+034
  3.4000016056E+005  2.2309283169E+034
  3.4170014294E+005  2.2309283169E+034
  3.4340013926E+005  2.2309283169E+034
  3.4510014488E+005  2.2309283169E+034
  3.4680015292E+005  2.2309283169E+034
  3.4850016309E+005  2.2309283169E+034
  3.5020017215E+005  2.2309283169E+034
  3.5190017817E+005  2.2309283169E+034
  3.5360017162E+005  2.2309283169E+034
  3.5530015592E+005  2.2309283169E+034
  3.5700027830E+005  2.2309283169E+034
  3.5870025991E+005  2.2309283169E+034
  3.6040024331E+005  2.2309283169E+034
  3.6210022832E+005  2.2309283169E+034
  3.6380022604E+005  2.2309283169E+034
  3.6550024113E+005  2.2309283169E+034
  3.6720027167E+005  2.2309283169E+034
  3.6890017424E+005  2.2309283169E+034
  3.7060022747E+005  2.2309283169E+034
  3.7230015426E+005  2.2309283169E+034
  3.7400022863E+005  2.2309283169E+034
  3.7570016474E+005  2.2309283169E+034
  3.7740023422E+005  2.2309283169E+034
  3.7910016472E+005  2.2309283169E+034
  3.8080022835E+005  2.2309283169E+034
  3.8250014524E+005  2.2309283169E+034
  3.8420019427E+005  2.2309283169E+034
  3.8590024063E+005  2.2309283169E+034
  3.8760015166E+005  2.2309283169E+034
  3.8930020536E+005  2.2309283169E+034
  3.9100026620E+005  2.2309283169E+034
  3.9270019899E+005  2.2309283169E+034
  3.9440015149E+005  2.2309283169E+034
  3.9610025689E+005  2.2309283169E+034
  3.9780023337E+005  2.2309283169E+034
  3.9950021830E+005  2.2309283169E+034
  4.0120021097E+005  2.2309283169E+034
  4.0290021334E+005  2.2309283169E+034
  4.0460021125E+005  2.2309283169E+034
  4.0630020450E+005  2.2309283169E+034
  4.0800019335E+005  2.2309283169E+034
  4.0970017867E+005  2.2309283169E+034
  4.1140015921E+005  2.2309283169E+034
  4.1310027134E+005  2.2309283169E+034
  4.1480024474E+005  2.2309283169E+034
  4.1650022435E+005  2.2309283169E+034
  4.1820021371E+005  2.2309283169E+034
  4.1990021050E+005  2.2309283169E+034
  4.2160021897E+005  2.2309283169E+034
  4.2330024463E+005  2.2309283169E+034
  4.2500014397E+005  2.2309283169E+034
  4.2670019351E+005  2.2309283169E+034
  4.2840024598E+005  2.2309283169E+034
  4.3010016665E+005  2.2309283169E+034
  4.3180023172E+005  2.2309283169E+034
  4.3350015321E+005  2.2309283169E+034
  4.3520020803E+005  2.2309283169E+034
  4.3690025511E+005  2.2309283169E+034
  4.3860016290E+005  2.2309283169E+034
  4.4030020755E+005  2.2309283169E+034
  4.4200024831E+005  2.2309283169E+034
  4.4370014991E+005  2.2309283169E+034
  4.4540019997E+005  2.2309283169E+034
  4.4710026191E+005  2.2309283169E+034
  4.4880019413E+005  2.2309283169E+034
  4.5050013952E+005  2.2309283169E+034
  4.5220023567E+005  2.2309283169E+034
  4.5390020739E+005  2.2309283169E+034
  4.5560018610E+005  2.2309283169E+034
  4.5730016695E+005  2.2309283169E+034
  4.5900015113E+005  2.2309283169E+034
  4.6070027710E+005  2.2309283169E+034
  4.6240026068E+005  2.2309283169E+034
  4.6410023624E+005  2.2309283169E+034
  4.6580020663E+005  2.2309283169E+034
  4.6750017541E+005  2.2309283169E+034
  4.6920014567E+005  2.2309283169E+034
  4.7090025308E+005  2.2309283169E+034
  4.7260022494E+005  2.2309283169E+034
  4.7430020706E+005  2.2309283169E+034
  4.7600020295E+005  2.2309283169E+034
  4.7770021161E+005  2.2309283169E+034
  4.7940022783E+005  2.2291603208E+034
  4.8110025590E+005  2.2293280747E+034
  4.8280015649E+005  2.2294907511E+034
  4.8450020351E+005  2.2295702334E+034
  4.8620025085E+005  2.2296871900E+034
  4.8790015866E+005  2.2297255802E+034
  4.8960020572E+005  2.2297636765E+034
  4.9130024956E+005  2.2297636765E+034
  4.9300014919E+005  2.2297255802E+034
  4.9470018072E+005  2.2296871900E+034
  4.9640021355E+005  2.2296095189E+034
  4.9810024996E+005  2.2295702334E+034
  4.9980014806E+005  2.2296095189E+034
  5.0150019231E+005  2.2298762249E+034
  5.0320024525E+005  2.2299131682E+034
  5.0490017469E+005  2.2299498287E+034
  5.0660025516E+005  2.2299498287E+034
  5.0830020484E+005  2.2299498287E+034
  5.1000016328E+005  2.2300223100E+034
  5.1170026959E+005  2.2299498287E+034
  5.1340024317E+005  2.2300581351E+034
  5.1510021477E+005  2.2299862086E+034
  5.1680018496E+005  2.2299498287E+034
  5.1850015170E+005  2.2300223100E+034
  5.2020025748E+005  2.2299498287E+034
  5.2190021937E+005  2.2299131682E+034
  5.2360017538E+005  2.2299862086E+034
  5.2530027356E+005  2.2299862086E+034
  5.2700023571E+005  2.2299498287E+034
  5.2870020548E+005  2.2299131682E+034
  5.3040018158E+005  2.2298762249E+034
  5.3210016860E+005  2.2299498287E+034
  5.3380016963E+005  2.2299498287E+034
  5.3550018205E+005  2.2299131682E+034
  5.3720020247E+005  2.2298762249E+034
  5.3890022827E+005  2.2298389967E+034
  5.4060026143E+005  2.2298014813E+034
  5.4230015916E+005  2.2297636765E+034
  5.4400019573E+005  2.2297636765E+034
  5.4570022608E+005  2.2298389967E+034
  5.4740025359E+005  2.2298014813E+034
  5.4910014184E+005  2.2297636765E+034
  5.5080016604E+005  2.2297255802E+034
  5.5250018860E+005  2.2296871900E+034
  5.5420021296E+005  2.2296485036E+034
  5.5590024381E+005  2.2296485036E+034
  5.5760014481E+005  2.2296095189E+034
  5.5930019404E+005  2.2296095189E+034
  5.6100025206E+005  2.2295702334E+034
  5.6270018393E+005  2.2295306449E+034
  5.6440026664E+005  2.2295306449E+034
  5.6610021633E+005  2.2294907511E+034
  5.6780017087E+005  2.2294907511E+034
  5.6950026726E+005  2.2294907511E+034
  5.7120022734E+005  2.2294907511E+034
  5.7290018578E+005  2.2294505495E+034
  5.7460027820E+005  2.2294100379E+034
  5.7630022859E+005  2.2293692137E+034
  5.7800017749E+005  2.2293280747E+034
  5.7970026680E+005  2.2293280747E+034
  5.8140021631E+005  2.2292866184E+034
  5.8310016877E+005  2.2292866184E+034
  5.8480026839E+005  2.2292448423E+034
  5.8650024044E+005  2.2292027439E+034
  5.8820022296E+005  2.2292027439E+034
  5.8990021291E+005  2.2291603208E+034
  5.9160021513E+005  2.2291603208E+034
  5.9330022491E+005  2.2291175705E+034
  5.9500024273E+005  2.2290744905E+034
  5.9670026252E+005  2.2290744905E+034
  5.9840014324E+005  2.2290310781E+034
  6.0010016536E+005  2.2289873309E+034
  6.0180018469E+005  2.2289873309E+034
  6.0350020075E+005  2.2289432463E+034
  6.0520021168E+005  2.2288988216E+034
  6.0690022405E+005  2.2288988216E+034
  6.0860023840E+005  2.2288540542E+034
  6.1030025568E+005  2.2288540542E+034
  6.1200027746E+005  2.2288089415E+034
  6.1370016807E+005  2.2287634809E+034
  6.1540021145E+005  2.2287634809E+034
  6.1710026356E+005  2.2287176696E+034
  6.1880018633E+005  2.2287176696E+034
  6.2050025537E+005  2.2286715049E+034
  6.2220019312E+005  2.2286249842E+034
  6.2390027741E+005  2.2286249842E+034
  6.2560022210E+005  2.2285781046E+034
  6.2730016524E+005  2.2285781046E+034
  6.2900024701E+005  2.2285781046E+034
  6.3070018885E+005  2.2285308634E+034
  6.3240026690E+005  2.2285308634E+034
  6.3410020292E+005  2.2285308634E+034
  6.3580013943E+005  2.2284832579E+034
  6.3750021907E+005  2.2284352851E+034
  6.3920016566E+005  2.2284352851E+034
  6.4090025705E+005  2.2283869423E+034
  6.4260021868E+005  2.2283382266E+034
  6.4430019156E+005  2.2282891351E+034
  6.4600017571E+005  2.2282891351E+034
  6.4770016802E+005  2.2282396650E+034
  6.4940016467E+005  2.2281898133E+034
  6.5110016816E+005  2.2281898133E+034
  6.5280017643E+005  2.2281395771E+034
  6.5450018453E+005  2.2280889533E+034
  6.5620019000E+005  2.2280889533E+034
  6.5790019360E+005  2.2280379391E+034
  6.5960019599E+005  2.2280379391E+034
  6.6130019760E+005  2.2279865314E+034
  6.6300019796E+005  2.2279347272E+034
  6.6470019834E+005  2.2279347272E+034
  6.6640020628E+005  2.2278825234E+034
  6.6810022130E+005  2.2278299169E+034
  6.6980024469E+005  2.2278299169E+034
  6.7150027561E+005  2.2277769046E+034
  6.7320017828E+005  2.2277769046E+034
  6.7490023123E+005  2.2277234834E+034
  6.7660015126E+005  2.2277234834E+034
  6.7830021533E+005  2.2276696502E+034
  6.8000014297E+005  2.2276154017E+034
  6.8170021425E+005  2.2276154017E+034
  6.8340014471E+005  2.2275607348E+034
  6.8510021234E+005  2.2275607348E+034
  6.8680027598E+005  2.2275056462E+034
  6.8850020022E+005  2.2274501327E+034
  6.9020026670E+005  2.2274501327E+034
  6.9190019180E+005  2.2273941910E+034
  6.9360025953E+005  2.2273941910E+034
  6.9530019422E+005  2.2273378178E+034
  6.9700027840E+005  2.2273378178E+034
  6.9870023257E+005  2.2272810098E+034
  7.0040019443E+005  2.2272810098E+034
  7.0210016558E+005  2.2272237636E+034
  7.0380014564E+005  2.2271660758E+034
  7.0550027282E+005  2.2271660758E+034
  7.0720026204E+005  2.2271079431E+034
  7.0890025292E+005  2.2271079431E+034
  7.1060024585E+005  2.2270493619E+034
  7.1230023842E+005  2.2270493619E+034
  7.1400022877E+005  2.2269903289E+034
  7.1570021441E+005  2.2269903289E+034
  7.1740020181E+005  2.2269308405E+034
  7.1910019144E+005  2.2268708933E+034
  7.2080018303E+005  2.2268708933E+034
  7.2250017927E+005  2.2268104837E+034
  7.2420018201E+005  2.2268104837E+034
  7.2590019625E+005  2.2267496081E+034
  7.2760022019E+005  2.2267496081E+034
  7.2930025138E+005  2.2266882630E+034
  7.3100014968E+005  2.2266882630E+034
  7.3270019658E+005  2.2266264447E+034
  7.3440024969E+005  2.2266264447E+034
  7.3610016411E+005  2.2265641495E+034
  7.3780021800E+005  2.2265641495E+034
  7.3950027095E+005  2.2265013739E+034
  7.4120018594E+005  2.2265013739E+034
  7.4290023745E+005  2.2264381140E+034
  7.4460014716E+005  2.2264381140E+034
  7.4630019718E+005  2.2263743662E+034
  7.4800025115E+005  2.2263101266E+034
  7.4970017122E+005  2.2263101266E+034
  7.5140023525E+005  2.2262453916E+034
  7.5310016723E+005  2.2262453916E+034
  7.5480024933E+005  2.2261801572E+034
  7.5650020388E+005  2.2261801572E+034
  7.5820016356E+005  2.2261144197E+034
  7.5990026886E+005  2.2261144197E+034
  7.6160024108E+005  2.2260481751E+034
  7.6330021803E+005  2.2260481751E+034
  7.6500019663E+005  2.2259814195E+034
  7.6670017244E+005  2.2259814195E+034
  7.6840014758E+005  2.2259141490E+034
  7.7010026239E+005  2.2259141490E+034
  7.7180023794E+005  2.2258463596E+034
  7.7350021080E+005  2.2258463596E+034
  7.7520018513E+005  2.2257780473E+034
  7.7690016538E+005  2.2257780473E+034
  7.7860015262E+005  2.2257092081E+034
  7.8030014677E+005  2.2257092081E+034
  7.8200014724E+005  2.2256398379E+034
  7.8370015902E+005  2.2256398379E+034
  7.8540018000E+005  2.2255699327E+034
  7.8710020740E+005  2.2255699327E+034
  7.8880023964E+005  2.2254994882E+034
  7.9050027495E+005  2.2254994882E+034
  7.9220017628E+005  2.2254285004E+034
  7.9390021729E+005  2.2254285004E+034
  7.9560025488E+005  2.2253569650E+034
  7.9730015121E+005  2.2253569650E+034
  7.9900018802E+005  2.2252848778E+034
  8.0070022615E+005  2.2252848778E+034
  8.0240026335E+005  2.2252122346E+034
  8.0410016442E+005  2.2252122346E+034
  8.0580020987E+005  2.2251390311E+034
  8.0750026538E+005  2.2251390311E+034
  8.0920018865E+005  2.2250652629E+034
  8.1090025784E+005  2.2250652629E+034
  8.1260019757E+005  2.2249909257E+034
  8.1430014561E+005  2.2249909257E+034
  8.1600024069E+005  2.2249160151E+034
  8.1770019774E+005  2.2249160151E+034
  8.1940015722E+005  2.2248405267E+034
  8.2110025921E+005  2.2248405267E+034
  8.2280022214E+005  2.2247644560E+034
  8.2450018259E+005  2.2247644560E+034
  8.2620014040E+005  2.2246877985E+034
  8.2790023926E+005  2.2246877985E+034
  8.2960020048E+005  2.2246105498E+034
  8.3130016453E+005  2.2246105498E+034
  8.3300026993E+005  2.2245327052E+034
  8.3470024311E+005  2.2245327052E+034
  8.3640022711E+005  2.2244542602E+034
  8.3810021910E+005  2.2244542602E+034
  8.3980021792E+005  2.2243752101E+034
  8.4150022351E+005  2.2243752101E+034
  8.4320023762E+005  2.2242955502E+034
  8.4490025793E+005  2.2242955502E+034
  8.4660014035E+005  2.2242152759E+034
  8.4830016240E+005  2.2242152759E+034
  8.5000018612E+005  2.2241343824E+034
  8.5170021015E+005  2.2241343824E+034
  8.5340023216E+005  2.2240528649E+034
  8.5510025258E+005  2.2240528649E+034
  8.5680027341E+005  2.2239707187E+034
  8.5850015988E+005  2.2239707187E+034
  8.6020018947E+005  2.2238879388E+034
  8.6190022263E+005  2.2238879388E+034
  8.6360026338E+005  2.2238045204E+034
  8.6530017478E+005  2.2238045204E+034
  8.6700023459E+005  2.2237204586E+034
  8.6870016140E+005  2.2237204586E+034
  8.7040023360E+005  2.2236357483E+034
  8.7210017267E+005  2.2236357483E+034
  8.7380025691E+005  2.2235503847E+034
  8.7550020275E+005  2.2235503847E+034
  8.7720014681E+005  2.2234643626E+034
  8.7890023125E+005  2.2234643626E+034
  8.8060017666E+005  2.2234643626E+034
  8.8230026162E+005  2.2233776770E+034
  8.8400020505E+005  2.2233776770E+034
  8.8570015001E+005  2.2232903228E+034
  8.8740024005E+005  2.2232903228E+034
  8.8910019586E+005  2.2232022947E+034
  8.9080015804E+005  2.2232022947E+034
  8.9250026573E+005  2.2231135877E+034
  8.9420024452E+005  2.2231135877E+034
  8.9590023197E+005  2.2230241964E+034
  8.9760022602E+005  2.2230241964E+034
  8.9930022381E+005  2.2229341156E+034
  9.0100022630E+005  2.2229341156E+034
  9.0270023435E+005  2.2228433400E+034
  9.0440024184E+005  2.2228433400E+034
  9.0610024877E+005  2.2227518641E+034
  9.0780025391E+005  2.2227518641E+034
  9.0950026037E+005  2.2226596827E+034
  9.1120026799E+005  2.2226596827E+034
  9.1290027489E+005  2.2225667903E+034
  9.1460014516E+005  2.2225667903E+034
  9.1630016032E+005  2.2224731813E+034
  9.1800018343E+005  2.2224731813E+034
  9.1970021284E+005  2.2223788503E+034
  9.2140024922E+005  2.2223788503E+034
  9.2310015464E+005  2.2222837917E+034
  9.2480020840E+005  2.2222837917E+034
  9.2650026841E+005  2.2221879999E+034
  9.2820019158E+005  2.2221879999E+034
  9.2990025780E+005  2.2221879999E+034
  9.3160018731E+005  2.2220914691E+034
  9.3330025684E+005  2.2220914691E+034
  9.3500018565E+005  2.2219941938E+034
  9.3670025166E+005  2.2219941938E+034
  9.3840018045E+005  2.2218961682E+034
  9.4010025046E+005  2.2218961682E+034
  9.4180018267E+005  2.2217973865E+034
  9.4350025678E+005  2.2217973865E+034
  9.4520019799E+005  2.2216978428E+034
  9.4690014807E+005  2.2216978428E+034
  9.4860024545E+005  2.2215975312E+034
  9.5030020988E+005  2.2215975312E+034
  9.5200018124E+005  2.2214964460E+034
  9.5370016106E+005  2.2214964460E+034
  9.5540014598E+005  2.2213945810E+034
  9.5710027299E+005  2.2213945810E+034
  9.5880026180E+005  2.2212919303E+034
  9.6050025232E+005  2.2212919303E+034
  9.6220024409E+005  2.2212919303E+034
  9.6390023419E+005  2.2211884878E+034
  9.6560022300E+005  2.2211884878E+034
  9.6730021301E+005  2.2210842475E+034
  9.6900020689E+005  2.2210842475E+034
  9.7070020359E+005  2.2209792030E+034
  9.7240020500E+005  2.2209792030E+034
  9.7410021229E+005  2.2208733483E+034
  9.7580022871E+005  2.2208733483E+034
  9.7750025390E+005  2.2207666772E+034
  9.7920014516E+005  2.2207666772E+034
  9.8090018255E+005  2.2206591832E+034
  9.8260022606E+005  2.2206591832E+034
  9.8430027525E+005  2.2205508600E+034
  9.8600018647E+005  2.2205508600E+034
  9.8770023689E+005  2.2204417014E+034
  9.8940014870E+005  2.2204417014E+034
  9.9110020061E+005  2.2204417014E+034
  9.9280025276E+005  2.2203317007E+034
  9.9450016411E+005  2.2203317007E+034
  9.9620021718E+005  2.2202208516E+034
  9.9790027395E+005  2.2202208516E+034
  9.9960019679E+005  2.2201091474E+034
  1.0013002643E+006  2.2201091474E+034
  1.0030001982E+006  2.2199965816E+034
  1.0047001420E+006  2.2199965816E+034
  1.0064002331E+006  2.2198831476E+034
  1.0081001912E+006  2.2198831476E+034
  1.0098001540E+006  2.2197688386E+034
  1.0115002607E+006  2.2197688386E+034
  1.0132002330E+006  2.2197688386E+034
  1.0149002064E+006  2.2196536478E+034
  1.0166001793E+006  2.2196536478E+034
  1.0183001514E+006  2.2195375686E+034
  1.0200002645E+006  2.2195375686E+034
  1.0217002388E+006  2.2194205940E+034
  1.0234002130E+006  2.2194205940E+034
  1.0251001898E+006  2.2193027171E+034
  1.0268001710E+006  2.2193027171E+034
  1.0285001599E+006  2.2191839310E+034
  1.0302001542E+006  2.2191839310E+034
  1.0319001554E+006  2.2190642286E+034
  1.0336001644E+006  2.2190642286E+034
  1.0353001814E+006  2.2190642286E+034
  1.0370002050E+006  2.2189436029E+034
  1.0387002318E+006  2.2189436029E+034
  1.0404002624E+006  2.2188220468E+034
  1.0421001566E+006  2.2188220468E+034
  1.0438001917E+006  2.2186995531E+034
  1.0455002253E+006  2.2186995531E+034
  1.0472002585E+006  2.2185761145E+034
  1.0489001535E+006  2.2185761145E+034
  1.0506001897E+006  2.2185761145E+034
  1.0523002280E+006  2.2184517238E+034
  1.0540002685E+006  2.2184517238E+034
  1.0557001752E+006  2.2183263736E+034
  1.0574002290E+006  2.2183263736E+034
  1.0591001509E+006  2.2182000566E+034
  1.0608002183E+006  2.2182000566E+034
  1.0625001534E+006  2.2180727652E+034
  1.0642002353E+006  2.2180727652E+034
  1.0659001836E+006  2.2180727652E+034
  1.0676002741E+006  2.2179444919E+034
  1.0693002268E+006  2.2179444919E+034
  1.0710001822E+006  2.2178152292E+034
  1.0727002778E+006  2.2178152292E+034
  1.0744002337E+006  2.2176849695E+034
  1.0761001889E+006  2.2176849695E+034
  1.0778001448E+006  2.2175537050E+034
  1.0795002437E+006  2.2175537050E+034
  1.0812002060E+006  2.2175537050E+034
  1.0829001722E+006  2.2174214280E+034
  1.0846001440E+006  2.2174214280E+034
  1.0863002636E+006  2.2172881308E+034
  1.0880002515E+006  2.2172881308E+034
  1.0897002453E+006  2.2171538053E+034
  1.0914002453E+006  2.2171538053E+034
  1.0931002511E+006  2.2171538053E+034
  1.0948002628E+006  2.2170184437E+034
  1.0965002765E+006  2.2170184437E+034
  1.0982001517E+006  2.2168820380E+034
  1.0999001671E+006  2.2168820380E+034
  1.1016001835E+006  2.2167445802E+034
  1.1033002010E+006  2.2167445802E+034
  1.1050002171E+006  2.2167445802E+034
  1.1067002357E+006  2.2166060621E+034
  1.1084002577E+006  2.2166060621E+034
  1.1101001452E+006  2.2164664756E+034
  1.1118001767E+006  2.2164664756E+034
  1.1135002138E+006  2.2163258123E+034
  1.1152002593E+006  2.2163258123E+034
  1.1169001728E+006  2.2163258123E+034
  1.1186002329E+006  2.2161840641E+034
  1.1203001573E+006  2.2161840641E+034
  1.1220002264E+006  2.2160412225E+034
  1.1237001607E+006  2.2160412225E+034
  1.1254002361E+006  2.2158972791E+034
  1.1271001725E+006  2.2158972791E+034
  1.1288002480E+006  2.2158972791E+034
  1.1305001863E+006  2.2157522255E+034
  1.1322002646E+006  2.2157522255E+034
  1.1339002041E+006  2.2156060529E+034
  1.1356001456E+006  2.2156060529E+034
  1.1373002307E+006  2.2156060529E+034
  1.1390001829E+006  2.2154587529E+034
  1.1407001407E+006  2.2154587529E+034
  1.1424002438E+006  2.2153103167E+034
  1.1441002146E+006  2.2153103167E+034
  1.1458001934E+006  2.2151607355E+034
  1.1475001779E+006  2.2151607355E+034
  1.1492001660E+006  2.2151607355E+034
  1.1509001583E+006  2.2150100005E+034
  1.1526001537E+006  2.2150100005E+034
  1.1543001512E+006  2.2148581029E+034
  1.1560001485E+006  2.2148581029E+034
  1.1577001453E+006  2.2148581029E+034
  1.1594001437E+006  2.2147050336E+034
  1.1611001443E+006  2.2147050336E+034
  1.1628001469E+006  2.2145507836E+034
  1.1645001516E+006  2.2145507836E+034
  1.1662001615E+006  2.2145507836E+034
  1.1679001781E+006  2.2143953439E+034
  1.1696002015E+006  2.2143953439E+034
  1.1713002303E+006  2.2142387051E+034
  1.1730002660E+006  2.2142387051E+034
  1.1747001692E+006  2.2142387051E+034
  1.1764002173E+006  2.2140808582E+034
  1.1781002690E+006  2.2140808582E+034
  1.1798001829E+006  2.2140808582E+034
  1.1815002391E+006  2.2139217937E+034
  1.1832001576E+006  2.2139217937E+034
  1.1849002160E+006  2.2137615023E+034
  1.1866002737E+006  2.2137615023E+034
  1.1883001939E+006  2.2137615023E+034
  1.1900002566E+006  2.2135999744E+034
  1.1917001825E+006  2.2135999744E+034
  1.1934002516E+006  2.2134372007E+034
  1.1951001859E+006  2.2134372007E+034
  1.1968002679E+006  2.2134372007E+034
  1.1985002169E+006  2.2132731714E+034
  1.2002001718E+006  2.2132731714E+034
  1.2019002716E+006  2.2131078769E+034
  1.2036002376E+006  2.2131078769E+034
  1.2053002096E+006  2.2131078769E+034
  1.2070001837E+006  2.2129413074E+034
  1.2087001593E+006  2.2129413074E+034
  1.2104002760E+006  2.2129413074E+034
  1.2121002551E+006  2.2127734530E+034
  1.2138002348E+006  2.2127734530E+034
  1.2155002145E+006  2.2126043040E+034
  1.2172001965E+006  2.2126043040E+034
  1.2189001816E+006  2.2126043040E+034
  1.2206001718E+006  2.2124338502E+034
  1.2223001660E+006  2.2124338502E+034
  1.2240001652E+006  2.2124338502E+034
  1.2257001720E+006  2.2122620816E+034
  1.2274001856E+006  2.2122620816E+034
  1.2291002055E+006  2.2120889882E+034
  1.2308002293E+006  2.2120889882E+034
  1.2325002584E+006  2.2120889882E+034
  1.2342001528E+006  2.2119145595E+034
  1.2359001885E+006  2.2119145595E+034
  1.2376002253E+006  2.2119145595E+034
  1.2393002626E+006  2.2117387855E+034
  1.2410001628E+006  2.2117387855E+034
  1.2427002037E+006  2.2115616556E+034
  1.2444002460E+006  2.2115616556E+034
  1.2461001502E+006  2.2115616556E+034
  1.2478001984E+006  2.2113831594E+034
  1.2495002526E+006  2.2113831594E+034
  1.2512001716E+006  2.2113831594E+034
  1.2529002361E+006  2.2112032865E+034
  1.2546001677E+006  2.2112032865E+034
  1.2563002458E+006  2.2112032865E+034
  1.2580001899E+006  2.2110220261E+034
  1.2597002771E+006  2.2110220261E+034
  1.2614002287E+006  2.2108393675E+034
  1.2631001841E+006  2.2108393675E+034
  1.2648001419E+006  2.2108393675E+034
  1.2665002394E+006  2.2106553001E+034
  1.2682001982E+006  2.2106553001E+034
  1.2699001585E+006  2.2106553001E+034
  1.2716002613E+006  2.2104698128E+034
  1.2733002258E+006  2.2104698128E+034
  1.2750001933E+006  2.2104698128E+034
  1.2767001657E+006  2.2102828948E+034
  1.2784001441E+006  2.2102828948E+034
  1.2801002678E+006  2.2102828948E+034
  1.2818002573E+006  2.2100945350E+034
  1.2835002528E+006  2.2100945350E+034
  1.2852002546E+006  2.2099047224E+034
  1.2869002623E+006  2.2099047224E+034
  1.2886002726E+006  2.2099047224E+034
  1.2903001463E+006  2.2097134456E+034
  1.2920001625E+006  2.2097134456E+034
