 0001  0.1660266192465436E+023
 0002  0.1635115850227457E+023
 0003  0.1609540426942271E+023
 0004  0.1584345104992926E+023
 0005  0.1558985323341453E+023
 0006  0.1533088840489873E+023
 0007  0.1506780578965331E+023
 0008  0.1479930213267089E+023
 0009  0.1454705799930982E+023
 0010  0.1429239002101145E+023
 0011  0.1403396209617117E+023
 0012  0.1377030874039429E+023
 0013  0.1350734885099557E+023
 0014  0.1324694411868089E+023
 0015  0.1298304442676514E+023
 0016  0.1271422620101054E+023
 0017  0.1244702211750266E+023
 0018  0.1218681732906097E+023
 0019  0.1192350229172303E+023
 0020  0.1165571062529113E+023
 0021  0.1139496204107969E+023
 0022  0.1114069879334160E+023
 0023  0.1088228964626725E+023
 0024  0.1062122821534846E+023
 0025  0.1036490470941344E+023
 0026  0.1010685575257004E+023
 0027  0.9845098857851389E+022
 0028  0.9589724092490953E+022
 0029  0.9336250071366554E+022
 0030  0.9079388723345369E+022
 0031  0.8826340665047861E+022
 0032  0.8575139327311736E+022
 0033  0.8322317736640859E+022
 0034  0.8077726444738099E+022
 0035  0.7836546743083266E+022
 0036  0.7594052067505606E+022
 0037  0.7356186686419025E+022
 0038  0.7117015515987502E+022
 0039  0.6880221919003214E+022
 0040  0.6652566811997843E+022
 0041  0.6422734664870601E+022
 0042  0.6193528644097030E+022
 0043  0.5963542256081229E+022
 0044  0.5735277580279560E+022
 0045  0.5511309882613421E+022
 0046  0.5288442030737020E+022
 0047  0.5075322889902930E+022
 0048  0.4862202991832558E+022
 0049  0.4658755601071808E+022
 0050  0.4454659430880769E+022
 0051  0.4258711453295615E+022
 0052  0.4063346196877454E+022
 0053  0.3875595888484760E+022
 0054  0.3689140347758837E+022
 0055  0.3508040675430704E+022
 0056  0.3330769936511347E+022
 0057  0.3157999048994604E+022
 0058  0.2987503122297994E+022
 0059  0.2820213043776405E+022
 0060  0.2663108620679884E+022
 0061  0.2507919203087262E+022
 0062  0.2355454690493348E+022
 0063  0.2209778675003834E+022
 0064  0.2068083871416315E+022
 0065  0.1930566082401049E+022
 0066  0.1799323496069804E+022
 0067  0.1671839943093818E+022
 0068  0.1550877832077633E+022
 0069  0.1433063583100916E+022
 0070  0.1319832287103012E+022
 0071  0.1212725311725349E+022
 0072  0.1107101363497571E+022
 0073  0.1010865564197540E+022
 0074  0.9165941053353314E+021
 0075  0.8291145138948359E+021
 0076  0.7465785731523623E+021
 0077  0.6671078535408440E+021
 0078  0.5910095430005259E+021
 0079  0.5205512459094907E+021
 0080  0.4566069599976059E+021
 0081  0.3959701077572670E+021
 0082  0.3404670974953810E+021
 0083  0.2887619343550120E+021
 0084  0.2409255176449749E+021
 0085  0.1984867257427201E+021
 0086  0.1603776308494998E+021
 0087  0.1272953653043948E+021
 0088  0.9828991532353087E+020
 0089  0.7372877350354589E+020
 0090  0.5359945682585972E+020
 0091  0.3723957320221684E+020
 0092  0.2322542630882040E+020
 0093  0.1609177675781755E+020
 0094  0.1134714360188970E+020
 0095  0.8080856261989016E+019
 0096  0.5838734611216345E+019
 0097  0.4228204332305883E+019
 0098  0.3091997118424763E+019
 0099  0.2268416701671985E+019
 0100  0.1670651946011839E+019
 0101  0.1243844382758330E+019
 0102  0.9280614437720191E+018
 0103  0.6949348958087689E+018
 0104  0.5234370264972029E+018
 0105  0.3924599111995543E+018
 0106  0.2933049569617571E+018
 0107  0.2178560202005695E+018
 0108  0.1594737435416382E+018
 0109  0.1148202817445023E+018
 0110  0.8024809617563317E+017
 0111  0.5427468207890122E+017
 0112  0.3499665726689778E+017
 0113  0.2098567519855439E+017
 0114  0.1115012367598400E+017
 0115  0.4656020670163194E+016
 0116  0.1105130977871760E+016
 0117  0.7992126576820394E+014
 0118  0.1610024387631617E+013
 0119  0.2050551330356744E+011
 0120  0.1073813941815356E+010
 0121  0.2179174639546241E+009
 0122  0.8357154791871081E+008
 0123  0.4387139943937382E+008
 0124  0.2720211075692040E+008
 0125  0.1874133938789444E+008
 0126  0.1382272531704688E+008
 0127  0.1069794464514509E+008
 0128  0.8584457724637931E+007
 0129  0.7096522717542258E+007
 0130  0.5998539841204115E+007
 0131  0.5148966454670552E+007
 0132  0.4495684873748808E+007
 0133  0.3968195059596105E+007
 0134  0.3531376213784226E+007
 0135  0.3174294356512356E+007
 0136  0.2882261028087682E+007
 0137  0.2624667304744350E+007
 0138  0.2402065925674487E+007
 0139  0.2209589512745510E+007
 0140  0.2043273770076836E+007
 0141  0.1895762992279239E+007
 0142  0.1765110125362016E+007
 0143  0.1649431224640365E+007
 0144  0.1546047270379632E+007
 0145  0.1452119381374785E+007
 0146  0.1366049110692229E+007
 0147  0.1290730349641655E+007
 0148  0.1220454705760594E+007
 0149  0.1156122495736999E+007
 0150  0.1097832958986554E+007
 0151  0.1043218509017479E+007
 0152  0.9942109824403593E+006
 0153  0.9465492322329372E+006
 0154  0.9047762273242041E+006
 0155  0.8644544607853261E+006
 0156  0.8276422128758391E+006
 0157  0.7920438342139701E+006
 0158  0.7600497238480145E+006
 0159  0.7294146595454346E+006
 0160  0.7009980493342513E+006
 0161  0.6741489633544856E+006
 0162  0.6485811797837290E+006
 0163  0.6248957444574683E+006
 0164  0.6018703895860116E+006
 0165  0.5809348124987142E+006
 0166  0.5607816548876413E+006
 0167  0.5416228198111424E+006
 0168  0.5237339605259048E+006
 0169  0.5063124131968585E+006
 0170  0.4899952407928116E+006
 0171  0.4745096841743672E+006
 0172  0.4594167295615567E+006
 0173  0.4453170985400527E+006
 0174  0.4317239034074433E+006
 0175  0.4184673617299433E+006
 0176  0.4062537777429256E+006
 0177  0.3944375618904580E+006
 0178  0.3829045002950129E+006
 0179  0.3721981133273288E+006
 0180  0.3618874973978802E+006
 0181  0.3517958030451412E+006
 0182  0.3422624171903262E+006
 0183  0.3331572480115981E+006
 0184  0.3242591631469337E+006
 0185  0.3156685738558801E+006
 0186  0.3075614649947184E+006
 0187  0.2996347362552901E+006
 0188  0.2918843329255473E+006
 0189  0.2846063086100809E+006
 0190  0.2775560417098940E+006
 0191  0.2706588334154465E+006
 0192  0.2639892751828466E+006
 0193  0.2577264866908572E+006
 0194  0.2515968005114491E+006
 0195  0.2455972940594570E+006
 0196  0.2398421355838098E+006
 0197  0.2343462339241306E+006
 0198  0.2289643104099768E+006
 0199  0.2236939064166017E+006
 0200  0.2186411394509611E+006
 0201  0.2137770353943927E+006
 0202  0.2090123438170373E+006
 0203  0.2043465861550198E+006
 0204  0.1999382831562269E+006
 0205  0.1957551119713385E+006
 0206  0.1916541088771859E+006
 0207  0.1876335628047480E+006
 0208  0.1836906933462672E+006
 0209  0.1798221930409496E+006
 0210  0.1760301649009895E+006
 0211  0.1723129925875425E+006
 0212  0.1686691113380401E+006
 0213  0.1652363483710040E+006
 0214  0.1618705682622661E+006
 0215  0.1585701251882316E+006
 0216  0.1553336653916267E+006
 0217  0.1522170781568346E+006
 0218  0.1491989463054620E+006
 0219  0.1462384304233937E+006
 0220  0.1433343507173261E+006
 0221  0.1404896226144957E+006
 0222  0.1377921686142136E+006
 0223  0.1351448436285229E+006
 0224  0.1325469667770948E+006
 0225  0.1299975435325644E+006
 0226  0.1275272645708607E+006
 0227  0.1251680923114428E+006
 0228  0.1228521739840343E+006
 0229  0.1205786461414903E+006
 0230  0.1183466638526540E+006
 0231  0.1161879948546814E+006
 0232  0.1141108865334858E+006
 0233  0.1120708827424475E+006
 0234  0.1100672564416682E+006
 0235  0.1080992957523760E+006
 0236  0.1061924990959799E+006
 0237  0.1043691012361305E+006
 0238  0.1025774854850902E+006
 0239  0.1008171086017969E+006
 0240  0.9908721535069606E+005
 0241  0.9738981188209838E+005
 0242  0.9577013825624264E+005
 0243  0.9417793956894737E+005
 0244  0.9261269430788879E+005
 0245  0.9107389029928835E+005
 0246  0.8956106756572321E+005
 0247  0.8805191074055611E+005
 0248  0.8654934431702732E+005
 0249  0.8507233393344659E+005
 0250  0.8362038887573880E+005
 0251  0.8219302814179209E+005
 0252  0.8080023240807599E+005
 0253  0.7947512452301409E+005
 0254  0.7817172546336237E+005
 0255  0.7688965472558585E+005
 0256  0.7562851181446912E+005
 0257  0.7438790369421605E+005
 0258  0.7319768186099803E+005
 0259  0.7204481161541400E+005
 0260  0.7091003187075922E+005
 0261  0.6979298269006364E+005
 0262  0.6869335900391699E+005
 0263  0.6761084483110886E+005
 0264  0.6658047879939567E+005
 0265  0.6557453759373289E+005
 0266  0.6458371382714963E+005
 0267  0.6360772203567017E+005
 0268  0.6264631384752232E+005
 0269  0.6169923470483578E+005
 0270  0.6074116432660387E+005
 0271  0.5978709933308541E+005
 0272  0.5884734788183801E+005
 0273  0.5792164732012518E+005
 0274  0.5700976171251980E+005
 0275  0.5611145285980911E+005
 0276  0.5525983209659573E+005
 0277  0.5442794516393623E+005
 0278  0.5360803540798207E+005
 0279  0.5279991111895462E+005
 0280  0.5200337966533343E+005
 0281  0.5121825282632674E+005
 0282  0.5046694196252019E+005
 0283  0.4973828482245091E+005
 0284  0.4901978661122937E+005
 0285  0.4831129342529413E+005
 0286  0.4761265146108727E+005
 0287  0.4692371062177308E+005
 0288  0.4624952430463628E+005
 0289  0.4560898982258864E+005
 0290  0.4497717893902343E+005
 0291  0.4435396457856707E+005
 0292  0.4373922471732552E+005
 0293  0.4313283450497226E+005
 0294  0.4253467812687080E+005
 0295  0.4193535784396454E+005
 0296  0.4132799231249775E+005
 0297  0.4072909488460542E+005
 0298  0.4013854689727224E+005
 0299  0.3955623740896956E+005
 0300  0.3898205689420165E+005
 0301  0.3841589983698125E+005
 0302  0.3787796458346141E+005
 0303  0.3735301017860767E+005
 0304  0.3683533905837910E+005
 0305  0.3632486133688710E+005
 0306  0.3582149010757348E+005
 0307  0.3532513768292352E+005
 0308  0.3483572091993437E+005
 0309  0.3432639010281825E+005
 0310  0.3382020194043341E+005
 0311  0.3332150806966142E+005
 0312  0.3283022763255073E+005
 0313  0.3234628025295879E+005
 0314  0.3186958710519565E+005
 0315  0.3140442675023247E+005
 0316  0.3096107892012515E+005
 0317  0.3052448170503692E+005
 0318  0.3009456714499435E+005
 0319  0.2967126548963997E+005
 0320  0.2925450790753977E+005
 0321  0.2884422471305017E+005
 0322  0.2844301042769379E+005
 0323  0.2805666919123118E+005
 0324  0.2767654810611417E+005
 0325  0.2730258165252042E+005
 0326  0.2693470120367737E+005
 0327  0.2657283701415963E+005
 0328  0.2621691708239833E+005
 0329  0.2586686635276364E+005
 0330  0.2550135816572373E+005
 0331  0.2513873334076751E+005
 0332  0.2478268068550458E+005
 0333  0.2443310652111618E+005
 0334  0.2408991237525527E+005
 0335  0.2375299572160445E+005
 0336  0.2342224947506894E+005
 0337  0.2310588297054502E+005
 0338  0.2279718238928234E+005
 0339  0.2249427010989187E+005
 0340  0.2219702671269244E+005
 0341  0.2190532992738855E+005
 0342  0.2161905482762215E+005
 0343  0.2133807542534900E+005
 0344  0.2105260003971279E+005
 0345  0.2075825949916310E+005
 0346  0.2046975374834036E+005
 0347  0.2018691223302885E+005
 0348  0.1990956627161876E+005
 0349  0.1963754977188055E+005
 0350  0.1937069991338941E+005
 0351  0.1911333429299807E+005
 0352  0.1886682954619384E+005
 0353  0.1862483425562947E+005
 0354  0.1838720926779512E+005
 0355  0.1815382123483236E+005
 0356  0.1792454332824609E+005
 0357  0.1769925495191482E+005
 0358  0.1747675187939254E+005
 0359  0.1723700218647134E+005
 0360  0.1700157244560132E+005
 0361  0.1677033328010473E+005
 0362  0.1654316327063149E+005
 0363  0.1631994820950847E+005
 0364  0.1610058092731146E+005
 0365  0.1588699738840385E+005
 0366  0.1568354604074952E+005
 0367  0.1548346735328701E+005
 0368  0.1528667911633922E+005
 0369  0.1509310327512685E+005
 0370  0.1490266540524963E+005
 0371  0.1471529465715584E+005
 0372  0.1453129252679529E+005
 0373  0.1435767336239837E+005
 0374  0.1418674982391949E+005
 0375  0.1401846552571924E+005
 0376  0.1385276594353113E+005
 0377  0.1368959852546269E+005
 0378  0.1352891228967417E+005
 0379  0.1337065795211928E+005
 0380  0.1320646753190312E+005
 0381  0.1303422305217273E+005
 0382  0.1286470394616800E+005
 0383  0.1269785343777251E+005
 0384  0.1253361633585145E+005
 0385  0.1237193913791189E+005
 0386  0.1221276977787254E+005
 0387  0.1206034525020816E+005
 0388  0.1191383093927492E+005
 0389  0.1176949784141021E+005
 0390  0.1162730339845030E+005
 0391  0.1148720592780330E+005
 0392  0.1134916458972550E+005
 0393  0.1121313933924840E+005
 0394  0.1107437020319677E+005
 0395  0.1092423686081540E+005
 0396  0.1077640296976817E+005
 0397  0.1063081911306409E+005
 0398  0.1048743623411199E+005
 0399  0.1034620545067781E+005
 0400  0.1020707799718474E+005
 0401  0.1007480647155462E+005
 0402  0.9945225616171680E+004
 0403  0.9817517108910872E+004
 0404  0.9691638817813480E+004
 0405  0.9567548478531084E+004
 0406  0.9445203620193299E+004
 0407  0.9325198835666766E+004
 0408  0.9210917650657253E+004
 0409  0.9098205576004488E+004
 0410  0.8987027118440064E+004
 0411  0.8877346660014677E+004
 0412  0.8769128362655269E+004
 0413  0.8662336159489510E+004
 0414  0.8557141460819881E+004
 0415  0.8458131002523123E+004
 0416  0.8360391047947722E+004
 0417  0.8263893602583923E+004
 0418  0.8168610810840791E+004
 0419  0.8074514985416242E+004
 0420  0.7981578647452217E+004
 0421  0.7889774573554040E+004
 0422  0.7789490283762781E+004
 0423  0.7682310890595621E+004
 0424  0.7576506784465864E+004
 0425  0.7472043103110729E+004
 0426  0.7368886102987542E+004
 0427  0.7267003401643762E+004
 0428  0.7171331743146918E+004
 0429  0.7095578618224195E+004
 0430  0.7020651230881967E+004
 0431  0.6946535187202097E+004
 0432  0.6873217066455923E+004
 0433  0.6800684464147329E+004
 0434  0.6728926025142380E+004
 0435  0.6657931465106251E+004
 0436  0.6587691578708033E+004
 0437  0.6483485215622176E+004
 0438  0.6373659253716970E+004
 0439  0.6265075571833905E+004
 0440  0.6157747594803719E+004
 0441  0.6051697216247175E+004
 0442  0.5963491435288808E+004
 0443  0.5890144281213934E+004
 0444  0.5817525974850624E+004
 0445  0.5745657834869216E+004
 0446  0.5674560203712715E+004
 0447  0.5604251506807146E+004
 0448  0.5534747427748504E+004
 0449  0.5463699161493724E+004
 0450  0.5377692865726694E+004
 0451  0.5292709458110687E+004
 0452  0.5208753438907893E+004
 0453  0.5125807567549224E+004
 0454  0.5043832209910798E+004
 0455  0.4964625470566262E+004
 0456  0.4891016504328642E+004
 0457  0.4818108829464124E+004
 0458  0.4745814413509363E+004
 0459  0.4674033984371407E+004
 0460  0.4602658126285216E+004
 0461  0.4532645144600416E+004
 0462  0.4468848210603230E+004
 0463  0.4405380038093795E+004
 0464  0.4342171147736205E+004
 0465  0.4279151921088414E+004
 0466  0.4216253407072643E+004
 0467  0.4153408209566157E+004
 0468  0.4073601293210012E+004
 0469  0.3987534734001803E+004
 0470  0.3901533581776129E+004
 0471  0.3815515056620935E+004
 0472  0.3738415361300446E+004
 0473  0.3687392039305019E+004
 0474  0.3636634362099332E+004
 0475  0.3586138929334178E+004
 0476  0.3535904257508668E+004
 0477  0.3485930783868798E+004
 0478  0.3436220860351036E+004
 0479  0.3387953310239958E+004
 0480  0.3343453727722444E+004
 0481  0.3299273375528515E+004
 0482  0.3255416654361582E+004
 0483  0.3211888729299415E+004
 0484  0.3168695470953067E+004
 0485  0.3125843393247262E+004
 0486  0.3083339584658752E+004
 0487  0.3026756314148093E+004
 0488  0.2968183402548355E+004
 0489  0.2910209689305504E+004
 0490  0.2852861867088164E+004
 0491  0.2796167518398759E+004
 0492  0.2743260210017935E+004
 0493  0.2692532546088700E+004
 0494  0.2642460196700992E+004
 0495  0.2593062432208855E+004
 0496  0.2544357918701065E+004
 0497  0.2497078720529812E+004
 0498  0.2452368108875134E+004
 0499  0.2408329662611139E+004
 0500  0.2364977290241497E+004
 0501  0.2322323734351752E+004
 0502  0.2280380494107572E+004
 0503  0.2240758688022186E+004
 0504  0.2202682107263866E+004
 0505  0.2165268535512127E+004
 0506  0.2128524241433042E+004
 0507  0.2092454246935834E+004
 0508  0.2057062334645128E+004
 0509  0.1997023443079983E+004
 0510  0.1931145956778314E+004
 0511  0.1867513460738305E+004
 0512  0.1828609133019680E+004
 0513  0.1799370820347091E+004
 0514  0.1770801187319659E+004
 0515  0.1742896839544391E+004
 0516  0.1715653145592113E+004
 0517  0.1689064328088175E+004
 0518  0.1652916008006976E+004
 0519  0.1603726715259364E+004
 0520  0.1556760226148120E+004
 0521  0.1511906883556098E+004
 0522  0.1468821922997743E+004
 0523  0.1428057044097220E+004
 0524  0.1389536897753627E+004
 0525  0.1352353611251546E+004
 0526  0.1317335220103452E+004
 0527  0.1284623196996408E+004
 0528  0.1253602014510469E+004
 0529  0.1224015962547863E+004
 0530  0.1196776703515540E+004
 0531  0.1171630387451749E+004
 0532  0.1148582207389150E+004
 0533  0.1127594613270191E+004
 0534  0.1108261671855445E+004
 0535  0.1041418848962735E+004
 0536  0.1029768226347587E+004
 0537  0.1017561589433113E+004
 0538  0.1004690054010137E+004
 0539  0.9288637670657597E+003
 0540  0.9104201628572861E+003
 0541  0.8922621175992037E+003
 0542  0.8743828127824667E+003
 0543  0.7857021002720113E+003
 0544  0.7683544752493158E+003
 0545  0.7513327972628872E+003
 0546  0.7346313929803558E+003
 0547  0.7185410546730060E+003
 0548  0.7029690911655208E+003
 0549  0.6876848582716103E+003
 0550  0.6726834743110055E+003
 0551  0.5495192847193624E+003
 0552  0.5378332858315174E+003
 0553  0.5263584012621608E+003
 0554  0.5150911399713510E+003
 0555  0.4587868421859833E+003
 0556  0.4487305945467536E+003
 0557  0.4388449379488875E+003
 0558  0.4291271344059413E+003
 0559  0.4195744889603256E+003
 0560  0.3332485931589721E+003
 0561  0.3254437774379284E+003
 0562  0.3177441067956980E+003
 0563  0.3101480836064113E+003
 0564  0.3050199447416210E+003
 0565  0.3045418661350012E+003
 0566  0.3040676846450361E+003
 0567  0.3035973668161357E+003
 0568  0.3031308795040870E+003
 0569  0.3026681898728316E+003
 0570  0.3022092653912717E+003
 0571  0.3017540738301220E+003
 0572  0.3013025832587913E+003
 0573  0.3008547620423041E+003
 0574  0.3004105788382575E+003
 0575  0.2999700025938113E+003
 0576  0.2995330025427139E+003
 0577  0.2990995482023650E+003
 0578  0.2986696093709074E+003
 0579  0.2982431561243569E+003
 0580  0.2978201588137620E+003
 0581  0.2973779982565155E+003
 0582  0.2969251672694562E+003
 0583  0.2964760036928177E+003
 0584  0.2960304763852549E+003
 0585  0.2955885544906063E+003
 0586  0.2951502074349992E+003
 0587  0.2947154049239826E+003
 0588  0.2942841169396966E+003
 0589  0.2938563137380759E+003
 0590  0.2934319658460784E+003
 0591  0.2930110440589525E+003
 0592  0.2925935194375322E+003
 0593  0.2921793633055617E+003
 0594  0.2917685472470524E+003
 0595  0.2913610431036681E+003
 0596  0.2909568229721418E+003
 0597  0.2905558592017203E+003
 0598  0.2901581243916347E+003
 0599  0.2897635913886068E+003
 0600  0.2893125735520579E+003
 0601  0.2887039965601070E+003
 0602  0.2881003328194353E+003
 0603  0.2875015408336534E+003
 0604  0.2869075794833090E+003
 0605  0.2863184080220899E+003
 0606  0.2857339860730792E+003
 0607  0.2851542736250533E+003
 0608  0.2845792310288148E+003
 0609  0.2840088189935732E+003
 0610  0.2834429985833650E+003
 0611  0.2828817312135111E+003
 0612  0.2823249786471141E+003
 0613  0.2817727029916036E+003
 0614  0.2812248666953043E+003
 0615  0.2806814325440542E+003
 0616  0.2801423636578608E+003
 0617  0.2796076234875869E+003
 0618  0.2790771758116788E+003
 0619  0.2785509847329314E+003
 0620  0.2780290146752817E+003
 0621  0.2775112303806491E+003
 0622  0.2769975969058059E+003
 0623  0.2760615878973294E+003
 0624  0.2750135382751509E+003
 0625  0.2739739259189083E+003
 0626  0.2729426799161693E+003
 0627  0.2719197299938390E+003
 0628  0.2709050065117837E+003
 0629  0.2698984404565428E+003
 0630  0.2688999634351076E+003
 0631  0.2679095076687520E+003
 0632  0.2669270059869610E+003
 0633  0.2659523918214034E+003
 0634  0.2649855991999847E+003
 0635  0.2640265627409594E+003
 0636  0.2630752176471055E+003
 0637  0.2621314996999774E+003
 0638  0.2611953452542042E+003
 0639  0.2602666912318680E+003
 0640  0.2593454751169258E+003
 0641  0.2584316349497136E+003
 0642  0.2575251093214933E+003
 0643  0.2566258373690737E+003
 0644  0.2557337587694719E+003
 0645  0.2548488137346565E+003
 0646  0.2539709430063270E+003
 0647  0.2531000878507674E+003
 0648  0.2520092354423430E+003
 0649  0.2502822383329653E+003
 0650  0.2485691326382853E+003
 0651  0.2468698017749817E+003
 0652  0.2451841302084742E+003
 0653  0.2435120034425008E+003
 0654  0.2418533080088354E+003
 0655  0.2402079314571037E+003
 0656  0.2385757623446967E+003
 0657  0.2369566902268419E+003
 0658  0.2353506056467435E+003
 0659  0.2337574001258307E+003
 0660  0.2321769661541662E+003
 0661  0.2306091971808895E+003
 0662  0.2290539876048072E+003
 0663  0.2275112327650881E+003
 0664  0.2259808289320527E+003
 0665  0.2244626732980390E+003
 0666  0.2229566639684147E+003
 0667  0.2214626999526767E+003
 0668  0.2199806811556036E+003
 0669  0.2185105083685514E+003
 0670  0.2170520832608519E+003
 0671  0.2156053083712502E+003
 0672  0.2141700870994873E+003
 0673  0.2127463236979647E+003
 0674  0.2113339232634665E+003
 0675  0.2096139667078683E+003
 0676  0.2072676744147748E+003
 0677  0.2049403172793891E+003
 0678  0.2026317354843864E+003
 0679  0.2003417706626604E+003
 0680  0.1980702658827918E+003
 0681  0.1958170656346362E+003
 0682  0.1935820158150793E+003
 0683  0.1913649637139796E+003
 0684  0.1891657580002504E+003
 0685  0.1869842487080799E+003
 0686  0.1848202872233471E+003
 0687  0.1826737262701592E+003
 0688  0.1805444198975484E+003
 0689  0.1784322234662982E+003
 0690  0.1763369936359850E+003
 0691  0.1742585883520533E+003
 0692  0.1721968668331428E+003
 0693  0.1701516895584775E+003
 0694  0.1681229182554330E+003
 0695  0.1661104158872566E+003
 0696  0.1641140466408698E+003
 0697  0.1621336759148557E+003
 0698  0.1601691703075561E+003
 0699  0.1582203976053097E+003
 0700  0.1562739646262519E+003
 0701  0.1536486281890914E+003
 0702  0.1510446858019480E+003
 0703  0.1484619539005748E+003
 0704  0.1459002506278469E+003
 0705  0.1433593958160812E+003
 0706  0.1408392109695889E+003
 0707  0.1383395192473708E+003
 0708  0.1358601454460972E+003
 0709  0.1334009159832017E+003
 0710  0.1309616588802327E+003
 0711  0.1285422037463938E+003
 0712  0.1261423817621861E+003
 0713  0.1237620256633883E+003
 0714  0.1214009697251019E+003
 0715  0.1190590497460027E+003
 0716  0.1167361030328139E+003
 0717  0.1144319683849183E+003
 0718  0.1121464860791869E+003
 0719  0.1098794978549285E+003
 0720  0.1076308468990285E+003
 0721  0.1054003778312999E+003
 0722  0.1028878229408265E+003
 0723  0.1003755569093464E+003
 0724  0.9788411684355106E+002
 0725  0.9541331899196668E+002
 0726  0.9296298138084499E+002
 0727  0.9053292379489849E+002
 0728  0.8812296775824932E+002
 0729  0.8573293651563387E+002
 0730  0.8336265501383400E+002
 0731  0.8101194988331382E+002
 0732  0.7868064942006843E+002
 0733  0.7636858356778247E+002
 0734  0.7407558390004178E+002
 0735  0.7180148360292226E+002
 0736  0.6954611745769967E+002
 0737  0.6730932182375106E+002
 0738  0.6505972814913558E+002
 0739  0.6282604652849948E+002
 0740  0.6061139657830251E+002
 0741  0.5841560312485876E+002
 0742  0.5623849278520483E+002
 0743  0.5407989394647444E+002
 0744  0.5193963674564958E+002
 0745  0.4981755304948462E+002
 0746  0.4771347643476407E+002
 0747  0.4562724216865459E+002
 0748  0.4355868718949344E+002
 0749  0.4154149638707907E+002
 0750  0.3961040342675303E+002
 0751  0.3769643456177196E+002
 0752  0.3579942298809925E+002
 0753  0.3391920372341818E+002
 0754  0.3205561358477697E+002
 0755  0.3020849116671113E+002
 0756  0.2837767681956428E+002
 0757  0.2658338151522381E+002
 0758  0.2493041918731155E+002
 0759  0.2329292360361115E+002
 0760  0.2167073345160059E+002
 0761  0.2006368930811647E+002
 0762  0.1847163361496615E+002
 0763  0.1694589303353906E+002
 0764  0.1553013346937492E+002
 0765  0.1412856242974026E+002
 0766  0.1274102018259240E+002
 0767  0.1139622716764379E+002
 0768  0.1016874991572298E+002
 0769  0.8954667603502799E+001
 0770  0.7779922574819667E+001
 0771  0.6707802117618697E+001
 0772  0.5650839450567187E+001
 0773  0.4703821388889947E+001
 0774  0.3801122020732713E+001
 0775  0.2972900310384116E+001
 0776  0.2230830300362893E+001
 0777  0.1575791040951545E+001
 0778  0.1015813989860038E+001
 0779  0.5691296227003974E+000
 0780  0.2527509357708174E+000
 0781  0.9025162444319691E-003
 0782  0.1973922686972667E-004
 0783  0.5510376896480263E-005
 0784  0.2536855872870512E-005
 0785  0.1456103767687705E-005
 0786  0.9435025927286879E-006
 0787  0.6634915157767059E-006
 0788  0.4921459881791848E-006
 0789  0.3806014187095760E-006
 0790  0.3030798341760059E-006
 0791  0.2474212858513082E-006
 0792  0.2062602361572329E-006
 0793  0.1748672647243119E-006
 0794  0.1502380777111708E-006
 0795  0.1304049445905260E-006
 0796  0.1143736798256656E-006
 0797  0.1015127488686432E-006
 0798  0.9043983197080241E-007
 0799  0.8140684540158270E-007
 0800  0.7356562109161596E-007
 0801  0.6693047547003679E-007
 0802  0.6111721659620270E-007
 0803  0.5617416378626443E-007
 0804  0.5165853714311258E-007
 0805  0.4792422577246353E-007
 0806  0.4442236949667731E-007
 0807  0.4140572833448049E-007
 0808  0.3871783732053833E-007
 0809  0.3618204569787341E-007
 0810  0.3403695955274596E-007
 0811  0.3206561830668960E-007
 0812  0.3019527439828972E-007
 0813  0.2856095328818097E-007
 0814  0.2709318266494352E-007
 0815  0.2569330654436710E-007
 0816  0.2435941197825311E-007
 0817  0.2325313839497414E-007
 0818  0.2219301357716118E-007
 0819  0.2117725395312099E-007
 0820  0.2020414063250788E-007
 0821  0.1938576468976497E-007
 0822  0.1860688114724342E-007
 0823  0.1785739865914420E-007
 0824  0.1713626509534048E-007
 0825  0.1646885885376475E-007
 0826  0.1588818333005929E-007
 0827  0.1532726825320064E-007
 0828  0.1478546018396804E-007
 0829  0.1426212681405137E-007
 0830  0.1375665629415425E-007
 0831  0.1333239105938644E-007
 0832  0.1292152904262588E-007
 0833  0.1252327268146934E-007
 0834  0.1213723651479408E-007
 0835  0.1176304683849845E-007
 0836  0.1140034134757671E-007
 0837  0.1109066662462865E-007
 0838  0.1079391451910539E-007
 0839  0.1050536070821828E-007
 0840  0.1022477351279674E-007
 0841  0.9951927910900238E-008
 0842  0.9686605344123947E-008
 0843  0.9428593529565314E-008
 0844  0.9206279608389778E-008
 0845  0.8994006906451196E-008
 0846  0.8787008989750154E-008
 0847  0.8585148218123967E-008
 0848  0.8388290672038225E-008
 0849  0.8196306049320428E-008
 0850  0.8009067564821935E-008
 0851  0.7826451852918441E-008
 0852  0.7663583407947346E-008
 0853  0.7512553818460611E-008
 0854  0.7364897994553074E-008
 0855  0.7220534723055040E-008
 0856  0.7079384852822124E-008
 0857  0.6941371240253319E-008
 0858  0.6806418696294971E-008
 0859  0.6674453934886394E-008
 0860  0.6545405522817679E-008
 0861  0.6419203830938748E-008
 0862  0.6311754361043109E-008
 0863  0.6206858458053113E-008
 0864  0.6104063374170007E-008
 0865  0.6003322607668495E-008
 0866  0.5904590762080801E-008
 0867  0.5807823518495984E-008
 0868  0.5712977608581847E-008
 0869  0.5620010788320401E-008
 0870  0.5528881812417753E-008
 0871  0.5439550409380930E-008
 0872  0.5351977257247582E-008
 0873  0.5270964517363198E-008
 0874  0.5197874361116614E-008
 0875  0.5126097717231325E-008
 0876  0.5055607887408332E-008
 0877  0.4986378766181467E-008
 0878  0.4918384826858601E-008
 0879  0.4851601107818216E-008
 0880  0.4786003199141590E-008
 0881  0.4721567229583868E-008
 0882  0.4658269853861883E-008
 0883  0.4596088240262307E-008
 0884  0.4535000058560140E-008
 0885  0.4474983468225928E-008
 0886  0.4416017106938447E-008
 0887  0.4361303908550521E-008
 0888  0.4311898921431796E-008
 0889  0.4263288220787123E-008
 0890  0.4215457064525735E-008
 0891  0.4168391014674921E-008
 0892  0.4122075930598728E-008
 0893  0.4076497962365160E-008
 0894  0.4031643544281517E-008
 0895  0.3987499388580102E-008
 0896  0.3944052479247791E-008
 0897  0.3901290066006027E-008
 0898  0.3859199658433277E-008
 0899  0.3817769020222365E-008
 0900  0.3776986163573520E-008
 0901  0.3736839343723701E-008
 0902  0.3697317053598007E-008
 0903  0.3658408018589312E-008
 0904  0.3620321701637128E-008
 0905  0.3587614529441402E-008
 0906  0.3555377285328923E-008
 0907  0.3523602050060714E-008
 0908  0.3492281055259310E-008
 0909  0.3461406680254081E-008
 0910  0.3430971449003024E-008
 0911  0.3400968027083965E-008
 0912  0.3371389218749022E-008
 0913  0.3342227964048130E-008
 0914  0.3313477336015466E-008
 0915  0.3285130537920423E-008
 0916  0.3257180900575798E-008
 0917  0.3229621879708159E-008
 0918  0.3202447053387948E-008
 0919  0.3175650119514433E-008
 0920  0.3149224893354712E-008
 0921  0.3123165305141972E-008
 0922  0.3097465397723416E-008
 0923  0.3072119324258026E-008
 0924  0.3047121345970234E-008
 0925  0.3022465829947589E-008
 0926  0.2998147246991962E-008
 0927  0.2976686422602089E-008
 0928  0.2956152542438470E-008
 0929  0.2935881037186701E-008
 0930  0.2915867938383965E-008
 0931  0.2896109346540970E-008
 0932  0.2876601429807700E-008
 0933  0.2857340422668379E-008
 0934  0.2838322624665687E-008
 0935  0.2819544399148015E-008
 0936  0.2801002172044793E-008
 0937  0.2782692430668913E-008
 0938  0.2764611722540176E-008
 0939  0.2746756654236452E-008
 0940  0.2729123890268205E-008
 0941  0.2711710151974873E-008
 0942  0.2694512216444955E-008
 0943  0.2677526915460616E-008
 0944  0.2660751134458318E-008
 0945  0.2644181811517346E-008
 0946  0.2627815936366078E-008
 0947  0.2611650549406592E-008
 0948  0.2595682740764699E-008
 0949  0.2579909649354498E-008
 0950  0.2564328461964833E-008
 0951  0.2548936412360804E-008
 0952  0.2533730780411174E-008
 0953  0.2518708891224214E-008
 0954  0.2503868114308017E-008
 0955  0.2489205862743351E-008
 0956  0.2474719592378238E-008
 0957  0.2462175705504088E-008
 0958  0.2449908019956729E-008
 0959  0.2437779609890347E-008
 0960  0.2425788606538368E-008
 0961  0.2413933170336191E-008
 0962  0.2402211490407175E-008
 0963  0.2390621784057194E-008
 0964  0.2379162296278684E-008
 0965  0.2367831299263678E-008
 0966  0.2356627091928835E-008
 0967  0.2345547999447213E-008
 0968  0.2334592372790845E-008
 0969  0.2323758588278677E-008
 0970  0.2313045047137290E-008
 0971  0.2302450175069731E-008
 0972  0.2291972421828214E-008
 0973  0.2281610260799271E-008
 0974  0.2271362188596041E-008
 0975  0.2261226724657020E-008
 0976  0.2251202410853667E-008
 0977  0.2241287811104702E-008
 0978  0.2231481510997415E-008
 0979  0.2221782117417401E-008
 0980  0.2212188258185249E-008
 0981  0.2202698581697852E-008
 0982  0.2193311756578924E-008
 0983  0.2184026471334858E-008
 0984  0.2174841434017021E-008
 0985  0.2165755371892111E-008
 0986  0.2156767031116214E-008
 0987  0.2147875176415696E-008
 0988  0.2139078590775497E-008
 0989  0.2130376075131064E-008
 0990  0.2121766448066970E-008
 0991  0.2113248545522837E-008
 0992  0.2104821220500619E-008
 0993  0.2096483342782118E-008
 0994  0.2088233798648145E-008
 0995  0.2080071490603345E-008
 0996  0.2071995337108963E-008
 0997  0.2064004272315813E-008
 0998  0.2056097245807345E-008
 0999  0.2048273222342284E-008
 1000  0.0000000000000000E+000
