  0.0000000000E+000  0.0000000000E+000
  1.7003030742E+003  9.2980102849E+002
  3.4003815367E+003  9.3377181342E+002
  5.1002121450E+003  9.4817248174E+002
  6.8002421092E+003  9.9377051427E+002
  8.5002332593E+003  1.0991420001E+003
  1.0200366815E+004  1.2755900107E+003
  1.1900312642E+004  1.4947815166E+003
  1.3600259405E+004  1.7444120861E+003
  1.5300203700E+004  2.1237730479E+003
  1.7000318758E+004  2.2478151164E+003
  1.8700365266E+004  2.2325847069E+003
  2.0400229185E+004  2.2112877853E+003
  2.2100290707E+004  2.1901045620E+003
  2.3800358239E+004  2.1701624062E+003
  2.5500297171E+004  2.1515956610E+003
  2.7200289118E+004  2.1344930023E+003
  2.8900212011E+004  2.1184126392E+003
  3.0600246968E+004  2.1031747634E+003
  3.2300378722E+004  2.0891603543E+003
  3.4000268908E+004  2.0762656366E+003
  3.5700362577E+004  2.0640390790E+003
  3.7400330130E+004  2.0521526590E+003
  3.9100316039E+004  2.0411300812E+003
  4.0800231130E+004  2.0307857687E+003
  4.2500216879E+004  2.0207533938E+003
  4.4200212472E+004  2.0112458770E+003
  4.5900339371E+004  2.0020702663E+003
  4.7600344766E+004  1.9932844880E+003
  4.9300281356E+004  1.9850079700E+003
  5.1000204474E+004  1.9758669397E+003
  5.2700337427E+004  1.9663704569E+003
  5.4400330881E+004  1.9573104740E+003
  5.6100281080E+004  1.9483716790E+003
  5.7800193047E+004  1.9397295066E+003
  5.9500362442E+004  1.9312658294E+003
  6.1200313535E+004  1.9230439424E+003
  6.2900319717E+004  1.9149636941E+003
  6.4600220330E+004  1.9069459233E+003
  6.6300233618E+004  1.8993052633E+003
  6.8000307340E+004  1.8918357099E+003
  6.9700378439E+004  1.8846057129E+003
  7.1400283818E+004  1.8778224664E+003
  7.3100322533E+004  1.8714505996E+003
  7.4800250269E+004  1.8655058667E+003
  7.6500203382E+004  1.8597483875E+003
  7.8200332909E+004  1.8540167466E+003
  7.9900370067E+004  1.8482202739E+003
  8.1600198525E+004  1.8422476779E+003
  8.3300217565E+004  1.8365460718E+003
  8.5000199753E+004  1.8311115434E+003
  8.6700251086E+004  1.8258881891E+003
  8.8400307105E+004  1.8205723574E+003
  9.0100294119E+004  1.8154449059E+003
  9.1800281648E+004  1.8104602623E+003
  9.3500240689E+004  1.8055744385E+003
  9.5200273978E+004  1.8007383128E+003
  9.6900191719E+004  1.7959831283E+003
  9.8600270543E+004  1.7911209346E+003
  1.0030035758E+005  1.7861664249E+003
  1.0200023896E+005  1.7813807304E+003
  1.0370034503E+005  1.7766562411E+003
  1.0540030712E+005  1.7715387958E+003
  1.0710020781E+005  1.7670377847E+003
  1.0880031144E+005  1.7628177494E+003
  1.1050019845E+005  1.7587136632E+003
  1.1220030949E+005  1.7548122062E+003
  1.1390037255E+005  1.7511078192E+003
  1.1560020920E+005  1.7475456828E+003
  1.1730030941E+005  1.7441158677E+003
  1.1900021147E+005  1.7408613281E+003
  1.2070020345E+005  1.7377787063E+003
  1.2240035481E+005  1.7348569803E+003
  1.2410023572E+005  1.7320860174E+003
  1.2580020460E+005  1.7294639909E+003
  1.2750032246E+005  1.7269942836E+003
  1.2920029969E+005  1.7246789940E+003
  1.3090025046E+005  1.7225165823E+003
  1.3260027085E+005  1.7205068047E+003
  1.3430037792E+005  1.7186467692E+003
  1.3600023048E+005  1.7169793201E+003
  1.3770033294E+005  1.7155558134E+003
  1.3940021442E+005  1.7142562002E+003
  1.4110032235E+005  1.7130785144E+003
  1.4280037647E+005  1.7120225286E+003
  1.4450030797E+005  1.7110868463E+003
  1.4620031104E+005  1.7102692338E+003
  1.4790026896E+005  1.7095675485E+003
  1.4960022214E+005  1.7089795580E+003
  1.5130031696E+005  1.7085009520E+003
  1.5300025368E+005  1.7081326891E+003
  1.5470029358E+005  1.7078720847E+003
  1.5640022443E+005  1.7077172216E+003
  1.5810019947E+005  1.7076663555E+003
  1.5980029651E+005  1.7077179136E+003
  1.6150022583E+005  1.7078680599E+003
  1.6320029248E+005  1.7081188424E+003
  1.6490021878E+005  1.7084681750E+003
  1.6660021660E+005  1.7089147721E+003
  1.6830032629E+005  1.7094575264E+003
  1.7000029406E+005  1.7100953201E+003
  1.7170020235E+005  1.7108263504E+003
  1.7340033930E+005  1.7116506373E+003
  1.7510022991E+005  1.7125644518E+003
  1.7680020049E+005  1.7135618089E+003
  1.7850027611E+005  1.7146417494E+003
  1.8020029057E+005  1.7158044110E+003
  1.8190037379E+005  1.7170491198E+003
  1.8360021317E+005  1.7184130007E+003
  1.8530033090E+005  1.7199804227E+003
  1.8700038026E+005  1.7216386972E+003
  1.8870031572E+005  1.7233864069E+003
  1.9040035669E+005  1.7252175939E+003
  1.9210030464E+005  1.7271198902E+003
  1.9380034237E+005  1.7290921873E+003
  1.9550028798E+005  1.7311354191E+003
  1.9720031446E+005  1.7332506310E+003
  1.9890025082E+005  1.7354372085E+003
  2.0060026134E+005  1.7376934568E+003
  2.0230021386E+005  1.7400127349E+003
  2.0400020187E+005  1.7423786869E+003
  2.0570031954E+005  1.7447922566E+003
  2.0740030322E+005  1.7472578956E+003
  2.0910037472E+005  1.7497567329E+003
  2.1080035590E+005  1.7522865088E+003
  2.1250037865E+005  1.7548741491E+003
  2.1420032047E+005  1.7575046719E+003
  2.1590029799E+005  1.7601716329E+003
  2.1760020404E+005  1.7628807150E+003
  2.1930034806E+005  1.7655876954E+003
  2.2100020212E+005  1.7683136892E+003
  2.2270031761E+005  1.7710813102E+003
  2.2440031690E+005  1.7738721929E+003
  2.2610020861E+005  1.7766816464E+003
  2.2780037249E+005  1.7793124204E+003
  2.2950022255E+005  1.7819431245E+003
  2.3120033805E+005  1.7847509000E+003
  2.3290036521E+005  1.7876602497E+003
  2.3460025466E+005  1.7906256211E+003
  2.3630026081E+005  1.7936311843E+003
  2.3800031943E+005  1.7966039280E+003
  2.3970031059E+005  1.7994027264E+003
  2.4140036499E+005  1.8022031385E+003
  2.4310034435E+005  1.8050027817E+003
  2.4480021644E+005  1.8077635147E+003
  2.4650035764E+005  1.8104740912E+003
  2.4820024458E+005  1.8131864638E+003
  2.4990038168E+005  1.8159109534E+003
  2.5160025799E+005  1.8186508654E+003
  2.5330019901E+005  1.8214021550E+003
  2.5500024522E+005  1.8241465566E+003
  2.5670036812E+005  1.8268952701E+003
  2.5840021420E+005  1.8296599542E+003
  2.6010031687E+005  1.8322881249E+003
  2.6180033249E+005  1.8349428320E+003
  2.6350021926E+005  1.8376135987E+003
  2.6520021410E+005  1.8402771785E+003
  2.6690027856E+005  1.8429429094E+003
  2.6860023843E+005  1.8456205688E+003
  2.7030028528E+005  1.8483164083E+003
  2.7200019459E+005  1.8510200432E+003
  2.7370022114E+005  1.8536435155E+003
  2.7540029288E+005  1.8561583014E+003
  2.7710026988E+005  1.8585822704E+003
  2.7880030687E+005  1.8609417388E+003
  2.8050023336E+005  1.8632045421E+003
  2.8220022330E+005  1.8654646368E+003
  2.8390031554E+005  1.8677377239E+003
  2.8560024897E+005  1.8700324824E+003
  2.8730029282E+005  1.8722924697E+003
  2.8900038120E+005  1.8745639405E+003
  2.9070037558E+005  1.8768729330E+003
  2.9240024223E+005  1.8792259065E+003
  2.9410037698E+005  1.8816210030E+003
  2.9580020303E+005  1.8840517209E+003
  2.9750029170E+005  1.8865099960E+003
  2.9920028052E+005  1.8889559617E+003
  3.0090033624E+005  1.8913968269E+003
  3.0260028142E+005  1.8938428851E+003
  3.0430030775E+005  1.8962944698E+003
  3.0600022587E+005  1.8987510790E+003
  3.0770022201E+005  1.9011675584E+003
  3.0940032489E+005  1.9035154780E+003
  3.1110028317E+005  1.9058606110E+003
  3.1280036519E+005  1.9081635112E+003
  3.1450031163E+005  1.9104356476E+003
  3.1620036585E+005  1.9126925738E+003
  3.1790029889E+005  1.9149397937E+003
  3.1960032333E+005  1.9171793448E+003
  3.2130022371E+005  1.9194147087E+003
  3.2300023131E+005  1.9216459841E+003
  3.2470029541E+005  1.9237741619E+003
  3.2640027497E+005  1.9258618804E+003
  3.2810030471E+005  1.9279015387E+003
  3.2980024775E+005  1.9299163954E+003
  3.3150025381E+005  1.9319218171E+003
  3.3320035302E+005  1.9339178652E+003
  3.3490032825E+005  1.9359039147E+003
  3.3660038145E+005  1.9378796485E+003
  3.3830031415E+005  1.9398433791E+003
  3.4000033606E+005  1.9417944952E+003
  3.4170022170E+005  1.9437369949E+003
  3.4340020158E+005  1.9456303155E+003
  3.4510023273E+005  1.9474436545E+003
  3.4680034547E+005  1.9492232337E+003
  3.4850034190E+005  1.9509852378E+003
  3.5020020976E+005  1.9527335754E+003
  3.5190034419E+005  1.9544738619E+003
  3.5360036026E+005  1.9562013073E+003
  3.5530023752E+005  1.9579148979E+003
  3.5700020857E+005  1.9596144387E+003
  3.5870023721E+005  1.9612994755E+003
  3.6040033632E+005  1.9629700845E+003
  3.6210032305E+005  1.9646296744E+003
  3.6380036700E+005  1.9662701456E+003
  3.6550030365E+005  1.9678422803E+003
  3.6720031151E+005  1.9693622817E+003
  3.6890038458E+005  1.9708644175E+003
  3.7060034755E+005  1.9723551443E+003
  3.7230037888E+005  1.9738363292E+003
  3.7400029749E+005  1.9753040987E+003
  3.7570029487E+005  1.9767581437E+003
  3.7740036073E+005  1.9781982093E+003
  3.7910031865E+005  1.9796229309E+003
  3.8080034954E+005  1.9810085180E+003
  3.8250027443E+005  1.9823858480E+003
  3.8420027609E+005  1.9837568766E+003
  3.8590035117E+005  1.9851189823E+003
  3.8760031752E+005  1.9864659170E+003
  3.8930035776E+005  1.9877488025E+003
  3.9100028594E+005  1.9890237566E+003
  3.9270029520E+005  1.9902912583E+003
  3.9440037055E+005  1.9915408801E+003
  3.9610033233E+005  1.9927653483E+003
  3.9780037419E+005  1.9939815994E+003
  3.9950028724E+005  1.9951884262E+003
  4.0120029432E+005  1.9963886312E+003
  4.0290035654E+005  1.9975785361E+003
  4.0460030663E+005  1.9987514840E+003
  4.0630033125E+005  1.9999040297E+003
  4.0800023240E+005  2.0010432784E+003
  4.0970020546E+005  2.0021690673E+003
  4.1140025960E+005  2.0032857214E+003
  4.1310035727E+005  2.0043896185E+003
  4.1480036290E+005  2.0054792112E+003
  4.1650021933E+005  2.0065461129E+003
  4.1820035475E+005  2.0075740899E+003
  4.1990035740E+005  2.0090454087E+003
  4.2160023376E+005  2.0327409474E+003
  4.2330036537E+005  5.1094288403E+003
  4.2500019770E+005  5.7266381887E+003
  4.2670026312E+005  6.6611540474E+003
  4.2840023272E+005  8.1647406291E+003
  4.3010024097E+005  1.0319656597E+004
  4.3180033226E+005  1.5351292629E+004
  4.3350029416E+005  2.2415878170E+004
  4.3520032615E+005  2.9049707627E+004
  4.3690022421E+005  3.5067273082E+004
  4.3860020499E+005  4.0737909094E+004
  4.4030023263E+005  4.5117244166E+004
  4.4200035376E+005  4.7792031092E+004
  4.4370033806E+005  4.9820180297E+004
  4.4540019829E+005  5.0879140461E+004
  4.4710032912E+005  5.1027739382E+004
  4.4880032814E+005  5.0730112787E+004
  4.5050021250E+005  4.9192666291E+004
  4.5220036572E+005  4.7217837524E+004
  4.5390019592E+005  4.4988973737E+004
  4.5560029519E+005  4.2776509449E+004
  4.5730027848E+005  4.0279236674E+004
  4.5900032161E+005  3.7960378698E+004
  4.6070026913E+005  3.5971492916E+004
  4.6240026328E+005  3.4286805816E+004
  4.6410034708E+005  3.2871525954E+004
  4.6580029747E+005  3.1854306841E+004
  4.6750032652E+005  3.0824821714E+004
  4.6920022872E+005  2.9990211109E+004
  4.7090021176E+005  2.9303218569E+004
  4.7260024408E+005  2.8630994523E+004
  4.7430036864E+005  2.8106726878E+004
  4.7600035092E+005  2.7684477837E+004
  4.7770022069E+005  2.7266529190E+004
  4.7940035396E+005  2.6812224917E+004
  4.8110035096E+005  2.6436460593E+004
  4.8280023133E+005  2.6146614054E+004
  4.8450036800E+005  2.5858097732E+004
  4.8620037979E+005  2.5562477558E+004
  4.8790026460E+005  2.5261703481E+004
  4.8960021891E+005  2.4955919924E+004
  4.9130022235E+005  2.4639505828E+004
  4.9300031504E+005  2.4362030829E+004
  4.9470025397E+005  2.4174125607E+004
  4.9640027852E+005  2.3971993503E+004
  4.9810035509E+005  2.3761455014E+004
  4.9980030190E+005  2.3552730383E+004
  5.0150031381E+005  2.3346095141E+004
  5.0320019868E+005  2.3149921890E+004
  5.0490033412E+005  2.2958149043E+004
  5.0660034766E+005  2.2775345467E+004
  5.0830022404E+005  2.2581558044E+004
  5.1000035312E+005  2.2386570206E+004
  5.1170037021E+005  2.2189442138E+004
  5.1340023445E+005  2.1971205539E+004
  5.1510037868E+005  2.1769195110E+004
  5.1680037637E+005  2.1669362919E+004
  5.1850025122E+005  2.1568159582E+004
  5.2020038521E+005  2.1446080984E+004
  5.2190020073E+005  2.1320561001E+004
  5.2360026594E+005  2.1192179194E+004
  5.2530021647E+005  2.1058587449E+004
  5.2700021798E+005  2.0939184304E+004
  5.2870029376E+005  2.0816802910E+004
  5.3040025167E+005  2.0691653086E+004
  5.3210025733E+005  2.0564771670E+004
  5.3380035280E+005  2.0444924012E+004
  5.3550030091E+005  2.0330341907E+004
  5.3720032809E+005  2.0209711257E+004
  5.3890022882E+005  2.0092630738E+004
  5.4060019639E+005  1.9983994915E+004
  5.4230022502E+005  1.9879759508E+004
  5.4400033073E+005  1.9775902145E+004
  5.4570029318E+005  1.9666691236E+004
  5.4740033427E+005  1.9555254485E+004
  5.4910024949E+005  1.9449734985E+004
  5.5080021383E+005  1.9348011410E+004
  5.5250026645E+005  1.9245260993E+004
  5.5420035966E+005  1.9143252603E+004
  5.5590034003E+005  1.9043949931E+004
  5.5760038214E+005  1.8947266513E+004
  5.5930029133E+005  1.8852244339E+004
  5.6100026435E+005  1.8756756370E+004
  5.6270030243E+005  1.8659057451E+004
  5.6440020424E+005  1.8560351376E+004
  5.6610036721E+005  1.8462372163E+004
  5.6780020965E+005  1.8365673826E+004
  5.6950029158E+005  1.8268794764E+004
  5.7120026002E+005  1.8172175410E+004
  5.7290027086E+005  1.8086214185E+004
  5.7460035443E+005  1.8026226742E+004
  5.7630030303E+005  1.7988503736E+004
  5.7800030730E+005  1.7947589042E+004
  5.7970037473E+005  1.7895109688E+004
  5.8140030459E+005  1.7832935064E+004
  5.8310029982E+005  1.7767775931E+004
  5.8480034729E+005  1.7703439399E+004
  5.8650027369E+005  1.7638813560E+004
  5.8820024087E+005  1.7573012997E+004
  5.8990028171E+005  1.7506777866E+004
  5.9160037708E+005  1.7440873546E+004
  5.9330033520E+005  1.7375973824E+004
  5.9500036468E+005  1.7312699407E+004
  5.9670024702E+005  1.7250699206E+004
  5.9840019694E+005  1.7188942294E+004
  6.0010020393E+005  1.7126804992E+004
  6.0180027652E+005  1.7064426654E+004
  6.0350020886E+005  1.7002240804E+004
  6.0520021307E+005  1.6940639460E+004
  6.0690026396E+005  1.6879828534E+004
  6.0860038338E+005  1.6820059494E+004
  6.1030037723E+005  1.6761409057E+004
  6.1200022236E+005  1.6703462658E+004
  6.1370034728E+005  1.6645695705E+004
  6.1540031870E+005  1.6587918172E+004
  6.1710036147E+005  1.6530151622E+004
  6.1880027641E+005  1.6472505874E+004
  6.2050024538E+005  1.6415183730E+004
  6.2220028660E+005  1.6358317339E+004
  6.2390038380E+005  1.6301956058E+004
  6.2560034824E+005  1.6246286447E+004
  6.2730037320E+005  1.6191412597E+004
  6.2900027369E+005  1.6137390862E+004
  6.3070022382E+005  1.6084228446E+004
  6.3240024549E+005  1.6031754349E+004
  6.3410032213E+005  1.5979872036E+004
  6.3580025907E+005  1.5928481992E+004
  6.3750027212E+005  1.5877486810E+004
  6.3920033109E+005  1.5826866329E+004
  6.4090026709E+005  1.5776607337E+004
  6.4260025639E+005  1.5726737384E+004
  6.4430030403E+005  1.5677244623E+004
  6.4600021755E+005  1.5628153645E+004
  6.4770038501E+005  1.5579472004E+004
  6.4940022585E+005  1.5531236302E+004
  6.5110030839E+005  1.5483442732E+004
  6.5280026904E+005  1.5436099191E+004
  6.5450026963E+005  1.5389218476E+004
  6.5620033835E+005  1.5342790368E+004
  6.5790027472E+005  1.5296826762E+004
  6.5960025184E+005  1.5250506281E+004
  6.6130030593E+005  1.5204032147E+004
  6.6300020427E+005  1.5158002161E+004
  6.6470036008E+005  1.5112389969E+004
  6.6640038307E+005  1.5067167301E+004
  6.6810025852E+005  1.5022314040E+004
  6.6980019667E+005  1.4977815434E+004
  6.7150038051E+005  1.4933667678E+004
  6.7320023312E+005  1.4889880001E+004
  6.7490033254E+005  1.4846437214E+004
  6.7660030189E+005  1.4803349286E+004
  6.7830031909E+005  1.4760607178E+004
  6.8000019866E+005  1.4718210858E+004
  6.8170033588E+005  1.4676141376E+004
  6.8340032215E+005  1.4634412674E+004
  6.8510037985E+005  1.4593017940E+004
  6.8680029218E+005  1.4551958172E+004
  6.8850025797E+005  1.4511227405E+004
  6.9020028701E+005  1.4470808245E+004
  6.9190036604E+005  1.4430693533E+004
  6.9360031186E+005  1.4390884285E+004
  6.9530031518E+005  1.4351378411E+004
  6.9700037705E+005  1.4312175280E+004
  6.9870029391E+005  1.4273272884E+004
  7.0040027733E+005  1.4234663485E+004
  7.0210031452E+005  1.4196344238E+004
  7.0380021230E+005  1.4158313099E+004
  7.0550037701E+005  1.4120555476E+004
  7.0720038529E+005  1.4083071518E+004
  7.0890026846E+005  1.4045846714E+004
  7.1060020907E+005  1.4008873248E+004
  7.1230019731E+005  1.3972149855E+004
  7.1400025983E+005  1.3935675812E+004
  7.1570036619E+005  1.3899448926E+004
  7.1740033748E+005  1.3863472167E+004
  7.1910036699E+005  1.3827742668E+004
  7.2080025649E+005  1.3792262613E+004
  7.2250020631E+005  1.3757016511E+004
  7.2420020946E+005  1.3722005111E+004
  7.2590027552E+005  1.3687229318E+004
  7.2760038447E+005  1.3652689640E+004
  7.2930036527E+005  1.3618390162E+004
  7.3100020681E+005  1.3584329871E+004
  7.3270028812E+005  1.3550502817E+004
  7.3440024838E+005  1.3516908807E+004
  7.3610024368E+005  1.3483536018E+004
  7.3780029894E+005  1.3450388140E+004
  7.3950022225E+005  1.3417469350E+004
  7.4120038024E+005  1.3384773201E+004
  7.4290021774E+005  1.3352309892E+004
  7.4460029560E+005  1.3320068495E+004
  7.4630023027E+005  1.3288049154E+004
  7.4800022260E+005  1.3256244759E+004
  7.4970026585E+005  1.3224663615E+004
  7.5140036716E+005  1.3193309632E+004
  7.5310031882E+005  1.3162183360E+004
  7.5480033164E+005  1.3131278858E+004
  7.5650038621E+005  1.3100588374E+004
  7.5820030044E+005  1.3070112249E+004
  7.5990027838E+005  1.3039848060E+004
  7.6160029141E+005  1.3009796155E+004
  7.6330037149E+005  1.2979955831E+004
  7.6500030230E+005  1.2950328671E+004
  7.6670027790E+005  1.2920903789E+004
  7.6840032326E+005  1.2891680808E+004
  7.7010021203E+005  1.2862662555E+004
  7.7180035576E+005  1.2833840972E+004
  7.7350035702E+005  1.2805221419E+004
  7.7520020770E+005  1.2776796470E+004
  7.7690031406E+005  1.2748558537E+004
  7.7860027344E+005  1.2720514189E+004
  7.8030028984E+005  1.2692659158E+004
  7.8200035441E+005  1.2664993095E+004
  7.8370027860E+005  1.2637510533E+004
  7.8540025697E+005  1.2610207228E+004
  7.8710028152E+005  1.2583084016E+004
  7.8880037331E+005  1.2556140933E+004
  7.9050031295E+005  1.2529376574E+004
  7.9220030780E+005  1.2502782499E+004
  7.9390036402E+005  1.2476358423E+004
  7.9560026351E+005  1.2450105967E+004
  7.9730023029E+005  1.2424018004E+004
  7.9900024795E+005  1.2398089434E+004
  8.0070031203E+005  1.2372319465E+004
  8.0240024528E+005  1.2346710174E+004
  8.0410022159E+005  1.2321259521E+004
  8.0580025287E+005  1.2295965909E+004
  8.0750034328E+005  1.2270830791E+004
  8.0920028728E+005  1.2245851592E+004
  8.1090028572E+005  1.2221023298E+004
  8.1260033657E+005  1.2196341503E+004
  8.1430024378E+005  1.2171807141E+004
  8.1600020295E+005  1.2147416894E+004
  8.1770021860E+005  1.2123168573E+004
  8.1940028716E+005  1.2099056753E+004
  8.2110020602E+005  1.2075083460E+004
  8.2280037694E+005  1.2051244945E+004
  8.2450020843E+005  1.2027547958E+004
  8.2620028020E+005  1.2003981191E+004
  8.2790021947E+005  1.1980548053E+004
  8.2960020333E+005  1.1957244716E+004
  8.3130023197E+005  1.1934069514E+004
  8.3300032491E+005  1.1911020951E+004
  8.3470026095E+005  1.1888102177E+004
  8.3640025047E+005  1.1865309286E+004
  8.3810030111E+005  1.1842639732E+004
  8.3980038722E+005  1.1820098289E+004
  8.4150033725E+005  1.1797685768E+004
  8.4320033452E+005  1.1775396359E+004
  8.4490037588E+005  1.1753228680E+004
  8.4660027981E+005  1.1731182704E+004
  8.4830022746E+005  1.1709254002E+004
  8.5000022776E+005  1.1687441379E+004
  8.5170027116E+005  1.1665745774E+004
  8.5340036658E+005  1.1644167070E+004
  8.5510031860E+005  1.1622704003E+004
  8.5680031254E+005  1.1601353633E+004
  8.5850036717E+005  1.1580115206E+004
  8.6020026523E+005  1.1558990064E+004
  8.6190021148E+005  1.1537975076E+004
  8.6360021664E+005  1.1517068821E+004
  8.6530025764E+005  1.1496273855E+004
  8.6700035571E+005  1.1475588514E+004
  8.6870030990E+005  1.1455013843E+004
  8.7040030186E+005  1.1434544649E+004
  8.7210035183E+005  1.1414180256E+004
  8.7380025311E+005  1.1393926193E+004
  8.7550019825E+005  1.1373777844E+004
  8.7720020236E+005  1.1353732865E+004
  8.7890025064E+005  1.1333789698E+004
  8.8060034279E+005  1.1313947775E+004
  8.8230029766E+005  1.1294209255E+004
  8.8400029610E+005  1.1274572152E+004
  8.8570034576E+005  1.1255033679E+004
  8.8740025378E+005  1.1235590439E+004
  8.8910020541E+005  1.1216242601E+004
  8.9080020975E+005  1.1196989837E+004
  8.9250026065E+005  1.1177830540E+004
  8.9420036510E+005  1.1158763892E+004
  8.9590032104E+005  1.1139792182E+004
  8.9760032534E+005  1.1120912843E+004
  8.9930038679E+005  1.1102124753E+004
  9.0100028868E+005  1.1083430438E+004
  9.0270024896E+005  1.1064828099E+004
  9.0440026254E+005  1.1046315790E+004
  9.0610031358E+005  1.1027892046E+004
  9.0780023165E+005  1.1009558563E+004
  9.0950038838E+005  1.0991314617E+004
  9.1120019697E+005  1.0973164942E+004
  9.1290026077E+005  1.0955100912E+004
  9.1460036792E+005  1.0937124271E+004
  9.1630032489E+005  1.0919236244E+004
  9.1800033946E+005  1.0901434956E+004
  9.1970019924E+005  1.0883721718E+004
  9.2140029996E+005  1.0866091339E+004
  9.2310026334E+005  1.0848546184E+004
  9.2480026572E+005  1.0831083505E+004
  9.2650032063E+005  1.0813703411E+004
  9.2820022921E+005  1.0796407340E+004
  9.2990037361E+005  1.0779189578E+004
  9.3160037627E+005  1.0762054488E+004
  9.3330022752E+005  1.0745001384E+004
  9.3500032371E+005  1.0728025194E+004
  9.3670027071E+005  1.0711132464E+004
  9.3840026308E+005  1.0694320142E+004
  9.4010030496E+005  1.0677586151E+004
  9.4180038591E+005  1.0660929116E+004
  9.4350032427E+005  1.0644351136E+004
  9.4520031029E+005  1.0627850340E+004
  9.4690033553E+005  1.0611425027E+004
  9.4860021635E+005  1.0595076224E+004
  9.5030033947E+005  1.0578799319E+004
  9.5200030449E+005  1.0562597529E+004
  9.5370032370E+005  1.0546468193E+004
  9.5540039070E+005  1.0530408743E+004
  9.5710029581E+005  1.0514418141E+004
  9.5880025978E+005  1.0498498999E+004
  9.6050026272E+005  1.0482651288E+004
  9.6220030434E+005  1.0466873404E+004
  9.6390021114E+005  1.0451166285E+004
  9.6560034849E+005  1.0435526204E+004
  9.6730033561E+005  1.0419956275E+004
  9.6900037484E+005  1.0404456855E+004
  9.7070025614E+005  1.0389027750E+004
  9.7240037917E+005  1.0373663402E+004
  9.7410035854E+005  1.0358367135E+004
  9.7580037867E+005  1.0343136964E+004
  9.7750024858E+005  1.0327975908E+004
  9.7920036400E+005  1.0312879900E+004
  9.8090032204E+005  1.0297851839E+004
  9.8260033063E+005  1.0282887778E+004
  9.8430038588E+005  1.0267980401E+004
  9.8600028757E+005  1.0253132863E+004
  9.8770023879E+005  1.0238344196E+004
  9.8940023162E+005  1.0223615035E+004
  9.9110027360E+005  1.0208942849E+004
  9.9280035815E+005  1.0194325228E+004
  9.9450029570E+005  1.0179766272E+004
  9.9620028275E+005  1.0165263159E+004
  9.9790030740E+005  1.0150816155E+004
  9.9960038260E+005  1.0136425737E+004
  1.0013003098E+006  1.0122093433E+004
  1.0030002775E+006  1.0107817166E+004
  1.0047002946E+006  1.0093596495E+004
  1.0064003635E+006  1.0079430987E+004
  1.0081002714E+006  1.0065322757E+004
  1.0098002292E+006  1.0051271825E+004
  1.0115002385E+006  1.0037276847E+004
  1.0132002801E+006  1.0023337407E+004
  1.0149003791E+006  1.0009452451E+004
  1.0166003267E+006  9.9956229424E+003
  1.0183003106E+006  9.9818472877E+003
  1.0200003486E+006  9.9681248289E+003
  1.0217002337E+006  9.9544566258E+003
  1.0234003541E+006  9.9408395806E+003
  1.0251003323E+006  9.9272767601E+003
  1.0268003544E+006  9.9137664548E+003
  1.0285002152E+006  9.9003096440E+003
  1.0302003284E+006  9.8869025040E+003
  1.0319002852E+006  9.8735479561E+003
  1.0336002807E+006  9.8602437929E+003
  1.0353003325E+006  9.8469897789E+003
  1.0370002254E+006  9.8337889730E+003
  1.0387003554E+006  9.8206377570E+003
  1.0404003373E+006  9.8075381560E+003
  1.0421003619E+006  9.7944880592E+003
  1.0438002312E+006  9.7814887485E+003
  1.0455003454E+006  9.7685365343E+003
  1.0472003067E+006  9.7556334109E+003
  1.0489003071E+006  9.7427787930E+003
  1.0506003544E+006  9.7299733796E+003
  1.0523002452E+006  9.7172180070E+003
  1.0540003785E+006  9.7045062599E+003
  1.0557003564E+006  9.6918363420E+003
  1.0574003786E+006  9.6792092438E+003
  1.0591002481E+006  9.6666273045E+003
  1.0608003512E+006  9.6540889151E+003
  1.0625003057E+006  9.6415976408E+003
  1.0642003012E+006  9.6291515283E+003
  1.0659003382E+006  9.6167503371E+003
  1.0676002234E+006  9.6043950102E+003
  1.0693003480E+006  9.5920826993E+003
  1.0710003124E+006  9.5798163294E+003
  1.0727003249E+006  9.5675955771E+003
  1.0744003823E+006  9.5554203896E+003
  1.0761002772E+006  9.5432916972E+003
  1.0778002244E+006  9.5312075195E+003
  1.0795002100E+006  9.5191676298E+003
  1.0812002316E+006  9.5071719186E+003
  1.0829003025E+006  9.4952209715E+003
  1.0846002203E+006  9.4833163564E+003
  1.0863003697E+006  9.4714549026E+003
  1.0880003723E+006  9.4596389870E+003
  1.0897002218E+006  9.4478683418E+003
  1.0914002984E+006  9.4361401062E+003
  1.0931002331E+006  9.4244567889E+003
  1.0948002073E+006  9.4128131417E+003
  1.0965002186E+006  9.4012075274E+003
  1.0982002822E+006  9.3896342663E+003
  1.0999003840E+006  9.3780966880E+003
  1.1016003264E+006  9.3665976033E+003
  1.1033003187E+006  9.3551373723E+003
  1.1050003543E+006  9.3437165519E+003
  1.1067002269E+006  9.3323365382E+003
  1.1084003498E+006  9.3209946028E+003
  1.1101003152E+006  9.3096934500E+003
  1.1118003151E+006  9.2984321724E+003
  1.1135003678E+006  9.2872115221E+003
  1.1152002642E+006  9.2760326446E+003
  1.1169001991E+006  9.2648940458E+003
  1.1186003776E+006  9.2537942151E+003
  1.1203002073E+006  9.2427370458E+003
  1.1220002663E+006  9.2317189832E+003
  1.1237003761E+006  9.2207377192E+003
  1.1254003316E+006  9.2097953897E+003
  1.1271003238E+006  9.1988912756E+003
  1.1288003657E+006  9.1880239302E+003
  1.1305002495E+006  9.1771920651E+003
  1.1322003682E+006  9.1663952810E+003
  1.1339003350E+006  9.1556365441E+003
  1.1356003464E+006  9.1449147933E+003
  1.1373001977E+006  9.1342314087E+003
  1.1390002916E+006  9.1235847046E+003
  1.1407002310E+006  9.1129773584E+003
  1.1424002061E+006  9.1024079578E+003
  1.1441002267E+006  9.0918764902E+003
  1.1458002876E+006  9.0813818131E+003
  1.1475003909E+006  9.0709223118E+003
  1.1492003378E+006  9.0605002650E+003
  1.1509003275E+006  9.0501147168E+003
  1.1526003552E+006  9.0397657655E+003
  1.1543002280E+006  9.0294650352E+003
  1.1560003382E+006  9.0192155944E+003
  1.1577002925E+006  9.0089984717E+003
  1.1594002896E+006  8.9988081274E+003
  1.1611003225E+006  8.9886485039E+003
  1.1628002027E+006  8.9785227844E+003
  1.1645003166E+006  8.9684296502E+003
  1.1662002752E+006  8.9583700403E+003
  1.1679002754E+006  8.9483419201E+003
  1.1696003159E+006  8.9383468582E+003
  1.1713001978E+006  8.9283871732E+003
  1.1730003165E+006  8.9184608796E+003
  1.1747002801E+006  8.9085704331E+003
  1.1764002778E+006  8.8987149172E+003
  1.1781003226E+006  8.8888950783E+003
  1.1798002090E+006  8.8791124635E+003
  1.1815003274E+006  8.8693647586E+003
  1.1832002912E+006  8.8596539269E+003
  1.1849002957E+006  8.8499769626E+003
  1.1866003345E+006  8.8403344497E+003
  1.1883002197E+006  8.8307279339E+003
  1.1900003459E+006  8.8211556463E+003
  1.1917003058E+006  8.8116203424E+003
  1.1934003101E+006  8.8021151809E+003
  1.1951003541E+006  8.7926372098E+003
  1.1968002368E+006  8.7831906321E+003
  1.1985003575E+006  8.7737747753E+003
  1.2002003268E+006  8.7643923375E+003
  1.2019003286E+006  8.7550410909E+003
  1.2036003693E+006  8.7457219726E+003
  1.2053002600E+006  8.7364365343E+003
  1.2070003766E+006  8.7271820873E+003
  1.2087003400E+006  8.7179611565E+003
  1.2104003482E+006  8.7087730564E+003
  1.2121003914E+006  8.6996181519E+003
  1.2138002738E+006  8.6904978649E+003
  1.2155002027E+006  8.6814263847E+003
  1.2172003630E+006  8.6723995501E+003
  1.2189003623E+006  8.6634044200E+003
  1.2206002152E+006  8.6544345981E+003
  1.2223002989E+006  8.6454906529E+003
  1.2240002229E+006  8.6365762041E+003
  1.2257003862E+006  8.6276903008E+003
  1.2274001969E+006  8.6188369483E+003
  1.2291002361E+006  8.6100130848E+003
  1.2308003231E+006  8.6012183319E+003
  1.2325002541E+006  8.5924547545E+003
  1.2342002150E+006  8.5837220003E+003
  1.2359002225E+006  8.5750203718E+003
  1.2376002694E+006  8.5663505290E+003
  1.2393003493E+006  8.5577130113E+003
  1.2410002747E+006  8.5491054942E+003
  1.2427002475E+006  8.5405216225E+003
  1.2444002481E+006  8.5319635083E+003
  1.2461002908E+006  8.5234333366E+003
  1.2478003785E+006  8.5149321030E+003
  1.2495003003E+006  8.5064563729E+003
  1.2512002630E+006  8.4980048608E+003
  1.2529002710E+006  8.4895795497E+003
  1.2546003130E+006  8.4811895199E+003
  1.2563003887E+006  8.4728362929E+003
  1.2580003168E+006  8.4645105984E+003
  1.2597002759E+006  8.4562096628E+003
  1.2614002717E+006  8.4479295463E+003
  1.2631003133E+006  8.4396730443E+003
  1.2648003917E+006  8.4314417390E+003
  1.2665003044E+006  8.4232368686E+003
  1.2682002612E+006  8.4150569565E+003
  1.2699002592E+006  8.4069034519E+003
  1.2716002849E+006  8.3987772662E+003
  1.2733003569E+006  8.3906788717E+003
  1.2750002722E+006  8.3826098795E+003
  1.2767002184E+006  8.3745681169E+003
  1.2784002026E+006  8.3665428953E+003
  1.2801002320E+006  8.3585322079E+003
  1.2818002902E+006  8.3505413755E+003
  1.2835003871E+006  8.3425732716E+003
  1.2852003338E+006  8.3346300482E+003
  1.2869003086E+006  8.3267181064E+003
  1.2886003199E+006  8.3188318604E+003
  1.2903003742E+006  8.3109696406E+003
  1.2920002675E+006  8.3031329210E+003
  1.2937003873E+006  8.2953157912E+003
  1.2954003585E+006  8.2875213204E+003
  1.2971003639E+006  8.2797503731E+003
  1.2988002028E+006  8.2720050617E+003
  1.3005002801E+006  8.2642833934E+003
  1.3022002005E+006  8.2565802382E+003
  1.3039003478E+006  8.2488939003E+003
  1.3056003381E+006  8.2412289382E+003
  1.3073003723E+006  8.2335848421E+003
  1.3090002350E+006  8.2259595525E+003
  1.3107003345E+006  8.2183526333E+003
  1.3124002787E+006  8.2107677857E+003
  1.3141002547E+006  8.2032064202E+003
  1.3158002655E+006  8.1956693390E+003
  1.3175003220E+006  8.1881565728E+003
  1.3192002126E+006  8.1806711906E+003
  1.3209003307E+006  8.1732128399E+003
  1.3226002974E+006  8.1657715693E+003
  1.3243002988E+006  8.1583458276E+003
  1.3260003331E+006  8.1509389171E+003
  1.3277002109E+006  8.1435539315E+003
  1.3294003263E+006  8.1361898809E+003
  1.3311002708E+006  8.1288495310E+003
  1.3328002571E+006  8.1215332804E+003
  1.3345002836E+006  8.1142412995E+003
  1.3362003409E+006  8.1069710066E+003
  1.3379002399E+006  8.0997247982E+003
  1.3396003773E+006  8.0925001080E+003
  1.3413003487E+006  8.0852891459E+003
  1.3430003529E+006  8.0780950959E+003
  1.3447002063E+006  8.0709220536E+003
  1.3464002885E+006  8.0637724940E+003
  1.3481002090E+006  8.0566450828E+003
  1.3498003663E+006  8.0495380110E+003
  1.3515003653E+006  8.0424547131E+003
  1.3532003923E+006  8.0353959024E+003
  1.3549002643E+006  8.0283636717E+003
  1.3566003732E+006  8.0213567552E+003
  1.3583003158E+006  8.0143711866E+003
  1.3600002982E+006  8.0074028470E+003
  1.3617003187E+006  8.0004523152E+003
  1.3634003718E+006  7.9935219700E+003
  1.3651002619E+006  7.9866123436E+003
  1.3668003928E+006  7.9797242611E+003
  1.3685003587E+006  7.9728625543E+003
  1.3702003601E+006  7.9660278827E+003
  1.3719002038E+006  7.9592194590E+003
  1.3736002810E+006  7.9524313890E+003
  1.3753003883E+006  7.9456596357E+003
  1.3770003388E+006  7.9389082499E+003
  1.3787003285E+006  7.9321786941E+003
  1.3804003492E+006  7.9254726689E+003
  1.3821002124E+006  7.9187916939E+003
  1.3838003075E+006  7.9121322617E+003
  1.3855002408E+006  7.9054963256E+003
  1.3872002071E+006  7.8988827863E+003
  1.3889002144E+006  7.8922906791E+003
  1.3906002544E+006  7.8857169330E+003
  1.3923003303E+006  7.8791645826E+003
  1.3940002460E+006  7.8726342883E+003
  1.3957003930E+006  7.8661241967E+003
  1.3974003759E+006  7.8596373598E+003
  1.3991001994E+006  7.8531754293E+003
  1.4008002572E+006  7.8467384525E+003
  1.4025003477E+006  7.8403257635E+003
  1.4042002792E+006  7.8339313729E+003
  1.4059002423E+006  7.8275469805E+003
  1.4076002421E+006  7.8211684839E+003
  1.4093002754E+006  7.8148124365E+003
  1.4110003466E+006  7.8084803098E+003
  1.4127002536E+006  7.8021737288E+003
  1.4144001976E+006  7.7958917954E+003
  1.4161003719E+006  7.7896281482E+003
  1.4178003815E+006  7.7833823735E+003
  1.4195002311E+006  7.7771576021E+003
  1.4212003127E+006  7.7709542467E+003
  1.4229002312E+006  7.7647757210E+003
  1.4246003808E+006  7.7586141804E+003
  1.4263003710E+006  7.7524551363E+003
  1.4280003901E+006  7.7463189789E+003
  1.4297002496E+006  7.7402004077E+003
  1.4314003415E+006  7.7341014369E+003
  1.4331002709E+006  7.7280251516E+003
  1.4348002305E+006  7.7219695785E+003
  1.4365002310E+006  7.7159365333E+003
  1.4382002632E+006  7.7099278373E+003
  1.4399003251E+006  7.7039446212E+003
  1.4416002287E+006  7.6979808378E+003
  1.4433003647E+006  7.6920198961E+003
  1.4450003345E+006  7.6860762158E+003
  1.4467003379E+006  7.6801548611E+003
  1.4484003825E+006  7.6742571471E+003
  1.4501002564E+006  7.6683851829E+003
  1.4518003614E+006  7.6625351658E+003
  1.4535003085E+006  7.6567023940E+003
  1.4552002894E+006  7.6508905816E+003
  1.4569002982E+006  7.6451016090E+003
  1.4586003485E+006  7.6393363409E+003
  1.4603002360E+006  7.6335824810E+003
  1.4620003473E+006  7.6278511627E+003
  1.4637002984E+006  7.6221376083E+003
  1.4654002899E+006  7.6164437287E+003
  1.4671003102E+006  7.6107722270E+003
  1.4688003612E+006  7.6051235352E+003
  1.4705002586E+006  7.5994985197E+003
  1.4722003808E+006  7.5938978581E+003
  1.4739003374E+006  7.5883185600E+003
  1.4756003320E+006  7.5827442400E+003
  1.4773003646E+006  7.5771887172E+003
  1.4790002255E+006  7.5716551840E+003
  1.4807003221E+006  7.5661445704E+003
  1.4824002597E+006  7.5606594380E+003
  1.4841002248E+006  7.5551938966E+003
  1.4858002228E+006  7.5497464277E+003
  1.4875002610E+006  7.5443205135E+003
  1.4892003327E+006  7.5389062085E+003
  1.4909002355E+006  7.5334958407E+003
  1.4926003751E+006  7.5281084904E+003
  1.4943003504E+006  7.5227373080E+003
  1.4960003558E+006  7.5173854184E+003
  1.4977001984E+006  7.5120561026E+003
  1.4994002777E+006  7.5067500580E+003
  1.5011003858E+006  7.5014676338E+003
  1.5028003313E+006  7.4962027039E+003
  1.5045003113E+006  7.4909423666E+003
  1.5062003243E+006  7.4857032604E+003
  1.5079003683E+006  7.4804863912E+003
  1.5096002527E+006  7.4752927245E+003
  1.5113003683E+006  7.4701222865E+003
  1.5130003178E+006  7.4649704574E+003
  1.5147003025E+006  7.4598406908E+003
  1.5164003181E+006  7.4547172027E+003
  1.5181003688E+006  7.4496057455E+003
  1.5198002547E+006  7.4445192393E+003
  1.5215003736E+006  7.4394500670E+003
  1.5232003249E+006  7.4344015013E+003
  1.5249003138E+006  7.4293754892E+003
  1.5266003328E+006  7.4243740734E+003
  1.5283003829E+006  7.4193864299E+003
  1.5300002700E+006  7.4143890034E+003
  1.5317003911E+006  7.4094103035E+003
  1.5334003446E+006  7.4044543988E+003
  1.5351003305E+006  7.3995228620E+003
  1.5368003533E+006  7.3946155436E+003
  1.5385002076E+006  7.3897260732E+003
  1.5402002897E+006  7.3848540904E+003
  1.5419002127E+006  7.3799988522E+003
  1.5436003674E+006  7.3751672000E+003
  1.5453003497E+006  7.3703573955E+003
  1.5470003692E+006  7.3655659839E+003
  1.5487002266E+006  7.3607985069E+003
  1.5504003095E+006  7.3560556767E+003
  1.5521002240E+006  7.3513400565E+003
  1.5538003776E+006  7.3466436503E+003
  1.5555003625E+006  7.3419689180E+003
  1.5572003757E+006  7.3373183147E+003
  1.5589002276E+006  7.3326933994E+003
  1.5606003122E+006  7.3280939438E+003
  1.5623002246E+006  7.3235148078E+003
  1.5640003678E+006  7.3189567002E+003
  1.5657003532E+006  7.3144233067E+003
  1.5674003657E+006  7.3099167911E+003
  1.5691002112E+006  7.3054330734E+003
  1.5708002891E+006  7.3009727585E+003
  1.5725002042E+006  7.2965234143E+003
  1.5742003408E+006  7.2920729786E+003
  1.5759003177E+006  7.2876475648E+003
  1.5776003279E+006  7.2832431194E+003
  1.5793003690E+006  7.2788640301E+003
  1.5810002419E+006  7.2745138553E+003
  1.5827003477E+006  7.2701659170E+003
  1.5844002857E+006  7.2658117800E+003
  1.5861002552E+006  7.2614824752E+003
  1.5878002589E+006  7.2571805689E+003
  1.5895002946E+006  7.2529081255E+003
  1.5912003616E+006  7.2486582835E+003
  1.5929002632E+006  7.2444050257E+003
  1.5946003938E+006  7.2401713048E+003
  1.5963003568E+006  7.2359665174E+003
  1.5980003562E+006  7.2317841248E+003
  1.5997003859E+006  7.2276290826E+003
  1.6014002496E+006  7.2234862079E+003
  1.6031003428E+006  7.2193255328E+003
  1.6048002727E+006  7.2151872478E+003
  1.6065002279E+006  7.2110751724E+003
  1.6082002185E+006  7.2069934399E+003
  1.6099002448E+006  7.2029428603E+003
  1.6116003009E+006  7.1988576757E+003
  1.6133003834E+006  7.1947965037E+003
  1.6150003070E+006  7.1907653226E+003
  1.6167002616E+006  7.1867649701E+003
  1.6184002425E+006  7.1827907158E+003
  1.6201002583E+006  7.1788170173E+003
  1.6218003114E+006  7.1748644367E+003
  1.6235003911E+006  7.1709427024E+003
  1.6252003018E+006  7.1670466335E+003
  1.6269002515E+006  7.1631826389E+003
  1.6286002298E+006  7.1592943088E+003
  1.6303002362E+006  7.1554168158E+003
  1.6320002765E+006  7.1515638570E+003
  1.6337003546E+006  7.1477423008E+003
  1.6354002590E+006  7.1439571057E+003
  1.6371003935E+006  7.1401595637E+003
  1.6388003640E+006  7.1363806392E+003
  1.6405003669E+006  7.1326342382E+003
  1.6422001990E+006  7.1289252583E+003
  1.6439002647E+006  7.1252416024E+003
  1.6456003617E+006  7.1215341552E+003
  1.6473002911E+006  7.1178604078E+003
  1.6490002519E+006  7.1142221566E+003
  1.6507002442E+006  7.1106138141E+003
  1.6524002670E+006  7.1070004066E+003
  1.6541003217E+006  7.1033728508E+003
  1.6558002128E+006  7.0997773504E+003
  1.6575003289E+006  7.0962128187E+003
  1.6592002811E+006  7.0926864978E+003
  1.6609002633E+006  7.0891547845E+003
  1.6626002756E+006  7.0856484362E+003
  1.6643003164E+006  7.0821766009E+003
  1.6660001986E+006  7.0787453627E+003
  1.6677003052E+006  7.0752922880E+003
  1.6694002427E+006  7.0718090038E+003
  1.6711002124E+006  7.0683612609E+003
  1.6728002175E+006  7.0649520483E+003
  1.6745002463E+006  7.0615709838E+003
  1.6762003073E+006  7.0581876697E+003
  1.6779002074E+006  7.0548431790E+003
  1.6796003338E+006  7.0515339406E+003
  1.6813002879E+006  7.0482654259E+003
  1.6830002767E+006  7.0449243094E+003
  1.6847002991E+006  7.0416102551E+003
  1.6864003458E+006  7.0383312111E+003
  1.6881002270E+006  7.0350943590E+003
  1.6898003406E+006  7.0318643440E+003
  1.6915002865E+006  7.0286589562E+003
  1.6932002571E+006  7.0254951778E+003
  1.6949002629E+006  7.0223751648E+003
  1.6966002981E+006  7.0191981958E+003
  1.6983003628E+006  7.0160227756E+003
  1.7000002598E+006  7.0128891782E+003
  1.7017003888E+006  7.0097964999E+003
  1.7034003472E+006  7.0066992191E+003
  1.7051003368E+006  7.0036292270E+003
  1.7068003556E+006  7.0006009770E+003
  1.7085002073E+006  6.9976150415E+003
  1.7102002865E+006  6.9945346901E+003
  1.7119002022E+006  6.9914706078E+003
  1.7136003425E+006  6.9884450178E+003
  1.7153003140E+006  6.9854652151E+003
  1.7170003187E+006  6.9824631039E+003
  1.7187003526E+006  6.9794995614E+003
  1.7204002151E+006  6.9765838078E+003
  1.7221003083E+006  6.9736841289E+003
  1.7238002393E+006  6.9707447698E+003
  1.7255003916E+006  6.9678514949E+003
  1.7272003745E+006  6.9650093130E+003
  1.7289003919E+006  6.9621152540E+003
  1.7306002434E+006  6.9592062763E+003
  1.7323003153E+006  6.9563456850E+003
  1.7340002245E+006  6.9535305297E+003
  1.7357003637E+006  6.9507631086E+003
  1.7374003330E+006  6.9480491082E+003
  1.7391003280E+006  6.9453858738E+003
  1.7408003590E+006  6.9426440546E+003
  1.7425002203E+006  6.9398055727E+003
  1.7442003069E+006  6.9370134300E+003
  1.7459002269E+006  6.9342725301E+003
  1.7476003783E+006  6.9314981680E+003
  1.7493003581E+006  6.9287708747E+003
  1.7510003678E+006  6.9260955732E+003
  1.7527002097E+006  6.9235251797E+003
  1.7544002786E+006  6.9210391754E+003
  1.7561003785E+006  6.9186113437E+003
  1.7578003127E+006  6.9162292881E+003
  1.7595002743E+006  6.9138268826E+003
  1.7612002639E+006  6.9114824827E+003
  1.7629002874E+006  6.9092044459E+003
  1.7646003386E+006  6.9068549232E+003
  1.7663002193E+006  6.9045341556E+003
  1.7680003299E+006  6.9022790704E+003
  1.7697002777E+006  6.9000096128E+003
  1.7714002482E+006  6.8977050171E+003
  1.7731002478E+006  6.8954663309E+003
  1.7748002811E+006  6.8932709274E+003
  1.7765003451E+006  6.8909838465E+003
  1.7782002336E+006  6.8887630458E+003
  1.7799003545E+006  6.8866048091E+003
  1.7816003102E+006  6.8843704672E+003
  1.7833002930E+006  6.8821695977E+003
  1.7850003007E+006  6.8800311920E+003
  1.7867003432E+006  6.8778653545E+003
  1.7884002162E+006  6.8756869788E+003
  1.7901003153E+006  6.8735706543E+003
  1.7918002470E+006  6.8714694972E+003
  1.7935002106E+006  6.8693157196E+003
  1.7952002006E+006  6.8672244049E+003
  1.7969002200E+006  6.8651834984E+003
  1.7986002696E+006  6.8630562402E+003
  1.8003003471E+006  6.8609923910E+003
  1.8020002573E+006  6.8590033795E+003
  1.8037001990E+006  6.8569089142E+003
  1.8054003655E+006  6.8548755465E+003
  1.8071003605E+006  6.8529169137E+003
  1.8088003894E+006  6.8508739391E+003
  1.8105002485E+006  6.8488738191E+003
  1.8122003314E+006  6.8469476590E+003
  1.8139002463E+006  6.8449517595E+003
  1.8156003950E+006  6.8429853778E+003
  1.8173003691E+006  6.8410938981E+003
  1.8190003701E+006  6.8391406496E+003
  1.8207002052E+006  6.8372102795E+003
  1.8224002707E+006  6.8353545572E+003
  1.8241003579E+006  6.8334402440E+003
  1.8258002798E+006  6.8315471017E+003
  1.8275002327E+006  6.8297286316E+003
  1.8292002148E+006  6.8278490166E+003
  1.8309002197E+006  6.8259954304E+003
  1.8326002578E+006  6.8242155504E+003
  1.8343003235E+006  6.8223655026E+003
  1.8360002209E+006  6.8205512101E+003
  1.8377003440E+006  6.8188054546E+003
  1.8394003006E+006  6.8169723904E+003
  1.8411002820E+006  6.8151905881E+003
  1.8428002945E+006  6.8134748175E+003
  1.8445003355E+006  6.8116453409E+003
  1.8462002057E+006  6.8098886443E+003
  1.8479003012E+006  6.8081814999E+003
  1.8496002335E+006  6.8063952640E+003
  1.8513003902E+006  6.8046832493E+003
  1.8530003728E+006  6.8029911445E+003
  1.8547003863E+006  6.8012512163E+003
  1.8564002345E+006  6.7995872918E+003
  1.8581003047E+006  6.7979076517E+003
  1.8598002032E+006  6.7962151738E+003
  1.8615003342E+006  6.7945912909E+003
  1.8632002958E+006  6.7929049279E+003
  1.8649002808E+006  6.7912468604E+003
  1.8666002936E+006  6.7896684889E+003
  1.8683003395E+006  6.7879850141E+003
  1.8700002134E+006  6.7863782673E+003
  1.8717003134E+006  6.7848020902E+003
  1.8734002448E+006  6.7831700865E+003
  1.8751002056E+006  6.7816187264E+003
  1.8768003894E+006  6.7800398867E+003
  1.8785002087E+006  6.7784617828E+003
  1.8802002519E+006  6.7769685176E+003
  1.8819003232E+006  6.7753817571E+003
