 0001  0.2399999999993895E+000
 0002  0.2399999999993895E+000
 0003  0.2399999999993930E+000
 0004  0.2399999999993930E+000
 0005  0.2399999999993969E+000
 0006  0.2399999999993969E+000
 0007  0.2399999999994007E+000
 0008  0.2399999999994007E+000
 0009  0.2399999999994050E+000
 0010  0.2399999999994050E+000
 0011  0.2399999999994098E+000
 0012  0.2399999999994098E+000
 0013  0.2399999999994144E+000
 0014  0.2399999999994144E+000
 0015  0.2399999999994196E+000
 0016  0.2399999999994196E+000
 0017  0.2399999999994253E+000
 0018  0.2399999999994253E+000
 0019  0.2399999999994309E+000
 0020  0.2399999999994309E+000
 0021  0.2399999999994371E+000
 0022  0.2399999999994437E+000
 0023  0.2399999999994437E+000
 0024  0.2399999999994502E+000
 0025  0.2399999999994502E+000
 0026  0.2399999999994573E+000
 0027  0.2399999999994573E+000
 0028  0.2399999999994652E+000
 0029  0.2399999999994734E+000
 0030  0.2399999999994734E+000
 0031  0.2399999999994814E+000
 0032  0.2399999999994814E+000
 0033  0.2399999999994902E+000
 0034  0.2399999999994994E+000
 0035  0.2399999999994994E+000
 0036  0.2399999999995093E+000
 0037  0.2399999999995185E+000
 0038  0.2399999999995185E+000
 0039  0.2399999999989086E+000
 0040  0.2399999999972240E+000
 0041  0.2399999999972240E+000
 0042  0.2399999999955786E+000
 0043  0.2399999996866794E+000
 0044  0.2399999996866794E+000
 0045  0.2399999914319154E+000
 0046  0.2399999765875627E+000
 0047  0.2399999765875627E+000
 0048  0.2399998967840110E+000
 0049  0.2399998232195911E+000
 0050  0.2399994606697297E+000
 0051  0.2399994606697297E+000
 0052  0.2399981785989052E+000
 0053  0.2399956008220325E+000
 0054  0.2399932365941831E+000
 0055  0.2399932365941831E+000
 0056  0.2399869522598292E+000
 0057  0.2399776881952039E+000
 0058  0.2399776881952039E+000
 0059  0.2399285300410151E+000
 0060  0.2397876245106018E+000
 0061  0.2396600370616553E+000
 0062  0.2393657031153624E+000
 0063  0.2393657031153624E+000
 0064  0.2388052141621768E+000
 0065  0.2379516638970068E+000
 0066  0.2368776008020768E+000
 0067  0.2368776008020768E+000
 0068  0.2354173542098837E+000
 0069  0.2341190483309982E+000
 0070  0.2324246085985736E+000
 0071  0.2303107374828446E+000
 0072  0.2303107374828446E+000
 0073  0.2275175020519869E+000
 0074  0.2242893393996483E+000
 0075  0.2206470666801005E+000
 0076  0.2174485531949820E+000
 0077  0.2138510670348423E+000
 0078  0.2138510670348423E+000
 0079  0.2094087942882639E+000
 0080  0.2046151903841697E+000
 0081  0.1995134769144668E+000
 0082  0.1941592182650898E+000
 0083  0.1886130639393518E+000
 0084  0.1886130639393518E+000
 0085  0.1831957017987928E+000
 0086  0.1774557344564695E+000
 0087  0.1715162315267854E+000
 0088  0.1654730594625256E+000
 0089  0.1594131864528263E+000
 0090  0.1533917034799316E+000
 0091  0.1533917034799316E+000
 0092  0.1465157592696164E+000
 0093  0.1398684486747607E+000
 0094  0.1334056445821647E+000
 0095  0.1272082783537479E+000
 0096  0.1212350301089220E+000
 0097  0.1154172329891572E+000
 0098  0.1097102282366753E+000
 0099  0.1040865466258552E+000
 0100  0.9853086247650442E-001
 0101  0.9305237266539008E-001
 0102  0.8767465465238647E-001
 0103  0.8242320801019368E-001
 0104  0.7732291171780296E-001
 0105  0.7239641238610245E-001
 0106  0.6761810717618685E-001
 0107  0.6303060457227740E-001
 0108  0.5866269634115578E-001
 0109  0.5453238974093198E-001
 0110  0.5064933492981150E-001
 0111  0.4672219241302529E-001
 0112  0.4316569613197953E-001
 0113  0.3994116669826823E-001
 0114  0.3701494294098179E-001
 0115  0.3435756515262123E-001
 0116  0.3006939844900407E-001
 0117  0.2832132178532044E-001
 0118  0.2669349105944448E-001
 0119  0.2518040226198195E-001
 0120  0.2377647123583058E-001
 0121  0.2247607538093371E-001
 0122  0.2127359591222190E-001
 0123  0.2016345841846151E-001
 0124  0.1913776302702230E-001
 0125  0.1819240736578463E-001
 0126  0.1732301280672628E-001
 0127  0.1652505902484525E-001
 0128  0.1579398853621997E-001
 0129  0.1512528678142042E-001
 0130  0.1448703637107969E-001
 0131  0.1391284914047016E-001
 0132  0.1339604133225500E-001
 0133  0.1293067355722206E-001
 0134  0.1251146037012024E-001
 0135  0.1213369186909255E-001
 0136  0.1152554713647591E-001
 0137  0.1127939457377889E-001
 0138  0.1105290174792802E-001
 0139  0.1084471144440158E-001
 0140  0.1065352644810987E-001
 0141  0.1047811307999826E-001
 0142  0.1031730316498141E-001
 0143  0.1016999474444907E-001
 0144  0.1003515179496442E-001
 0145  0.9907886053315378E-002
 0146  0.9792523898236184E-002
 0147  0.9687925227577674E-002
 0148  0.9593063106623440E-002
 0149  0.9507011994457830E-002
 0150  0.9428937262868238E-002
 0151  0.9358085858147923E-002
 0152  0.9241998229851382E-002
 0153  0.9194285309504753E-002
 0154  0.9150309156029044E-002
 0155  0.9109795321980642E-002
 0156  0.9072487185888836E-002
 0157  0.9038145112091223E-002
 0158  0.9006545601258320E-002
 0159  0.8976771745165799E-002
 0160  0.8949553288328641E-002
 0161  0.8924667179968685E-002
 0162  0.8901910311748275E-002
 0163  0.8881090332046003E-002
 0164  0.8862041530627888E-002
 0165  0.8844612401783936E-002
 0166  0.8828664475166115E-002
 0167  0.8802098931741652E-002
 0168  0.8791009121211406E-002
 0169  0.8780739305674650E-002
 0170  0.8771231165377038E-002
 0171  0.8762255051591920E-002
 0172  0.8753983569562952E-002
 0173  0.8746358850233341E-002
 0174  0.8739330033858508E-002
 0175  0.8732850284508759E-002
 0176  0.8726876469664094E-002
 0177  0.8721368865496435E-002
 0178  0.8716290885764456E-002
 0179  0.8711608832416088E-002
 0180  0.8703686755978919E-002
 0181  0.8700329649770673E-002
 0182  0.8697150664123734E-002
 0183  0.8694200289289501E-002
 0184  0.8691461999258099E-002
 0185  0.8688920469344935E-002
 0186  0.8686561488343075E-002
 0187  0.8684371877140190E-002
 0188  0.8682339413320637E-002
 0189  0.8680452759867112E-002
 0190  0.8678701402428395E-002
 0191  0.8677075589225107E-002
 0192  0.8674267475479317E-002
 0193  0.8673055058290417E-002
 0194  0.8671923048899161E-002
 0195  0.8670866089784060E-002
 0196  0.8669879182258755E-002
 0197  0.8668957662295321E-002
 0198  0.8668097177987801E-002
 0199  0.8667293574165598E-002
 0200  0.8666543088774814E-002
 0201  0.8665842208170276E-002
 0202  0.8665179314017918E-002
 0203  0.8664032065863808E-002
 0204  0.8663535123344900E-002
 0205  0.8663068689761600E-002
 0206  0.8662630843997482E-002
 0207  0.8662219832907011E-002
 0208  0.8661834010728717E-002
 0209  0.8661471832529117E-002
 0210  0.8661128006894440E-002
 0211  0.8660805801830453E-002
 0212  0.8660503833298841E-002
 0213  0.8659975369625927E-002
 0214  0.8659743946320178E-002
 0215  0.8659525718104884E-002
 0216  0.8659319932247379E-002
 0217  0.8659125878870228E-002
 0218  0.8658941013252649E-002
 0219  0.8658766927569924E-002
 0220  0.8658602984220750E-002
 0221  0.8658448583809986E-002
 0222  0.8658175822325165E-002
 0223  0.8658055266262482E-002
 0224  0.8657941126418985E-002
 0225  0.8657832057969810E-002
 0226  0.8657728922410513E-002
 0227  0.8657631392746541E-002
 0228  0.8657539160237079E-002
 0229  0.8657451933353311E-002
 0230  0.8657369432819410E-002
 0231  0.8657221884895689E-002
 0232  0.8657155908878332E-002
 0233  0.8657093289190535E-002
 0234  0.8657033850578375E-002
 0235  0.8656977429728150E-002
 0236  0.8656923871788048E-002
 0237  0.8656873029930500E-002
 0238  0.8656824386523307E-002
 0239  0.8656737218734887E-002
 0240  0.8656698146701414E-002
 0241  0.8656660937648835E-002
 0242  0.8656625501869351E-002
 0243  0.8656591752880322E-002
 0244  0.8656559374972457E-002
 0245  0.8656528562047214E-002
 0246  0.8656472980928807E-002
 0247  0.8656447903641546E-002
 0248  0.8656423951897006E-002
 0249  0.8656400919541505E-002
 0250  0.8656378935913219E-002
 0251  0.8656357951924151E-002
 0252  0.8656337921398258E-002
 0253  0.8656300298489680E-002
 0254  0.8656278532672855E-002
 0255  0.8656254542224509E-002
 0256  0.8656227641731551E-002
 0257  0.8656197055174621E-002
 0258  0.8656160891188312E-002
 0259  0.8656110028658265E-002
 0260  0.8655989182274136E-002
 0261  0.8655917201851708E-002
 0262  0.8655835900371526E-002
 0263  0.8655744879582990E-002
 0264  0.8655628163545492E-002
 0265  0.8655500559422926E-002
 0266  0.8655219815253837E-002
 0267  0.8655065496531974E-002
 0268  0.8654880440608656E-002
 0269  0.8654684490298109E-002
 0270  0.8654476581743469E-002
 0271  0.8654256895941265E-002
 0272  0.8653754974745385E-002
 0273  0.8653494353177320E-002
 0274  0.8653223305032116E-002
 0275  0.8652941174984439E-002
 0276  0.8652626585498225E-002
 0277  0.8651986578048282E-002
 0278  0.8651660750144259E-002
 0279  0.8651304604081908E-002
 0280  0.8650941103099462E-002
 0281  0.8650570557168651E-002
 0282  0.8650192630172015E-002
 0283  0.8649413794352065E-002
 0284  0.8649014293966938E-002
 0285  0.8648609509830521E-002
 0286  0.8648199745747868E-002
 0287  0.8647764914578627E-002
 0288  0.8646904773950005E-002
 0289  0.8646478973254074E-002
 0290  0.8646031281812480E-002
 0291  0.8645581567264212E-002
 0292  0.8644695084138119E-002
 0293  0.8644241247332800E-002
 0294  0.8643786437439962E-002
 0295  0.8643330849846769E-002
 0296  0.8642858358184782E-002
 0297  0.8641933849513440E-002
 0298  0.8641481471779979E-002
 0299  0.8641014466202128E-002
 0300  0.8640548482150793E-002
 0301  0.8639625131754853E-002
 0302  0.8639168197719631E-002
 0303  0.8638712771637996E-002
 0304  0.8638246345729957E-002
 0305  0.8637782439306683E-002
 0306  0.8636879871954746E-002
 0307  0.8636429208431272E-002
 0308  0.8635981264801260E-002
 0309  0.8635535966471403E-002
 0310  0.8634649524966634E-002
 0311  0.8634219108496948E-002
 0312  0.8633781750940444E-002
 0313  0.8633347812795044E-002
 0314  0.8632496605132498E-002
 0315  0.8632079350450048E-002
 0316  0.8631656992375390E-002
 0317  0.8631238455254219E-002
 0318  0.8630419428433126E-002
 0319  0.8630018798466352E-002
 0320  0.8629621767612542E-002
 0321  0.8628837991267983E-002
 0322  0.8628451688172197E-002
 0323  0.8628069168496545E-002
 0324  0.8627690367501393E-002
 0325  0.8626944300432024E-002
 0326  0.8626577356880129E-002
 0327  0.8626214211655063E-002
 0328  0.8625505485660413E-002
 0329  0.8625159675674378E-002
 0330  0.8624812410979447E-002
 0331  0.8624135239363933E-002
 0332  0.8623805118125400E-002
 0333  0.8623478471429268E-002
 0334  0.8623150901344363E-002
 0335  0.8622512453071243E-002
 0336  0.8622201360902507E-002
 0337  0.8621889789816583E-002
 0338  0.8621282777407060E-002
 0339  0.8620987106735124E-002
 0340  0.8620691276539801E-002
 0341  0.8620115064535035E-002
 0342  0.8619834462595913E-002
 0343  0.8619553957553374E-002
 0344  0.8619007646762929E-002
 0345  0.8618741632816498E-002
 0346  0.8618218137640703E-002
 0347  0.8617963264264719E-002
 0348  0.8617708830623249E-002
 0349  0.8617213343687929E-002
 0350  0.8616969932666509E-002
 0351  0.8616729306519046E-002
 0352  0.8616258661486326E-002
 0353  0.8616028593336444E-002
 0354  0.8615578662018010E-002
 0355  0.8615358743025835E-002
 0356  0.8615139619527871E-002
 0357  0.8614712935029500E-002
 0358  0.8614503670881259E-002
 0359  0.8614096091436488E-002
 0360  0.8613896225222408E-002
 0361  0.8613698613418042E-002
 0362  0.8613311052856044E-002
 0363  0.8613121120529903E-002
 0364  0.8612751124129230E-002
 0365  0.8612569797103382E-002
 0366  0.8612215405483778E-002
 0367  0.8612042268612561E-002
 0368  0.8611870040803408E-002
 0369  0.8611532561671293E-002
 0370  0.8611367293353687E-002
 0371  0.8611044371597758E-002
 0372  0.8610886644081777E-002
 0373  0.8610577611952273E-002
 0374  0.8610426281894790E-002
 0375  0.8610129836112503E-002
 0376  0.8609984692997105E-002
 0377  0.8609700431958927E-002
 0378  0.8609561292010392E-002
 0379  0.8609288851158740E-002
 0380  0.8609155522733978E-002
 0381  0.8608894500358247E-002
 0382  0.8608766308949536E-002
 0383  0.8608515431213035E-002
 0384  0.8608392708381081E-002
 0385  0.8608152151427734E-002
 0386  0.8607919791441595E-002
 0387  0.8607806123232578E-002
 0388  0.8607583014615503E-002
 0389  0.8607473883377542E-002
 0390  0.8607259739554283E-002
 0391  0.8607052638287436E-002
 0392  0.8606951079490548E-002
 0393  0.8606752104834510E-002
 0394  0.8606654660784202E-002
 0395  0.8606463335834159E-002
 0396  0.8606278332429163E-002
 0397  0.8606187548598931E-002
 0398  0.8606009529590898E-002
 0399  0.8605837217334621E-002
 0400  0.8605752680486351E-002
 0401  0.8605586783174652E-002
 0402  0.8605425948470366E-002
 0403  0.8605347000892362E-002
 0404  0.8605192107112450E-002
 0405  0.8605041866282468E-002
 0406  0.8604968091534486E-002
 0407  0.8604823280087952E-002
 0408  0.8604682692601192E-002
 0409  0.8604546364618293E-002
 0410  0.8604479339947672E-002
 0411  0.8604347679715858E-002
 0412  0.8604219857744009E-002
 0413  0.8604095660836381E-002
 0414  0.8604034642076959E-002
 0415  0.8603914602291969E-002
 0416  0.8603797958447063E-002
 0417  0.8603684525277109E-002
 0418  0.8603574213479275E-002
 0419  0.8603466884060796E-002
 0420  0.8603362469253806E-002
 0421  0.8603311089778153E-002
 0422  0.8603209976117706E-002
 0423  0.8603111529425429E-002
 0424  0.8603015664743989E-002
 0425  0.8602922265759403E-002
 0426  0.8602831260502309E-002
 0427  0.8602742570167616E-002
 0428  0.8602656296388851E-002
 0429  0.8602572655358980E-002
 0430  0.8602491537858010E-002
 0431  0.8602412840368565E-002
 0432  0.8602336464718762E-002
 0433  0.8602262317751498E-002
 0434  0.8602190311017622E-002
 0435  0.8602120360490075E-002
 0436  0.8602052386299295E-002
 0437  0.8601954313041756E-002
 0438  0.8601891400856073E-002
 0439  0.8601830193954310E-002
 0440  0.8601770629447655E-002
 0441  0.8601712647374060E-002
 0442  0.8601628803063567E-002
 0443  0.8601574900290079E-002
 0444  0.8601522374816132E-002
 0445  0.8601471178763942E-002
 0446  0.8601397023586562E-002
 0447  0.8601349271762702E-002
 0448  0.8601302684566789E-002
 0449  0.8601235122498370E-002
 0450  0.8601191564013504E-002
 0451  0.8601128339986108E-002
 0452  0.8601087543931152E-002
 0453  0.8601028281347765E-002
 0454  0.8600990010923565E-002
 0455  0.8600934374375440E-002
 0456  0.8600898418365345E-002
 0457  0.8600846108247412E-002
 0458  0.8600795786523490E-002
 0459  0.8600763227014929E-002
 0460  0.8600715804352099E-002
 0461  0.8600670121018346E-002
 0462  0.8600626090194099E-002
 0463  0.8600597558593577E-002
 0464  0.8600555942592243E-002
 0465  0.8600515782365153E-002
 0466  0.8600477008862892E-002
 0467  0.8600439557233056E-002
 0468  0.8600403366509760E-002
 0469  0.8600368379331301E-002
 0470  0.8600323591179756E-002
 0471  0.8600291326108411E-002
 0472  0.8600260090472888E-002
 0473  0.8600229840143145E-002
 0474  0.8600191036445893E-002
 0475  0.8600163026900583E-002
 0476  0.8600127060612511E-002
 0477  0.8600101073210853E-002
 0478  0.8600067671468514E-002
 0479  0.8600035673327237E-002
 0480  0.8600005000938242E-002
 0481  0.8599982794828234E-002
 0482  0.8599954198987412E-002
 0483  0.8599920096670204E-002
 0484  0.8599894053802465E-002
 0485  0.8599869021414132E-002
 0486  0.8599844948534479E-002
 0487  0.8599816169144774E-002
 0488  0.8599788792590692E-002
 0489  0.8599767822330809E-002
 0490  0.8599742706851005E-002
 0491  0.8599714143137897E-002
 0492  0.8599691568884292E-002
 0493  0.8599670022521310E-002
 0494  0.8599645463547426E-002
 0495  0.8599622247804970E-002
 0496  0.8599600284101718E-002
 0497  0.8599579489012903E-002
 0498  0.8599556620247105E-002
 0499  0.8599535158261335E-002
 0500  0.8599514998126069E-002
 0501  0.8599496044610824E-002
 0502  0.8599475762573494E-002
 0503  0.8599454586647071E-002
 0504  0.8599435008643031E-002
 0505  0.8599416887410852E-002
 0506  0.8599396553391526E-002
 0507  0.8599379643916308E-002
 0508  0.8599361139116463E-002
 0509  0.8599343080727774E-002
 0510  0.8599324528900755E-002
 0511  0.8599307111514194E-002
 0512  0.8599290052483473E-002
 0513  0.8599273053175071E-002
 0514  0.8599256833099391E-002
 0515  0.8599240471352272E-002
 0516  0.8599228323912434E-002
 0517  0.8599228323912434E-002
 0518  0.8599228323912434E-002
 0519  0.8599228323912434E-002
 0520  0.8599228323912434E-002
 0521  0.8599228323912434E-002
 0522  0.8599228323912434E-002
 0523  0.8599228323912434E-002
 0524  0.8599228323912434E-002
 0525  0.8599228323912434E-002
 0526  0.8599228323912434E-002
 0527  0.8599228323912434E-002
 0528  0.8599228323912434E-002
 0529  0.8599228323912434E-002
 0530  0.8599228323912434E-002
 0531  0.8599228323912434E-002
 0532  0.8599228323912434E-002
 0533  0.8599228323912434E-002
 0534  0.8599228323912434E-002
 0535  0.8599228323912434E-002
 0536  0.8599228323912434E-002
 0537  0.8599228323912434E-002
 0538  0.8599228323912434E-002
 0539  0.8599228323912434E-002
 0540  0.8599228323912434E-002
 0541  0.8599228323912434E-002
 0542  0.8599228323912434E-002
 0543  0.8599228323912434E-002
 0544  0.8599228323912434E-002
 0545  0.8599228323912434E-002
 0546  0.8599228323912434E-002
 0547  0.8599228323912434E-002
 0548  0.8599228323912434E-002
 0549  0.8599228323912434E-002
 0550  0.8599228323912434E-002
 0551  0.8599228323912434E-002
 0552  0.8599228323912434E-002
 0553  0.8599228323912434E-002
 0554  0.8599228323912434E-002
 0555  0.8599228323912434E-002
 0556  0.8599228323912434E-002
 0557  0.8599228323912434E-002
 0558  0.8599228323912434E-002
 0559  0.8599228323912434E-002
 0560  0.8599228323912434E-002
 0561  0.8599228323912434E-002
 0562  0.8599228323912434E-002
 0563  0.8599228323912434E-002
 0564  0.8599228323912434E-002
 0565  0.8599228323912434E-002
 0566  0.8599228323912434E-002
 0567  0.8599228323912434E-002
 0568  0.8599228323912434E-002
 0569  0.8599228323912434E-002
 0570  0.8599228323912434E-002
 0571  0.8599228323912434E-002
 0572  0.8599228323912434E-002
 0573  0.8599228323912434E-002
 0574  0.8599228323912434E-002
 0575  0.8599228323912434E-002
 0576  0.8599228323912434E-002
 0577  0.8599228323912434E-002
 0578  0.8599228323912434E-002
 0579  0.8599228323912434E-002
 0580  0.8599228323912434E-002
 0581  0.8599228323912434E-002
 0582  0.8599228323912434E-002
 0583  0.8599228323912434E-002
 0584  0.8599228323912434E-002
 0585  0.8599228323912434E-002
 0586  0.8599228323912434E-002
 0587  0.8599228323912434E-002
 0588  0.8599228323912434E-002
 0589  0.8599228323912434E-002
 0590  0.8599228323912434E-002
 0591  0.8599228323912434E-002
 0592  0.8599228323912434E-002
 0593  0.8599228323912434E-002
 0594  0.8599228323912434E-002
 0595  0.8599228323912434E-002
 0596  0.8599228323912434E-002
 0597  0.8599228323912434E-002
 0598  0.8599228323912434E-002
 0599  0.8599228323912434E-002
 0600  0.8599228323912434E-002
 0601  0.8599228323912434E-002
 0602  0.8599228323912434E-002
 0603  0.8599228323912434E-002
 0604  0.8599228323912434E-002
 0605  0.8599228323912434E-002
 0606  0.8599228323912434E-002
 0607  0.8599228323912434E-002
 0608  0.8599228323912434E-002
 0609  0.8599228323912434E-002
 0610  0.8599228323912434E-002
 0611  0.8599228323912434E-002
 0612  0.8599228323912434E-002
 0613  0.8599228323912434E-002
 0614  0.8599228323912434E-002
 0615  0.8599228323912434E-002
 0616  0.8599228323912434E-002
 0617  0.8599228323912434E-002
 0618  0.8599228323912434E-002
 0619  0.8599228323912434E-002
 0620  0.8599228323912434E-002
 0621  0.8599228323912434E-002
 0622  0.8599228323912434E-002
 0623  0.8599228323912434E-002
 0624  0.8599228323912434E-002
 0625  0.8599228323912434E-002
 0626  0.8599228323912434E-002
 0627  0.8599228323912434E-002
 0628  0.8599228323912434E-002
 0629  0.8599228323912434E-002
 0630  0.8599228323912434E-002
 0631  0.8599228323912434E-002
 0632  0.8599228323912434E-002
 0633  0.8599228323912434E-002
 0634  0.8599228323912434E-002
 0635  0.8599228323912434E-002
 0636  0.8599228323912434E-002
 0637  0.8599228323912434E-002
 0638  0.8599228323912434E-002
 0639  0.8599228323912434E-002
 0640  0.8599228323912434E-002
 0641  0.8599228323912434E-002
 0642  0.8599228323912434E-002
 0643  0.8599228323912434E-002
 0644  0.8599228323912434E-002
 0645  0.8599228323912434E-002
 0646  0.8599228323912434E-002
 0647  0.8599228323912434E-002
 0648  0.8599228323912434E-002
 0649  0.8599228323912434E-002
 0650  0.8599228323912434E-002
 0651  0.8599228323912434E-002
 0652  0.8599228323912434E-002
 0653  0.8599228323912434E-002
 0654  0.8599228323912434E-002
 0655  0.8599228323912434E-002
 0656  0.8599228323912434E-002
 0657  0.8599228323912434E-002
 0658  0.8599228323912434E-002
 0659  0.8599228323912434E-002
 0660  0.8599228323912434E-002
 0661  0.8599228323912434E-002
 0662  0.8599228323912434E-002
 0663  0.8599228323912434E-002
 0664  0.8599228323912434E-002
 0665  0.8599228323912434E-002
 0666  0.8599228323912434E-002
 0667  0.8599228323912434E-002
 0668  0.8599228323912434E-002
 0669  0.8599228323912434E-002
 0670  0.8599228323912434E-002
 0671  0.8599228323912434E-002
 0672  0.8599228323912434E-002
 0673  0.8599228323912434E-002
 0674  0.8599228323912434E-002
 0675  0.8599228323912434E-002
 0676  0.8599228323912434E-002
 0677  0.8599228323912434E-002
 0678  0.8599228323912434E-002
 0679  0.8599228323912434E-002
 0680  0.8599228323912434E-002
 0681  0.8599228323912434E-002
 0682  0.8599228323912434E-002
 0683  0.8599228323912434E-002
 0684  0.8599228323912434E-002
 0685  0.8599228323912434E-002
 0686  0.8599228323912434E-002
 0687  0.8599228323912434E-002
 0688  0.8599228323912434E-002
 0689  0.8599228323912434E-002
 0690  0.8599228323912434E-002
 0691  0.8599228323912434E-002
 0692  0.8599228323912434E-002
 0693  0.8599228323912434E-002
 0694  0.8599228323912434E-002
 0695  0.8599228323912434E-002
 0696  0.8599228323912434E-002
 0697  0.8599228323912434E-002
 0698  0.8599228323912434E-002
 0699  0.8599228323912434E-002
 0700  0.8599228323912434E-002
 0701  0.8599228323912434E-002
 0702  0.8599228323912434E-002
 0703  0.8599228323912434E-002
 0704  0.8599228323912434E-002
 0705  0.8599228323912434E-002
 0706  0.8599228323912434E-002
 0707  0.8599228323912434E-002
 0708  0.8599228323912434E-002
 0709  0.8599228323912434E-002
 0710  0.8599228323912434E-002
 0711  0.8599228323912434E-002
 0712  0.8599228323912434E-002
 0713  0.8599228323912434E-002
 0714  0.8599228323912434E-002
 0715  0.8599228323912434E-002
 0716  0.8599228323912434E-002
 0717  0.8599228323912434E-002
 0718  0.8599228323912434E-002
 0719  0.8599228323912434E-002
 0720  0.8599228323912434E-002
 0721  0.8599228323912434E-002
 0722  0.8599228323912434E-002
 0723  0.8599228323912434E-002
 0724  0.8599228323912434E-002
 0725  0.8599228323912434E-002
 0726  0.8599228323912434E-002
 0727  0.8599228323912434E-002
 0728  0.8599228323912434E-002
 0729  0.8599228323912434E-002
 0730  0.8599228323912434E-002
 0731  0.8599228323912434E-002
 0732  0.8599228323912434E-002
 0733  0.8599228323912434E-002
 0734  0.8599228323912434E-002
 0735  0.8599228323912434E-002
 0736  0.8599228323912434E-002
 0737  0.8599228323912434E-002
 0738  0.8599228323912434E-002
 0739  0.8599228323912434E-002
 0740  0.8599228323912434E-002
 0741  0.8599228323912434E-002
 0742  0.8599228323912434E-002
 0743  0.8599228323912434E-002
 0744  0.8599228323912434E-002
 0745  0.8599228323912434E-002
 0746  0.8599228323912434E-002
 0747  0.8599228323912434E-002
 0748  0.8599228323912434E-002
 0749  0.8599228323912434E-002
 0750  0.8599228323912434E-002
 0751  0.8599228323912434E-002
 0752  0.8599228323912434E-002
 0753  0.8599228323912434E-002
 0754  0.8599228323912434E-002
 0755  0.8599228323912434E-002
 0756  0.8599228323912434E-002
 0757  0.8599228323912434E-002
 0758  0.8599228323912434E-002
 0759  0.8599228323912434E-002
 0760  0.8599228323912434E-002
 0761  0.8599228323912434E-002
 0762  0.8599228323912434E-002
 0763  0.8599228323912434E-002
 0764  0.8599228323912434E-002
 0765  0.8599228323912434E-002
 0766  0.8599228323912434E-002
 0767  0.8599228323912434E-002
 0768  0.8599228323912434E-002
 0769  0.8599228323912434E-002
 0770  0.8599228323912434E-002
 0771  0.8599228323912434E-002
 0772  0.8599228323912434E-002
 0773  0.8599228323912434E-002
 0774  0.8599228323912434E-002
 0775  0.8599228323912434E-002
 0776  0.8599228323912434E-002
 0777  0.8599228323912434E-002
 0778  0.8599228323912434E-002
 0779  0.8599228323912434E-002
 0780  0.8599228323912434E-002
 0781  0.8599228323912434E-002
 0782  0.8599228323912434E-002
 0783  0.8599228323912434E-002
 0784  0.8599228323912434E-002
 0785  0.8599228323912434E-002
 0786  0.8599228323912434E-002
 0787  0.8599228323912434E-002
 0788  0.8599228323912434E-002
 0789  0.8599228323912434E-002
 0790  0.8599228323912434E-002
 0791  0.8599228323912434E-002
 0792  0.8599228323912434E-002
 0793  0.8599228323912434E-002
 0794  0.8599228323912434E-002
 0795  0.8599228323912434E-002
 0796  0.8599228323912434E-002
 0797  0.8599228323912434E-002
 0798  0.8599228323912434E-002
 0799  0.8599228323912434E-002
 0800  0.8599228323912434E-002
 0801  0.8599228323912434E-002
 0802  0.8599228323912434E-002
 0803  0.8599228323912434E-002
 0804  0.8599228323912434E-002
 0805  0.8599228323912434E-002
 0806  0.8599228323912434E-002
 0807  0.8599228323912434E-002
 0808  0.8599228323912434E-002
 0809  0.8599228323912434E-002
 0810  0.8599228323912434E-002
 0811  0.8599228323912434E-002
 0812  0.8599228323912434E-002
 0813  0.8599228323912434E-002
 0814  0.8599228323912434E-002
 0815  0.8599228323912434E-002
 0816  0.8599228323912434E-002
 0817  0.8599228323912434E-002
 0818  0.8599228323912434E-002
 0819  0.8599228323912434E-002
 0820  0.8599228323912434E-002
 0821  0.8599228323912434E-002
 0822  0.8599228323912434E-002
 0823  0.8599228323912434E-002
 0824  0.8599228323912434E-002
 0825  0.8599228323912434E-002
 0826  0.8599228323912434E-002
 0827  0.8599228323912434E-002
 0828  0.8599228323912434E-002
 0829  0.8599228323912434E-002
 0830  0.8599228323912434E-002
 0831  0.8599228323912434E-002
 0832  0.8599228323912434E-002
 0833  0.8599228323912434E-002
 0834  0.8599228323912434E-002
 0835  0.8599228323912434E-002
 0836  0.8599228323912434E-002
 0837  0.8599228323912434E-002
 0838  0.8599228323912434E-002
 0839  0.8599228323912434E-002
 0840  0.8599228323912434E-002
 0841  0.8599228323912434E-002
 0842  0.8599228323912434E-002
 0843  0.8599228323912434E-002
 0844  0.8599228323912434E-002
 0845  0.8599228323912434E-002
 0846  0.8599228323912434E-002
 0847  0.8599228323912434E-002
 0848  0.8599228323912434E-002
 0849  0.8599228323912434E-002
 0850  0.8599228323912434E-002
 0851  0.8599228323912434E-002
 0852  0.8599228323912434E-002
 0853  0.8599228323912434E-002
 0854  0.8599228323912434E-002
 0855  0.8599228323912434E-002
 0856  0.8599228323912434E-002
 0857  0.8599228323912434E-002
 0858  0.8599228323912434E-002
 0859  0.8599228323912434E-002
 0860  0.8599228323912434E-002
 0861  0.8599228323912434E-002
 0862  0.8599228323912434E-002
 0863  0.8599228323912434E-002
 0864  0.8599228323912434E-002
 0865  0.8599228323912434E-002
 0866  0.8599228323912434E-002
 0867  0.8599228323912434E-002
 0868  0.8599228323912434E-002
 0869  0.8599228323912434E-002
 0870  0.8599228323912434E-002
 0871  0.8599228323912434E-002
 0872  0.8599228323912434E-002
 0873  0.8599228323912434E-002
 0874  0.8599228323912434E-002
 0875  0.8599228323912434E-002
 0876  0.8599228323912434E-002
 0877  0.8599228323912434E-002
 0878  0.8599228323912434E-002
 0879  0.8599228323912434E-002
 0880  0.8599228323912434E-002
 0881  0.8599228323912434E-002
 0882  0.8599228323912434E-002
 0883  0.8599228323912434E-002
 0884  0.8599228323912434E-002
 0885  0.8599228323912434E-002
 0886  0.8599228323912434E-002
 0887  0.8599228323912434E-002
 0888  0.8599228323912434E-002
 0889  0.8599228323912434E-002
 0890  0.8599228323912434E-002
 0891  0.8599228323912434E-002
 0892  0.8599228323912434E-002
 0893  0.8599228323912434E-002
 0894  0.8599228323912434E-002
 0895  0.8599228323912434E-002
 0896  0.8599228323912434E-002
 0897  0.8599228323912434E-002
 0898  0.8599228323912434E-002
 0899  0.8599228323912434E-002
 0900  0.8599228323912434E-002
 0901  0.8599228323912434E-002
 0902  0.8599228323912434E-002
 0903  0.8599228323912434E-002
 0904  0.8599228323912434E-002
 0905  0.8599228323912434E-002
 0906  0.8599228323912434E-002
 0907  0.8599228323912434E-002
 0908  0.8599228323912434E-002
 0909  0.8599228323912434E-002
 0910  0.8599228323912434E-002
 0911  0.8599228323912434E-002
 0912  0.8599228323912434E-002
 0913  0.8599228323912434E-002
 0914  0.8599228323912434E-002
 0915  0.8599228323912434E-002
 0916  0.8599228323912434E-002
 0917  0.8599228323912434E-002
 0918  0.8599228323912434E-002
 0919  0.8599228323912434E-002
 0920  0.8599228323912434E-002
 0921  0.8599228323912434E-002
 0922  0.8599228323912434E-002
 0923  0.8599228323912434E-002
 0924  0.8599228323912434E-002
 0925  0.8599228323912434E-002
 0926  0.8599228323912434E-002
 0927  0.8599228323912434E-002
 0928  0.8599228323912434E-002
 0929  0.8599228323912434E-002
 0930  0.8599228323912434E-002
 0931  0.8599228323912434E-002
 0932  0.8599228323912434E-002
 0933  0.8599228323912434E-002
 0934  0.8599228323912434E-002
 0935  0.8599228323912434E-002
 0936  0.8599228323912434E-002
 0937  0.8599228323912434E-002
 0938  0.8599228323912434E-002
 0939  0.8599228323912434E-002
 0940  0.8599228323912434E-002
 0941  0.8599228323912434E-002
 0942  0.8599228323912434E-002
 0943  0.8599228323912434E-002
 0944  0.8599228323912434E-002
 0945  0.8599228323912434E-002
 0946  0.8599228323912434E-002
 0947  0.8599228323912434E-002
 0948  0.8599228323912434E-002
 0949  0.8599228323912434E-002
 0950  0.8599228323912434E-002
 0951  0.8599228323912434E-002
 0952  0.8599228323912434E-002
 0953  0.8599228323912434E-002
 0954  0.8599228323912434E-002
 0955  0.8599228323912434E-002
 0956  0.8599228323912434E-002
 0957  0.8599228323912434E-002
 0958  0.8599228323912434E-002
 0959  0.8599228323912434E-002
 0960  0.8599228323912434E-002
 0961  0.8599228323912434E-002
 0962  0.8599228323912434E-002
 0963  0.8599228323912434E-002
 0964  0.8599228323912434E-002
 0965  0.8599228323912434E-002
 0966  0.8599228323912434E-002
 0967  0.8599228323912434E-002
 0968  0.8599228323912434E-002
 0969  0.8599228323912434E-002
 0970  0.8599228323912434E-002
 0971  0.8599228323912434E-002
 0972  0.8599228323912434E-002
 0973  0.8599228323912434E-002
 0974  0.8599228323912434E-002
 0975  0.8599228323912434E-002
 0976  0.8599228323912434E-002
 0977  0.8599228323912434E-002
 0978  0.8599228323912434E-002
 0979  0.8599228323912434E-002
 0980  0.8599228323912434E-002
 0981  0.8599228323912434E-002
 0982  0.8599228323912434E-002
 0983  0.8599228323912434E-002
 0984  0.8599228323912434E-002
 0985  0.8599228323912434E-002
 0986  0.8599228323912434E-002
 0987  0.8599228323912434E-002
 0988  0.8599228323912434E-002
 0989  0.8599228323912434E-002
 0990  0.8599228323912434E-002
 0991  0.8599228323912434E-002
 0992  0.8599228323912434E-002
 0993  0.8599228323912434E-002
 0994  0.8599228323912434E-002
 0995  0.8599228323912434E-002
 0996  0.8599228323912434E-002
 0997  0.8599228323912434E-002
 0998  0.8599228323912434E-002
 0999  0.8599228323912434E-002
 1000  0.8599228323912434E-002
