  0.0000000000E+000  0.0000000000E+000
  1.7001734650E+003  3.9845935431E+036
  3.4001571399E+003  4.0072830857E+036
  5.1001728140E+003  4.0210265727E+036
  6.8002031313E+003  4.0470696505E+036
  8.5001958484E+003  4.1253548957E+036
  1.0200171513E+004  4.4436520939E+036
  1.1900284837E+004  5.7952325177E+036
  1.3600230262E+004  1.0240817098E+037
  1.5300262320E+004  2.0523410303E+037
  1.7000296588E+004  4.1956484543E+037
  1.8700162942E+004  1.0134740596E+038
  2.0400237696E+004  1.8824359295E+038
  2.2100217818E+004  1.9671596908E+038
  2.3800233959E+004  1.8967555030E+038
  2.5500303990E+004  1.8421166622E+038
  2.7200200185E+004  1.7831620312E+038
  2.8900272532E+004  1.7289807793E+038
  3.0600252285E+004  1.6799582125E+038
  3.2300160595E+004  1.6302639263E+038
  3.4000266722E+004  1.5836520293E+038
  3.5700306657E+004  1.5416014143E+038
  3.7400287770E+004  1.5035335090E+038
  3.9100208793E+004  1.4688580391E+038
  4.0800251554E+004  1.4353611477E+038
  4.2500274919E+004  1.4028863426E+038
  4.4200220091E+004  1.3728317542E+038
  4.5900211580E+004  1.3452210280E+038
  4.7600230530E+004  1.3197527397E+038
  4.9300257096E+004  1.2960552324E+038
  5.1000155602E+004  1.2727331538E+038
  5.2700306420E+004  1.2501656830E+038
  5.4400302613E+004  1.2289278831E+038
  5.6100230511E+004  1.2086983208E+038
  5.7800184326E+004  1.1477025443E+038
  5.9500287126E+004  1.1199519645E+038
  6.1200185579E+004  1.0967148878E+038
  6.2900239956E+004  1.0756178540E+038
  6.4600300664E+004  1.0566848539E+038
  6.6300302233E+004  1.0395402676E+038
  6.8000240922E+004  1.0238239688E+038
  6.9700242453E+004  1.0092668865E+038
  7.1400297943E+004  9.9558305032E+037
  7.3100204162E+004  9.8260424139E+037
  7.4800288524E+004  9.7040466272E+037
  7.6500169056E+004  9.5869064923E+037
  7.8200267034E+004  9.4697488712E+037
  7.9900193541E+004  9.3553342875E+037
  8.1600179508E+004  9.2450322215E+037
  8.3300266803E+004  9.1388363327E+037
  8.5000236446E+004  9.0368803610E+037
  8.6700196623E+004  8.9391799387E+037
  8.8400211349E+004  8.8455673118E+037
  9.0100266149E+004  8.7557419951E+037
  9.1800205846E+004  8.6694276757E+037
  9.3500221311E+004  8.5861722661E+037
  9.5200226721E+004  8.5034863329E+037
  9.6900293381E+004  8.4209792414E+037
  9.8600241606E+004  8.3400886355E+037
  1.0030017130E+005  8.2615174465E+037
  1.0200023984E+005  8.1855353151E+037
  1.0370029130E+005  8.1122006024E+037
  1.0540022086E+005  8.0414217850E+037
  1.0710026264E+005  7.9730462353E+037
  1.0880027538E+005  7.9061341974E+037
  1.1050019722E+005  7.8395966739E+037
  1.1220021148E+005  7.7750535609E+037
  1.1390025670E+005  7.7115346865E+037
  1.1560016604E+005  7.6485389343E+037
  1.1730018775E+005  7.5866120761E+037
  1.1900026827E+005  7.5261533202E+037
  1.2070016024E+005  7.4673359715E+037
  1.2240020860E+005  7.4101834395E+037
  1.2410023757E+005  7.3546765917E+037
  1.2580028844E+005  7.3007726700E+037
  1.2750016779E+005  7.2484319609E+037
  1.2920018743E+005  7.1975853281E+037
  1.3090030601E+005  7.1481666239E+037
  1.3260020891E+005  7.1000617997E+037
  1.3430018133E+005  7.0526683920E+037
  1.3600021305E+005  7.0055722107E+037
  1.3770029915E+005  6.9589311923E+037
  1.3940028455E+005  6.9129874220E+037
  1.4110028208E+005  6.8679031518E+037
  1.4280017285E+005  6.8237871111E+037
  1.4450018750E+005  6.7806858710E+037
  1.4620018659E+005  6.7386126462E+037
  1.4790021518E+005  6.6975419247E+037
  1.4960017593E+005  6.6573515439E+037
  1.5130023375E+005  6.6180459936E+037
  1.5300020434E+005  6.5796239478E+037
  1.5470023289E+005  6.5419808374E+037
  1.5640030249E+005  6.5047681179E+037
  1.5810030989E+005  6.4678054317E+037
  1.5980026780E+005  6.4311527789E+037
  1.6150026588E+005  6.3949292702E+037
  1.6320027311E+005  6.3592434973E+037
  1.6490026908E+005  6.3241693991E+037
  1.6660022010E+005  6.2897511584E+037
  1.6830017814E+005  6.2560078478E+037
  1.7000019422E+005  6.2229417743E+037
  1.7170030008E+005  6.1905436012E+037
  1.7340020585E+005  6.1588063373E+037
  1.7510026015E+005  6.1277042107E+037
  1.7680022107E+005  6.0972201528E+037
  1.7850023545E+005  6.0672781752E+037
  1.8020019637E+005  6.0376795165E+037
  1.8190028636E+005  6.0082462830E+037
  1.8360026239E+005  5.9784200540E+037
  1.8530019117E+005  5.9484257384E+037
  1.8700026023E+005  5.9186581027E+037
  1.8870029620E+005  5.8893030820E+037
  1.9040018134E+005  5.8604395622E+037
  1.9210016120E+005  5.8320958318E+037
  1.9380022616E+005  5.8042828890E+037
  1.9550019651E+005  5.7770011710E+037
  1.9720031129E+005  5.7502372457E+037
  1.9890017541E+005  5.7239838018E+037
  2.0060025482E+005  5.6982188951E+037
  2.0230030922E+005  5.6729296566E+037
  2.0400020036E+005  5.6480510988E+037
  2.0570022759E+005  5.6234572565E+037
  2.0740020478E+005  5.5990809058E+037
  2.0910030413E+005  5.5749163030E+037
  2.1080022874E+005  5.5509958811E+037
  2.1250017780E+005  5.5273519981E+037
  2.1420026239E+005  5.5040129049E+037
  2.1590022709E+005  5.4810031351E+037
  2.1760022878E+005  5.4583339350E+037
  2.1930019771E+005  5.4360134123E+037
  2.2100023625E+005  5.4140423130E+037
  2.2270019830E+005  5.3924218070E+037
  2.2440017299E+005  5.3711473699E+037
  2.2610028913E+005  5.3502126241E+037
  2.2780019016E+005  5.3296164440E+037
  2.2950015901E+005  5.3093474302E+037
  2.3120024612E+005  5.2893723962E+037
  2.3290018493E+005  5.2696288530E+037
  2.3460017804E+005  5.2500593479E+037
  2.3630016742E+005  5.2306435826E+037
  2.3800017081E+005  5.2113848676E+037
  2.3970016692E+005  5.1922984179E+037
  2.4140024685E+005  5.1734005376E+037
  2.4310026098E+005  5.1547098014E+037
  2.4480023567E+005  5.1362373519E+037
  2.4650025349E+005  5.1179922188E+037
  2.4820025315E+005  5.0999825113E+037
  2.4990015714E+005  5.0822126098E+037
  2.5160023980E+005  5.0646815874E+037
  2.5330026276E+005  5.0473935337E+037
  2.5500017282E+005  5.0303487290E+037
  2.5670017223E+005  5.0135449532E+037
  2.5840020021E+005  4.9969828320E+037
  2.6010022104E+005  4.9806601696E+037
  2.6180018097E+005  4.9645582041E+037
  2.6350018131E+005  4.9486405410E+037
  2.6520027989E+005  4.9328767751E+037
  2.6690022614E+005  4.9172552877E+037
  2.6860023995E+005  4.9017731344E+037
  2.7030026620E+005  4.8864368899E+037
  2.7200015948E+005  4.8712566678E+037
  2.7370017236E+005  4.8562394519E+037
  2.7540023628E+005  4.8413934646E+037
  2.7710022613E+005  4.8266534367E+037
  2.7880019682E+005  4.8118984433E+037
  2.8050021713E+005  4.7971865926E+037
  2.8220023991E+005  4.7825946416E+037
  2.8390031118E+005  4.7681707779E+037
  2.8560021590E+005  4.7539424216E+037
  2.8730017584E+005  4.7399197135E+037
  2.8900019570E+005  4.7261070366E+037
  2.9070017463E+005  4.7125052068E+037
  2.9240019285E+005  4.6991118578E+037
  2.9410021436E+005  4.6859213778E+037
  2.9580030629E+005  4.6729164617E+037
  2.9750024633E+005  4.6600755233E+037
  2.9920024153E+005  4.6473776909E+037
  3.0090027891E+005  4.6348118312E+037
  3.0260025671E+005  4.6223749396E+037
  3.0430026574E+005  4.6100676027E+037
  3.0600027857E+005  4.5978934845E+037
  3.0770023018E+005  4.5858574224E+037
  3.0940019822E+005  4.5739632370E+037
  3.1110021530E+005  4.5622139066E+037
  3.1280025173E+005  4.5506134897E+037
  3.1450021734E+005  4.5391650896E+037
  3.1620021666E+005  4.5278700475E+037
  3.1790022190E+005  4.5167301033E+037
  3.1960017731E+005  4.5057466222E+037
  3.2130031247E+005  4.4949182529E+037
  3.2300018561E+005  4.4842490388E+037
  3.2470021206E+005  4.4737368136E+037
  3.2640031132E+005  4.4633818214E+037
  3.2810028932E+005  4.4531851402E+037
  3.2980028727E+005  4.4431462024E+037
  3.3150024057E+005  4.4332639355E+037
  3.3320021251E+005  4.4235364008E+037
  3.3490023952E+005  4.4139572394E+037
  3.3660025177E+005  4.4045161019E+037
  3.3830017068E+005  4.3952021674E+037
  3.4000027236E+005  4.3860056343E+037
  3.4170025420E+005  4.3769228486E+037
  3.4340020265E+005  4.3679519041E+037
  3.4510016328E+005  4.3590930927E+037
  3.4680016758E+005  4.3503478545E+037
  3.4850030629E+005  4.3417178456E+037
  3.5020020073E+005  4.3332075737E+037
  3.5190027178E+005  4.3248157178E+037
  3.5360022315E+005  4.3165464293E+037
  3.5530030432E+005  4.3083999382E+037
  3.5700024484E+005  4.3003786757E+037
  3.5870022232E+005  4.2924825963E+037
  3.6040016625E+005  4.2847130686E+037
  3.6210017831E+005  4.2770684396E+037
  3.6380021464E+005  4.2695496616E+037
  3.6550029199E+005  4.2621549590E+037
  3.6720018026E+005  4.2544464145E+037
  3.6890024300E+005  4.2440832062E+037
  3.7060018508E+005  4.2340309953E+037
  3.7230024396E+005  4.2246385570E+037
  3.7400020807E+005  4.2158468556E+037
  3.7570019621E+005  4.2075520623E+037
  3.7740023677E+005  4.1996728015E+037
  3.7910024707E+005  4.1921616174E+037
  3.8080026407E+005  4.1849551371E+037
  3.8250030739E+005  4.1780060314E+037
  3.8420031305E+005  4.1712859762E+037
  3.8590023245E+005  4.1647741815E+037
  3.8760017537E+005  4.1584549704E+037
  3.8930016317E+005  4.1523165867E+037
  3.9100027250E+005  4.1463511137E+037
  3.9270023684E+005  4.1405422303E+037
  3.9440022659E+005  4.1348810526E+037
  3.9610017361E+005  4.1293588361E+037
  3.9780018674E+005  4.1239689218E+037
  3.9950022885E+005  4.1187074492E+037
  4.0120016554E+005  4.1135785462E+037
  4.0290021941E+005  4.1085695014E+037
  4.0460027162E+005  4.1036848907E+037
  4.0630018802E+005  4.0989249395E+037
  4.0800022650E+005  4.0942889319E+037
  4.0970018119E+005  4.0897774581E+037
  4.1140016433E+005  4.0853967584E+037
  4.1310018965E+005  4.0811344197E+037
  4.1480016996E+005  4.0769960383E+037
  4.1650030520E+005  4.0729808417E+037
  4.1820030621E+005  4.0690891336E+037
  4.1990027048E+005  4.0653202194E+037
  4.2160030713E+005  4.0616806489E+037
  4.2330022141E+005  4.0581567243E+037
  4.2500017689E+005  4.0547536543E+037
  4.2670023954E+005  4.0514707194E+037
  4.2840028991E+005  4.0483075588E+037
  4.3010020024E+005  4.0452699884E+037
  4.3180023873E+005  4.0423455658E+037
  4.3350020005E+005  4.0395391525E+037
  4.3520020064E+005  4.0368498749E+037
  4.3690023333E+005  4.0342771777E+037
  4.3860020739E+005  4.0318206335E+037
  4.4030016417E+005  4.0294858687E+037
  4.4200029557E+005  4.0272604893E+037
  4.4370024722E+005  4.0251498300E+037
  4.4540027762E+005  4.0231530131E+037
  4.4710019387E+005  4.0212697729E+037
  4.4880029896E+005  4.0194993321E+037
  4.5050018344E+005  4.0178478708E+037
  4.5220019930E+005  4.0163033776E+037
  4.5390022314E+005  4.0148705930E+037
  4.5560022829E+005  4.0135491596E+037
  4.5730016166E+005  4.0123387838E+037
  4.5900030881E+005  4.0112389684E+037
  4.6070017158E+005  4.0102562830E+037
  4.6240027115E+005  4.0093782941E+037
  4.6410017465E+005  4.0086101774E+037
  4.6580023623E+005  4.0079515415E+037
  4.6750029204E+005  4.0074022648E+037
  4.6920028463E+005  4.0069621818E+037
  4.7090018382E+005  4.0066371515E+037
  4.7260026579E+005  4.0064158105E+037
  4.7430025464E+005  4.0063031296E+037
  4.7600020001E+005  4.0062990157E+037
  4.7770029540E+005  4.0064033836E+037
  4.7940023558E+005  4.0066161260E+037
  4.8110027532E+005  4.0069435137E+037
  4.8280022646E+005  4.0073734346E+037
  4.8450020801E+005  4.0079116166E+037
  4.8620024235E+005  4.0085579616E+037
  4.8790022710E+005  4.0093123709E+037
  4.8960019161E+005  4.0101748113E+037
  4.9130015962E+005  4.0111517703E+037
  4.9300023645E+005  4.0122314343E+037
  4.9470023087E+005  4.0134188481E+037
  4.9640026736E+005  4.0147141283E+037
  4.9810018733E+005  4.0161171635E+037
  4.9980020535E+005  4.0176281333E+037
  5.0150018812E+005  4.0192532503E+037
  5.0320017087E+005  4.0209808211E+037
  5.0490027741E+005  4.0228163009E+037
  5.0660030813E+005  4.0247594492E+037
  5.0830023667E+005  4.0268101898E+037
  5.1000019595E+005  4.0289741860E+037
  5.1170023707E+005  4.0312412266E+037
  5.1340023335E+005  4.0336158181E+037
  5.1510022063E+005  4.0360979084E+037
  5.1680019133E+005  4.0386874025E+037
  5.1850024996E+005  4.0413843882E+037
  5.2020021836E+005  4.0441946387E+037
  5.2190021516E+005  4.0471069495E+037
  5.2360027445E+005  4.0501264772E+037
  5.2530028116E+005  4.0532528046E+037
  5.2700026462E+005  4.0564851788E+037
  5.2870024435E+005  4.0598207863E+037
  5.3040016627E+005  4.0632605810E+037
  5.3210016192E+005  4.0667891696E+037
  5.3380019380E+005  4.0704069630E+037
  5.3550026933E+005  4.0741112365E+037
  5.3720028375E+005  4.0779002674E+037
  5.3890026029E+005  4.0817736053E+037
  5.4060023352E+005  4.0857372262E+037
  5.4230016575E+005  4.0897812627E+037
  5.4400017599E+005  4.0939116335E+037
  5.4570023738E+005  4.0981292852E+037
  5.4740017230E+005  4.1024348247E+037
  5.4910018951E+005  4.1068297841E+037
  5.5080031532E+005  4.1113208319E+037
  5.5250026941E+005  4.1158978993E+037
  5.5420020029E+005  4.1205665194E+037
  5.5590021702E+005  4.1253275322E+037
  5.5760029921E+005  4.1301813814E+037
  5.5930025337E+005  4.1351279193E+037
  5.6100026934E+005  4.1401753729E+037
  5.6270022589E+005  4.1453099068E+037
  5.6440030953E+005  4.1505380152E+037
  5.6610022445E+005  4.1558577504E+037
  5.6780023813E+005  4.1612726379E+037
  5.6950017058E+005  4.1667820444E+037
  5.7120030103E+005  4.1723927061E+037
  5.7290015791E+005  4.1780920046E+037
  5.7460026000E+005  4.1838859581E+037
  5.7630031319E+005  4.1897734028E+037
  5.7800019705E+005  4.1957537841E+037
  5.7970019816E+005  4.2018279878E+037
  5.8140028202E+005  4.2080038931E+037
  5.8310026654E+005  4.2142653398E+037
  5.8480028085E+005  4.2206198091E+037
  5.8650020977E+005  4.2270667011E+037
  5.8820023374E+005  4.2335931204E+037
  5.8990023186E+005  4.2400254509E+037
  5.9160020780E+005  4.2450610277E+037
  5.9330027405E+005  4.2498199333E+037
  5.9500025907E+005  4.2546928111E+037
  5.9670027720E+005  4.2597855372E+037
  5.9840018741E+005  4.2651161118E+037
  6.0010018540E+005  4.2706763766E+037
  6.0180029090E+005  4.2764232938E+037
  6.0350022552E+005  4.2823353225E+037
  6.0520026651E+005  4.2883905893E+037
  6.0690023338E+005  4.2945714010E+037
  6.0860025475E+005  4.3008662331E+037
  6.1030030619E+005  4.3072716013E+037
  6.1200027585E+005  4.3137735286E+037
  6.1370017675E+005  4.3203721559E+037
  6.1540020881E+005  4.3270662051E+037
  6.1710021374E+005  4.3338538524E+037
  6.1880030638E+005  4.3407348742E+037
  6.2050016056E+005  4.3477162321E+037
  6.2220020419E+005  4.3547829062E+037
  6.2390029896E+005  4.3619421661E+037
  6.2560016063E+005  4.3691926827E+037
  6.2730028393E+005  4.3765365159E+037
  6.2900023249E+005  4.3839717538E+037
  6.3070028521E+005  4.3915089617E+037
  6.3240026547E+005  4.3991294552E+037
  6.3410030162E+005  4.4068421208E+037
  6.3580021029E+005  4.4146459760E+037
  6.3750019157E+005  4.4225415708E+037
  6.3920025724E+005  4.4305283705E+037
  6.4090029013E+005  4.4386090278E+037
  6.4260029114E+005  4.4467759241E+037
  6.4430022320E+005  4.4550306740E+037
  6.4600023390E+005  4.4633728636E+037
  6.4770027945E+005  4.4718012750E+037
  6.4940021808E+005  4.4803143116E+037
  6.5110023389E+005  4.4889218257E+037
  6.5280018917E+005  4.4976004879E+037
  6.5450027966E+005  4.5063487224E+037
  6.5620031426E+005  4.5151487887E+037
  6.5790027991E+005  4.5239861229E+037
  6.5960030331E+005  4.5328525728E+037
  6.6130020062E+005  4.5417477721E+037
  6.6300016653E+005  4.5506663944E+037
  6.6470020919E+005  4.5596143804E+037
  6.6640021363E+005  4.5685953244E+037
  6.6810018501E+005  4.5776141033E+037
  6.6980024649E+005  4.5866773120E+037
  6.7150023455E+005  4.5958055087E+037
  6.7320025798E+005  4.6050098874E+037
  6.7490016885E+005  4.6144408531E+037
  6.7660031076E+005  4.6248926821E+037
  6.7830022161E+005  4.6416362319E+037
  6.8000026583E+005  4.7085834011E+037
  6.8170025775E+005  5.3569760564E+037
  6.8340018174E+005  1.7010835735E+038
  6.8510017425E+005  6.2959101321E+038
  6.8680019627E+005  4.2524139465E+039
  6.8850027958E+005  5.1390438188E+039
  6.9020027447E+005  5.9350673644E+039
  6.9190021496E+005  7.0284265546E+039
  6.9360028269E+005  8.9263526584E+039
  6.9530028597E+005  1.1682930759E+040
  6.9700022023E+005  1.3537171677E+040
  6.9870020289E+005  1.9301863740E+040
  7.0040022430E+005  2.4445786907E+040
  7.0210031181E+005  2.9937699681E+040
  7.0380031487E+005  3.4402295811E+040
  7.0550027989E+005  3.6386630629E+040
  7.0720019822E+005  6.8996491803E+040
  7.0890020994E+005  1.5018313707E+041
  7.1060030068E+005  1.5953955475E+041
  7.1230026725E+005  1.1096218931E+041
  7.1400028626E+005  1.8133269273E+041
  7.1570020886E+005  3.2227900054E+041
  7.1740021970E+005  4.7631772521E+041
  7.1910019687E+005  6.8448204201E+041
  7.2080027338E+005  9.6283453553E+041
  7.2250028701E+005  1.3437949996E+042
  7.2420020396E+005  1.8684434739E+042
  7.2590031331E+005  2.5237011738E+042
  7.2760016574E+005  3.2962802307E+042
  7.2930023678E+005  4.1914032093E+042
  7.3100025313E+005  5.2113226185E+042
  7.3270022809E+005  6.2966719942E+042
  7.3440029714E+005  6.6340798943E+042
  7.3610029997E+005  7.8994042067E+042
  7.3780019050E+005  9.2438798549E+042
  7.3950028220E+005  1.0644118794E+043
  7.4120027483E+005  1.2077778835E+043
  7.4290017598E+005  1.3522239601E+043
  7.4460019054E+005  1.4954362351E+043
  7.4630031246E+005  1.5954495292E+043
  7.4800021276E+005  1.7232082832E+043
  7.4970019459E+005  1.8446818411E+043
  7.5140021534E+005  1.9582581671E+043
  7.5310028562E+005  2.0625217280E+043
  7.5480025179E+005  2.1562585239E+043
  7.5650029665E+005  2.2385028508E+043
  7.5820029715E+005  2.3085168699E+043
  7.5990023875E+005  2.3658224864E+043
  7.6160027885E+005  2.4101977324E+043
  7.6330022748E+005  2.4416516386E+043
  7.6500021492E+005  2.4604197633E+043
  7.6670025668E+005  2.5097790761E+043
  7.6840019224E+005  2.5001593223E+043
  7.7010021935E+005  2.4797741621E+043
  7.7180019778E+005  2.4497009726E+043
  7.7350027236E+005  2.4109737981E+043
  7.7520028547E+005  2.3646236157E+043
  7.7690019492E+005  2.3116781945E+043
  7.7860030622E+005  2.2531328256E+043
  7.8030031163E+005  2.1899498503E+043
  7.8200021292E+005  2.1231393262E+043
  7.8370021298E+005  2.0537205367E+043
  7.8540031643E+005  1.9826163670E+043
  7.8710020063E+005  1.9106144107E+043
  7.8880017457E+005  1.8383349008E+043
  7.9050019802E+005  1.7663060891E+043
  7.9220026895E+005  1.6950151703E+043
  7.9390022823E+005  1.6248949772E+043
  7.9560025088E+005  1.5562324783E+043
  7.9730021482E+005  1.4892447602E+043
  7.9900027843E+005  1.4240742861E+043
  8.0070028489E+005  1.3608217567E+043
  8.0240021246E+005  1.2995348265E+043
  8.0410018786E+005  1.2402214962E+043
  8.0580021277E+005  1.1829149865E+043
  8.0750028151E+005  1.1278521164E+043
  8.0920026249E+005  1.0751335094E+043
  8.1090018358E+005  1.0247646963E+043
  8.1260020083E+005  9.7673742246E+042
  8.1430016166E+005  9.3104150775E+042
  8.1600019389E+005  8.8760634622E+042
  8.1770027516E+005  8.4637164412E+042
  8.1940024600E+005  8.0728629229E+042
  8.2110025995E+005  7.7026770100E+042
  8.2280019125E+005  7.3507296687E+042
  8.2450021724E+005  7.0165346113E+042
  8.2620018289E+005  6.7000534907E+042
  8.2790024741E+005  6.4010772653E+042
  8.2960022034E+005  6.1196417460E+042
  8.3130024457E+005  5.8560532887E+042
  8.3300031321E+005  5.6104124374E+042
  8.3470026880E+005  5.3821145619E+042
  8.3640030352E+005  5.1701047282E+042
  8.3810026983E+005  4.9732499075E+042
  8.3980017925E+005  4.7903500945E+042
  8.4150018264E+005  4.6202385175E+042
  8.4320024950E+005  4.4618434071E+042
  8.4490021186E+005  4.3140454382E+042
  8.4660021377E+005  4.7576840351E+042
  8.4830026511E+005  4.5508508269E+042
  8.5000023676E+005  4.3548801239E+042
  8.5170029659E+005  4.1696806295E+042
  8.5340030013E+005  3.9959421789E+042
  8.5510023501E+005  3.8336646801E+042
  8.5680023241E+005  3.6825087952E+042
  8.5850028427E+005  3.5418322072E+042
  8.6020021481E+005  3.4108208391E+042
  8.6190019768E+005  3.2885771603E+042
  8.6360025647E+005  3.1742701858E+042
  8.6530024410E+005  3.0672059097E+042
  8.6700017593E+005  2.9668542070E+042
  8.6870019319E+005  2.8728789942E+042
  8.7040027636E+005  2.7851550664E+042
  8.7210025311E+005  2.7039211033E+042
  8.7380026523E+005  2.6294502709E+042
  8.7550017403E+005  2.5613998800E+042
  8.7720031379E+005  2.4991005236E+042
  8.7890022344E+005  2.4418532826E+042
  8.8060023675E+005  2.3890278517E+042
  8.8230017252E+005  2.3400377103E+042
  8.8400017611E+005  2.2942557990E+042
  8.8570023161E+005  2.2511931245E+042
  8.8740016262E+005  2.2105987348E+042
  8.8910030957E+005  2.1723721890E+042
  8.9080020707E+005  2.1364621685E+042
  8.9250019219E+005  2.1027150356E+042
  8.9420027849E+005  2.0708390182E+042
  8.9590028673E+005  2.0404967600E+042
  8.9760020572E+005  2.0114175755E+042
  8.9930017411E+005  1.9834392268E+042
  9.0100017927E+005  1.9565054989E+042
  9.0270023992E+005  1.9305794775E+042
  9.0440020588E+005  1.9056071401E+042
  9.0610026112E+005  1.8814761858E+042
  9.0780025540E+005  1.8580675627E+042
  9.0950017071E+005  1.8352883319E+042
  9.1120031857E+005  1.8130800072E+042
  9.1290019542E+005  1.7914252913E+042
  9.1460026861E+005  1.7703035247E+042
  9.1630023769E+005  1.7496973907E+042
  9.1800026743E+005  1.7295538810E+042
  9.1970022614E+005  1.7098095396E+042
  9.2140028190E+005  1.6904182322E+042
  9.2310025866E+005  1.6713774083E+042
  9.2480030962E+005  1.6527165703E+042
  9.2650024923E+005  1.6344817645E+042
  9.2820022759E+005  1.6166980767E+042
  9.2990025779E+005  1.5993450157E+042
  9.3160018731E+005  1.5823593448E+042
  9.3330020360E+005  1.5656550906E+042
  9.3500031266E+005  1.5491121939E+042
  9.3670018574E+005  1.5326095534E+042
  9.3840029438E+005  1.5160303407E+042
  9.4010029144E+005  1.4992892780E+042
  9.4180016971E+005  1.4823424443E+042
  9.4350025693E+005  1.4652446720E+042
  9.4520023903E+005  1.4481777701E+042
  9.4690030638E+005  1.4314920242E+042
  9.4860030512E+005  1.4157673807E+042
  9.5030022795E+005  1.4017421301E+042
  9.5200022842E+005  1.3899749235E+042
  9.5370027831E+005  1.3802582353E+042
  9.5540021054E+005  1.3718563867E+042
  9.5710018934E+005  1.3641808286E+042
  9.5880022110E+005  1.3568785687E+042
  9.6050017425E+005  1.3497888977E+042
  9.6220021551E+005  1.3429257808E+042
  9.6390018269E+005  1.3363689354E+042
  9.6560022881E+005  1.3301129375E+042
  9.6730016636E+005  1.3239901385E+042
  9.6900030838E+005  1.3177849089E+042
  9.7070017493E+005  1.3113696916E+042
  9.7240025044E+005  1.3047202382E+042
  9.7410024388E+005  1.2979005370E+042
  9.7580016274E+005  1.2910318239E+042
  9.7750016759E+005  1.2842450705E+042
  9.7920025369E+005  1.2776523121E+042
  9.8090023488E+005  1.2713019743E+042
  9.8260026132E+005  1.2651354163E+042
  9.8430017019E+005  1.2590228271E+042
  9.8600028560E+005  1.2528353265E+042
  9.8770031390E+005  1.2464945027E+042
  9.8940026401E+005  1.2399756109E+042
  9.9110030210E+005  1.2333030388E+042
  9.9280026186E+005  1.2265461420E+042
  9.9450027928E+005  1.2197960749E+042
  9.9620018656E+005  1.2131473080E+042
  9.9790029309E+005  1.2066714252E+042
  9.9960028429E+005  1.2004036579E+042
  1.0013001840E+006  1.1943299130E+042
  1.0030001609E+006  1.1884051172E+042
  1.0047002244E+006  1.1825834125E+042
  1.0064002125E+006  1.1768461765E+042
  1.0081002620E+006  1.1711840938E+042
  1.0098002033E+006  1.1656008744E+042
  1.0115001848E+006  1.1601147678E+042
  1.0132002077E+006  1.1547525354E+042
  1.0149002929E+006  1.1495363611E+042
  1.0166002908E+006  1.1444701602E+042
  1.0183002161E+006  1.1395260406E+042
  1.0200002262E+006  1.1346463143E+042
  1.0217003013E+006  1.1297649891E+042
  1.0234002730E+006  1.1248238811E+042
  1.0251002841E+006  1.1197838747E+042
  1.0268001747E+006  1.1146334700E+042
  1.0285002827E+006  1.1093880138E+042
  1.0302002986E+006  1.1040855820E+042
  1.0319002383E+006  1.0987800174E+042
  1.0336002643E+006  1.0935311881E+042
  1.0353001996E+006  1.0883942673E+042
  1.0370001944E+006  1.0834080958E+042
  1.0387002318E+006  1.0785881387E+042
  1.0404003069E+006  1.0739246400E+042
  1.0421002748E+006  1.0693889153E+042
  1.0438003037E+006  1.0649421120E+042
  1.0455002538E+006  1.0605474186E+042
  1.0472002898E+006  1.0561799955E+042
  1.0489002377E+006  1.0518203195E+042
  1.0506002512E+006  1.0474548213E+042
  1.0523003093E+006  1.0430784842E+042
  1.0540002440E+006  1.0386918749E+042
  1.0557002279E+006  1.0342962002E+042
  1.0574002676E+006  1.0298933551E+042
  1.0591002223E+006  1.0254832411E+042
  1.0608002627E+006  1.0210678140E+042
  1.0625002186E+006  1.0166435138E+042
  1.0642002426E+006  1.0122055294E+042
  1.0659003165E+006  1.0077535895E+042
  1.0676002679E+006  1.0032935690E+042
  1.0693002646E+006  9.9883594708E+041
  1.0710003111E+006  9.9439804675E+041
  1.0727002670E+006  9.9000198791E+041
  1.0744003065E+006  9.8567052132E+041
  1.0761002621E+006  9.8142586332E+041
  1.0778002910E+006  9.7728603383E+041
  1.0795002158E+006  9.7326620322E+041
  1.0812001790E+006  9.6937062055E+041
  1.0829001854E+006  9.6559530954E+041
  1.0846002376E+006  9.6193040444E+041
  1.0863001915E+006  9.5836301878E+041
  1.0880002252E+006  9.5487825398E+041
  1.0897001764E+006  9.5146331345E+041
  1.0914002043E+006  9.4810814451E+041
  1.0931002927E+006  9.4480872692E+041
  1.0948002637E+006  9.4156090542E+041
  1.0965002776E+006  9.3836356684E+041
  1.0982001721E+006  9.3521805602E+041
  1.0999002818E+006  9.3212537535E+041
  1.1016003061E+006  9.2908716795E+041
  1.1033002465E+006  9.2610399941E+041
  1.1050002655E+006  9.2317182127E+041
  1.1067001915E+006  9.2028421598E+041
  1.1084001652E+006  9.1743210421E+041
  1.1101001816E+006  9.1460541761E+041
  1.1118002364E+006  9.1179402334E+041
  1.1135001797E+006  9.0899271581E+041
  1.1152001898E+006  9.0619510017E+041
  1.1169002738E+006  9.0339519097E+041
  1.1186002778E+006  9.0058877505E+041
  1.1203001939E+006  8.9777283950E+041
  1.1220001632E+006  8.9494580966E+041
  1.1237001789E+006  8.9210605011E+041
  1.1254002320E+006  8.8925210930E+041
  1.1271001672E+006  8.8638283747E+041
  1.1288001628E+006  8.8349634454E+041
  1.1305002278E+006  8.8059069551E+041
  1.1322002110E+006  8.7766388245E+041
  1.1339002703E+006  8.7471344693E+041
  1.1356002295E+006  8.7173783612E+041
  1.1373002390E+006  8.6873803127E+041
  1.1390002873E+006  8.6571758437E+041
  1.1407002135E+006  8.6267679998E+041
  1.1424001928E+006  8.5961665341E+041
  1.1441002345E+006  8.5653911870E+041
  1.1458001908E+006  8.5344695916E+041
  1.1475002267E+006  8.5034256285E+041
  1.1492001675E+006  8.4722884045E+041
  1.1509001642E+006  8.4410944137E+041
  1.1526002040E+006  8.4098711461E+041
  1.1543002788E+006  8.3786256030E+041
  1.1560002397E+006  8.3473478534E+041
  1.1577002567E+006  8.3160090160E+041
  1.1594001832E+006  8.2845710395E+041
  1.1611001892E+006  8.2529758128E+041
  1.1628002649E+006  8.2211574953E+041
  1.1645002425E+006  8.1890470458E+041
  1.1662002690E+006  8.1565716946E+041
  1.1679001701E+006  8.1236311659E+041
  1.1696002733E+006  8.0901748043E+041
  1.1713002660E+006  8.0562375412E+041
  1.1730003192E+006  8.0219021107E+041
  1.1747002893E+006  7.9873370595E+041
  1.1764001726E+006  7.9528077409E+041
  1.1781002824E+006  7.9186913282E+041
  1.1798002878E+006  7.8855088784E+041
  1.1815001718E+006  7.8539120397E+041
  1.1832002549E+006  7.8246522967E+041
  1.1849002215E+006  7.7985472379E+041
  1.1866002408E+006  7.7763950926E+041
  1.1883001719E+006  7.7588754554E+041
  1.1900001772E+006  7.7464349914E+041
  1.1917002523E+006  7.7391170268E+041
  1.1934002304E+006  7.7363290505E+041
  1.1951002533E+006  7.7370149612E+041
  1.1968003141E+006  7.7399911754E+041
  1.1985002552E+006  7.7441928966E+041
  1.2002002417E+006  7.7487697663E+041
  1.2019002909E+006  7.7530593033E+041
  1.2036002515E+006  7.7565892709E+041
  1.2053002838E+006  7.7590445048E+041
  1.2070002250E+006  7.7601797817E+041
  1.2087002186E+006  7.7598236436E+041
  1.2104002537E+006  7.7578516083E+041
  1.2121001687E+006  7.7542250055E+041
  1.2138002822E+006  7.7489998123E+041
  1.2155002890E+006  7.7423186792E+041
  1.2172002028E+006  7.7343888875E+041
  1.2189001871E+006  7.7254753683E+041
  1.2206002445E+006  7.7158510970E+041
  1.2223002021E+006  7.7057731826E+041
  1.2240002063E+006  7.6954682318E+041
  1.2257002518E+006  7.6851209605E+041
  1.2274001718E+006  7.6748592884E+041
  1.2291002972E+006  7.6647339439E+041
  1.2308001621E+006  7.6547291725E+041
  1.2325002534E+006  7.6447793150E+041
  1.2342002581E+006  7.6347839608E+041
  1.2359001711E+006  7.6246111541E+041
  1.2376002974E+006  7.6141461890E+041
  1.2393003087E+006  7.6033035942E+041
  1.2410001962E+006  7.5920241993E+041
  1.2427002818E+006  7.5802746405E+041
  1.2444002585E+006  7.5680565950E+041
  1.2461002952E+006  7.5553880662E+041
  1.2478002422E+006  7.5422989027E+041
  1.2495002618E+006  7.5288286208E+041
  1.2512001805E+006  7.5150278693E+041
  1.2529003116E+006  7.5009571403E+041
  1.2546001624E+006  7.4866987436E+041
  1.2563002077E+006  7.4723447546E+041
  1.2580002973E+006  7.4579974646E+041
  1.2597002791E+006  7.4437544084E+041
  1.2614001648E+006  7.4297171387E+041
  1.2631002842E+006  7.4159791916E+041
  1.2648003087E+006  7.4026280882E+041
  1.2665002316E+006  7.3897330466E+041
  1.2682002018E+006  7.3773448014E+041
  1.2699002061E+006  7.3654823667E+041
  1.2716002493E+006  7.3541261491E+041
  1.2733001774E+006  7.3432221098E+041
  1.2750003204E+006  7.3326843023E+041
  1.2767002126E+006  7.3224125147E+041
  1.2784001748E+006  7.3122958581E+041
  1.2801002002E+006  7.3022223254E+041
  1.2818002816E+006  7.2920890354E+041
  1.2835002428E+006  7.2818031179E+041
  1.2852002400E+006  7.2712912575E+041
  1.2869002776E+006  7.2605060949E+041
  1.2886001998E+006  7.2494211425E+041
  1.2903001837E+006  7.2380257686E+041
  1.2920002366E+006  7.2263211629E+041
  1.2937001949E+006  7.2143209519E+041
  1.2954002169E+006  7.2020461276E+041
  1.2971002883E+006  7.1895268409E+041
  1.2988002370E+006  7.1768033452E+041
  1.3005002237E+006  7.1639256226E+041
  1.3022002492E+006  7.1509543646E+041
  1.3039001655E+006  7.1379576393E+041
  1.3056003066E+006  7.1250037871E+041
  1.3073001925E+006  7.1121698166E+041
  1.3090003066E+006  7.0995256127E+041
  1.3107003185E+006  7.0871444994E+041
  1.3124002127E+006  7.0750905084E+041
  1.3141003071E+006  7.0634163210E+041
  1.3158002773E+006  7.0521668714E+041
  1.3175002886E+006  7.0413698299E+041
  1.3192001952E+006  7.0310431442E+041
  1.3209001652E+006  7.0211839095E+041
  1.3226002031E+006  7.0117691475E+041
  1.3243003064E+006  7.0027564440E+041
  1.3260003007E+006  6.9940872300E+041
  1.3277001783E+006  6.9856928078E+041
  1.3294002531E+006  6.9774981436E+041
  1.3311002016E+006  6.9694298728E+041
  1.3328001971E+006  6.9614148436E+041
  1.3345002494E+006  6.9533874998E+041
  1.3362002047E+006  6.9452918394E+041
  1.3379002293E+006  6.9370808799E+041
  1.3396003144E+006  6.9287186444E+041
  1.3413002891E+006  6.9201972942E+041
  1.3430003057E+006  6.9115041994E+041
  1.3447001945E+006  6.9026226561E+041
  1.3464002821E+006  6.8935424230E+041
  1.3481002573E+006  6.8842580363E+041
  1.3498002884E+006  6.8747717471E+041
  1.3515002269E+006  6.8650927240E+041
  1.3532002320E+006  6.8552336551E+041
  1.3549002939E+006  6.8452128811E+041
  1.3566002451E+006  6.8350546607E+041
  1.3583002336E+006  6.8247863052E+041
  1.3600002561E+006  6.8144387337E+041
  1.3617003195E+006  6.8040445373E+041
  1.3634002685E+006  6.7936383892E+041
  1.3651002774E+006  6.7832531495E+041
  1.3668001933E+006  6.7729224548E+041
  1.3685001718E+006  6.7626757749E+041
  1.3702002080E+006  6.7525409642E+041
  1.3719002912E+006  6.7425420860E+041
  1.3736002484E+006  6.7326993190E+041
  1.3753002414E+006  6.7230247425E+041
  1.3770002740E+006  6.7135268326E+041
  1.3787001949E+006  6.7042088733E+041
  1.3804001786E+006  6.6950661759E+041
  1.3821002266E+006  6.6860899677E+041
  1.3838001757E+006  6.6772671415E+041
  1.3855001818E+006  6.6685755404E+041
  1.3872002298E+006  6.6599938980E+041
  1.3889003138E+006  6.6515002175E+041
  1.3906002735E+006  6.6430733548E+041
  1.3923002723E+006  6.6346918412E+041
  1.3940001623E+006  6.6263348882E+041
  1.3957002747E+006  6.6179840693E+041
  1.3974002900E+006  6.6096282355E+041
  1.3991002078E+006  6.6012583006E+041
  1.4008001773E+006  6.5928682411E+041
  1.4025001872E+006  6.5844552037E+041
  1.4042002345E+006  6.5760194342E+041
  1.4059003161E+006  6.5675637378E+041
  1.4076002779E+006  6.5590932977E+041
  1.4093002938E+006  6.5506129564E+041
  1.4110002090E+006  6.5421302079E+041
  1.4127001889E+006  6.5336518825E+041
  1.4144002298E+006  6.5251867468E+041
  1.4161003194E+006  6.5167432760E+041
  1.4178002902E+006  6.5083319448E+041
  1.4195002956E+006  6.4999623891E+041
  1.4212001736E+006  6.4916463643E+041
  1.4229002573E+006  6.4833935536E+041
  1.4246002328E+006  6.4752169200E+041
  1.4263002685E+006  6.4671271934E+041
  1.4280002090E+006  6.4591360265E+041
  1.4297002071E+006  6.4512504663E+041
  1.4314002545E+006  6.4434784471E+041
  1.4331001814E+006  6.4358271771E+041
  1.4348003008E+006  6.4283006194E+041
  1.4365002957E+006  6.4209041501E+041
  1.4382001744E+006  6.4136392998E+041
  1.4399002659E+006  6.4065033401E+041
  1.4416002594E+006  6.3994932450E+041
  1.4433003162E+006  6.3926009904E+041
  1.4450002675E+006  6.3858186770E+041
  1.4467002685E+006  6.3791414184E+041
  1.4484003071E+006  6.3725543806E+041
  1.4501002174E+006  6.3660414978E+041
  1.4518001654E+006  6.3595850679E+041
  1.4535003167E+006  6.3531670963E+041
  1.4552002000E+006  6.3467719575E+041
  1.4569003077E+006  6.3403773880E+041
  1.4586003147E+006  6.3339678923E+041
  1.4603002171E+006  6.3275288631E+041
  1.4620001674E+006  6.3210481741E+041
  1.4637003143E+006  6.3145149357E+041
  1.4654001734E+006  6.3079236725E+041
  1.4671002298E+006  6.3012675136E+041
  1.4688001681E+006  6.2945447818E+041
  1.4705001628E+006  6.2877537745E+041
  1.4722002183E+006  6.2808951362E+041
  1.4739001721E+006  6.2739717037E+041
  1.4756001827E+006  6.2669863492E+041
  1.4773002382E+006  6.2599433457E+041
  1.4790001688E+006  6.2528488888E+041
  1.4807002957E+006  6.2457081176E+041
  1.4824002966E+006  6.2385295936E+041
  1.4841001809E+006  6.2313206717E+041
  1.4858002814E+006  6.2240878252E+041
  1.4875002795E+006  6.2168450926E+041
  1.4892001776E+006  6.2096042595E+041
  1.4909002917E+006  6.2023734583E+041
  1.4926002880E+006  6.1951645253E+041
  1.4943001617E+006  6.1879876621E+041
  1.4960002307E+006  6.1808526437E+041
  1.4977001731E+006  6.1737722446E+041
  1.4994003219E+006  6.1667561976E+041
  1.5011002010E+006  6.1598171131E+041
  1.5028003002E+006  6.1529627967E+041
  1.5045002993E+006  6.1462036618E+041
  1.5062001899E+006  6.1395481498E+041
  1.5079002869E+006  6.1329993838E+041
  1.5096002621E+006  6.1265630752E+041
  1.5113002692E+006  6.1202440138E+041
