  0.0000000000E+000  0.0000000000E+000
  1.7002103026E+003 -6.4939753515E+002
  3.4001851603E+003 -1.3022580505E+003
  5.1001982503E+003 -1.9538494479E+003
  6.8001720953E+003 -2.5936066586E+003
  8.5002179388E+003 -3.2099730715E+003
  1.0200218776E+004 -3.0039532530E+003
  1.1900187065E+004 -3.3944607177E+003
  1.3600293533E+004 -3.6587475487E+003
  1.5300188110E+004 -4.7506851254E+003
  1.7000225499E+004 -5.3062899350E+003
  1.8700197784E+004 -5.8680893139E+003
  2.0400292689E+004 -6.4392774776E+003
  2.2100289045E+004 -7.3820076707E+003
  2.3800178901E+004 -7.3094489953E+003
  2.5500246267E+004 -6.0913802496E+003
  2.7200252768E+004 -5.7037104108E+003
  2.8900257772E+004 -5.7748391204E+003
  3.0600174147E+004 -6.0954299153E+003
  3.2300175471E+004 -6.5307996539E+003
  3.4000189871E+004 -7.0128356674E+003
  3.5700216013E+004 -7.5133518251E+003
  3.7400200613E+004 -8.0182780140E+003
  3.9100263246E+004 -8.5273314965E+003
  4.0800198959E+004 -9.0450549715E+003
  4.2500257334E+004 -9.5680079493E+003
  4.4200265122E+004 -1.0093685505E+004
  4.5900274419E+004 -1.0620209210E+004
  4.7600222853E+004 -1.1146080253E+004
  4.9300174078E+004 -1.1670166265E+004
  5.1000231953E+004 -1.2193645118E+004
  5.2700299172E+004 -1.2717623440E+004
  5.4400151469E+004 -1.3241803940E+004
  5.6100258213E+004 -1.3766751864E+004
  5.7800185575E+004 -1.4291240823E+004
  5.9500159694E+004 -1.4814981428E+004
  6.1200215011E+004 -1.5337786461E+004
  6.2900238337E+004 -1.5859525167E+004
  6.4600236304E+004 -1.6379922080E+004
  6.6300229079E+004 -1.6895738762E+004
  6.8000249335E+004 -1.7408586217E+004
  6.9700258323E+004 -1.7920806531E+004
  7.1400154903E+004 -1.8434165497E+004
  7.3100167657E+004 -1.8950902242E+004
  7.4800299479E+004 -1.9472153559E+004
  7.6500277805E+004 -1.9994575328E+004
  7.8200206914E+004 -2.0517212328E+004
  7.9900151179E+004 -2.1040060057E+004
  8.1600265340E+004 -2.1563147928E+004
  8.3300222188E+004 -2.2086369512E+004
  8.5000231972E+004 -2.2609772777E+004
  8.6700260247E+004 -2.3133332981E+004
  8.8400199485E+004 -2.3657002031E+004
  9.0100191271E+004 -2.4180810001E+004
  9.1800211609E+004 -2.4704737308E+004
  9.3500260930E+004 -2.5228769863E+004
  9.5200295530E+004 -2.5752881164E+004
  9.6900213124E+004 -2.6277027676E+004
  9.8600265660E+004 -2.6801280840E+004
  1.0030019125E+005 -2.7325567341E+004
  1.0200029843E+005 -2.7849980599E+004
  1.0370025056E+005 -2.8374410412E+004
  1.0540022261E+005 -2.8898904670E+004
  1.0710016351E+005 -2.9423443573E+004
  1.0880024989E+005 -2.9948077365E+004
  1.1050029859E+005 -3.0472744593E+004
  1.1220018823E+005 -3.0997403682E+004
  1.1390023096E+005 -3.1522147479E+004
  1.1560024674E+005 -3.2046915981E+004
  1.1730027953E+005 -3.2571717234E+004
  1.1900028714E+005 -3.3096532787E+004
  1.2070028010E+005 -3.3621361274E+004
  1.2240028267E+005 -3.4146205258E+004
  1.2410027350E+005 -3.4671052781E+004
  1.2580029805E+005 -3.5195914358E+004
  1.2750018665E+005 -3.5720733979E+004
  1.2920025362E+005 -3.6245602760E+004
  1.3090019640E+005 -3.6770421890E+004
  1.3260015398E+005 -3.7295229389E+004
  1.3430015152E+005 -3.7820028340E+004
  1.3600029901E+005 -3.8344848934E+004
  1.3770017554E+005 -3.8869559712E+004
  1.3940021207E+005 -3.9394289162E+004
  1.4110024906E+005 -3.9918995690E+004
  1.4280015784E+005 -4.0443649706E+004
  1.4450020573E+005 -4.0968314036E+004
  1.4620026736E+005 -4.1492938258E+004
  1.4790017027E+005 -4.2017462254E+004
  1.4960022886E+005 -4.2541978239E+004
  1.5130027694E+005 -4.3066431170E+004
  1.5300015356E+005 -4.3590768218E+004
  1.5470018872E+005 -4.4115088311E+004
  1.5640019698E+005 -4.4639331591E+004
  1.5810020642E+005 -4.5163504212E+004
  1.5980021464E+005 -4.5687603011E+004
  1.6150020622E+005 -4.6211620903E+004
  1.6320021438E+005 -4.6735565852E+004
  1.6490021166E+005 -4.7259427176E+004
  1.6660022570E+005 -4.7783211233E+004
  1.6830025014E+005 -4.8306913979E+004
  1.7000029370E+005 -4.8830536098E+004
  1.7170021773E+005 -4.9354032982E+004
  1.7340029885E+005 -4.9877489831E+004
  1.7510026236E+005 -5.0400842644E+004
  1.7680022731E+005 -5.0924124245E+004
  1.7850020568E+005 -5.1447328121E+004
  1.8020020445E+005 -5.1970449278E+004
  1.8190019929E+005 -5.2493474786E+004
  1.8360021658E+005 -5.3016410020E+004
  1.8530023374E+005 -5.3539245159E+004
  1.8700025987E+005 -5.4061980267E+004
  1.8870028131E+005 -5.4584608677E+004
  1.9040029513E+005 -5.5107127790E+004
  1.9210016189E+005 -5.5629495896E+004
  1.9380015867E+005 -5.6151802312E+004
  1.9550016359E+005 -5.6674010266E+004
  1.9720015576E+005 -5.7196112448E+004
  1.9890029095E+005 -5.7718155822E+004
  2.0060028211E+005 -5.8240052096E+004
  2.0230025801E+005 -5.8761842668E+004
  2.0400024528E+005 -5.9283538922E+004
  2.0570023027E+005 -5.9805139630E+004
  2.0740022695E+005 -6.0326651442E+004
  2.0910023796E+005 -6.0848077154E+004
  2.1080025393E+005 -6.1369416326E+004
  2.1250029864E+005 -6.1890680711E+004
  2.1420019424E+005 -6.2411820549E+004
  2.1590026714E+005 -6.2932939149E+004
  2.1760020398E+005 -6.3453942620E+004
  2.1930029526E+005 -6.3974921605E+004
  2.2100025808E+005 -6.4495792606E+004
  2.2270021884E+005 -6.5016599620E+004
  2.2440019367E+005 -6.5537351803E+004
  2.2610016984E+005 -6.6058047383E+004
  2.2780030116E+005 -6.6578736091E+004
  2.2950028672E+005 -6.7099323182E+004
  2.3120026134E+005 -6.7619853411E+004
  2.3290024437E+005 -6.8140334341E+004
  2.3460021120E+005 -6.8660758297E+004
  2.3630017725E+005 -6.9181129608E+004
  2.3800029615E+005 -6.9701495074E+004
  2.3970025100E+005 -7.0221761458E+004
  2.4140021505E+005 -7.0741988093E+004
  2.4310016810E+005 -7.1262173051E+004
  2.4480028017E+005 -7.1782371129E+004
  2.4650024160E+005 -7.2302489409E+004
  2.4820020788E+005 -7.2822577945E+004
  2.4990019144E+005 -7.3342647632E+004
  2.5160017714E+005 -7.3862699651E+004
  2.5330019030E+005 -7.4382744672E+004
  2.5500021072E+005 -7.4902778150E+004
  2.5670024299E+005 -7.5422802125E+004
  2.5840029482E+005 -7.5942821617E+004
  2.6010019614E+005 -7.6462791873E+004
  2.6180026727E+005 -7.6982812959E+004
  2.6350018951E+005 -7.7502798208E+004
  2.6520027226E+005 -7.8022843710E+004
  2.6690021012E+005 -7.8542852569E+004
  2.6860029837E+005 -7.9062913833E+004
  2.7030024541E+005 -7.9582943568E+004
  2.7200017981E+005 -8.0102984223E+004
  2.7370027268E+005 -8.0623088786E+004
  2.7540020923E+005 -8.1143160963E+004
  2.7710028936E+005 -8.1663292417E+004
  2.7880022309E+005 -8.2183392882E+004
  2.8050029572E+005 -8.2703554232E+004
  2.8220022388E+005 -8.3223695247E+004
  2.8390029838E+005 -8.3743906647E+004
  2.8560022644E+005 -8.4264099058E+004
  2.8730016112E+005 -8.4784319241E+004
  2.8900024703E+005 -8.5304611176E+004
  2.9070020155E+005 -8.5824886099E+004
  2.9240015541E+005 -8.6345135663E+004
  2.9410027855E+005 -8.6865525518E+004
  2.9580026366E+005 -8.7385968999E+004
  2.9750025545E+005 -8.7906462458E+004
  2.9920026716E+005 -8.8426996342E+004
  3.0090028123E+005 -8.8947556664E+004
  3.0260015765E+005 -8.9468093492E+004
  3.0430019078E+005 -8.9988760033E+004
  3.0600023113E+005 -9.0510314980E+004
  3.0770027997E+005 -9.1032915522E+004
  3.0940017320E+005 -9.1556411097E+004
  3.1110022934E+005 -9.2080801218E+004
  3.1280027734E+005 -9.2605936954E+004
  3.1450017401E+005 -9.3131680127E+004
  3.1620022323E+005 -9.3658029193E+004
  3.1790026339E+005 -9.4184825526E+004
  3.1960015976E+005 -9.4711927317E+004
  3.2130019897E+005 -9.5239337274E+004
  3.2300024336E+005 -9.5766935073E+004
  3.2470028483E+005 -9.6294645486E+004
  3.2640017645E+005 -9.6822352918E+004
  3.2810022893E+005 -9.7350085301E+004
  3.2980027748E+005 -9.7877723767E+004
  3.3150019237E+005 -9.8405155704E+004
  3.3320026327E+005 -9.8932382316E+004
  3.3490019431E+005 -9.9459240964E+004
  3.3660029360E+005 -9.9985770843E+004
  3.3830024524E+005 -1.0051182075E+005
  3.4000021368E+005 -1.0103738689E+005
  3.4170018695E+005 -1.0156240836E+005
  3.4340017212E+005 -1.0208682696E+005
  3.4510016304E+005 -1.0261057782E+005
  3.4680015697E+005 -1.0313359441E+005
  3.4850016294E+005 -1.0365585414E+005
  3.5020016348E+005 -1.0417781586E+005
  3.5190017324E+005 -1.0469963847E+005
  3.5360018159E+005 -1.0522132685E+005
  3.5530018701E+005 -1.0574288361E+005
  3.5700019782E+005 -1.0626431343E+005
  3.5870019955E+005 -1.0678562539E+005
  3.6040020596E+005 -1.0730682566E+005
  3.6210020534E+005 -1.0782791273E+005
  3.6380020817E+005 -1.0834889210E+005
  3.6550021298E+005 -1.0886976595E+005
  3.6720021428E+005 -1.0939053548E+005
  3.6890022990E+005 -1.0991118038E+005
  3.7060024171E+005 -1.1043184648E+005
  3.7230026730E+005 -1.1095255584E+005
  3.7400030135E+005 -1.1147324027E+005
  3.7570018999E+005 -1.1199382198E+005
  3.7740024658E+005 -1.1251437968E+005
  3.7910015654E+005 -1.1303480678E+005
  3.8080023174E+005 -1.1355519282E+005
  3.8250016047E+005 -1.1407543936E+005
  3.8420024975E+005 -1.1459563936E+005
  3.8590019843E+005 -1.1511570115E+005
  3.8760029807E+005 -1.1563571544E+005
  3.8930026018E+005 -1.1615559617E+005
  3.9100021906E+005 -1.1667538708E+005
  3.9270018237E+005 -1.1719509332E+005
  3.9440030017E+005 -1.1771476473E+005
  3.9610026022E+005 -1.1823431459E+005
  3.9780022539E+005 -1.1875380031E+005
  3.9950018377E+005 -1.1927322418E+005
  4.0120029863E+005 -1.1979263884E+005
  4.0290025874E+005 -1.2031195127E+005
  4.0460021815E+005 -1.2083121051E+005
  4.0630018480E+005 -1.2135042088E+005
  4.0800029599E+005 -1.2186962630E+005
  4.0970026943E+005 -1.2238874260E+005
  4.1140024227E+005 -1.2290781374E+005
  4.1310022214E+005 -1.2342684418E+005
  4.1480021470E+005 -1.2394583781E+005
  4.1650021094E+005 -1.2446479407E+005
  4.1820022309E+005 -1.2498371882E+005
  4.1990023953E+005 -1.2550261088E+005
  4.2160026962E+005 -1.2602147914E+005
  4.2330015596E+005 -1.2654028283E+005
  4.2500019868E+005 -1.2705911676E+005
  4.2670025435E+005 -1.2757794244E+005
  4.2840015644E+005 -1.2809671257E+005
  4.3010022043E+005 -1.2861552120E+005
  4.3180028651E+005 -1.2913431733E+005
  4.3350020080E+005 -1.2965305260E+005
  4.3520027281E+005 -1.3017182078E+005
  4.3690018855E+005 -1.3069052596E+005
  4.3860026075E+005 -1.3120926379E+005
  4.4030017548E+005 -1.3172793774E+005
  4.4200024378E+005 -1.3224662449E+005
  4.4370016158E+005 -1.3276480212E+005
  4.4540022650E+005 -1.3326130697E+005
  4.4710030116E+005 -1.3047431490E+005
  4.4880021887E+005 -1.5083013834E+005
  4.5050029678E+005 -1.6376086607E+005
  4.5220022855E+005 -1.3763711481E+005
  4.5390016392E+005 -7.7721890458E+003
  4.5560026336E+005  3.5559630601E+005
  4.5730021524E+005  1.3999935585E+006
  4.5900018212E+005  3.7470741895E+006
  4.6070015355E+005  7.8086229820E+006
  4.6240028671E+005  1.3841166114E+007
  4.6410027835E+005  2.1550240623E+007
  4.6580027205E+005  3.0463994898E+007
  4.6750027996E+005  3.9855766229E+007
  4.6920028781E+005  4.9020322800E+007
  4.7090030217E+005  5.7199285570E+007
  4.7260017027E+005  6.4187986282E+007
  4.7430018887E+005  6.9948921036E+007
  4.7600021268E+005  7.4565443583E+007
  4.7770023173E+005  7.8201680819E+007
  4.7940025571E+005  8.0938790015E+007
  4.8110027634E+005  8.3087462261E+007
  4.8280029722E+005  8.4840954133E+007
  4.8450017127E+005  8.6340908403E+007
  4.8620018991E+005  8.7661889961E+007
  4.8790021804E+005  8.8840094602E+007
  4.8960024379E+005  8.9900092029E+007
  4.9130027474E+005  9.0863697246E+007
  4.9300016120E+005  9.1762366974E+007
  4.9470020201E+005  9.2620409887E+007
  4.9640025569E+005  9.3486344634E+007
  4.9810016080E+005  9.4414143764E+007
  4.9980023115E+005  9.5452885851E+007
  5.0150015585E+005  9.6653428001E+007
  5.0320023947E+005  9.8061836682E+007
  5.0490018478E+005  9.9689850418E+007
  5.0660028083E+005  1.0153502298E+008
  5.0830023754E+005  1.0359864311E+008
  5.1000019680E+005  1.0589397796E+008
  5.1170016114E+005  1.0839916482E+008
  5.1340028242E+005  1.1106655621E+008
  5.1510025158E+005  1.1385263349E+008
  5.1680022728E+005  1.1672258328E+008
  5.1850019819E+005  1.1966660873E+008
  5.2020017332E+005  1.2267830379E+008
  5.2190029827E+005  1.2575442794E+008
  5.2360026867E+005  1.2889020138E+008
  5.2530024680E+005  1.3207663845E+008
  5.2700021929E+005  1.3532267400E+008
  5.2870019857E+005  1.3862481293E+008
  5.3040017908E+005  1.4187015115E+008
  5.3210016262E+005  1.4500956753E+008
  5.3380015437E+005  1.4804328188E+008
  5.3550029828E+005  1.5098337461E+008
  5.3720015289E+005  1.5383949332E+008
  5.3890016072E+005  1.5661731984E+008
  5.4060018047E+005  1.5930848203E+008
  5.4230020891E+005  1.6192607543E+008
  5.4400024056E+005  1.6446992615E+008
  5.4570028646E+005  1.6692868688E+008
  5.4740018258E+005  1.6930871534E+008
  5.4910023933E+005  1.7163173325E+008
  5.5080030053E+005  1.7387502294E+008
  5.5250021385E+005  1.7603911835E+008
  5.5420028492E+005  1.7812975699E+008
  5.5590020252E+005  1.8016530028E+008
  5.5760027834E+005  1.8214889239E+008
  5.5930019926E+005  1.8406817102E+008
  5.6100027407E+005  1.8593342214E+008
  5.6270020092E+005  1.8774656617E+008
  5.6440027416E+005  1.8950442342E+008
  5.6610020251E+005  1.9121734886E+008
  5.6780027950E+005  1.9289929578E+008
  5.6950020876E+005  1.9445910487E+008
  5.7120029222E+005  1.9577839222E+008
  5.7290022549E+005  1.9699816415E+008
  5.7460016813E+005  1.9816984950E+008
  5.7630026226E+005  1.9925220138E+008
  5.7800021783E+005  2.0024153928E+008
  5.7970017730E+005  2.0118229980E+008
  5.8140029564E+005  2.0209950943E+008
  5.8310027502E+005  2.0297412411E+008
  5.8480025621E+005  2.0378329567E+008
  5.8650024936E+005  2.0453683816E+008
  5.8820024496E+005  2.0526109986E+008
  5.8990024876E+005  2.0597109204E+008
  5.9160025793E+005  2.0665764625E+008
  5.9330027025E+005  2.0730109483E+008
  5.9500029014E+005  2.0789487157E+008
  5.9670015619E+005  2.0844914119E+008
  5.9840018075E+005  2.0898043870E+008
  6.0010020400E+005  2.0950276388E+008
  6.0180022631E+005  2.1001859917E+008
  6.0350025311E+005  2.1052203949E+008
  6.0520027609E+005  2.1100357411E+008
  6.0690015293E+005  2.1145747396E+008
  6.0860017955E+005  2.1188532566E+008
  6.1030020943E+005  2.1229312983E+008
  6.1200024296E+005  2.1268760936E+008
  6.1370027677E+005  2.1307337876E+008
  6.1540016932E+005  2.1345155209E+008
  6.1710021244E+005  2.1382039784E+008
  6.1880026626E+005  2.1417709568E+008
  6.2050017597E+005  2.1452008813E+008
  6.2220024089E+005  2.1485022742E+008
  6.2390016750E+005  2.1517009925E+008
  6.2560024720E+005  2.1548298992E+008
  6.2730018746E+005  2.1579123195E+008
  6.2900028229E+005  2.1609518638E+008
  6.3070023323E+005  2.1639308817E+008
  6.3240019054E+005  2.1668191077E+008
  6.3410029982E+005  2.1695880973E+008
  6.3580026740E+005  2.1722236118E+008
  6.3750023206E+005  2.1747311027E+008
  6.3920020193E+005  2.1771311351E+008
  6.4090017393E+005  2.1794583656E+008
  6.4260029523E+005  2.1817477918E+008
  6.4430026971E+005  2.1840264946E+008
  6.4600024092E+005  2.1863058680E+008
  6.4770021647E+005  2.1885819655E+008
  6.4940019131E+005  2.1908421960E+008
  6.5110016816E+005  2.1930696609E+008
  6.5280030162E+005  2.1952460845E+008
  6.5450028247E+005  2.1973580383E+008
  6.5620027386E+005  2.1994015102E+008
  6.5790026661E+005  2.2013802615E+008
  6.5960026593E+005  2.2033030161E+008
  6.6130027475E+005  2.2051796160E+008
  6.6300028647E+005  2.2070177977E+008
  6.6470015907E+005  2.2088211542E+008
  6.6640018546E+005  2.2105894067E+008
  6.6810022222E+005  2.2123187800E+008
  6.6980026382E+005  2.2140048214E+008
  6.7150015980E+005  2.2156445131E+008
  6.7320021581E+005  2.2172384527E+008
  6.7490027044E+005  2.2187903462E+008
  6.7660018321E+005  2.2203066302E+008
  6.7830024656E+005  2.2217952252E+008
  6.8000016128E+005  2.2232628632E+008
  6.8170022977E+005  2.2247142607E+008
  6.8340029698E+005  2.2261501385E+008
  6.8510021747E+005  2.2275678319E+008
  6.8680028667E+005  2.2289647760E+008
  6.8850020903E+005  2.2303378933E+008
  6.9020028259E+005  2.2316814593E+008
  6.9190020576E+005  2.2329915669E+008
  6.9360028672E+005  2.2342678891E+008
  6.9530021435E+005  2.2355126657E+008
  6.9700030153E+005  2.2367309922E+008
  6.9870024136E+005  2.2379289668E+008
  7.0040018657E+005  2.2391134765E+008
  7.0210029238E+005  2.2402909913E+008
  7.0380025001E+005  2.2414665797E+008
  7.0550021931E+005  2.2426441685E+008
  7.0720019150E+005  2.2438259724E+008
  7.0890017327E+005  2.2450128289E+008
  7.1060016079E+005  2.2462045810E+008
  7.1230030187E+005  2.2474007380E+008
  7.1400015131E+005  2.2486005043E+008
  7.1570030177E+005  2.2498043916E+008
  7.1740015764E+005  2.2510129524E+008
  7.1910016605E+005  2.2522285738E+008
  7.2080017673E+005  2.2534550773E+008
  7.2250019106E+005  2.2546964150E+008
  7.2420020323E+005  2.2559568390E+008
  7.2590022066E+005  2.2572409583E+008
  7.2760023481E+005  2.2585534865E+008
  7.2930025287E+005  2.2598990623E+008
  7.3100027287E+005  2.2612820701E+008
  7.3270029163E+005  2.2627065209E+008
  7.3440016669E+005  2.2641758392E+008
  7.3610019263E+005  2.2656932774E+008
  7.3780022480E+005  2.2672610396E+008
  7.3950026167E+005  2.2548125026E+008
  7.4120015147E+005  2.2007355287E+008
  7.4290020183E+005  2.1506499805E+008
  7.4460025494E+005  2.1054707166E+008
  7.4630016786E+005  2.0663878138E+008
  7.4800023562E+005  2.0347186010E+008
  7.4970015945E+005  2.0117410573E+008
  7.5140024307E+005  1.9985919087E+008
  7.5310017607E+005  1.9962197027E+008
  7.5480027046E+005  2.0052534631E+008
  7.5650021421E+005  2.0249063889E+008
  7.5820016402E+005  2.0523550560E+008
  7.5990026752E+005  2.0837911597E+008
  7.6160022122E+005  2.1155683681E+008
  7.6330017996E+005  2.1448853441E+008
  7.6500028705E+005  2.1699329975E+008
  7.6670024896E+005  2.1897624302E+008
  7.6840020824E+005  2.2040790910E+008
  7.7010016971E+005  2.2130381686E+008
  7.7180028606E+005  2.2171048984E+008
  7.7350024945E+005  2.2169710217E+008
  7.7520021913E+005  2.2135878455E+008
  7.7690018950E+005  2.2081289402E+008
  7.7860016596E+005  2.2018057292E+008
  7.8030029809E+005  2.1957209953E+008
  7.8200028281E+005  2.1907884573E+008
  7.8370027676E+005  2.1876948026E+008
  7.8540027276E+005  2.1868960436E+008
  7.8710027929E+005  2.1886250017E+008
  7.8880029034E+005  2.1928675631E+008
  7.9050015513E+005  2.1992926051E+008
  7.9220018107E+005  2.2072890688E+008
  7.9390020853E+005  2.2161429843E+008
  7.9560024503E+005  2.2251252490E+008
  7.9730028300E+005  2.2335267872E+008
  7.9900017521E+005  2.2407599788E+008
  8.0070022240E+005  2.2463871111E+008
  8.0240026927E+005  2.2501204836E+008
  8.0410017143E+005  2.2518185073E+008
  8.0580022086E+005  2.2514801370E+008
  8.0750027615E+005  2.2492653947E+008
  8.0920017986E+005  2.2455025333E+008
  8.1090023500E+005  2.2406510997E+008
  8.1260029502E+005  2.2352521727E+008
  8.1430020235E+005  2.2298694819E+008
  8.1600026689E+005  2.2250370864E+008
  8.1770018005E+005  2.2212268101E+008
  8.1940024975E+005  2.2188215260E+008
  8.2110017323E+005  2.2181055220E+008
  8.2280025077E+005  2.2192569386E+008
  8.2450018706E+005  2.2223266964E+008
  8.2620027684E+005  2.2272010764E+008
  8.2790022424E+005  2.2336090012E+008
  8.2960017838E+005  2.2411620682E+008
  8.3130028779E+005  2.2493998123E+008
  8.3300025460E+005  2.2578343316E+008
  8.3470022385E+005  2.2659972916E+008
  8.3640020130E+005  2.2734714495E+008
  8.3810018114E+005  2.2799122643E+008
  8.3980016563E+005  2.2850589957E+008
  8.4150015496E+005  2.2887389929E+008
  8.4320029454E+005  2.2908682160E+008
  8.4490028983E+005  2.2914477978E+008
  8.4660028226E+005  2.2905648833E+008
  8.4830027821E+005  2.2884056440E+008
  8.5000027573E+005  2.2852447334E+008
  8.5170027299E+005  2.2814151051E+008
  8.5340027487E+005  2.2772764488E+008
  8.5510027495E+005  2.2731867761E+008
  8.5680028162E+005  2.2694790428E+008
  8.5850028816E+005  2.2664444218E+008
  8.6020029945E+005  2.2643221640E+008
  8.6190016535E+005  2.2632931787E+008
  8.6360018384E+005  2.2634770325E+008
  8.6530021251E+005  2.2649200467E+008
  8.6700024398E+005  2.2675656302E+008
  8.6870028306E+005  2.2712931370E+008
  8.7040017786E+005  2.2759137503E+008
  8.7210022849E+005  2.2811915575E+008
  8.7380028756E+005  2.2868634842E+008
  8.7550019719E+005  2.2926618137E+008
  8.7720026632E+005  2.2983342110E+008
  8.7890018682E+005  2.3036535467E+008
  8.8060026205E+005  2.3084311843E+008
  8.8230019225E+005  2.3095586098E+008
  8.8400027228E+005  2.3096886894E+008
  8.8570020729E+005  2.3098087991E+008
  8.8740029310E+005  2.3099232886E+008
  8.8910022961E+005  2.3100363174E+008
  8.9080016837E+005  2.3101518229E+008
  8.9250025759E+005  2.3102736157E+008
  8.9420020074E+005  2.3104054711E+008
  8.9590029275E+005  2.3105502709E+008
  8.9760023974E+005  2.3107096913E+008
  8.9930018818E+005  2.3108843406E+008
  9.0100029083E+005  2.3106947134E+008
  9.0270024970E+005  2.3089471470E+008
  9.0440020933E+005  2.3075660148E+008
  9.0610017789E+005  2.3066597093E+008
  9.0780030146E+005  2.3063100896E+008
  9.0950028040E+005  2.3065706844E+008
  9.1120026555E+005  2.3074625087E+008
  9.1290025487E+005  2.3089710569E+008
  9.1460025349E+005  2.3110473666E+008
  9.1630025367E+005  2.3131192335E+008
  9.1800026182E+005  2.3133331641E+008
  9.1970027354E+005  2.3135356743E+008
  9.2140028775E+005  2.3137261090E+008
  9.2310015697E+005  2.3139045021E+008
  9.2480017687E+005  2.3140715548E+008
  9.2650020169E+005  2.3142284360E+008
  9.2820022699E+005  2.3143767299E+008
  9.2990025483E+005  2.3145183094E+008
  9.3160028497E+005  2.3146552323E+008
  9.3330016247E+005  2.3147896422E+008
  9.3500019741E+005  2.3149237361E+008
  9.3670023027E+005  2.3150596193E+008
  9.3840026806E+005  2.3151993232E+008
  9.4010015749E+005  2.3153449150E+008
  9.4180019940E+005  2.3154982281E+008
  9.4350024925E+005  2.3156605194E+008
  9.4520030009E+005  2.3158324733E+008
  9.4690020776E+005  2.3160141838E+008
  9.4860027007E+005  2.3162052669E+008
  9.5030018763E+005  2.3164048449E+008
  9.5200026371E+005  2.3166117630E+008
  9.5370019054E+005  2.3168245183E+008
  9.5540027878E+005  2.3170414787E+008
  9.5710021739E+005  2.3172605368E+008
  9.5880016291E+005  2.3174792143E+008
  9.6050026457E+005  2.3176949377E+008
  9.6220021690E+005  2.3179051421E+008
  9.6390017540E+005  2.3181075290E+008
  9.6560028563E+005  2.3183001251E+008
  9.6730024933E+005  2.3184813269E+008
  9.6900021285E+005  2.3186500565E+008
  9.7070017871E+005  2.3188057115E+008
  9.7240029953E+005  2.3189481811E+008
  9.7410026746E+005  2.3190777557E+008
  9.7580024097E+005  2.3191951472E+008
  9.7750021414E+005  2.3193013658E+008
  9.7920019048E+005  2.3193976665E+008
  9.8090017071E+005  2.3194854842E+008
  9.8260015188E+005  2.3195663736E+008
  9.8430029100E+005  2.3196419646E+008
  9.8600028010E+005  2.3197138925E+008
  9.8770027732E+005  2.3197838073E+008
  9.8940027799E+005  2.3198533189E+008
  9.9110028393E+005  2.3199239851E+008
  9.9280029866E+005  2.3199973019E+008
  9.9450016342E+005  2.3200748739E+008
  9.9620018901E+005  2.3201583856E+008
  9.9790021685E+005  2.3202492325E+008
  9.9960025043E+005  2.3203484887E+008
  1.0013002892E+006  2.3204568803E+008
  1.0030001788E+006  2.3205747753E+008
  1.0047002262E+006  2.3207022480E+008
  1.0064002731E+006  2.3208390456E+008
  1.0081001748E+006  2.3209846583E+008
  1.0098002281E+006  2.3211384024E+008
  1.0115002825E+006  2.3212993852E+008
  1.0132001901E+006  2.3214665768E+008
  1.0149002475E+006  2.3216388901E+008
  1.0166001582E+006  2.3218151053E+008
  1.0183002210E+006  2.3219940133E+008
  1.0200002864E+006  2.3221741978E+008
  1.0217002046E+006  2.3223539859E+008
  1.0234002752E+006  2.3225317545E+008
  1.0251002012E+006  2.3227059112E+008
  1.0268002794E+006  2.3228750771E+008
  1.0285002136E+006  2.3230380135E+008
  1.0302001528E+006  2.3231937598E+008
  1.0319002468E+006  2.3233416054E+008
  1.0336001985E+006  2.3234810557E+008
  1.0353001521E+006  2.3236119008E+008
  1.0370002652E+006  2.3237341551E+008
  1.0387002302E+006  2.3238479997E+008
  1.0404002003E+006  2.3239538166E+008
  1.0421001757E+006  2.3240521762E+008
  1.0438001526E+006  2.3241438132E+008
  1.0455002881E+006  2.3242294869E+008
  1.0472002712E+006  2.3243099557E+008
  1.0489002599E+006  2.3243860018E+008
  1.0506002506E+006  2.3244583822E+008
  1.0523002417E+006  2.3245278245E+008
  1.0540002373E+006  2.3245950172E+008
  1.0557002318E+006  2.3246606023E+008
  1.0574002311E+006  2.3247251713E+008
  1.0591002306E+006  2.3247892600E+008
  1.0608002332E+006  2.3248533456E+008
  1.0625002398E+006  2.3249178441E+008
  1.0642002473E+006  2.3249831320E+008
  1.0659002624E+006  2.3250495234E+008
  1.0676002785E+006  2.3251172299E+008
  1.0693003006E+006  2.3251863634E+008
  1.0710001773E+006  2.3252569344E+008
  1.0727002080E+006  2.3253288868E+008
  1.0744002467E+006  2.3254020710E+008
  1.0761002878E+006  2.3254762797E+008
  1.0778001852E+006  2.3255512465E+008
  1.0795002377E+006  2.3256266828E+008
  1.0812002945E+006  2.3257022488E+008
  1.0829002063E+006  2.3257775771E+008
  1.0846002696E+006  2.3258522786E+008
  1.0863001892E+006  2.3259259277E+008
  1.0880002601E+006  2.3259981379E+008
  1.0897001833E+006  2.3260685268E+008
  1.0914002612E+006  2.3261367818E+008
  1.0931001880E+006  2.3262026220E+008
  1.0948002711E+006  2.3262658597E+008
  1.0965002018E+006  2.3263263764E+008
  1.0982002889E+006  2.3263841621E+008
  1.0999002251E+006  2.3264392608E+008
  1.1016001641E+006  2.3264918034E+008
  1.1033002592E+006  2.3265419856E+008
  1.1050002029E+006  2.3265900462E+008
  1.1067001542E+006  2.3266362846E+008
  1.1084002587E+006  2.3266810347E+008
  1.1101002169E+006  2.3267246428E+008
  1.1118001805E+006  2.3267674814E+008
  1.1135002988E+006  2.3268099256E+008
  1.1152002731E+006  2.3268523396E+008
  1.1169002497E+006  2.3268951453E+008
  1.1186002333E+006  2.3269387736E+008
  1.1203002209E+006  2.3269836236E+008
  1.1220002122E+006  2.3270300523E+008
  1.1237002107E+006  2.3270783611E+008
  1.1254002092E+006  2.3271287874E+008
  1.1271002143E+006  2.3271814824E+008
  1.1288002209E+006  2.3272364371E+008
  1.1305002303E+006  2.3272936666E+008
  1.1322002432E+006  2.3273531403E+008
  1.1339002562E+006  2.3274147674E+008
  1.1356002749E+006  2.3274784051E+008
  1.1373002924E+006  2.3275438671E+008
  1.1390001635E+006  2.3276109304E+008
  1.1407001876E+006  2.3276793746E+008
  1.1424002131E+006  2.3277489638E+008
  1.1441002448E+006  2.3278195002E+008
  1.1458002759E+006  2.3278908618E+008
  1.1475001620E+006  2.3279630693E+008
  1.1492002021E+006  2.3280364432E+008
  1.1509002469E+006  2.3281118124E+008
  1.1526002971E+006  2.3281910521E+008
  1.1543001989E+006  2.3282782622E+008
  1.1560002599E+006  2.3283831765E+008
  1.1577001715E+006  2.3285319514E+008
  1.1594002412E+006  2.3288179415E+008
  1.1611001638E+006  2.3290696622E+008
  1.1628002405E+006  2.3293588595E+008
  1.1645001728E+006  2.3293603330E+008
  1.1662002577E+006  2.3292294085E+008
  1.1679001965E+006  2.3291660958E+008
  1.1696002889E+006  2.3295789262E+008
  1.1713002330E+006  2.3296430604E+008
  1.1730001809E+006  2.3296933052E+008
  1.1747002796E+006  2.3297377481E+008
  1.1764002328E+006  2.3297782348E+008
  1.1781001852E+006  2.3298157738E+008
  1.1798002932E+006  2.3298520755E+008
  1.1815002530E+006  2.3299052884E+008
  1.1832002130E+006  2.3299824339E+008
  1.1849001794E+006  2.3300547187E+008
  1.1866002973E+006  2.3301206952E+008
  1.1883002698E+006  2.3301795758E+008
  1.1900002446E+006  2.3302303635E+008
  1.1917002240E+006  2.3302723321E+008
  1.1934002096E+006  2.3303049847E+008
  1.1951001967E+006  2.3303280554E+008
  1.1968001925E+006  2.3303416506E+008
  1.1985001902E+006  2.3303266649E+008
  1.2002001937E+006  2.3302663492E+008
  1.2019002023E+006  2.3302041730E+008
  1.2036002130E+006  2.3301396532E+008
  1.2053002301E+006  2.3300720524E+008
  1.2070002487E+006  2.3300004158E+008
  1.2087002728E+006  2.3299230972E+008
  1.2104002988E+006  2.3298392684E+008
  1.2121001762E+006  2.3297475400E+008
  1.2138002096E+006  2.3296565573E+008
  1.2155002425E+006  2.3296986890E+008
  1.2172002806E+006  2.3297348776E+008
  1.2189001679E+006  2.3297645168E+008
  1.2206002093E+006  2.3297868832E+008
  1.2223002545E+006  2.3298011031E+008
  1.2240003005E+006  2.3298058925E+008
  1.2257002006E+006  2.3298004059E+008
  1.2274002531E+006  2.3297842450E+008
  1.2291001604E+006  2.3297046775E+008
  1.2308002216E+006  2.3295518801E+008
  1.2325002862E+006  2.3293955738E+008
  1.2342002067E+006  2.3292334488E+008
  1.2359002794E+006  2.3290635719E+008
  1.2376002086E+006  2.3288852196E+008
  1.2393002918E+006  2.3286970913E+008
  1.2410002286E+006  2.3284975496E+008
  1.2427001706E+006  2.3283526666E+008
  1.2444002662E+006  2.3282985239E+008
  1.2461002170E+006  2.3282359215E+008
  1.2478001684E+006  2.3281639387E+008
  1.2495002771E+006  2.3280817936E+008
  1.2512002365E+006  2.3279889110E+008
  1.2529001977E+006  2.3278841706E+008
  1.2546001644E+006  2.3277657108E+008
  1.2563002822E+006  2.3276785872E+008
  1.2580002535E+006  2.3275944190E+008
  1.2597002259E+006  2.3275067948E+008
  1.2614002010E+006  2.3274150630E+008
  1.2631001799E+006  2.3273180639E+008
  1.2648001598E+006  2.3272147958E+008
  1.2665002968E+006  2.3271040886E+008
  1.2682002833E+006  2.3268472354E+008
  1.2699002753E+006  2.3265588569E+008
  1.2716002715E+006  2.3262667383E+008
  1.2733002697E+006  2.3259689064E+008
  1.2750002751E+006  2.3256639766E+008
  1.2767002818E+006  2.3253501148E+008
  1.2784002951E+006  2.3250302345E+008
  1.2801001601E+006  2.3247411627E+008
  1.2818001810E+006  2.3244475333E+008
  1.2835002075E+006  2.3241481809E+008
  1.2852002357E+006  2.3238415758E+008
  1.2869002710E+006  2.3235259479E+008
  1.2886001552E+006  2.3231987167E+008
  1.2903001961E+006  2.3228637077E+008
  1.2920002402E+006  2.3225244820E+008
  1.2937002853E+006  2.3221764612E+008
  1.2954001846E+006  2.3218180362E+008
  1.2971002352E+006  2.3214468949E+008
  1.2988002910E+006  2.3210594120E+008
  1.3005001964E+006  2.3206732288E+008
  1.3022002564E+006  2.3203831864E+008
  1.3039001688E+006  2.3200848427E+008
  1.3056002333E+006  2.3197761939E+008
  1.3073001526E+006  2.3194547709E+008
  1.3090002240E+006  2.3191183077E+008
  1.3107003001E+006  2.3187638330E+008
  1.3124002297E+006  2.3184427390E+008
  1.3141001611E+006  2.3181163223E+008
  1.3158002504E+006  2.3177774563E+008
  1.3175001903E+006  2.3174240941E+008
  1.3192002878E+006  2.3170536275E+008
  1.3209002372E+006  2.3166630010E+008
  1.3226001904E+006  2.3164314806E+008
  1.3243003010E+006  2.3162151854E+008
  1.3260002612E+006  2.3159906406E+008
  1.3277002286E+006  2.3157562017E+008
  1.3294001973E+006  2.3155097006E+008
  1.3311001699E+006  2.3152447657E+008
  1.3328002981E+006  2.3149402151E+008
  1.3345002759E+006  2.3146291622E+008
  1.3362002588E+006  2.3143090077E+008
  1.3379002416E+006  2.3139774637E+008
  1.3396002300E+006  2.3136329557E+008
  1.3413002195E+006  2.3132629820E+008
  1.3430002119E+006  2.3128755458E+008
  1.3447002089E+006  2.3124758622E+008
  1.3464002060E+006  2.3120617575E+008
  1.3481002093E+006  2.3116314389E+008
  1.3498002140E+006  2.3111865025E+008
  1.3515002225E+006  2.3107403880E+008
  1.3532002355E+006  2.3102817452E+008
  1.3549002511E+006  2.3098086532E+008
  1.3566002730E+006  2.3093188709E+008
  1.3583002967E+006  2.3088096487E+008
  1.3600001754E+006  2.3083370708E+008
  1.3617002089E+006  2.3078533938E+008
  1.3634002455E+006  2.3073568999E+008
  1.3651002884E+006  2.3068450241E+008
  1.3668001808E+006  2.3063154763E+008
  1.3685002308E+006  2.3057931554E+008
  1.3702002834E+006  2.3052699246E+008
  1.3719001877E+006  2.3047394250E+008
  1.3736002475E+006  2.3041951081E+008
  1.3753001572E+006  2.3036331710E+008
  1.3770002239E+006  2.3030703423E+008
  1.3787002902E+006  2.3025006242E+008
  1.3804002100E+006  2.3019156264E+008
  1.3821002835E+006  2.3013140797E+008
  1.3838002073E+006  2.3006945681E+008
  1.3855002882E+006  2.3000991704E+008
  1.3872002176E+006  2.2995250850E+008
  1.3889001527E+006  2.2989366885E+008
  1.3906002412E+006  2.2983301003E+008
  1.3923001823E+006  2.2977011443E+008
  1.3940002790E+006  2.2971188918E+008
