  0.0000000000E+000  0.0000000000E+000
  1.7002119735E+003 -4.9918315599E+002
  3.4002643776E+003 -1.0236255734E+003
  5.1002091899E+003 -1.5371644366E+003
  6.8002409936E+003 -2.0477492978E+003
  8.5002354736E+003 -2.1532451790E+003
  1.0200203033E+004 -2.5584711703E+003
  1.1900201003E+004 -2.9406242361E+003
  1.3600169760E+004 -2.7749182898E+003
  1.5300170998E+004 -2.7406814792E+003
  1.7000185471E+004 -3.6763512503E+003
  1.8700223079E+004 -4.3515733835E+003
  2.0400155320E+004 -4.7829188037E+003
  2.2100181024E+004 -5.1920361847E+003
  2.3800187811E+004 -5.6210300802E+003
  2.5500150793E+004 -6.0459901505E+003
  2.7200237653E+004 -6.4716122898E+003
  2.8900211097E+004 -6.9479682519E+003
  3.0600204717E+004 -4.7837831042E+003
  3.2300176761E+004 -3.6309355551E+003
  3.4000215722E+004 -2.9583047936E+003
  3.5700224887E+004 -2.7291469691E+003
  3.7400172925E+004 -2.8202548806E+003
  3.9100258284E+004  8.4889324786E+004
  4.0800193185E+004  1.3239550585E+005
  4.2500249685E+004  1.5561970194E+005
  4.4200199186E+004  1.7408699784E+005
  4.5900173074E+004  1.8038963727E+005
  4.7600202316E+004  1.7681295115E+005
  4.9300224327E+004  1.6808600935E+005
  5.1000143200E+004  1.5841393121E+005
  5.2700243656E+004  1.5119095562E+005
  5.4400237631E+004  1.4659490389E+005
  5.6100142500E+004  1.4134402638E+005
  5.7800135372E+004  1.3607755450E+005
  5.9500218566E+004  1.3133961881E+005
  6.1200222444E+004  1.2749040638E+005
  6.2900189940E+004  1.2475170683E+005
  6.4600236235E+004  1.2323637345E+005
  6.6300218703E+004  1.2306083336E+005
  6.8000219395E+004  1.2746565143E+005
  6.9700260019E+004  1.3510534403E+005
  7.1400150253E+004  1.4278593747E+005
  7.3100153829E+004  1.4848248062E+005
  7.4800233410E+004  1.5026483663E+005
  7.6500167669E+004  1.4858859918E+005
  7.8200149794E+004  1.4669537114E+005
  7.9900157728E+004  1.4468169093E+005
  8.1600166499E+004  1.4257308814E+005
  8.3300218545E+004  1.4039027942E+005
  8.5000147156E+004  1.3815068712E+005
  8.6700185474E+004  1.3586892749E+005
  8.8400234874E+004  1.3355413588E+005
  9.0100229609E+004  1.3121665195E+005
  9.1800208475E+004  1.2886801616E+005
  9.3500185698E+004  1.2651997080E+005
  9.5200237051E+004  1.2418001326E+005
  9.6900242235E+004  1.2185500291E+005
  9.8600199004E+004  1.1955162303E+005
  1.0030017744E+005  1.1727482793E+005
  1.0200014248E+005  1.1502825830E+005
  1.0370021104E+005  1.1281529400E+005
  1.0540019254E+005  1.1063916938E+005
  1.0710018565E+005  1.0850078709E+005
  1.0880018824E+005  1.0639830895E+005
  1.1050020075E+005  1.0432797266E+005
  1.1220015528E+005  1.0228743406E+005
  1.1390025995E+005  1.0027379908E+005
  1.1560026104E+005  9.8285211474E+004
  1.1730015922E+005  9.6321962681E+004
  1.1900016746E+005  9.4393242256E+004
  1.2070025515E+005  9.2505759183E+004
  1.2240017211E+005  9.0660095833E+004
  1.2410016159E+005  8.8855402890E+004
  1.2580017104E+005  8.7091221599E+004
  1.2750020353E+005  8.5366604862E+004
  1.2920026408E+005  8.3680241476E+004
  1.3090014827E+005  8.2031141856E+004
  1.3260021115E+005  8.0417394982E+004
  1.3430013966E+005  7.8836815721E+004
  1.3600016303E+005  7.7287680528E+004
  1.3770015787E+005  7.5769412718E+004
  1.3940017185E+005  7.4281741963E+004
  1.4110016730E+005  7.2824724055E+004
  1.4280016428E+005  7.1399070969E+004
  1.4450016915E+005  7.0005694085E+004
  1.4620017774E+005  6.8644911898E+004
  1.4790023247E+005  6.7313598670E+004
  1.4960018557E+005  6.5985137227E+004
  1.5130025446E+005  6.4663497847E+004
  1.5300015906E+005  6.3361890258E+004
  1.5470021345E+005  6.2087786425E+004
  1.5640018414E+005  6.0845547558E+004
  1.5810013998E+005  5.9637303990E+004
  1.5980022789E+005  5.8463894074E+004
  1.6150017928E+005  5.7325123918E+004
  1.6320021457E+005  5.6218833498E+004
  1.6490014708E+005  5.5143545814E+004
  1.6660023826E+005  5.4098041836E+004
  1.6830018126E+005  5.3081612728E+004
  1.7000026209E+005  5.2092909374E+004
  1.7170024020E+005  5.1130704314E+004
  1.7340017258E+005  5.0193757089E+004
  1.7510022239E+005  4.9280861340E+004
  1.7680024325E+005  4.8391084161E+004
  1.7850023560E+005  4.7523518601E+004
  1.8020026987E+005  4.6677313130E+004
  1.8190021149E+005  4.5851785606E+004
  1.8360016750E+005  4.5046191036E+004
  1.8530024934E+005  4.4259814932E+004
  1.8700023218E+005  4.3492072066E+004
  1.8870014458E+005  4.2742229165E+004
  1.9040015759E+005  4.2009526623E+004
  1.9210026161E+005  4.1293360735E+004
  1.9380019129E+005  4.0593310918E+004
  1.9550019694E+005  3.9908809748E+004
  1.9720023982E+005  3.9239464754E+004
  1.9890017552E+005  3.8584962798E+004
  2.0060025590E+005  3.7944869305E+004
  2.0230023495E+005  3.7318963822E+004
  2.0400026047E+005  3.6706897895E+004
  2.0570022740E+005  3.6108433284E+004
  2.0740014573E+005  3.5523304930E+004
  2.0910014200E+005  3.4951223951E+004
  2.1080023086E+005  3.4391955679E+004
  2.1250022343E+005  3.3845344090E+004
  2.1420025181E+005  3.3311141199E+004
  2.1590017846E+005  3.2789194359E+004
  2.1760027032E+005  3.2279230063E+004
  2.1930026937E+005  3.1781151628E+004
  2.2100018983E+005  3.1294794471E+004
  2.2270019501E+005  3.0819970853E+004
  2.2440013588E+005  3.0356600568E+004
  2.2610015201E+005  2.9904541665E+004
  2.2780022365E+005  2.9463711097E+004
  2.2950020383E+005  2.9034063107E+004
  2.3120022821E+005  2.8615479032E+004
  2.3290014175E+005  2.8207912944E+004
  2.3460024188E+005  2.7811214311E+004
  2.3630025344E+005  2.7425373865E+004
  2.3800020205E+005  2.7050316221E+004
  2.3970022321E+005  2.6685949732E+004
  2.4140016494E+005  2.6332250879E+004
  2.4310017616E+005  2.5989137788E+004
  2.4480023659E+005  2.5656569479E+004
  2.4650020907E+005  2.5334530317E+004
  2.4820021176E+005  2.5022958889E+004
  2.4990026668E+005  2.4721823026E+004
  2.5160023807E+005  2.4431131129E+004
  2.5330026499E+005  2.4150840908E+004
  2.5500022309E+005  2.3880952106E+004
  2.5670023766E+005  2.3621423355E+004
  2.5840018859E+005  2.3372251624E+004
  2.6010018528E+005  2.3133399871E+004
  2.6180023289E+005  2.2904848006E+004
  2.6350018842E+005  2.2686588361E+004
  2.6520018714E+005  2.2478530793E+004
  2.6690024322E+005  2.2280535671E+004
  2.6860020985E+005  2.2092455173E+004
  2.7030023742E+005  2.1914125839E+004
  2.7200018755E+005  2.1745453015E+004
  2.7370020393E+005  2.1586351909E+004
  2.7540026476E+005  2.1436787235E+004
  2.7710024217E+005  2.1296755435E+004
  2.7880014011E+005  2.1166257533E+004
  2.8050021237E+005  2.1045290408E+004
  2.8220020333E+005  2.0933890514E+004
  2.8390023994E+005  2.0832005346E+004
  2.8560020159E+005  2.0739490829E+004
  2.8730021564E+005  2.0656150428E+004
  2.8900014800E+005  2.0581839219E+004
  2.9070027057E+005  2.0516463224E+004
  2.9240017081E+005  2.0460022233E+004
  2.9410026364E+005  2.0412540486E+004
  2.9580026112E+005  2.0374104264E+004
  2.9750017583E+005  2.0344813529E+004
  2.9920013928E+005  2.0324728964E+004
  3.0090016187E+005  2.0313767596E+004
  3.0260023372E+005  2.0311797808E+004
  3.0430021604E+005  2.0318924350E+004
  3.0600026050E+005  2.0335224333E+004
  3.0770021408E+005  2.0360726392E+004
  3.0940021999E+005  2.0395256236E+004
  3.1110026760E+005  2.0438319505E+004
  3.1280023520E+005  2.0489836699E+004
  3.1450024947E+005  2.0549912600E+004
  3.1620017664E+005  2.0618529046E+004
  3.1790015669E+005  2.0695641089E+004
  3.1960018358E+005  2.0781273427E+004
  3.2130026815E+005  2.0875550700E+004
  3.2300026012E+005  2.0978667500E+004
  3.2470016986E+005  2.1090878156E+004
  3.2640025879E+005  2.1212479491E+004
  3.2810026666E+005  2.1343637506E+004
  3.2980018492E+005  2.1484258536E+004
  3.3150014747E+005  2.1632151816E+004
  3.3320016536E+005  2.1773735416E+004
  3.3490022836E+005  2.1909488888E+004
  3.3660020720E+005  2.2044962444E+004
  3.3830022693E+005  2.2184160546E+004
  3.4000016710E+005  2.2329724549E+004
  3.4170015260E+005  2.2483368930E+004
  3.4340018331E+005  2.2645816418E+004
  3.4510026348E+005  2.2817009333E+004
  3.4680025527E+005  2.2996742841E+004
  3.4850016389E+005  2.3184896428E+004
  3.5020025050E+005  2.3381632318E+004
  3.5190025495E+005  2.3587129236E+004
  3.5360016413E+005  2.3801654921E+004
  3.5530026291E+005  2.4025496616E+004
  3.5700027175E+005  2.4258526379E+004
  3.5870018589E+005  2.4499556280E+004
  3.6040015111E+005  2.4747556917E+004
  3.6210016498E+005  2.5002254722E+004
  3.6380022848E+005  2.5263750419E+004
  3.6550019704E+005  2.5532252672E+004
  3.6720022205E+005  2.5808036264E+004
  3.6890015698E+005  2.6091292470E+004
  3.7060014192E+005  2.6382037388E+004
  3.7230017339E+005  2.6679787859E+004
  3.7400025312E+005  2.6983882565E+004
  3.7570025096E+005  2.7293773716E+004
  3.7740015737E+005  2.7609131662E+004
  3.7910025454E+005  2.7929826767E+004
  3.8080026474E+005  2.8255697171E+004
  3.8250019459E+005  2.8586700264E+004
  3.8420017172E+005  2.8923054375E+004
  3.8590020100E+005  2.9264491318E+004
  3.8760014146E+005  2.9609999473E+004
  3.8930026979E+005  2.9957048050E+004
  3.9100018012E+005  3.0303452522E+004
  3.9270026730E+005  3.0648960672E+004
  3.9440013970E+005  3.0993747480E+004
  3.9610019892E+005  3.1338365703E+004
  3.9780017440E+005  3.1683319487E+004
  3.9950019254E+005  3.2029204602E+004
  4.0120026697E+005  3.2376278465E+004
  4.0290025116E+005  3.2724185590E+004
  4.0460014494E+005  3.3072403505E+004
  4.0630022306E+005  3.3419693639E+004
  4.0800021042E+005  3.3765454852E+004
  4.0970025004E+005  3.4110113240E+004
  4.1140019731E+005  3.4454186681E+004
  4.1310019719E+005  3.4798126134E+004
  4.1480024087E+005  3.5142167232E+004
  4.1650020289E+005  3.5486331917E+004
  4.1820020842E+005  3.5830151250E+004
  4.1990026119E+005  3.6172434438E+004
  4.2160022512E+005  3.6512116938E+004
  4.2330023955E+005  3.6848658490E+004
  4.2500016193E+005  3.7181792761E+004
  4.2670026706E+005  3.7511506683E+004
  4.2840015368E+005  3.7837731130E+004
  4.3010021909E+005  3.8160575058E+004
  4.3180019839E+005  3.8480019606E+004
  4.3350021760E+005  3.8796106509E+004
  4.3520015227E+005  3.9108756964E+004
  4.3690026500E+005  3.9417315758E+004
  4.3860015115E+005  3.9720524753E+004
  4.4030021633E+005  4.0017785072E+004
  4.4200019627E+005  4.0308905106E+004
  4.4370022048E+005  4.0594028146E+004
  4.4540015119E+005  4.0873354250E+004
  4.4710026611E+005  4.1147166315E+004
  4.4880015165E+005  4.1415613864E+004
  4.5050022010E+005  4.1678944463E+004
  4.5220019005E+005  4.1937261423E+004
  4.5390020828E+005  4.2190665118E+004
  4.5560026747E+005  4.2439012316E+004
  4.5730023725E+005  4.2681711850E+004
  4.5900024598E+005  4.2917741544E+004
  4.6070016765E+005  4.3146616835E+004
  4.6240026692E+005  4.3368425330E+004
  4.6410013702E+005  4.3583385340E+004
  4.6580018559E+005  4.3791881283E+004
  4.6750014066E+005  4.3994205042E+004
  4.6920014209E+005  4.4190660047E+004
  4.7090018187E+005  4.4380937021E+004
  4.7260026771E+005  4.4564064169E+004
  4.7430025862E+005  4.4740523526E+004
  4.7600016112E+005  4.4910936410E+004
  4.7770023700E+005  4.5075766538E+004
  4.7940022259E+005  4.5235239572E+004
  4.8110024905E+005  4.5388889622E+004
  4.8280018624E+005  4.5535824195E+004
  4.8450016120E+005  4.5675784598E+004
  4.8620018007E+005  4.5808927926E+004
  4.8790024626E+005  4.5935559058E+004
  4.8960021684E+005  4.6055991039E+004
  4.9130023188E+005  4.6170524229E+004
  4.9300015318E+005  4.6279396507E+004
  4.9470025698E+005  4.6382830019E+004
  4.9640026256E+005  4.6480972565E+004
  4.9810017998E+005  4.6573955476E+004
  4.9980027219E+005  4.6661892135E+004
  5.0150013964E+005  4.6744835957E+004
  5.0320018344E+005  4.6822859776E+004
  5.0490027238E+005  4.6895992993E+004
  5.0660026628E+005  4.6964225339E+004
  5.0830017057E+005  4.7027004133E+004
  5.1000025397E+005  4.7083426409E+004
  5.1170024145E+005  4.7133204032E+004
  5.1340013929E+005  4.7176473853E+004
  5.1510021811E+005  4.7213515966E+004
  5.1680020594E+005  4.7244621899E+004
  5.1850023329E+005  4.7270071426E+004
  5.2020017645E+005  4.7290100671E+004
  5.2190015942E+005  4.7304907742E+004
  5.2360018795E+005  4.7314653226E+004
  5.2530025748E+005  4.7319467617E+004
  5.2700023741E+005  4.7319456523E+004
  5.2870025659E+005  4.7314705398E+004
  5.3040018654E+005  4.7305284741E+004
  5.3210015751E+005  4.7291254424E+004
  5.3380017333E+005  4.7272693846E+004
  5.3550023381E+005  4.7250182060E+004
  5.3720019962E+005  4.7227940406E+004
  5.3890020985E+005  4.7248174727E+004
  5.4060026272E+005  4.7776482862E+004
  5.4230022452E+005  5.5431765074E+004
  5.4400022436E+005 -1.2002400361E+005
  5.4570027049E+005 -1.2804435919E+005
  5.4740022133E+005 -1.3757931648E+005
  5.4910021841E+005 -1.4287152931E+005
  5.5080025250E+005 -1.3858013298E+005
  5.5250019772E+005 -1.1582644441E+005
  5.5420018066E+005 -7.4511916766E+004
  5.5590020662E+005  5.5224798521E+004
  5.5760027118E+005  2.5174966358E+005
  5.5930024173E+005  6.9827216022E+005
  5.6100025171E+005  1.5917253894E+006
  5.6270016872E+005  3.1001429520E+006
  5.6440026120E+005  5.3440616966E+006
  5.6610026009E+005  8.4667749070E+006
  5.6780016615E+005  1.2476971273E+007
  5.6950024664E+005  1.7283793299E+007
  5.7120023443E+005  2.2791495280E+007
  5.7290026302E+005  2.8798613544E+007
  5.7460019705E+005  3.5080598759E+007
  5.7630016888E+005  4.1407195180E+007
  5.7800018581E+005  4.7566989508E+007
  5.7970024119E+005  5.3388370457E+007
  5.8140020390E+005  5.8778620876E+007
  5.8310020192E+005  6.3598951962E+007
  5.8480024422E+005  6.7863993254E+007
  5.8650018579E+005  7.1574402039E+007
  5.8820017032E+005  7.4762579016E+007
  5.8990019001E+005  7.7490802415E+007
  5.9160025105E+005  7.9929280589E+007
  5.9330021331E+005  8.1910312555E+007
  5.9500021697E+005  8.3601962360E+007
  5.9670025584E+005  8.5071694602E+007
  5.9840020069E+005  8.6376214971E+007
  6.0010018410E+005  8.7553545644E+007
  6.0180020452E+005  8.8621803185E+007
  6.0350026453E+005  8.9595230019E+007
  6.0520022669E+005  9.0483545052E+007
  6.0690022754E+005  9.1293994087E+007
  6.0860026477E+005  9.2043363396E+007
  6.1030020527E+005  9.2746955049E+007
  6.1200018400E+005  9.3415048780E+007
  6.1370020309E+005  9.4057179891E+007
  6.1540025534E+005  9.4688243181E+007
  6.1710021422E+005  9.5322829553E+007
  6.1880020916E+005  9.5974224379E+007
  6.2050024355E+005  9.6655269381E+007
  6.2220017564E+005  9.7378766320E+007
  6.2390015046E+005  9.8154624980E+007
  6.2560016028E+005  9.8991397853E+007
  6.2730021075E+005  9.9900493702E+007
  6.2900015938E+005  1.0088625978E+008
  6.3070015174E+005  1.0195038857E+008
  6.3240017947E+005  1.0309274191E+008
  6.3410024774E+005  1.0431523648E+008
  6.3580021846E+005  1.0561913739E+008
  6.3750022991E+005  1.0701152360E+008
  6.3920014206E+005  1.0849236136E+008
  6.4090023168E+005  1.1005290658E+008
  6.4260022168E+005  1.1168835171E+008
  6.4430025189E+005  1.1338828504E+008
  6.4600018474E+005  1.1514488833E+008
  6.4770015264E+005  1.1695173214E+008
  6.4940016183E+005  1.1880400582E+008
  6.5110021014E+005  1.2069975265E+008
  6.5280015934E+005  1.2263666919E+008
  6.5450014365E+005  1.2461153945E+008
  6.5620017133E+005  1.2662213095E+008
  6.5790023462E+005  1.2867093435E+008
  6.5960020000E+005  1.3075585229E+008
  6.6130020235E+005  1.3287686705E+008
  6.6300024916E+005  1.3503334326E+008
  6.6470019234E+005  1.3722379249E+008
  6.6640017704E+005  1.3944170419E+008
  6.6810020002E+005  1.4163654987E+008
  6.6980026426E+005  1.4380206565E+008
  6.7150022568E+005  1.4592643610E+008
  6.7320022956E+005  1.4801908038E+008
  6.7490026878E+005  1.5007227614E+008
  6.7660021312E+005  1.5208167013E+008
  6.7830019156E+005  1.5406110781E+008
  6.8000021025E+005  1.5600168214E+008
  6.8170026661E+005  1.5790429076E+008
  6.8340022631E+005  1.5977430749E+008
  6.8510022023E+005  1.6160862481E+008
  6.8680025655E+005  1.6341129378E+008
  6.8850019199E+005  1.6517719896E+008
  6.9020016639E+005  1.6689871304E+008
  6.9190017738E+005  1.6858503051E+008
  6.9360022787E+005  1.7024547151E+008
  6.9530017792E+005  1.7187876516E+008
  6.9700016543E+005  1.7348333750E+008
  6.9870018939E+005  1.7505632662E+008
  7.0040025215E+005  1.7659383220E+008
  7.0210021446E+005  1.7809904390E+008
  7.0380021319E+005  1.7957708980E+008
  7.0550024891E+005  1.8102594919E+008
  7.0720018611E+005  1.8244314627E+008
  7.0890016063E+005  1.8383207251E+008
  7.1060016961E+005  1.8519554838E+008
  7.1230021625E+005  1.8653220853E+008
  7.1400016277E+005  1.8784052722E+008
  7.1570014275E+005  1.8912168777E+008
  7.1740015755E+005  1.9037783782E+008
  7.1910021106E+005  1.9161187433E+008
  7.2080015954E+005  1.9282838798E+008
  7.2250014467E+005  1.9403193124E+008
  7.2420016517E+005  1.9522461301E+008
  7.2590022301E+005  1.9636088125E+008
  7.2760017678E+005  1.9738063064E+008
  7.2930016715E+005  1.9831976054E+008
  7.3100019217E+005  1.9921699986E+008
  7.3270025508E+005  2.0008644436E+008
  7.3440021287E+005  2.0092022500E+008
  7.3610020905E+005  2.0170888697E+008
  7.3780023933E+005  2.0245670277E+008
  7.3950017004E+005  2.0317682580E+008
  7.4120026988E+005  2.0388024714E+008
  7.4290026971E+005  2.0456666647E+008
  7.4460016454E+005  2.0522719619E+008
  7.4630023175E+005  2.0585344214E+008
  7.4800019287E+005  2.0644554547E+008
  7.4970019203E+005  2.0701083289E+008
  7.5140022127E+005  2.0755895015E+008
  7.5310014997E+005  2.0809716945E+008
  7.5480024865E+005  2.0862642576E+008
  7.5650024698E+005  2.0914282616E+008
  7.5820014020E+005  2.0964001585E+008
  7.5990020835E+005  2.1011432074E+008
  7.6160016966E+005  2.1056655548E+008
  7.6330016970E+005  2.1100099085E+008
  7.6500020220E+005  2.1142312215E+008
  7.6670027047E+005  2.1183819161E+008
  7.6840023446E+005  2.1224855063E+008
  7.7010023746E+005  2.1265370143E+008
  7.7180027118E+005  2.1305138312E+008
  7.7350020460E+005  2.1343821328E+008
  7.7520017025E+005  2.1381183586E+008
  7.7690017357E+005  2.1417185376E+008
  7.7860020745E+005  2.1451961674E+008
  7.8030014141E+005  2.1485739580E+008
  7.8200024549E+005  2.1518766958E+008
  7.8370024895E+005  2.1551228717E+008
  7.8540014585E+005  2.1583213022E+008
  7.8710021807E+005  2.1614711771E+008
  7.8880018598E+005  2.1645636088E+008
  7.9050019064E+005  2.1675889195E+008
  7.9220022624E+005  2.1705416007E+008
  7.9390016390E+005  2.1734235123E+008
  7.9560027196E+005  2.1762442491E+008
  7.9730014107E+005  2.1790165095E+008
  7.9900017991E+005  2.1817555686E+008
  8.0070025932E+005  2.1844708688E+008
  8.0240023144E+005  2.1871628333E+008
  8.0410024082E+005  2.1898250199E+008
  8.0580014790E+005  2.1924438930E+008
  8.0750022868E+005  2.1950035949E+008
  8.0920020361E+005  2.1974901381E+008
  8.1090021663E+005  2.1998966366E+008
  8.1260026210E+005  2.2022236059E+008
  8.1430020723E+005  2.2044780739E+008
  8.1600018240E+005  2.2066720556E+008
  8.1770019545E+005  2.2088197310E+008
  8.1940024122E+005  2.2109362350E+008
  8.2110018532E+005  2.2130338565E+008
  8.2280016119E+005  2.2151188990E+008
  8.2450017483E+005  2.2171916759E+008
  8.2620021936E+005  2.2192484212E+008
  8.2790016292E+005  2.2212827306E+008
  8.2960013774E+005  2.2232864561E+008
  8.3130015018E+005  2.2252511796E+008
  8.3300019218E+005  2.2271714391E+008
  8.3470026917E+005  2.2290481384E+008
  8.3640024181E+005  2.2308824155E+008
  8.3810024980E+005  2.2326776037E+008
  8.3980015002E+005  2.2344380593E+008
  8.4150022415E+005  2.2361686828E+008
  8.4320019145E+005  2.2378728786E+008
  8.4490019443E+005  2.2395529164E+008
  8.4660022762E+005  2.2412091672E+008
  8.4830015890E+005  2.2428404121E+008
  8.5000025857E+005  2.2444450053E+008
  8.5170025613E+005  2.2460208376E+008
  8.5340014586E+005  2.2475669275E+008
  8.5510020898E+005  2.2490840164E+008
  8.5680016463E+005  2.2505740269E+008
  8.5850015420E+005  2.2520407322E+008
  8.6020017445E+005  2.2534887918E+008
  8.6190022944E+005  2.2549233150E+008
  8.6360017660E+005  2.2563484940E+008
  8.6530015731E+005  2.2577670945E+008
  8.6700016810E+005  2.2591800016E+008
  8.6870021386E+005  2.2605859651E+008
  8.7040015124E+005  2.2619819171E+008
  8.7210026011E+005  2.2633637234E+008
  8.7380026207E+005  2.2647258670E+008
  8.7550016073E+005  2.2660632778E+008
  8.7720022655E+005  2.2673721354E+008
  8.7890018830E+005  2.2686497914E+008
  8.8060018153E+005  2.2698956973E+008
  8.8230020766E+005  2.2711108503E+008
  8.8400026235E+005  2.2722975539E+008
  8.8570021492E+005  2.2734588694E+008
  8.8740019803E+005  2.2745983956E+008
  8.8910021155E+005  2.2757195378E+008
  8.9080025703E+005  2.2768252238E+008
  8.9250019746E+005  2.2779175460E+008
  8.9420016655E+005  2.2789978969E+008
  8.9590016748E+005  2.2800667123E+008
  8.9760019846E+005  2.2811245937E+008
  8.9930026068E+005  2.2821730652E+008
  9.0100021660E+005  2.2832110845E+008
  9.0270020252E+005  2.2842377221E+008
  9.0440022042E+005  2.2852522810E+008
  9.0610026894E+005  2.2862545350E+008
  9.0780021036E+005  2.2872447224E+008
  9.0950018305E+005  2.2882237665E+008
  9.1120018742E+005  2.2891929471E+008
  9.1290022038E+005  2.2901538475E+008
  9.1460014682E+005  2.2911081424E+008
  9.1630024057E+005  2.2920577584E+008
  9.1800022898E+005  2.2930042135E+008
  9.1970024515E+005  2.2939490693E+008
  9.2140015667E+005  2.2948935095E+008
  9.2310023472E+005  2.2958387081E+008
  9.2480020682E+005  2.2967853363E+008
  9.2650020813E+005  2.2977341536E+008
  9.2820024193E+005  2.2986857876E+008
  9.2990016693E+005  2.2996408069E+008
  9.3160026234E+005  2.3006001094E+008
  9.3330024800E+005  2.3015644182E+008
  9.3500026711E+005  2.3025348525E+008
  9.3670017799E+005  2.3035125173E+008
  9.3840025697E+005  2.3044988685E+008
  9.4010022786E+005  2.3054950913E+008
  9.4180023292E+005  2.3065025859E+008
  9.4350026507E+005  2.3075229324E+008
  9.4520019371E+005  2.3085573673E+008
  9.4690015147E+005  2.3096066738E+008
  9.4860014232E+005  2.3106712322E+008
  9.5030016200E+005  2.3117510838E+008
  9.5200021421E+005  2.3128459732E+008
  9.5370015832E+005  2.3139553108E+008
  9.5540027192E+005  2.3150786337E+008
  9.5710013891E+005  2.3162149808E+008
  9.5880017641E+005  2.3173640193E+008
  9.6050024283E+005  2.3185252232E+008
  9.6220020287E+005  2.2913336282E+008
  9.6390019183E+005  2.2511764721E+008
  9.6560021263E+005  2.2114432777E+008
  9.6730026265E+005  2.1722992525E+008
  9.6900020503E+005  2.1339510341E+008
  9.7070017739E+005  2.0966446574E+008
  9.7240018088E+005  2.0606809606E+008
  9.7410021253E+005  2.0263991686E+008
  9.7580027424E+005  1.9941272801E+008
  9.7750023047E+005  1.9643335423E+008
  9.7920021406E+005  1.9375331022E+008
  9.8090022900E+005  1.9142662376E+008
  9.8260027291E+005  1.8950742673E+008
  9.8430020996E+005  1.8804733096E+008
  9.8600017481E+005  1.8709216780E+008
  9.8770017005E+005  1.8667973553E+008
  9.8940019330E+005  1.8683769272E+008
  9.9110024812E+005  1.8757451662E+008
  9.9280019139E+005  1.8883852116E+008
  9.9450016717E+005  1.9051112775E+008
  9.9620017047E+005  1.9243712552E+008
  9.9790020396E+005  1.9445784261E+008
  9.9960026490E+005  1.9643504403E+008
  1.0013002207E+006  1.9826219987E+008
  1.0030002022E+006  1.9986665765E+008
  1.0047002140E+006  2.0120521379E+008
  1.0064002532E+006  2.0225846786E+008
  1.0081001863E+006  2.0302520646E+008
  1.0098001452E+006  2.0351805776E+008
  1.0115002714E+006  2.0375994503E+008
  1.0132001514E+006  2.0378305135E+008
  1.0149001972E+006  2.0363009580E+008
  1.0166002702E+006  2.0335179136E+008
  1.0183002349E+006  2.0300245843E+008
  1.0200002278E+006  2.0263464521E+008
  1.0217002488E+006  2.0229558046E+008
  1.0234001605E+006  2.0202510796E+008
  1.0251002391E+006  2.0185467993E+008
  1.0268002104E+006  2.0180737496E+008
  1.0285002067E+006  2.0189797243E+008
  1.0302002353E+006  2.0213302852E+008
  1.0319001543E+006  2.0250876008E+008
  1.0336002382E+006  2.0300998260E+008
  1.0353002120E+006  2.0361117387E+008
  1.0370002166E+006  2.0428007942E+008
  1.0387002466E+006  2.0498148286E+008
  1.0404001694E+006  2.0568052539E+008
  1.0421002548E+006  2.0634544408E+008
  1.0438002341E+006  2.0694881098E+008
  1.0455002383E+006  2.0746875363E+008
  1.0472002711E+006  2.0788899566E+008
  1.0489001948E+006  2.0819889019E+008
  1.0506001476E+006  2.0839325000E+008
  1.0523002618E+006  2.0847204344E+008
  1.0540002687E+006  2.0844138108E+008
  1.0557001657E+006  2.0831478019E+008
  1.0574002270E+006  2.0811193665E+008
  1.0591001777E+006  2.0785693327E+008
  1.0608001576E+006  2.0757602294E+008
  1.0625001660E+006  2.0729577377E+008
  1.0642002011E+006  2.0704147401E+008
  1.0659002667E+006  2.0683593523E+008
  1.0676002226E+006  2.0669870863E+008
  1.0693002071E+006  2.0664557001E+008
  1.0710002189E+006  2.0668828106E+008
  1.0727002605E+006  2.0683439554E+008
  1.0744001905E+006  2.0708618606E+008
  1.0761001499E+006  2.0743944957E+008
  1.0778002722E+006  2.0788388017E+008
  1.0795001513E+006  2.0840385048E+008
  1.0812001925E+006  2.0898013389E+008
  1.0829002625E+006  2.0959099372E+008
  1.0846002228E+006  2.1021372880E+008
  1.0863002114E+006  2.1082620039E+008
  1.0880002255E+006  2.1140782927E+008
  1.0897002702E+006  2.1194050261E+008
  1.0914002033E+006  2.1240907599E+008
  1.0931001645E+006  2.1280179718E+008
  1.0948001537E+006  2.1311028430E+008
  1.0965001703E+006  2.1332951783E+008
  1.0982002150E+006  2.1345773071E+008
  1.0999001489E+006  2.1349632745E+008
  1.1016002488E+006  2.1345037419E+008
  1.1033002385E+006  2.1332913344E+008
  1.1050002566E+006  2.1314543718E+008
  1.1067001640E+006  2.1291460178E+008
  1.1084002387E+006  2.1265329677E+008
  1.1101002014E+006  2.1237918254E+008
  1.1118001938E+006  2.1210946959E+008
  1.1135002115E+006  2.1186030026E+008
  1.1152002584E+006  2.1164614472E+008
  1.1169001927E+006  2.1147950323E+008
  1.1186001555E+006  2.1137061119E+008
  1.1203001448E+006  2.1132735026E+008
  1.1220001616E+006  2.1135516450E+008
  1.1237002038E+006  2.1145702634E+008
  1.1254002739E+006  2.1163288820E+008
  1.1271002324E+006  2.1187912585E+008
  1.1288002181E+006  2.1218889264E+008
  1.1305002304E+006  2.1255262679E+008
  1.1322002682E+006  2.1295877628E+008
  1.1339001976E+006  2.1339450712E+008
  1.1356001509E+006  2.1384654802E+008
  1.1373002699E+006  2.1430179547E+008
  1.1390001403E+006  2.1474772577E+008
  1.1407001754E+006  2.1517319699E+008
  1.1424002346E+006  2.1556837308E+008
  1.1441001855E+006  2.1592508116E+008
  1.1458001604E+006  2.1623697056E+008
  1.1475001630E+006  2.1649944458E+008
  1.1492001898E+006  2.1670965798E+008
  1.1509002444E+006  2.1686649142E+008
  1.1526001871E+006  2.1697045886E+008
  1.1543001557E+006  2.1702362141E+008
  1.1560001511E+006  2.1702945865E+008
  1.1577001730E+006  2.1699298167E+008
  1.1594002206E+006  2.1692069515E+008
  1.1611001566E+006  2.1682026510E+008
  1.1628002578E+006  2.1670007402E+008
  1.1645002456E+006  2.1656891720E+008
  1.1662002605E+006  2.1643549675E+008
  1.1679001626E+006  2.1630818297E+008
  1.1696002303E+006  2.1619470249E+008
  1.1713001834E+006  2.1610202500E+008
  1.1730001648E+006  2.1603611634E+008
  1.1747001705E+006  2.1600187252E+008
  1.1764002020E+006  2.1600304976E+008
  1.1781002590E+006  2.1604222243E+008
  1.1798002054E+006  2.1612071917E+008
  1.1815001758E+006  2.1623841006E+008
  1.1832001723E+006  2.1639361184E+008
  1.1849001942E+006  2.1658321838E+008
  1.1866002418E+006  2.1680291022E+008
  1.1883001779E+006  2.1704740617E+008
  1.1900002748E+006  2.1731083533E+008
  1.1917002630E+006  2.1758687977E+008
  1.1934002741E+006  2.1786918728E+008
  1.1951001738E+006  2.1815151130E+008
  1.1968002361E+006  2.1842802178E+008
  1.1985001876E+006  2.1869332039E+008
  1.2002001620E+006  2.1894272067E+008
  1.2019001641E+006  2.1917226869E+008
  1.2036001896E+006  2.1937875354E+008
  1.2053002418E+006  2.1955980507E+008
  1.2070001805E+006  2.1971398378E+008
  1.2087001448E+006  2.1984083713E+008
  1.2104002729E+006  2.1994084991E+008
  1.2121001502E+006  2.2001539248E+008
  1.2138001910E+006  2.2006675517E+008
  1.2155002567E+006  2.2009804884E+008
  1.2172002115E+006  2.2011318887E+008
  1.2189001898E+006  2.2011671327E+008
  1.2206001956E+006  2.2011361011E+008
  1.2223002257E+006  2.2010913245E+008
  1.2240001454E+006  2.2010861051E+008
  1.2257002269E+006  2.2011670773E+008
  1.2274001992E+006  2.2013709499E+008
  1.2291001954E+006  2.2017425658E+008
  1.2308002182E+006  2.2023216349E+008
  1.2325002672E+006  2.2031415066E+008
  1.2342002041E+006  2.2042278225E+008
  1.2359001669E+006  2.2055974073E+008
  1.2376001552E+006  2.2072576266E+008
  1.2393001703E+006  2.2092063408E+008
  1.2410002104E+006  2.2114322109E+008
  1.2427001385E+006  2.2139151337E+008
  1.2444002289E+006  2.2166280520E+008
  1.2461002093E+006  2.2195367315E+008
  1.2478002109E+006  2.2226025443E+008
  1.2495002408E+006  2.2257830118E+008
  1.2512001577E+006  2.2290333580E+008
  1.2529002367E+006  2.2323087075E+008
  1.2546002030E+006  2.2355633639E+008
  1.2563001956E+006  2.2387538143E+008
  1.2580002126E+006  2.2418386709E+008
  1.2597002544E+006  2.2447796816E+008
  1.2614001844E+006  2.2475420933E+008
  1.2631001385E+006  2.2500957630E+008
  1.2648002553E+006  2.2524150216E+008
  1.2665002571E+006  2.2544783681E+008
  1.2682001492E+006  2.2562696414E+008
  1.2699002006E+006  2.2577778902E+008
  1.2716001401E+006  2.2589967831E+008
  1.2733002416E+006  2.2599252704E+008
  1.2750002308E+006  2.2605669219E+008
  1.2767002430E+006  2.2609305096E+008
  1.2784001432E+006  2.2610307081E+008
