 0001  0.2748999843036931E-012
 0002  0.2748999843036931E-012
 0003  0.2725652648516528E-012
 0004  0.2725652648516528E-012
 0005  0.2702847619976996E-012
 0006  0.2702847619976997E-012
 0007  0.2677482616858953E-012
 0008  0.2677482616858953E-012
 0009  0.2649525423717003E-012
 0010  0.2649525423717003E-012
 0011  0.2622217449436401E-012
 0012  0.2622217449436402E-012
 0013  0.2592037449166450E-012
 0014  0.2592037449166451E-012
 0015  0.2559213942075730E-012
 0016  0.2559213942075730E-012
 0017  0.2527152658853146E-012
 0018  0.2493086094209608E-012
 0019  0.2493086094209608E-012
 0020  0.2456079493374147E-012
 0021  0.2456079493374147E-012
 0022  0.2416120957335292E-012
 0023  0.2416120957335291E-012
 0024  0.2377090334021315E-012
 0025  0.2336387299631280E-012
 0026  0.2336387299631281E-012
 0027  0.2292676269779716E-012
 0028  0.2292676269779716E-012
 0029  0.2249980292651241E-012
 0030  0.2205675256410953E-012
 0031  0.2205675256410953E-012
 0032  0.2927494952684001E-012
 0033  0.2927494952684001E-012
 0034  0.1621291593398171E-010
 0035  0.3110638980769460E-010
 0036  0.3110638980769460E-010
 0037  0.6181855097292857E-010
 0038  0.1223370609632223E-009
 0039  0.1223370609632223E-009
 0040  0.1463484185734221E-008
 0041  0.2710054002013788E-008
 0042  0.2710054002013788E-008
 0043  0.2155208355083983E-007
 0044  0.1416686841777322E-006
 0045  0.3458503497574956E-006
 0046  0.3458503497574957E-006
 0047  0.5452905311774224E-006
 0048  0.1201174800411464E-005
 0049  0.1201174800411464E-005
 0050  0.3339961260370789E-005
 0051  0.7568101060280422E-005
 0052  0.1582402827909206E-004
 0053  0.1582402827909206E-004
 0054  0.2388823726491927E-004
 0055  0.3579534000682055E-004
 0056  0.5678884915757150E-004
 0057  0.5678884915757151E-004
 0058  0.9933989948855697E-004
 0059  0.2093511470207929E-003
 0060  0.3089643728955299E-003
 0061  0.3089643728955299E-003
 0062  0.6994789453764266E-003
 0063  0.1635922982888765E-002
 0064  0.2991268667741470E-002
 0065  0.4980767800557554E-002
 0066  0.4980767800557554E-002
 0067  0.6924067003534341E-002
 0068  0.9987907094058437E-002
 0069  0.1445765105033432E-001
 0070  0.2056812617921464E-001
 0071  0.2056812617921464E-001
 0072  0.2926458931447701E-001
 0073  0.3994668578651323E-001
 0074  0.4932732041932761E-001
 0075  0.6053951710877771E-001
 0076  0.6053951710877771E-001
 0077  0.7524839056890006E-001
 0078  0.9202328218969387E-001
 0079  0.1107604174905943E+000
 0080  0.1312651872610692E+000
 0081  0.1532849893763411E+000
 0082  0.1532849893763411E+000
 0083  0.1747934500710420E+000
 0084  0.1984878103231031E+000
 0085  0.2237178104387600E+000
 0086  0.2499189620188285E+000
 0087  0.2766194300736246E+000
 0088  0.3034424695013329E+000
 0089  0.3034424695013329E+000
 0090  0.3341085659826093E+000
 0091  0.3635037581838012E+000
 0092  0.3916324657544599E+000
 0093  0.4185882874824338E+000
 0094  0.4445286176572141E+000
 0095  0.4691705429746843E+000
 0096  0.4927677982372240E+000
 0097  0.5156863436241284E+000
 0098  0.5381621964198230E+000
 0099  0.5602353613987033E+000
 0100  0.5817416672341714E+000
 0101  0.6023269167725140E+000
 0102  0.6216058508657952E+000
 0103  0.6391425851016339E+000
 0104  0.6544690147850555E+000
 0105  0.6671797291477545E+000
 0106  0.6768494051798295E+000
 0107  0.6832895646422851E+000
 0108  0.6864939295612901E+000
 0109  0.6865912151113436E+000
 0110  0.6838053701874223E+000
 0111  0.6779099322958290E+000
 0112  0.6695150689461369E+000
 0113  0.6591475616558472E+000
 0114  0.6472619196077046E+000
 0115  0.6342494011766578E+000
 0116  0.6180873430971328E+000
 0117  0.6022893776927676E+000
 0118  0.5868878215162678E+000
 0119  0.5719182816593562E+000
 0120  0.5574163550701630E+000
 0121  0.5319133746089350E+000
 0122  0.5206100107111534E+000
 0123  0.5095678630685399E+000
 0124  0.4988403431902884E+000
 0125  0.4884715990617057E+000
 0126  0.4784968502111895E+000
 0127  0.4689431173659802E+000
 0128  0.4598298226505810E+000
 0129  0.4511305302322581E+000
 0130  0.4428721420667374E+000
 0131  0.4350694980346906E+000
 0132  0.4277278832866031E+000
 0133  0.4208451003323685E+000
 0134  0.4144131762767700E+000
 0135  0.4080592187711526E+000
 0136  0.4022610547933071E+000
 0137  0.3969684372489757E+000
 0138  0.3921359693383058E+000
 0139  0.3877228016476934E+000
 0140  0.3836920776287666E+000
 0141  0.3770794669510127E+000
 0142  0.3743499717005320E+000
 0143  0.3718111522175309E+000
 0144  0.3694487463002833E+000
 0145  0.3672541019499493E+000
 0146  0.3652183725519375E+000
 0147  0.3633326635669934E+000
 0148  0.3615881489855609E+000
 0149  0.3599761625098212E+000
 0150  0.3584882676852708E+000
 0151  0.3570641862840288E+000
 0152  0.3557655474616611E+000
 0153  0.3545810440131537E+000
 0154  0.3535004353635143E+000
 0155  0.3525144396410950E+000
 0156  0.3516146376506880E+000
 0157  0.3507933873210929E+000
 0158  0.3494364220314142E+000
 0159  0.3488738305468827E+000
 0160  0.3483525316561455E+000
 0161  0.3478697979758985E+000
 0162  0.3474230424456606E+000
 0163  0.3470098169129902E+000
 0164  0.3466278096470177E+000
 0165  0.3462649499444658E+000
 0166  0.3459320585509278E+000
 0167  0.3456266196663711E+000
 0168  0.3453463346084472E+000
 0169  0.3450889869073697E+000
 0170  0.3448527002203329E+000
 0171  0.3446357506586462E+000
 0172  0.3444365553808789E+000
 0173  0.3441031126709144E+000
 0174  0.3439632050770737E+000
 0175  0.3438332292566466E+000
 0176  0.3437125185676523E+000
 0177  0.3435979361917861E+000
 0178  0.3434920914732120E+000
 0179  0.3433942807448157E+000
 0180  0.3433038925911570E+000
 0181  0.3432203622564867E+000
 0182  0.3431431680736677E+000
 0183  0.3430718281672248E+000
 0184  0.3430058974094141E+000
 0185  0.3429449646098349E+000
 0186  0.3428415178990172E+000
 0187  0.3427975265725717E+000
 0188  0.3427556994301545E+000
 0189  0.3427168086642133E+000
 0190  0.3426806474848372E+000
 0191  0.3426470237145503E+000
 0192  0.3426157587519624E+000
 0193  0.3425866866092101E+000
 0194  0.3425596530179104E+000
 0195  0.3425345145739954E+000
 0196  0.3425111380004788E+000
 0197  0.3424893954238584E+000
 0198  0.3424517224706014E+000
 0199  0.3424354066380823E+000
 0200  0.3424201514346531E+000
 0201  0.3424058876771056E+000
 0202  0.3423925507135025E+000
 0203  0.3423800801248940E+000
 0204  0.3423684194467931E+000
 0205  0.3423575143887613E+000
 0206  0.3423473160701498E+000
 0207  0.3423376461032868E+000
 0208  0.3423286236052056E+000
 0209  0.3423129796830586E+000
 0210  0.3423061901492486E+000
 0211  0.3422998087394831E+000
 0212  0.3422938109655354E+000
 0213  0.3422881738020041E+000
 0214  0.3422828755996112E+000
 0215  0.3422778960035762E+000
 0216  0.3422731580784690E+000
 0217  0.3422687134581516E+000
 0218  0.3422609239794767E+000
 0219  0.3422575077407803E+000
 0220  0.3422542831795097E+000
 0221  0.3422512395521631E+000
 0222  0.3422483667147723E+000
 0223  0.3422456250225248E+000
 0224  0.3422430410561664E+000
 0225  0.3422406056077230E+000
 0226  0.3422383100140626E+000
 0227  0.3422361461247296E+000
 0228  0.3422323184499736E+000
 0229  0.3422306242718527E+000
 0230  0.3422290026829161E+000
 0231  0.3422274681164400E+000
 0232  0.3422260158388932E+000
 0233  0.3422246413776657E+000
 0234  0.3422233405064987E+000
 0235  0.3422221091624179E+000
 0236  0.3422199037315992E+000
 0237  0.3422189161344020E+000
 0238  0.3422179781359087E+000
 0239  0.3422170871720694E+000
 0240  0.3422162408594503E+000
 0241  0.3422154369364862E+000
 0242  0.3422146732572846E+000
 0243  0.3422139416513846E+000
 0244  0.3422126294386834E+000
 0245  0.3422120406962528E+000
 0246  0.3422114796788706E+000
 0247  0.3422109450680476E+000
 0248  0.3422104356085700E+000
 0249  0.3422099462683995E+000
 0250  0.3422094803202260E+000
 0251  0.3422086391377444E+000
 0252  0.3422082592833168E+000
 0253  0.3422078962734434E+000
 0254  0.3422075468250386E+000
 0255  0.3422072131192069E+000
 0256  0.3422068944249900E+000
 0257  0.3422065900559615E+000
 0258  0.3422060373512406E+000
 0259  0.3422057846087655E+000
 0260  0.3422055426165321E+000
 0261  0.3422053109101758E+000
 0262  0.3422050890456668E+000
 0263  0.3422048765931870E+000
 0264  0.3422046731475948E+000
 0265  0.3422042994971496E+000
 0266  0.3422041290664019E+000
 0267  0.3422039654881787E+000
 0268  0.3422038084831296E+000
 0269  0.3422036568745250E+000
 0270  0.3422035114286723E+000
 0271  0.3422032448906835E+000
 0272  0.3422031227353304E+000
 0273  0.3422030045690240E+000
 0274  0.3422028909622529E+000
 0275  0.3422027817338718E+000
 0276  0.3422026767120169E+000
 0277  0.3422024829143985E+000
 0278  0.3422023935017648E+000
 0279  0.3422023073666852E+000
 0280  0.3422022243856565E+000
 0281  0.3422021440338983E+000
 0282  0.3422020666526271E+000
 0283  0.3422019237454151E+000
 0284  0.3422018577476619E+000
 0285  0.3422017937395400E+000
 0286  0.3422017319843513E+000
 0287  0.3422016724011300E+000
 0288  0.3422015617151037E+000
 0289  0.3422015103060181E+000
 0290  0.3422014606227087E+000
 0291  0.3422014126060895E+000
 0292  0.3422013659931455E+000
 0293  0.3422012793450045E+000
 0294  0.3422012390686202E+000
 0295  0.3422011999176663E+000
 0296  0.3422011620316373E+000
 0297  0.3422011253687469E+000
 0298  0.3422010568686289E+000
 0299  0.3422010248701050E+000
 0300  0.3422009938604741E+000
 0301  0.3422009636913987E+000
 0302  0.3422009072953223E+000
 0303  0.3422008809346686E+000
 0304  0.3422008552583193E+000
 0305  0.3422008303474207E+000
 0306  0.3422008061784548E+000
 0307  0.3422007607178522E+000
 0308  0.3422007394184218E+000
 0309  0.3422007187277287E+000
 0310  0.3422006985579659E+000
 0311  0.3422006606694609E+000
 0312  0.3422006428138034E+000
 0313  0.3422006254515111E+000
 0314  0.3422006085685353E+000
 0315  0.3422005766801456E+000
 0316  0.3422005616717676E+000
 0317  0.3422005470162230E+000
 0318  0.3422005327519925E+000
 0319  0.3422005058033340E+000
 0320  0.3422004930744220E+000
 0321  0.3422004806726565E+000
 0322  0.3422004685540188E+000
 0323  0.3422004456193305E+000
 0324  0.3422004347676652E+000
 0325  0.3422004241860617E+000
 0326  0.3422004040957458E+000
 0327  0.3422003945862505E+000
 0328  0.3422003852802166E+000
 0329  0.3422003761985662E+000
 0330  0.3422003589307607E+000
 0331  0.3422003507438778E+000
 0332  0.3422003427273811E+000
 0333  0.3422003274819996E+000
 0334  0.3422003202334194E+000
 0335  0.3422003131317960E+000
 0336  0.3422003061911885E+000
 0337  0.3422002929732129E+000
 0338  0.3422002866796995E+000
 0339  0.3422002805102558E+000
 0340  0.3422002687453917E+000
 0341  0.3422002631363678E+000
 0342  0.3422002576350502E+000
 0343  0.3422002471309905E+000
 0344  0.3422002421167420E+000
 0345  0.3422002371962760E+000
 0346  0.3422002277899134E+000
 0347  0.3422002232942459E+000
 0348  0.3422002188804910E+000
 0349  0.3422002104330392E+000
 0350  0.3422002063910089E+000
 0351  0.3422002024207318E+000
 0352  0.3422001948136323E+000
 0353  0.3422001911632748E+000
 0354  0.3422001841618946E+000
 0355  0.3422001808046271E+000
 0356  0.3422001775040421E+000
 0357  0.3422001711619710E+000
 0358  0.3422001681155179E+000
 0359  0.3422001651242274E+000
 0360  0.3422001593666736E+000
 0361  0.3422001566006259E+000
 0362  0.3422001512720715E+000
 0363  0.3422001487097700E+000
 0364  0.3422001461878550E+000
 0365  0.3422001413294136E+000
 0366  0.3422001389895445E+000
 0367  0.3422001344751297E+000
 0368  0.3422001323006889E+000
 0369  0.3422001281022105E+000
 0370  0.3422001260757156E+000
 0371  0.3422001240817161E+000
 0372  0.3422001202290801E+000
 0373  0.3422001183682634E+000
 0374  0.3422001147706991E+000
 0375  0.3422001130339599E+000
 0376  0.3422001096739226E+000
 0377  0.3422001080488591E+000
 0378  0.3422001049030131E+000
 0379  0.3422001033806316E+000
 0380  0.3422001004318483E+000
 0381  0.3422000990039980E+000
 0382  0.3422000962367642E+000
 0383  0.3422000948960711E+000
 0384  0.3422000922963372E+000
 0385  0.3422000910361056E+000
 0386  0.3422000885910950E+000
 0387  0.3422000874052319E+000
 0388  0.3422000851023865E+000
 0389  0.3422000839844673E+000
 0390  0.3422000818134455E+000
 0391  0.3422000807594369E+000
 0392  0.3422000787100137E+000
 0393  0.3422000767508273E+000
 0394  0.3422000757984244E+000
 0395  0.3422000739456414E+000
 0396  0.3422000730445875E+000
 0397  0.3422000712904285E+000
 0398  0.3422000696096628E+000
 0399  0.3422000687913572E+000
 0400  0.3422000671975413E+000
 0401  0.3422000664210702E+000
 0402  0.3422000649077929E+000
 0403  0.3422000634549522E+000
 0404  0.3422000627466822E+000
 0405  0.3422000613650444E+000
 0406  0.3422000600368952E+000
 0407  0.3422000593890014E+000
 0408  0.3422000581243469E+000
 0409  0.3422000569072235E+000
 0410  0.3422000563130090E+000
 0411  0.3422000551520243E+000
 0412  0.3422000540335040E+000
 0413  0.3422000529552414E+000
 0414  0.3422000524282252E+000
 0415  0.3422000513976022E+000
 0416  0.3422000504031878E+000
 0417  0.3422000494430836E+000
 0418  0.3422000489733816E+000
 0419  0.3422000480541187E+000
 0420  0.3422000471657269E+000
 0421  0.3422000463068224E+000
 0422  0.3422000454761833E+000
 0423  0.3422000446723790E+000
 0424  0.3422000442785829E+000
 0425  0.3422000435066386E+000
 0426  0.3422000427591226E+000
 0427  0.3422000420349198E+000
 0428  0.3422000413330702E+000
 0429  0.3422000406526390E+000
 0430  0.3422000399927078E+000
 0431  0.3422000393524201E+000
 0432  0.3422000387309877E+000
 0433  0.3422000381279750E+000
 0434  0.3422000375433641E+000
 0435  0.3422000369763913E+000
 0436  0.3422000364263334E+000
 0437  0.3422000358925039E+000
 0438  0.3422000353742519E+000
 0439  0.3422000348709591E+000
 0440  0.3422000343820382E+000
 0441  0.3422000339069309E+000
 0442  0.3422000334451062E+000
 0443  0.3422000329960592E+000
 0444  0.3422000323476692E+000
 0445  0.3422000319314216E+000
 0446  0.3422000315262326E+000
 0447  0.3422000311317021E+000
 0448  0.3422000307474488E+000
 0449  0.3422000301914210E+000
 0450  0.3422000298337147E+000
 0451  0.3422000294849771E+000
 0452  0.3422000289796877E+000
 0453  0.3422000286542087E+000
 0454  0.3422000283365967E+000
 0455  0.3422000278758521E+000
 0456  0.3422000275787168E+000
 0457  0.3422000271473135E+000
 0458  0.3422000268688699E+000
 0459  0.3422000264642818E+000
 0460  0.3422000262029412E+000
 0461  0.3422000258229164E+000
 0462  0.3422000255772597E+000
 0463  0.3422000252197852E+000
 0464  0.3422000248758000E+000
 0465  0.3422000245446106E+000
 0466  0.3422000243301805E+000
 0467  0.3422000240176656E+000
 0468  0.3422000237163786E+000
 0469  0.3422000234257713E+000
 0470  0.3422000231453298E+000
 0471  0.3422000228745718E+000
 0472  0.3422000226130445E+000
 0473  0.3422000223603223E+000
 0474  0.3422000221160045E+000
 0475  0.3422000218797138E+000
 0476  0.3422000216510948E+000
 0477  0.3422000214298123E+000
 0478  0.3422000211461467E+000
 0479  0.3422000209415191E+000
 0480  0.3422000206789223E+000
 0481  0.3422000204892958E+000
 0482  0.3422000202457058E+000
 0483  0.3422000200696330E+000
 0484  0.3422000198432429E+000
 0485  0.3422000196262767E+000
 0486  0.3422000194182173E+000
 0487  0.3422000192185840E+000
 0488  0.3422000190269295E+000
 0489  0.3422000188428366E+000
 0490  0.3422000186659161E+000
 0491  0.3422000184545577E+000
 0492  0.3422000182928769E+000
 0493  0.3422000180994864E+000
 0494  0.3422000179513746E+000
 0495  0.3422000177740128E+000
 0496  0.3422000176049956E+000
 0497  0.3422000174126691E+000
 0498  0.3422000172605923E+000
 0499  0.3422000170872798E+000
 0500  0.3422000169500391E+000
 0501  0.3422000167934193E+000
 0502  0.3422000166213730E+000
 0503  0.3422000164824195E+000
 0504  0.3422000163295176E+000
 0505  0.3422000161859330E+000
 0506  0.3422000160324631E+000
 0507  0.3422000159067717E+000
 0508  0.3422000157560814E+000
 0509  0.3422000156168035E+000
 0510  0.3422000154879248E+000
 0511  0.3422000153558860E+000
 0512  0.3422000152230494E+000
 0513  0.3422000151019695E+000
 0514  0.3422000149725200E+000
 0515  0.3422000148479127E+000
 0516  0.3422000147294278E+000
 0517  0.3422000146051700E+000
 0518  0.3422000144868346E+000
 0519  0.3422000143723454E+000
 0520  0.3422000142549873E+000
 0521  0.3422000141560215E+000
 0522  0.3422000141560215E+000
 0523  0.3422000141560215E+000
 0524  0.3422000141560215E+000
 0525  0.3422000141560215E+000
 0526  0.3422000141560215E+000
 0527  0.3422000141560215E+000
 0528  0.3422000141560215E+000
 0529  0.3422000141560215E+000
 0530  0.3422000141560215E+000
 0531  0.3422000141560215E+000
 0532  0.3422000141560215E+000
 0533  0.3422000141560215E+000
 0534  0.3422000141560215E+000
 0535  0.3422000141560215E+000
 0536  0.3422000141560215E+000
 0537  0.3422000141560215E+000
 0538  0.3422000141560215E+000
 0539  0.3422000141560215E+000
 0540  0.3422000141560215E+000
 0541  0.3422000141560215E+000
 0542  0.3422000141560215E+000
 0543  0.3422000141560215E+000
 0544  0.3422000141560215E+000
 0545  0.3422000141560215E+000
 0546  0.3422000141560215E+000
 0547  0.3422000141560215E+000
 0548  0.3422000141560215E+000
 0549  0.3422000141560215E+000
 0550  0.3422000141560215E+000
 0551  0.3422000141560215E+000
 0552  0.3422000141560215E+000
 0553  0.3422000141560215E+000
 0554  0.3422000141560215E+000
 0555  0.3422000141560215E+000
 0556  0.3422000141560215E+000
 0557  0.3422000141560215E+000
 0558  0.3422000141560215E+000
 0559  0.3422000141560215E+000
 0560  0.3422000141560215E+000
 0561  0.3422000141560215E+000
 0562  0.3422000141560215E+000
 0563  0.3422000141560215E+000
 0564  0.3422000141560215E+000
 0565  0.3422000141560215E+000
 0566  0.3422000141560215E+000
 0567  0.3422000141560215E+000
 0568  0.3422000141560215E+000
 0569  0.3422000141560215E+000
 0570  0.3422000141560215E+000
 0571  0.3422000141560215E+000
 0572  0.3422000141560215E+000
 0573  0.3422000141560215E+000
 0574  0.3422000141560215E+000
 0575  0.3422000141560215E+000
 0576  0.3422000141560215E+000
 0577  0.3422000141560215E+000
 0578  0.3422000141560215E+000
 0579  0.3422000141560215E+000
 0580  0.3422000141560215E+000
 0581  0.3422000141560215E+000
 0582  0.3422000141560215E+000
 0583  0.3422000141560215E+000
 0584  0.3422000141560215E+000
 0585  0.3422000141560215E+000
 0586  0.3422000141560215E+000
 0587  0.3422000141560215E+000
 0588  0.3422000141560215E+000
 0589  0.3422000141560215E+000
 0590  0.3422000141560215E+000
 0591  0.3422000141560215E+000
 0592  0.3422000141560215E+000
 0593  0.3422000141560215E+000
 0594  0.3422000141560215E+000
 0595  0.3422000141560215E+000
 0596  0.3422000141560215E+000
 0597  0.3422000141560215E+000
 0598  0.3422000141560215E+000
 0599  0.3422000141560215E+000
 0600  0.3422000141560215E+000
 0601  0.3422000141560215E+000
 0602  0.3422000141560215E+000
 0603  0.3422000141560215E+000
 0604  0.3422000141560215E+000
 0605  0.3422000141560215E+000
 0606  0.3422000141560215E+000
 0607  0.3422000141560215E+000
 0608  0.3422000141560215E+000
 0609  0.3422000141560215E+000
 0610  0.3422000141560215E+000
 0611  0.3422000141560215E+000
 0612  0.3422000141560215E+000
 0613  0.3422000141560215E+000
 0614  0.3422000141560215E+000
 0615  0.3422000141560215E+000
 0616  0.3422000141560215E+000
 0617  0.3422000141560215E+000
 0618  0.3422000141560215E+000
 0619  0.3422000141560215E+000
 0620  0.3422000141560215E+000
 0621  0.3422000141560215E+000
 0622  0.3422000141560215E+000
 0623  0.3422000141560215E+000
 0624  0.3422000141560215E+000
 0625  0.3422000141560215E+000
 0626  0.3422000141560215E+000
 0627  0.3422000141560215E+000
 0628  0.3422000141560215E+000
 0629  0.3422000141560215E+000
 0630  0.3422000141560215E+000
 0631  0.3422000141560215E+000
 0632  0.3422000141560215E+000
 0633  0.3422000141560215E+000
 0634  0.3422000141560215E+000
 0635  0.3422000141560215E+000
 0636  0.3422000141560215E+000
 0637  0.3422000141560215E+000
 0638  0.3422000141560215E+000
 0639  0.3422000141560215E+000
 0640  0.3422000141560215E+000
 0641  0.3422000141560215E+000
 0642  0.3422000141560215E+000
 0643  0.3422000141560215E+000
 0644  0.3422000141560215E+000
 0645  0.3422000141560215E+000
 0646  0.3422000141560215E+000
 0647  0.3422000141560215E+000
 0648  0.3422000141560215E+000
 0649  0.3422000141560215E+000
 0650  0.3422000141560215E+000
 0651  0.3422000141560215E+000
 0652  0.3422000141560215E+000
 0653  0.3422000141560215E+000
 0654  0.3422000141560215E+000
 0655  0.3422000141560215E+000
 0656  0.3422000141560215E+000
 0657  0.3422000141560215E+000
 0658  0.3422000141560215E+000
 0659  0.3422000141560215E+000
 0660  0.3422000141560215E+000
 0661  0.3422000141560215E+000
 0662  0.3422000141560215E+000
 0663  0.3422000141560215E+000
 0664  0.3422000141560215E+000
 0665  0.3422000141560215E+000
 0666  0.3422000141560215E+000
 0667  0.3422000141560215E+000
 0668  0.3422000141560215E+000
 0669  0.3422000141560215E+000
 0670  0.3422000141560215E+000
 0671  0.3422000141560215E+000
 0672  0.3422000141560215E+000
 0673  0.3422000141560215E+000
 0674  0.3422000141560215E+000
 0675  0.3422000141560215E+000
 0676  0.3422000141560215E+000
 0677  0.3422000141560215E+000
 0678  0.3422000141560215E+000
 0679  0.3422000141560215E+000
 0680  0.3422000141560215E+000
 0681  0.3422000141560215E+000
 0682  0.3422000141560215E+000
 0683  0.3422000141560215E+000
 0684  0.3422000141560215E+000
 0685  0.3422000141560215E+000
 0686  0.3422000141560215E+000
 0687  0.3422000141560215E+000
 0688  0.3422000141560215E+000
 0689  0.3422000141560215E+000
 0690  0.3422000141560215E+000
 0691  0.3422000141560215E+000
 0692  0.3422000141560215E+000
 0693  0.3422000141560215E+000
 0694  0.3422000141560215E+000
 0695  0.3422000141560215E+000
 0696  0.3422000141560215E+000
 0697  0.3422000141560215E+000
 0698  0.3422000141560215E+000
 0699  0.3422000141560215E+000
 0700  0.3422000141560215E+000
 0701  0.3422000141560215E+000
 0702  0.3422000141560215E+000
 0703  0.3422000141560215E+000
 0704  0.3422000141560215E+000
 0705  0.3422000141560215E+000
 0706  0.3422000141560215E+000
 0707  0.3422000141560215E+000
 0708  0.3422000141560215E+000
 0709  0.3422000141560215E+000
 0710  0.3422000141560215E+000
 0711  0.3422000141560215E+000
 0712  0.3422000141560215E+000
 0713  0.3422000141560215E+000
 0714  0.3422000141560215E+000
 0715  0.3422000141560215E+000
 0716  0.3422000141560215E+000
 0717  0.3422000141560215E+000
 0718  0.3422000141560215E+000
 0719  0.3422000141560215E+000
 0720  0.3422000141560215E+000
 0721  0.3422000141560215E+000
 0722  0.3422000141560215E+000
 0723  0.3422000141560215E+000
 0724  0.3422000141560215E+000
 0725  0.3422000141560215E+000
 0726  0.3422000141560215E+000
 0727  0.3422000141560215E+000
 0728  0.3422000141560215E+000
 0729  0.3422000141560215E+000
 0730  0.3422000141560215E+000
 0731  0.3422000141560215E+000
 0732  0.3422000141560215E+000
 0733  0.3422000141560215E+000
 0734  0.3422000141560215E+000
 0735  0.3422000141560215E+000
 0736  0.3422000141560215E+000
 0737  0.3422000141560215E+000
 0738  0.3422000141560215E+000
 0739  0.3422000141560215E+000
 0740  0.3422000141560215E+000
 0741  0.3422000141560215E+000
 0742  0.3422000141560215E+000
 0743  0.3422000141560215E+000
 0744  0.3422000141560215E+000
 0745  0.3422000141560215E+000
 0746  0.3422000141560215E+000
 0747  0.3422000141560215E+000
 0748  0.3422000141560215E+000
 0749  0.3422000141560215E+000
 0750  0.3422000141560215E+000
 0751  0.3422000141560215E+000
 0752  0.3422000141560215E+000
 0753  0.3422000141560215E+000
 0754  0.3422000141560215E+000
 0755  0.3422000141560215E+000
 0756  0.3422000141560215E+000
 0757  0.3422000141560215E+000
 0758  0.3422000141560215E+000
 0759  0.3422000141560215E+000
 0760  0.3422000141560215E+000
 0761  0.3422000141560215E+000
 0762  0.3422000141560215E+000
 0763  0.3422000141560215E+000
 0764  0.3422000141560215E+000
 0765  0.3422000141560215E+000
 0766  0.3422000141560215E+000
 0767  0.3422000141560215E+000
 0768  0.3422000141560215E+000
 0769  0.3422000141560215E+000
 0770  0.3422000141560215E+000
 0771  0.3422000141560215E+000
 0772  0.3422000141560215E+000
 0773  0.3422000141560215E+000
 0774  0.3422000141560215E+000
 0775  0.3422000141560215E+000
 0776  0.3422000141560215E+000
 0777  0.3422000141560215E+000
 0778  0.3422000141560215E+000
 0779  0.3422000141560215E+000
 0780  0.3422000141560215E+000
 0781  0.3422000141560215E+000
 0782  0.3422000141560215E+000
 0783  0.3422000141560215E+000
 0784  0.3422000141560215E+000
 0785  0.3422000141560215E+000
 0786  0.3422000141560215E+000
 0787  0.3422000141560215E+000
 0788  0.3422000141560215E+000
 0789  0.3422000141560215E+000
 0790  0.3422000141560215E+000
 0791  0.3422000141560215E+000
 0792  0.3422000141560215E+000
 0793  0.3422000141560215E+000
 0794  0.3422000141560215E+000
 0795  0.3422000141560215E+000
 0796  0.3422000141560215E+000
 0797  0.3422000141560215E+000
 0798  0.3422000141560215E+000
 0799  0.3422000141560215E+000
 0800  0.3422000141560215E+000
 0801  0.3422000141560215E+000
 0802  0.3422000141560215E+000
 0803  0.3422000141560215E+000
 0804  0.3422000141560215E+000
 0805  0.3422000141560215E+000
 0806  0.3422000141560215E+000
 0807  0.3422000141560215E+000
 0808  0.3422000141560215E+000
 0809  0.3422000141560215E+000
 0810  0.3422000141560215E+000
 0811  0.3422000141560215E+000
 0812  0.3422000141560215E+000
 0813  0.3422000141560215E+000
 0814  0.3422000141560215E+000
 0815  0.3422000141560215E+000
 0816  0.3422000141560215E+000
 0817  0.3422000141560215E+000
 0818  0.3422000141560215E+000
 0819  0.3422000141560215E+000
 0820  0.3422000141560215E+000
 0821  0.3422000141560215E+000
 0822  0.3422000141560215E+000
 0823  0.3422000141560215E+000
 0824  0.3422000141560215E+000
 0825  0.3422000141560215E+000
 0826  0.3422000141560215E+000
 0827  0.3422000141560215E+000
 0828  0.3422000141560215E+000
 0829  0.3422000141560215E+000
 0830  0.3422000141560215E+000
 0831  0.3422000141560215E+000
 0832  0.3422000141560215E+000
 0833  0.3422000141560215E+000
 0834  0.3422000141560215E+000
 0835  0.3422000141560215E+000
 0836  0.3422000141560215E+000
 0837  0.3422000141560215E+000
 0838  0.3422000141560215E+000
 0839  0.3422000141560215E+000
 0840  0.3422000141560215E+000
 0841  0.3422000141560215E+000
 0842  0.3422000141560215E+000
 0843  0.3422000141560215E+000
 0844  0.3422000141560215E+000
 0845  0.3422000141560215E+000
 0846  0.3422000141560215E+000
 0847  0.3422000141560215E+000
 0848  0.3422000141560215E+000
 0849  0.3422000141560215E+000
 0850  0.3422000141560215E+000
 0851  0.3422000141560215E+000
 0852  0.3422000141560215E+000
 0853  0.3422000141560215E+000
 0854  0.3422000141560215E+000
 0855  0.3422000141560215E+000
 0856  0.3422000141560215E+000
 0857  0.3422000141560215E+000
 0858  0.3422000141560215E+000
 0859  0.3422000141560215E+000
 0860  0.3422000141560215E+000
 0861  0.3422000141560215E+000
 0862  0.3422000141560215E+000
 0863  0.3422000141560215E+000
 0864  0.3422000141560215E+000
 0865  0.3422000141560215E+000
 0866  0.3422000141560215E+000
 0867  0.3422000141560215E+000
 0868  0.3422000141560215E+000
 0869  0.3422000141560215E+000
 0870  0.3422000141560215E+000
 0871  0.3422000141560215E+000
 0872  0.3422000141560215E+000
 0873  0.3422000141560215E+000
 0874  0.3422000141560215E+000
 0875  0.3422000141560215E+000
 0876  0.3422000141560215E+000
 0877  0.3422000141560215E+000
 0878  0.3422000141560215E+000
 0879  0.3422000141560215E+000
 0880  0.3422000141560215E+000
 0881  0.3422000141560215E+000
 0882  0.3422000141560215E+000
 0883  0.3422000141560215E+000
 0884  0.3422000141560215E+000
 0885  0.3422000141560215E+000
 0886  0.3422000141560215E+000
 0887  0.3422000141560215E+000
 0888  0.3422000141560215E+000
 0889  0.3422000141560215E+000
 0890  0.3422000141560215E+000
 0891  0.3422000141560215E+000
 0892  0.3422000141560215E+000
 0893  0.3422000141560215E+000
 0894  0.3422000141560215E+000
 0895  0.3422000141560215E+000
 0896  0.3422000141560215E+000
 0897  0.3422000141560215E+000
 0898  0.3422000141560215E+000
 0899  0.3422000141560215E+000
 0900  0.3422000141560215E+000
 0901  0.3422000141560215E+000
 0902  0.3422000141560215E+000
 0903  0.3422000141560215E+000
 0904  0.3422000141560215E+000
 0905  0.3422000141560215E+000
 0906  0.3422000141560215E+000
 0907  0.3422000141560215E+000
 0908  0.3422000141560215E+000
 0909  0.3422000141560215E+000
 0910  0.3422000141560215E+000
 0911  0.3422000141560215E+000
 0912  0.3422000141560215E+000
 0913  0.3422000141560215E+000
 0914  0.3422000141560215E+000
 0915  0.3422000141560215E+000
 0916  0.3422000141560215E+000
 0917  0.3422000141560215E+000
 0918  0.3422000141560215E+000
 0919  0.3422000141560215E+000
 0920  0.3422000141560215E+000
 0921  0.3422000141560215E+000
 0922  0.3422000141560215E+000
 0923  0.3422000141560215E+000
 0924  0.3422000141560215E+000
 0925  0.3422000141560215E+000
 0926  0.3422000141560215E+000
 0927  0.3422000141560215E+000
 0928  0.3422000141560215E+000
 0929  0.3422000141560215E+000
 0930  0.3422000141560215E+000
 0931  0.3422000141560215E+000
 0932  0.3422000141560215E+000
 0933  0.3422000141560215E+000
 0934  0.3422000141560215E+000
 0935  0.3422000141560215E+000
 0936  0.3422000141560215E+000
 0937  0.3422000141560215E+000
 0938  0.3422000141560215E+000
 0939  0.3422000141560215E+000
 0940  0.3422000141560215E+000
 0941  0.3422000141560215E+000
 0942  0.3422000141560215E+000
 0943  0.3422000141560215E+000
 0944  0.3422000141560215E+000
 0945  0.3422000141560215E+000
 0946  0.3422000141560215E+000
 0947  0.3422000141560215E+000
 0948  0.3422000141560215E+000
 0949  0.3422000141560215E+000
 0950  0.3422000141560215E+000
 0951  0.3422000141560215E+000
 0952  0.3422000141560215E+000
 0953  0.3422000141560215E+000
 0954  0.3422000141560215E+000
 0955  0.3422000141560215E+000
 0956  0.3422000141560215E+000
 0957  0.3422000141560215E+000
 0958  0.3422000141560215E+000
 0959  0.3422000141560215E+000
 0960  0.3422000141560215E+000
 0961  0.3422000141560215E+000
 0962  0.3422000141560215E+000
 0963  0.3422000141560215E+000
 0964  0.3422000141560215E+000
 0965  0.3422000141560215E+000
 0966  0.3422000141560215E+000
 0967  0.3422000141560215E+000
 0968  0.3422000141560215E+000
 0969  0.3422000141560215E+000
 0970  0.3422000141560215E+000
 0971  0.3422000141560215E+000
 0972  0.3422000141560215E+000
 0973  0.3422000141560215E+000
 0974  0.3422000141560215E+000
 0975  0.3422000141560215E+000
 0976  0.3422000141560215E+000
 0977  0.3422000141560215E+000
 0978  0.3422000141560215E+000
 0979  0.3422000141560215E+000
 0980  0.3422000141560215E+000
 0981  0.3422000141560215E+000
 0982  0.3422000141560215E+000
 0983  0.3422000141560215E+000
 0984  0.3422000141560215E+000
 0985  0.3422000141560215E+000
 0986  0.3422000141560215E+000
 0987  0.3422000141560215E+000
 0988  0.3422000141560215E+000
 0989  0.3422000141560215E+000
 0990  0.3422000141560215E+000
 0991  0.3422000141560215E+000
 0992  0.3422000141560215E+000
 0993  0.3422000141560215E+000
 0994  0.3422000141560215E+000
 0995  0.3422000141560215E+000
 0996  0.3422000141560215E+000
 0997  0.3422000141560215E+000
 0998  0.3422000141560215E+000
 0999  0.3422000141560215E+000
 1000  0.3422000141560215E+000
