  0.0000000000E+000  0.0000000000E+000
  1.7001746981E+003  2.6487732451E+037
  3.4002368147E+003  3.9571470883E+038
  5.1002664446E+003  3.0138211718E+038
  6.8001632107E+003  2.4812830826E+038
  8.5001720201E+003  2.1443319088E+038
  1.0200218154E+004  1.9124580617E+038
  1.1900178112E+004  1.7427061785E+038
  1.3600229726E+004  1.6123001368E+038
  1.5300141020E+004  1.5085662158E+038
  1.7000190550E+004  1.4237427679E+038
  1.8700246206E+004  1.3528552862E+038
  2.0400168693E+004  1.2924314778E+038
  2.2100151655E+004  1.2395306023E+038
  2.3800257284E+004  1.1924041416E+038
  2.5500168438E+004  1.1510750351E+038
  2.7200250377E+004  1.1141246498E+038
  2.8900226106E+004  1.0814943724E+038
  3.0600194510E+004  1.0519157737E+038
  3.2300246381E+004  1.0249333606E+038
  3.4000190263E+004  1.0001713425E+038
  3.5700209666E+004  9.7748991649E+037
  3.7400158660E+004  9.5683923003E+037
  3.9100194561E+004  9.3761224648E+037
  4.0800244753E+004  9.2009452450E+037
  4.2500143052E+004  9.0376665013E+037
  4.4200225416E+004  8.8809243813E+037
  4.5900232418E+004  8.7340975564E+037
  4.7600148871E+004  8.5982880058E+037
  4.9300219071E+004  8.4701439919E+037
  5.1000191118E+004  8.3460696007E+037
  5.2700236761E+004  8.2317078194E+037
  5.4400189849E+004  8.1247722788E+037
  5.6100263659E+004  8.0047385480E+037
  5.7800279558E+004  7.7845937456E+037
  5.9500149205E+004  7.6821586653E+037
  6.1200230590E+004  7.6053621373E+037
  6.2900218611E+004  7.5217969922E+037
  6.4600233992E+004  7.4425315153E+037
  6.6300214363E+004  7.3688624549E+037
  6.8000266578E+004  7.2999232549E+037
  6.9700182264E+004  7.2350454812E+037
  7.1400198484E+004  7.1707423345E+037
  7.3100172757E+004  7.1112399038E+037
  7.4800149852E+004  7.0545716267E+037
  7.6500196733E+004  7.0008824646E+037
  7.8200180731E+004  6.9500369772E+037
  7.9900197563E+004  6.9018001011E+037
  8.1600220310E+004  6.8502805567E+037
  8.3300269242E+004  6.8038372353E+037
  8.5000260154E+004  6.7600194877E+037
  8.6700267618E+004  6.7181964982E+037
  8.8400158028E+004  6.6782046165E+037
  9.0100248701E+004  6.6400479403E+037
  9.1800153164E+004  6.6030543745E+037
  9.3500271695E+004  6.5664390339E+037
  9.5200189412E+004  6.5297229601E+037
  9.6900227774E+004  6.4943163601E+037
  9.8600186702E+004  6.4605479574E+037
  1.0030024201E+005  6.4273186274E+037
  1.0200024933E+005  6.3948470315E+037
  1.0370027078E+005  6.3652194018E+037
  1.0540017071E+005  6.3373533207E+037
  1.0710014273E+005  6.3108027208E+037
  1.0880016616E+005  6.2851515894E+037
  1.1050027308E+005  6.2609033221E+037
  1.1220017192E+005  6.2379253992E+037
  1.1390026333E+005  6.2152096726E+037
  1.1560026070E+005  6.1929631260E+037
  1.1730025433E+005  6.1712520706E+037
  1.1900027973E+005  6.1395517017E+037
  1.2070015030E+005  6.1135382391E+037
  1.2240018149E+005  6.0879928228E+037
  1.2410019510E+005  6.0638352272E+037
  1.2580016822E+005  6.0414919753E+037
  1.2750022116E+005  6.0208022475E+037
  1.2920021622E+005  6.0012594938E+037
  1.3090018665E+005  5.9842458920E+037
  1.3260026867E+005  5.9506027377E+037
  1.3430020116E+005  5.9364366055E+037
  1.3600024186E+005  5.9222019344E+037
  1.3770014801E+005  5.9082473322E+037
  1.3940022795E+005  5.8947047826E+037
  1.4110023348E+005  5.8788252743E+037
  1.4280016368E+005  5.8661053012E+037
  1.4450027761E+005  5.8540591615E+037
  1.4620015101E+005  5.8427626607E+037
  1.4790018430E+005  5.8321302394E+037
  1.4960026280E+005  5.8221019077E+037
  1.5130020650E+005  5.8098188211E+037
  1.5300017405E+005  5.7995416118E+037
  1.5470026713E+005  5.7902606853E+037
  1.5640020873E+005  5.7816310580E+037
  1.5810025555E+005  5.7735632524E+037
  1.5980026700E+005  5.7660229771E+037
  1.6150025448E+005  5.7597450247E+037
  1.6320021136E+005  5.7521986880E+037
  1.6490014111E+005  5.7447081116E+037
  1.6660018682E+005  5.7377457616E+037
  1.6830022153E+005  5.7314707754E+037
  1.7000026350E+005  5.7242650380E+037
  1.7170019588E+005  5.7219258934E+037
  1.7340016694E+005  5.7184164945E+037
  1.7510017782E+005  5.7154636423E+037
  1.7680023861E+005  5.7129586798E+037
  1.7850018631E+005  5.7108983662E+037
  1.8020017389E+005  5.7073202593E+037
  1.8190017578E+005  5.7042629802E+037
  1.8360020374E+005  5.7020631603E+037
  1.8530023155E+005  5.7004502836E+037
  1.8700026875E+005  5.6995358298E+037
  1.8870014829E+005  5.6993059576E+037
  1.9040015250E+005  5.6990085242E+037
  1.9210026775E+005  5.6994323251E+037
  1.9380021407E+005  5.7018767285E+037
  1.9550028093E+005  5.7046792672E+037
  1.9720018155E+005  5.7078292289E+037
  1.9890021053E+005  5.7114546414E+037
  2.0060022627E+005  5.7098432949E+037
  2.0230025014E+005  5.7132248988E+037
  2.0400015420E+005  5.7170030887E+037
  2.0570023428E+005  5.7216340664E+037
  2.0740020552E+005  5.7269795713E+037
  2.0910021005E+005  5.7328563030E+037
  2.1080024724E+005  5.7453644255E+037
  2.1250017394E+005  5.7523697875E+037
  2.1420027059E+005  5.7604032125E+037
  2.1590023549E+005  5.7689468834E+037
  2.1760020700E+005  5.7779035065E+037
  2.1930017714E+005  5.7872383359E+037
  2.2100014592E+005  5.7964057318E+037
  2.2270024151E+005  5.8063790960E+037
  2.2440017015E+005  5.8163692270E+037
  2.2610021819E+005  5.8267862602E+037
  2.2780024185E+005  5.8376744513E+037
  2.2950025159E+005  5.8490427907E+037
  2.3120024491E+005  5.8588602190E+037
  2.3290023863E+005  5.8710434808E+037
  2.3460023143E+005  5.8834929591E+037
  2.3630024683E+005  5.8964606232E+037
  2.3800027826E+005  5.9099445193E+037
  2.3970020221E+005  5.9239032780E+037
  2.4140015902E+005  5.9382306142E+037
  2.4310015146E+005  5.9646411326E+037
  2.4480016862E+005  5.9794507430E+037
  2.4650020198E+005  5.9943203184E+037
  2.4820024377E+005  6.0094118116E+037
  2.4990015746E+005  6.0248320526E+037
  2.5160021986E+005  6.0373420785E+037
  2.5330027992E+005  6.0516341091E+037
  2.5500017991E+005  6.0662781736E+037
  2.5670020108E+005  6.0814872547E+037
  2.5840019895E+005  6.0972941534E+037
  2.6010019021E+005  6.1145570747E+037
  2.6180016065E+005  6.1314064419E+037
  2.6350026819E+005  6.1487963090E+037
  2.6520022143E+005  6.1773563320E+037
  2.6690018273E+005  6.1933071091E+037
  2.6860015271E+005  6.2101942918E+037
  2.7030015244E+005  6.2272135998E+037
  2.7200017414E+005  6.2440828180E+037
  2.7370022928E+005  6.2614103994E+037
  2.7540016765E+005  6.2792294326E+037
  2.7710026922E+005  6.2976165768E+037
  2.7880024851E+005  6.3165624104E+037
  2.8050024195E+005  6.3347703422E+037
  2.8220024601E+005  6.3548085398E+037
  2.8390025329E+005  6.3869337713E+037
  2.8560025567E+005  6.4076893441E+037
  2.8730024622E+005  6.4286635844E+037
  2.8900021774E+005  6.4498749977E+037
  2.9070017816E+005  6.4711066924E+037
  2.9240026292E+005  6.4922350271E+037
  2.9410019765E+005  6.5136670403E+037
  2.9580025705E+005  6.5350140187E+037
  2.9750017630E+005  6.5566894046E+037
  2.9920023338E+005  6.5777607570E+037
  3.0090017162E+005  6.5985338547E+037
  3.0260026700E+005  6.6337882371E+037
  3.0430024522E+005  6.6564206896E+037
  3.0600024740E+005  6.6793203296E+037
  3.0770027599E+005  6.7025590259E+037
  3.0940018503E+005  6.7261453803E+037
  3.1110025283E+005  6.7494384312E+037
  3.1280019376E+005  6.7731282093E+037
  3.1450028178E+005  6.7973268586E+037
  3.1620023601E+005  6.8210883597E+037
  3.1790018379E+005  6.8446390586E+037
  3.1960026174E+005  6.8684561966E+037
  3.2130018847E+005  6.8905491011E+037
  3.2300024195E+005  6.9147811442E+037
  3.2470014610E+005  6.9510828871E+037
  3.2640017215E+005  6.9761318368E+037
  3.2810019225E+005  7.0014335518E+037
  3.2980020732E+005  7.0269624562E+037
  3.3150023359E+005  7.0464369377E+037
  3.3320026855E+005  7.0710624434E+037
  3.3490018297E+005  7.0961843880E+037
  3.3660025140E+005  7.1216359826E+037
  3.3830020545E+005  7.1472327853E+037
  3.4000018665E+005  7.1783474253E+037
  3.4170018618E+005  7.2021988084E+037
  3.4340020567E+005  7.2272367042E+037
  3.4510023230E+005  7.2521464235E+037
  3.4680026841E+005  7.2770563049E+037
  3.4850016516E+005  7.3136364405E+037
  3.5020020505E+005  7.3298782061E+037
  3.5190023503E+005  7.3533178723E+037
  3.5360025489E+005  7.3769053280E+037
  3.5530026293E+005  7.4008214782E+037
  3.5700025365E+005  7.4250124179E+037
  3.5870023960E+005  7.4494596336E+037
  3.6040021497E+005  7.4738992526E+037
  3.6210019523E+005  7.5002965554E+037
  3.6380017418E+005  7.5257835487E+037
  3.6550016690E+005  7.5512050980E+037
  3.6720017083E+005  7.5757314070E+037
  3.6890019557E+005  7.5995884222E+037
  3.7060024423E+005  7.6264600191E+037
  3.7230017574E+005  7.6503931656E+037
  3.7400026670E+005  7.6753226606E+037
  3.7570022744E+005  7.7003498024E+037
  3.7740020262E+005  7.7253184116E+037
  3.7910018191E+005  7.7500240289E+037
  3.8080017309E+005  7.7715707282E+037
  3.8250016030E+005  7.7963613255E+037
  3.8420027877E+005  7.8209450723E+037
  3.8590024623E+005  7.8562457981E+037
  3.8760020227E+005  7.8784878196E+037
  3.8930015311E+005  7.9004858270E+037
  3.9100023281E+005  7.9250259679E+037
  3.9270016866E+005  7.9448653737E+037
  3.9440023914E+005  7.9655458571E+037
  3.9610017743E+005  7.9868114880E+037
  3.9780026286E+005  8.0084661634E+037
  3.9950022425E+005  8.0298124701E+037
  4.0120020383E+005  8.0458317960E+037
  4.0290020321E+005  8.0669757951E+037
  4.0460022769E+005  8.0880134127E+037
  4.0630026145E+005  8.1090792386E+037
  4.0800017377E+005  8.1302127216E+037
  4.0970023476E+005  8.1514267654E+037
  4.1140017028E+005  8.1739481012E+037
  4.1310024626E+005  8.1955219493E+037
  4.1480018191E+005  8.2168568708E+037
  4.1650024728E+005  8.2381178955E+037
  4.1820016566E+005  8.2593745038E+037
  4.1990022033E+005  8.2806539579E+037
  4.2160026174E+005  8.2981361065E+037
  4.2330015723E+005  8.3184441367E+037
  4.2500018400E+005  8.3391599191E+037
  4.2670021241E+005  8.3599929064E+037
  4.2840024392E+005  8.3808344646E+037
  4.3010014515E+005  8.3957032887E+037
  4.3180020085E+005  8.4170811261E+037
  4.3350027274E+005  8.4377479308E+037
  4.3520022583E+005  8.4559616197E+037
  4.3690019146E+005  8.4754802281E+037
  4.3860018032E+005  8.4953240557E+037
  4.4030017676E+005  8.5107324873E+037
  4.4200019350E+005  8.5296140651E+037
  4.4370021093E+005  8.5485679089E+037
  4.4540023643E+005  8.5674142564E+037
  4.4710025618E+005  8.5861668468E+037
  4.4880027281E+005  8.6048292407E+037
  4.5050014299E+005  8.6312155103E+037
  4.5220014642E+005  8.6493135985E+037
  4.5390014215E+005  8.6674528050E+037
  4.5560026711E+005  8.6854734987E+037
  4.5730024897E+005  8.7034329712E+037
  4.5900022933E+005  8.7213702733E+037
  4.6070021780E+005  8.7392459039E+037
  4.6240021467E+005  8.7577433229E+037
  4.6410022028E+005  8.7761613206E+037
  4.6580024488E+005  8.7942813681E+037
  4.6750014182E+005  8.8121560155E+037
  4.6920020694E+005  8.8298360142E+037
  4.7090028122E+005  8.8399254454E+037
  4.7260023339E+005  8.8568056867E+037
  4.7430018940E+005  8.8732246816E+037
  4.7600015909E+005  8.8897034426E+037
  4.7770026943E+005  8.9063243587E+037
  4.7940024161E+005  8.9210366200E+037
  4.8110020906E+005  8.9427535782E+037
  4.8280016875E+005  8.9573496838E+037
  4.8450026551E+005  8.9723527646E+037
  4.8620020750E+005  8.9873797024E+037
  4.8790014704E+005  9.0023986499E+037
  4.8960022229E+005  9.0174062110E+037
  4.9130016043E+005  9.0286460161E+037
  4.9300024165E+005  9.0442383500E+037
  4.9470018789E+005  9.0596508419E+037
  4.9640014596E+005  9.0749175779E+037
  4.9810025970E+005  9.0900574437E+037
  4.9980025655E+005  9.1050851559E+037
  5.0150026471E+005  9.1196701863E+037
  5.0320015116E+005  9.1335659429E+037
  5.0490018404E+005  9.1481360847E+037
  5.0660023392E+005  9.1650288103E+037
  5.0830014818E+005  9.1959510018E+037
  5.1000020898E+005  9.3286328999E+037
  5.1170026995E+005  1.0538896575E+038
  5.1340018299E+005  2.0083199926E+039
  5.1510023484E+005  3.0222475775E+039
  5.1680027554E+005  3.6797239782E+039
  5.1850017362E+005  5.3125087025E+039
  5.2020020267E+005  8.3711563906E+039
  5.2190023371E+005  1.5892952201E+040
  5.2360026113E+005  2.5541225528E+040
  5.2530015194E+005  3.6947271968E+040
  5.2700019163E+005  6.2059645679E+040
  5.2870024172E+005  2.5593352857E+041
  5.3040017013E+005  8.1351692486E+041
  5.3210025255E+005  1.8375704471E+042
  5.3380021406E+005  3.4372055090E+042
  5.3550018361E+005  5.8181803858E+042
  5.3720016966E+005  8.8691074303E+042
  5.3890016536E+005  1.2941517497E+043
  5.4060017085E+005  1.7359126494E+043
  5.4230018005E+005  2.1887936818E+043
  5.4400018528E+005  2.5072378469E+043
  5.4570019095E+005  2.8608565425E+043
  5.4740018705E+005  3.1505570689E+043
  5.4910018577E+005  3.3578693729E+043
  5.5080017128E+005  3.4724652091E+043
  5.5250015580E+005  3.4920523338E+043
  5.5420027455E+005  3.4231319759E+043
  5.5590025531E+005  3.3514414297E+043
  5.5760023962E+005  3.1197546473E+043
  5.5930023149E+005  2.8559829941E+043
  5.6100023600E+005  2.5758804577E+043
  5.6270025146E+005  2.2922664622E+043
  5.6440014646E+005  2.0427246257E+043
  5.6610019161E+005  1.7830595636E+043
  5.6780025492E+005  1.5548786436E+043
  5.6950018751E+005  1.3581412203E+043
  5.7120027407E+005  1.1913253458E+043
  5.7290022684E+005  1.0491496717E+043
  5.7460017848E+005  9.2934716906E+042
  5.7630027525E+005  8.2869456087E+042
  5.7800022552E+005  7.4259012190E+042
  5.7970017857E+005  6.7024283793E+042
  5.8140026133E+005  6.2130889889E+042
  5.8310020039E+005  5.6783530156E+042
  5.8480026986E+005  5.2120366352E+042
  5.8650020184E+005  4.8032271751E+042
  5.8820027521E+005  4.4694846473E+042
  5.8990021055E+005  4.1936258829E+042
  5.9160015531E+005  3.9605239591E+042
  5.9330024693E+005  3.7587420092E+042
  5.9500021516E+005  3.5758251127E+042
  5.9670019544E+005  3.3994463760E+042
  5.9840019440E+005  3.2441011967E+042
  6.0010020402E+005  3.1214157671E+042
  6.0180022784E+005  3.0137176745E+042
  6.0350026054E+005  2.9156511769E+042
  6.0520015682E+005  2.8249487535E+042
  6.0690020207E+005  2.7393872250E+042
  6.0860024378E+005  2.6572790841E+042
  6.1030014952E+005  2.5749931141E+042
  6.1200018548E+005  2.4922379278E+042
  6.1370022153E+005  2.4059092062E+042
  6.1540024631E+005  2.3197654743E+042
  6.1710027161E+005  2.2528055313E+042
  6.1880015398E+005  2.2030456523E+042
  6.2050017872E+005  2.1547412075E+042
  6.2220020715E+005  2.1096218322E+042
  6.2390023900E+005  2.0656110500E+042
  6.2560014330E+005  2.0234956858E+042
  6.2730019897E+005  1.9820572371E+042
  6.2900027524E+005  1.9399775042E+042
  6.3070021978E+005  1.8991168960E+042
  6.3240017813E+005  1.8617121216E+042
  6.3410014775E+005  1.8251963933E+042
  6.3580026711E+005  1.7888205016E+042
  6.3750025664E+005  1.7545797241E+042
  6.3920024541E+005  1.7215790387E+042
  6.4090023988E+005  1.6880233960E+042
  6.4260022671E+005  1.6532030975E+042
  6.4430021653E+005  1.6180786586E+042
  6.4600019590E+005  1.5824944415E+042
  6.4770017471E+005  1.5447763299E+042
  6.4940014807E+005  1.5104937735E+042
  6.5110026277E+005  1.4921916226E+042
  6.5280023767E+005  1.4813282599E+042
  6.5450021190E+005  1.4686717723E+042
  6.5620019667E+005  1.4538391555E+042
  6.5790018948E+005  1.4372011906E+042
  6.5960019947E+005  1.4219737719E+042
  6.6130022018E+005  1.4070236480E+042
  6.6300025438E+005  1.3904240981E+042
  6.6470015855E+005  1.3740970772E+042
  6.6640021675E+005  1.3588000745E+042
  6.6810014724E+005  1.3428806794E+042
  6.6980022076E+005  1.3263660279E+042
  6.7150016175E+005  1.3101747635E+042
  6.7320023796E+005  1.2943050425E+042
  6.7490017873E+005  1.2795788194E+042
  6.7660025330E+005  1.2668801442E+042
  6.7830018628E+005  1.2548890490E+042
  6.8000025373E+005  1.2417859375E+042
  6.8170017778E+005  1.2277105454E+042
  6.8340024181E+005  1.2137568343E+042
  6.8510016338E+005  1.2004960158E+042
  6.8680023344E+005  1.1882332289E+042
  6.8850016567E+005  1.1772598586E+042
  6.9020025399E+005  1.1672279713E+042
  6.9190020851E+005  1.1571242801E+042
  6.9360017853E+005  1.1463957204E+042
  6.9530015971E+005  1.1354606779E+042
  6.9700015423E+005  1.1249441616E+042
  6.9870016289E+005  1.1148570121E+042
  7.0040017798E+005  1.1048257861E+042
  7.0210020186E+005  1.0947420670E+042
  7.0380022437E+005  1.0848145749E+042
  7.0550025348E+005  1.0752634090E+042
  7.0720027908E+005  1.0660929867E+042
  7.0890016488E+005  1.0572775055E+042
  7.1060018471E+005  1.0487593311E+042
  7.1230019976E+005  1.0403218054E+042
  7.1400021356E+005  1.0316415604E+042
  7.1570022487E+005  1.0224744373E+042
  7.1740024206E+005  1.0128001506E+042
  7.1910025752E+005  1.0028634042E+042
  7.2080014273E+005  9.9290914371E+041
  7.2250017397E+005  9.8312325926E+041
  7.2420022125E+005  9.7359111970E+041
  7.2590027882E+005  9.6425265297E+041
  7.2760020983E+005  9.5495434224E+041
  7.2930015278E+005  9.4586371161E+041
  7.3100024701E+005  9.3784780874E+041
  7.3270021130E+005  9.3237183609E+041
  7.3440017735E+005  9.3078151022E+041
  7.3610015204E+005  9.3238850287E+041
  7.3780026748E+005  9.3427375457E+041
  7.3950024417E+005  9.3480335524E+041
  7.4120021616E+005  9.3365579278E+041
  7.4290018266E+005  9.3104787743E+041
  7.4460014809E+005  9.2757986230E+041
  7.4630025112E+005  9.2394593244E+041
  7.4800021705E+005  9.2045380949E+041
  7.4970017831E+005  9.1699778159E+041
  7.5140014707E+005  9.1337072756E+041
  7.5310025805E+005  9.0952841039E+041
  7.5480024363E+005  9.0554143241E+041
  7.5650023722E+005  9.0150432008E+041
  7.5820024536E+005  8.9749303293E+041
  7.5990026453E+005  8.9359823650E+041
  7.6160015361E+005  8.8989677619E+041
  7.6330019624E+005  8.8639635492E+041
  7.6500024560E+005  8.8299717894E+041
  7.6670016302E+005  8.7956567604E+041
  7.6840022335E+005  8.7602158433E+041
  7.7010014697E+005  8.7234669613E+041
  7.7180020876E+005  8.6857703533E+041
  7.7350026810E+005  8.6476193645E+041
  7.7520018497E+005  8.6095165815E+041
  7.7690023799E+005  8.5721365365E+041
  7.7860015236E+005  8.5360042416E+041
  7.8030020232E+005  8.5014378956E+041
  7.8200025707E+005  8.4686366503E+041
  7.8370016915E+005  8.4373890620E+041
  7.8540023406E+005  8.4072049087E+041
  7.8710016488E+005  8.3774507285E+041
  7.8880024991E+005  8.3475211678E+041
  7.9050020403E+005  8.3171255200E+041
  7.9220016891E+005  8.2862309856E+041
  7.9390014692E+005  8.2550152200E+041
  7.9560027585E+005  8.2236375342E+041
  7.9730027591E+005  8.1922341614E+041
  7.9900027810E+005  8.1609310661E+041
  8.0070014548E+005  8.1299557289E+041
  8.0240015467E+005  8.0994905243E+041
  8.0410016432E+005  8.0696807461E+041
  8.0580017370E+005  8.0406135374E+041
  8.0750017796E+005  8.0124136617E+041
  8.0920018239E+005  7.9850767492E+041
  8.1090018154E+005  7.9584615293E+041
  8.1260018406E+005  7.9323844821E+041
  8.1430018292E+005  7.9067063835E+041
  8.1600019022E+005  7.8812166802E+041
  8.1770020151E+005  7.8557334921E+041
  8.1940022423E+005  7.8302390685E+041
  8.2110025524E+005  7.8047447471E+041
  8.2280015530E+005  7.7792517529E+041
  8.2450021063E+005  7.7537789126E+041
  8.2620027665E+005  7.7283771338E+041
  8.2790021503E+005  7.7030755207E+041
  8.2960015788E+005  7.6779041237E+041
  8.3130024891E+005  7.6529285725E+041
  8.3300020186E+005  7.6281997416E+041
  8.3470016024E+005  7.6037384695E+041
  8.3640025915E+005  7.5795908699E+041
  8.3810021372E+005  7.5557997802E+041
  8.3980016743E+005  7.5323751885E+041
  8.4150025594E+005  7.5093334739E+041
  8.4320020681E+005  7.4866743095E+041
  8.4490015399E+005  7.4643607118E+041
  8.4660024635E+005  7.4423579484E+041
  8.4830019903E+005  7.4206292680E+041
  8.5000015987E+005  7.3991351273E+041
  8.5170026825E+005  7.3778407636E+041
  8.5340024643E+005  7.3567333783E+041
  8.5510023729E+005  7.3357904866E+041
  8.5680023844E+005  7.3150129743E+041
  8.5850025362E+005  7.2944030047E+041
  8.6020027522E+005  7.2739557357E+041
  8.6190016598E+005  7.2536849389E+041
  8.6360020222E+005  7.2335873680E+041
  8.6530024510E+005  7.2136637607E+041
  8.6700015020E+005  7.1939101373E+041
  8.6870019467E+005  7.1743263988E+041
  8.7040023859E+005  7.1549081913E+041
  8.7210027731E+005  7.1356721431E+041
  8.7380017664E+005  7.1166253026E+041
  8.7550021384E+005  7.0977676727E+041
  8.7720025402E+005  7.0791081654E+041
  8.7890015012E+005  7.0606506757E+041
  8.8060019293E+005  7.0423997862E+041
  8.8230024121E+005  7.0243539920E+041
  8.8400015764E+005  7.0065080078E+041
  8.8570022644E+005  6.9888521945E+041
  8.8740016308E+005  6.9713775493E+041
  8.8910025392E+005  6.9540673469E+041
  8.9080021248E+005  6.9369173167E+041
  8.9250018353E+005  6.9199170217E+041
  8.9420016001E+005  6.9030527405E+041
  8.9590014503E+005  6.8863076628E+041
  8.9760027509E+005  6.8696752174E+041
  8.9930026649E+005  6.8531500492E+041
  9.0100025808E+005  6.8367106128E+041
  9.0270024590E+005  6.8203408736E+041
  9.0440023538E+005  6.8040340154E+041
  9.0610022116E+005  6.7877925268E+041
  9.0780020845E+005  6.7716184730E+041
  9.0950019213E+005  6.7555172663E+041
  9.1120017768E+005  6.7394941506E+041
  9.1290016727E+005  6.7235499370E+041
  9.1460016484E+005  6.7076940534E+041
  9.1630017076E+005  6.6919263852E+041
  9.1800018415E+005  6.6762464955E+041
  9.1970021014E+005  6.6606575135E+041
  9.2140024436E+005  6.6451612788E+041
  9.2310015238E+005  6.6297647093E+041
  9.2480020875E+005  6.6144726591E+041
  9.2650027468E+005  6.5992797944E+041
  9.2820020453E+005  6.5841791607E+041
  9.2990028036E+005  6.5691767174E+041
  9.3160021750E+005  6.5542805999E+041
  9.3330015469E+005  6.5394948402E+041
  9.3500023362E+005  6.5248229848E+041
  9.3670016845E+005  6.5102701685E+041
  9.3840024460E+005  6.4958376634E+041
  9.4010017591E+005  6.4815327199E+041
  9.4180024948E+005  6.4673543683E+041
  9.4350018341E+005  6.4533033211E+041
  9.4520026290E+005  6.4393808825E+041
  9.4690020886E+005  6.4256967500E+041
  9.4860015982E+005  6.4121373544E+041
  9.5030026294E+005  6.3986936358E+041
  9.5200023299E+005  6.3853698913E+041
  9.5370021811E+005  6.3721651710E+041
  9.5540021159E+005  6.3590793096E+041
  9.5710021703E+005  6.3461097808E+041
  9.5880022627E+005  6.3332562304E+041
  9.6050024339E+005  6.3205177352E+041
  9.6220026529E+005  6.3078919129E+041
  9.6390014949E+005  6.2953768167E+041
  9.6560017579E+005  6.2829594802E+041
  9.6730019932E+005  6.2706341518E+041
  9.6900022225E+005  6.2584018410E+041
  9.7070024320E+005  6.2462616901E+041
  9.7240026440E+005  6.2342133385E+041
  9.7410014418E+005  6.2222570217E+041
  9.7580016638E+005  6.2103886525E+041
  9.7750019348E+005  6.1986098410E+041
  9.7920022496E+005  6.1869341839E+041
  9.8090026575E+005  6.1753550634E+041
  9.8260017178E+005  6.1638613664E+041
  9.8430023333E+005  6.1524519292E+041
  9.8600016221E+005  6.1411301504E+041
  9.8770024488E+005  6.1298939479E+041
  9.8940019215E+005  6.1187455315E+041
  9.9110014857E+005  6.1076855436E+041
  9.9280025287E+005  6.0967109491E+041
  9.9450022221E+005  6.0858229745E+041
  9.9620019371E+005  6.0750138869E+041
  9.9790016407E+005  6.0642825345E+041
  9.9960027546E+005  6.0536344942E+041
  1.0013002446E+006  6.0430705093E+041
  1.0030002144E+006  6.0325908963E+041
  1.0047001824E+006  6.0221950475E+041
  1.0064001502E+006  6.0118831711E+041
  1.0081002611E+006  6.0016546623E+041
  1.0098002335E+006  5.9915044732E+041
  1.0115002141E+006  5.9814310615E+041
  1.0132002000E+006  5.9714355375E+041
  1.0149001974E+006  5.9615193473E+041
  1.0166002028E+006  5.9516806421E+041
  1.0183002210E+006  5.9419193746E+041
  1.0200002463E+006  5.9322358774E+041
  1.0217001421E+006  5.9226280011E+041
  1.0234001857E+006  5.9130896685E+041
  1.0251002368E+006  5.9036223431E+041
  1.0268001518E+006  5.8942272317E+041
  1.0285002084E+006  5.8849031853E+041
  1.0302002667E+006  5.8756509017E+041
  1.0319001830E+006  5.8664707333E+041
  1.0336002415E+006  5.8573587299E+041
  1.0353001569E+006  5.8483115953E+041
  1.0370002127E+006  5.8393271566E+041
  1.0387002673E+006  5.8304060112E+041
  1.0404001827E+006  5.8215485881E+041
  1.0421002448E+006  5.8127528194E+041
  1.0438001711E+006  5.8040199228E+041
  1.0455002467E+006  5.7953438769E+041
  1.0472001873E+006  5.7867238226E+041
  1.0489002811E+006  5.7781586875E+041
  1.0506002431E+006  5.7696497528E+041
  1.0523002167E+006  5.7611962545E+041
  1.0540001985E+006  5.7527963541E+041
  1.0557001880E+006  5.7444454076E+041
  1.0574001839E+006  5.7361408954E+041
  1.0591001843E+006  5.7278834539E+041
  1.0608001880E+006  5.7196733382E+041
  1.0625001912E+006  5.7115104307E+041
  1.0642001968E+006  5.7033921703E+041
  1.0659002002E+006  5.6953169642E+041
  1.0676002033E+006  5.6872838468E+041
  1.0693002041E+006  5.6792956981E+041
  1.0710002058E+006  5.6713543202E+041
  1.0727002109E+006  5.6634686043E+041
  1.0744002197E+006  5.6556360396E+041
  1.0761002345E+006  5.6478525176E+041
  1.0778002536E+006  5.6401163284E+041
  1.0795001421E+006  5.6324281890E+041
  1.0812001816E+006  5.6247870024E+041
  1.0829002331E+006  5.6171940810E+041
  1.0846001516E+006  5.6096497285E+041
  1.0863002200E+006  5.6021494608E+041
  1.0880001546E+006  5.5946935226E+041
  1.0897002366E+006  5.5872819618E+041
  1.0914001843E+006  5.5799169764E+041
  1.0931002738E+006  5.5725972470E+041
  1.0948002246E+006  5.5653231061E+041
  1.0965001740E+006  5.5580959696E+041
  1.0982002649E+006  5.5509164480E+041
  1.0999002126E+006  5.5437858558E+041
  1.1016001613E+006  5.5367013830E+041
  1.1033002512E+006  5.5296621080E+041
  1.1050002021E+006  5.5226692464E+041
  1.1067001570E+006  5.5157231635E+041
  1.1084002567E+006  5.5088241265E+041
  1.1101002238E+006  5.5019738204E+041
  1.1118001990E+006  5.4951717229E+041
  1.1135001858E+006  5.4884161753E+041
  1.1152001815E+006  5.4817017433E+041
  1.1169001862E+006  5.4750305161E+041
  1.1186001992E+006  5.4684038520E+041
  1.1203002202E+006  5.4618228671E+041
  1.1220002493E+006  5.4552879318E+041
  1.1237002821E+006  5.4487992611E+041
  1.1254001773E+006  5.4423603136E+041
  1.1271002119E+006  5.4359706527E+041
  1.1288002495E+006  5.4296270202E+041
  1.1305001446E+006  5.4233296565E+041
  1.1322001814E+006  5.4170770098E+041
  1.1339002170E+006  5.4108693323E+041
  1.1356002526E+006  5.4047054188E+041
  1.1373001497E+006  5.3985852298E+041
  1.1390001915E+006  5.3925062896E+041
  1.1407002394E+006  5.3864687870E+041
  1.1424001518E+006  5.3804727468E+041
  1.1441002158E+006  5.3745160174E+041
  1.1458001469E+006  5.3685991782E+041
  1.1475002292E+006  5.3627210082E+041
  1.1492001793E+006  5.3568816837E+041
  1.1509002791E+006  5.3510770758E+041
  1.1526002473E+006  5.3453074398E+041
  1.1543002206E+006  5.3395720199E+041
  1.1560001994E+006  5.3338704558E+041
  1.1577001780E+006  5.3282026642E+041
  1.1594001608E+006  5.3225688481E+041
  1.1611001433E+006  5.3169673141E+041
  1.1628002684E+006  5.3113978757E+041
  1.1645002493E+006  5.3058616722E+041
  1.1662002303E+006  5.3003563544E+041
  1.1679002119E+006  5.2948811451E+041
  1.1696001961E+006  5.2894354793E+041
  1.1713001852E+006  5.2840179985E+041
  1.1730001779E+006  5.2786258606E+041
  1.1747001779E+006  5.2732597011E+041
  1.1764001858E+006  5.2679211057E+041
  1.1781002036E+006  5.2626122832E+041
  1.1798002312E+006  5.2573318533E+041
  1.1815002681E+006  5.2520744004E+041
  1.1832001730E+006  5.2468331577E+041
  1.1849002255E+006  5.2416106310E+041
  1.1866001446E+006  5.2364087754E+041
  1.1883002070E+006  5.2312275940E+041
  1.1900002752E+006  5.2260685741E+041
  1.1917002020E+006  5.2209328575E+041
  1.1934002729E+006  5.2158201754E+041
  1.1951002001E+006  5.2107308439E+041
  1.1968002684E+006  5.2056640051E+041
  1.1985001949E+006  5.2006204152E+041
  1.2002002645E+006  5.1955985085E+041
  1.2019001959E+006  5.1905983028E+041
  1.2036002711E+006  5.1856188316E+041
  1.2053002101E+006  5.1806619165E+041
  1.2070001544E+006  5.1757276553E+041
  1.2087002501E+006  5.1708155398E+041
  1.2104002143E+006  5.1659253387E+041
  1.2121001876E+006  5.1610558977E+041
  1.2138001700E+006  5.1562076843E+041
  1.2155001591E+006  5.1513810603E+041
  1.2172001580E+006  5.1465774505E+041
  1.2189001618E+006  5.1417963530E+041
  1.2206001726E+006  5.1370374900E+041
  1.2223001836E+006  5.1323008751E+041
  1.2240001988E+006  5.1275863361E+041
  1.2257002124E+006  5.1228938517E+041
  1.2274002273E+006  5.1182226775E+041
  1.2291002407E+006  5.1135722023E+041
  1.2308002548E+006  5.1089422932E+041
  1.2325002709E+006  5.1043339147E+041
  1.2342001467E+006  5.0997487931E+041
  1.2359001674E+006  5.0951887160E+041
  1.2376001916E+006  5.0906524081E+041
  1.2393002245E+006  5.0861402931E+041
  1.2410002656E+006  5.0816523529E+041
  1.2427001750E+006  5.0771884940E+041
  1.2444002335E+006  5.0727472061E+041
  1.2461001591E+006  5.0683293362E+041
  1.2478002362E+006  5.0639340386E+041
  1.2495001791E+006  5.0595619212E+041
  1.2512002712E+006  5.0552120607E+041
  1.2529002240E+006  5.0508844101E+041
  1.2546001815E+006  5.0465781758E+041
  1.2563002807E+006  5.0422930360E+041
  1.2580002412E+006  5.0380305156E+041
  1.2597002013E+006  5.0337908069E+041
  1.2614001606E+006  5.0295727091E+041
  1.2631002619E+006  5.0253756964E+041
  1.2648002218E+006  5.0212001562E+041
  1.2665001851E+006  5.0170456671E+041
  1.2682001505E+006  5.0129117831E+041
  1.2699002640E+006  5.0087980861E+041
  1.2716002417E+006  5.0047018799E+041
  1.2733002286E+006  5.0006171252E+041
  1.2750002233E+006  4.9965467798E+041
  1.2767002266E+006  4.9924946412E+041
  1.2784002401E+006  4.9884610484E+041
  1.2801002614E+006  4.9844459055E+041
  1.2818001509E+006  4.9804498382E+041
  1.2835001854E+006  4.9764714854E+041
  1.2852002254E+006  4.9725105861E+041
  1.2869002672E+006  4.9685669927E+041
  1.2886001721E+006  4.9646410360E+041
  1.2903002189E+006  4.9607320215E+041
  1.2920002651E+006  4.9568401200E+041
  1.2937001698E+006  4.9529655178E+041
  1.2954002141E+006  4.9491079827E+041
  1.2971002628E+006  4.9452677322E+041
  1.2988001703E+006  4.9414445738E+041
  1.3005002244E+006  4.9376374513E+041
  1.3022002812E+006  4.9338470261E+041
  1.3039002046E+006  4.9300735937E+041
  1.3056002763E+006  4.9263162202E+041
  1.3073002165E+006  4.9225731529E+041
  1.3090001653E+006  4.9188407110E+041
  1.3107002639E+006  4.9151212503E+041
  1.3124002312E+006  4.9114163571E+041
  1.3141002038E+006  4.9077256329E+041
  1.3158001840E+006  4.9040484471E+041
  1.3175001674E+006  4.9003851061E+041
  1.3192001559E+006  4.8967358210E+041
  1.3209001468E+006  4.8931006232E+041
  1.3226002789E+006  4.8894792861E+041
  1.3243002698E+006  4.8858725417E+041
  1.3260002592E+006  4.8822803824E+041
  1.3277002522E+006  4.8787028415E+041
  1.3294002445E+006  4.8751397350E+041
  1.3311002408E+006  4.8715911681E+041
  1.3328002374E+006  4.8680551973E+041
  1.3345002408E+006  4.8645241199E+041
  1.3362002499E+006  4.8610032247E+041
  1.3379002680E+006  4.8574935733E+041
  1.3396001535E+006  4.8539959365E+041
  1.3413001877E+006  4.8505102336E+041
  1.3430002319E+006  4.8470371845E+041
  1.3447001419E+006  4.8435770955E+041
