     798
    0   1.1256317E+30   5.6450938E+07   1.3649999E+09   1.4880000E+06   0.0000000E+00   5.0000000E-01   0.0000000E+00
    1   3.3098624E+30   8.1012073E+07   1.3630001E+09   1.4760000E+06   0.0000000E+00   5.0000000E-01   0.0000000E+00
    2   6.3213598E+30   1.0070830E+08   1.3620000E+09   1.4640000E+06   0.0000000E+00   5.0000000E-01   0.0000000E+00
    3   1.0118551E+31   1.1803821E+08   1.3609999E+09   1.4510000E+06   0.0000000E+00   5.0000000E-01   0.0000000E+00
    4   1.4705417E+31   1.3390655E+08   1.3600000E+09   1.4370000E+06   0.0000000E+00   5.0000000E-01   0.0000000E+00
    5   2.0089909E+31   1.4893972E+08   1.3580000E+09   1.4230000E+06   0.0000000E+00   5.0000000E-01   0.0000000E+00
    6   2.6335684E+31   1.6327690E+08   1.3569999E+09   1.4090000E+06   0.0000000E+00   5.0000000E-01   0.0000000E+00
    7   3.3456663E+31   1.7726611E+08   1.3560000E+09   1.3930000E+06   0.0000000E+00   5.0000000E-01   0.0000000E+00
    8   4.1492625E+31   1.9090731E+08   1.3540000E+09   1.3770000E+06   0.0000000E+00   5.0000000E-01   0.0000000E+00
    9   5.0523139E+31   2.0433973E+08   1.3520000E+09   1.3610000E+06   0.0000000E+00   5.0000000E-01   0.0000000E+00
   10   6.0607878E+31   2.1763295E+08   1.3510001E+09   1.3430000E+06   0.0000000E+00   5.0000000E-01   0.0000000E+00
   11   7.1766726E+31   2.3085657E+08   1.3500000E+09   1.3250000E+06   0.0000000E+00   5.0000000E-01   0.0000000E+00
   12   8.4099147E+31   2.4414978E+08   1.3489999E+09   1.3060000E+06   0.0000000E+00   5.0000000E-01   0.0000000E+00
   13   9.7664811E+31   2.5737340E+08   1.3470001E+09   1.2860000E+06   0.0000000E+00   5.0000000E-01   0.0000000E+00
   14   1.1252339E+32   2.7066663E+08   1.3449999E+09   1.2660000E+06   0.0000000E+00   5.0000000E-01   0.0000000E+00
   15   1.2877434E+32   2.8402945E+08   1.3430001E+09   1.2450000E+06   0.0000000E+00   5.0000000E-01   0.0000000E+00
   16   1.4643754E+32   2.9753146E+08   1.3420000E+09   1.2230000E+06   0.0000000E+00   5.0000000E-01   0.0000000E+00
   17   1.6565224E+32   3.1110306E+08   1.3400000E+09   1.2010000E+06   0.0000000E+00   5.0000000E-01   0.0000000E+00
   18   1.8643835E+32   3.2488347E+08   1.3380000E+09   1.1780000E+06   0.0000000E+00   5.0000000E-01   0.0000000E+00
   19   2.0885549E+32   3.3880305E+08   1.3360000E+09   1.1550000E+06   0.0000000E+00   5.0000000E-01   0.0000000E+00
   20   2.3312252E+32   3.5293147E+08   1.3340000E+09   1.1310000E+06   0.0000000E+00   5.0000000E-01   0.0000000E+00
   21   2.5917973E+32   3.6719906E+08   1.3310001E+09   1.1060000E+06   0.0000000E+00   5.0000000E-01   0.0000000E+00
   22   2.8722604E+32   3.8174504E+08   1.3289999E+09   1.0810000E+06   0.0000000E+00   5.0000000E-01   0.0000000E+00
   23   3.1726146E+32   3.9649979E+08   1.3270001E+09   1.0550000E+06   0.0000000E+00   5.0000000E-01   0.0000000E+00
   24   3.4928597E+32   4.1153298E+08   1.3240000E+09   1.0280000E+06   0.0000000E+00   5.0000000E-01   0.0000000E+00
   25   3.8329957E+32   4.2677494E+08   1.3220000E+09   1.0010000E+06   0.0000000E+00   5.0000000E-01   0.0000000E+00
   26   4.1970009E+32   4.4229530E+08   1.3190001E+09   9.7420000E+05   0.0000000E+00   5.0000000E-01   0.0000000E+00
   27   4.5848755E+32   4.5809402E+08   1.3169999E+09   9.4650000E+05   0.0000000E+00   5.0000000E-01   0.0000000E+00
   28   4.9946302E+32   4.7424079E+08   1.3140000E+09   9.1850000E+05   0.0000000E+00   5.0000000E-01   0.0000000E+00
   29   5.4302430E+32   4.9066591E+08   1.3110001E+09   8.9020000E+05   0.0000000E+00   5.0000000E-01   0.0000000E+00
   30   5.8897249E+32   5.0743901E+08   1.3080000E+09   8.6170000E+05   0.0000000E+00   5.0000000E-01   0.0000000E+00
   31   6.3750652E+32   5.2456012E+08   1.3049999E+09   8.3310000E+05   0.0000000E+00   5.0000000E-01   0.0000000E+00
   32   6.8842752E+32   5.4202924E+08   1.3020000E+09   8.0420000E+05   0.0000000E+00   5.0000000E-01   0.0000000E+00
   33   7.4233212E+32   5.5984630E+08   1.2990001E+09   7.7540000E+05   0.0000000E+00   5.0000000E-01   0.0000000E+00
   34   7.9862362E+32   5.7808101E+08   1.2960000E+09   7.4650000E+05   0.0000000E+00   5.0000000E-01   0.0000000E+00
   35   8.5789886E+32   5.9673323E+08   1.2920000E+09   7.1770000E+05   0.0000000E+00   5.0000000E-01   0.0000000E+00
   36   9.1975982E+32   6.1580313E+08   1.2889999E+09   6.8900000E+05   0.0000000E+00   5.0000000E-01   0.0000000E+00
   37   9.8440557E+32   6.3529052E+08   1.2860000E+09   6.6040000E+05   0.0000000E+00   5.0000000E-01   0.0000000E+00
   38   1.0520350E+33   6.5526515E+08   1.2820000E+09   6.3210000E+05   0.0000000E+00   5.0000000E-01   0.0000000E+00
   39   1.1222502E+33   6.7572696E+08   1.2780000E+09   6.0410000E+05   0.0000000E+00   5.0000000E-01   0.0000000E+00
   40   1.1956481E+33   6.9667600E+08   1.2750001E+09   5.7640000E+05   0.0000000E+00   5.0000000E-01   0.0000000E+00
   41   1.2716316E+33   7.1825138E+08   1.2710001E+09   5.4920000E+05   0.0000000E+00   5.0000000E-01   0.0000000E+00
   42   1.3507978E+33   7.4052272E+08   1.2670001E+09   5.2230000E+05   0.0000000E+00   5.0000000E-01   0.0000000E+00
   43   1.4325498E+33   7.6279405E+08   1.2630001E+09   4.9600000E+05   0.0000000E+00   5.0000000E-01   0.0000000E+00
   44   1.5174844E+33   7.8645743E+08   1.2590001E+09   4.7020000E+05   0.0000000E+00   5.0000000E-01   0.0000000E+00
   45   1.6052037E+33   8.1012073E+08   1.2550001E+09   4.4510000E+05   0.0000000E+00   5.0000000E-01   0.0000000E+00
   46   1.6959066E+33   8.3517601E+08   1.2510001E+09   4.2060000E+05   0.0000000E+00   5.0000000E-01   0.0000000E+00
   47   1.7893944E+33   8.6023128E+08   1.2460000E+09   3.9680000E+05   0.0000000E+00   5.0000000E-01   0.0000000E+00
   48   1.8860646E+33   8.8667853E+08   1.2420000E+09   3.7370000E+05   0.0000000E+00   5.0000000E-01   0.0000000E+00
   49   1.9855196E+33   9.1312578E+08   1.2369999E+09   3.5140000E+05   0.0000000E+00   5.0000000E-01   0.0000000E+00
   50   2.0885549E+33   9.4096493E+08   1.2320000E+09   3.2980000E+05   0.0000000E+00   5.0000000E-01   0.0000000E+00
   51   2.1939774E+33   9.7019612E+08   1.2270001E+09   3.0910000E+05   0.0000000E+00   5.0000000E-01   0.0000000E+00
   52   2.3013886E+33   1.0001233E+09   1.2220000E+09   2.8930000E+05   0.0000000E+00   5.0000000E-01   0.0000000E+00
   53   2.4147674E+33   1.0307464E+09   1.2169999E+09   2.7030000E+05   0.0000000E+00   5.0000000E-01   0.0000000E+00
   54   2.5281462E+33   1.0627615E+09   1.2110001E+09   2.5220000E+05   0.0000000E+00   5.0000000E-01   0.0000000E+00
   55   2.6474920E+33   1.0961685E+09   1.2049999E+09   2.3500000E+05   0.0000000E+00   5.0000000E-01   0.0000000E+00
   56   2.7688271E+33   1.1302716E+09   1.1990001E+09   2.1870000E+05   0.0000000E+00   5.0000000E-01   0.0000000E+00
   57   2.8921514E+33   1.1657665E+09   1.1920000E+09   2.0330000E+05   0.0000000E+00   5.0000000E-01   0.0000000E+00
   58   3.0214430E+33   1.2033494E+09   1.1849999E+09   1.8890000E+05   0.0000000E+00   5.0000000E-01   0.0000000E+00
   59   3.1527236E+33   1.2416283E+09   1.1769999E+09   1.7540000E+05   0.0000000E+00   5.0000000E-01   0.0000000E+00
   60   3.2879823E+33   1.2819951E+09   1.1689999E+09   1.6280000E+05   0.0000000E+00   5.0000000E-01   0.0000000E+00
   61   3.4292084E+33   1.3237540E+09   1.1600000E+09   1.5120000E+05   0.0000000E+00   5.0000000E-01   0.0000000E+00
   62   3.5724236E+33   1.3669048E+09   1.1500000E+09   1.4050000E+05   0.0000000E+00   5.0000000E-01   0.0000000E+00
   63   3.7196170E+33   1.4121434E+09   1.1390001E+09   1.3070000E+05   0.0000000E+00   5.0000000E-01   0.0000000E+00
   64   3.8727778E+33   1.4587740E+09   1.1280000E+09   1.2180000E+05   0.0000000E+00   5.0000000E-01   0.0000000E+00
   65   4.0279277E+33   1.5067967E+09   1.1150001E+09   1.1380000E+05   0.0000000E+00   5.0000000E-01   0.0000000E+00
   66   4.1890445E+33   1.5562113E+09   1.1009999E+09   1.0670000E+05   0.0000000E+00   5.0000000E-01   0.0000000E+00
   67   4.3561291E+33   1.6070178E+09   1.0860000E+09   1.0030000E+05   0.0000000E+00   5.0000000E-01   0.0000000E+00
   68   4.5271916E+33   1.6592164E+09   1.0700000E+09   9.4600000E+04   0.0000000E+00   5.0000000E-01   0.0000000E+00
   69   4.7022326E+33   1.7128068E+09   1.0530000E+09   8.9420000E+04   0.0000000E+00   5.0000000E-01   0.0000000E+00
   70   4.8812514E+33   1.7670932E+09   1.0360000E+09   8.4620000E+04   0.0000000E+00   5.0000000E-01   0.0000000E+00
   71   5.0662376E+33   1.8227716E+09   1.0200000E+09   8.0080000E+04   0.0000000E+00   5.0000000E-01   0.0000000E+00
   72   5.2552021E+33   1.8791460E+09   1.0030000E+09   7.5730000E+04   0.0000000E+00   5.0000000E-01   0.0000000E+00
   73   5.4481451E+33   1.9369123E+09   9.8660000E+08   7.1570000E+04   0.0000000E+00   5.0000000E-01   0.0000000E+00
   74   5.6470549E+33   1.9953747E+09   9.7049997E+08   6.7580000E+04   0.0000000E+00   5.0000000E-01   0.0000000E+00
   75   5.8479541E+33   2.0552289E+09   9.5460000E+08   6.3780000E+04   0.0000000E+00   5.0000000E-01   0.0000000E+00
   76   6.0548202E+33   2.1157792E+09   9.3880000E+08   6.0170000E+04   0.0000000E+00   5.0000000E-01   0.0000000E+00
   77   6.2656652E+33   2.1777213E+09   9.2289997E+08   5.6770000E+04   0.0000000E+00   5.0000000E-01   0.0000000E+00
   78   6.4784986E+33   2.2410557E+09   9.0710003E+08   5.3550000E+04   0.0000000E+00   5.0000000E-01   0.0000000E+00
   79   6.6953105E+33   2.3050857E+09   8.9129997E+08   5.0520000E+04   0.0000000E+00   5.0000000E-01   0.0000000E+00
   80   6.9161007E+33   2.3705080E+09   8.7550003E+08   4.7670000E+04   0.0000000E+00   5.0000000E-01   0.0000000E+00
   81   7.1388799E+33   2.4373220E+09   8.5969997E+08   4.4970000E+04   0.0000000E+00   5.0000000E-01   0.0000000E+00
   82   7.3656374E+33   2.5048320E+09   8.4400000E+08   4.2430000E+04   0.0000000E+00   5.0000000E-01   0.0000000E+00
   83   7.5943840E+33   2.5730381E+09   8.2820000E+08   4.0030000E+04   0.0000000E+00   5.0000000E-01   0.0000000E+00
   84   7.8251194E+33   2.6426360E+09   8.1260000E+08   3.7750000E+04   0.0000000E+00   5.0000000E-01   0.0000000E+00
   85   8.0598333E+33   2.7136259E+09   7.9700000E+08   3.5590000E+04   0.0000000E+00   5.0000000E-01   0.0000000E+00
   86   8.2945472E+33   2.7853120E+09   7.8150003E+08   3.3550000E+04   0.0000000E+00   5.0000000E-01   0.0000000E+00
   87   8.5312500E+33   2.8576939E+09   7.6609997E+08   3.1610000E+04   0.0000000E+00   5.0000000E-01   0.0000000E+00
   88   8.7679528E+33   2.9314677E+09   7.5080000E+08   2.9770000E+04   0.0000000E+00   5.0000000E-01   0.0000000E+00
   89   9.0066446E+33   3.0059375E+09   7.3560000E+08   2.8030000E+04   0.0000000E+00   5.0000000E-01   0.0000000E+00
   90   9.2453363E+33   3.0811036E+09   7.2060000E+08   2.6370000E+04   0.0000000E+00   5.0000000E-01   0.0000000E+00
   91   9.4840291E+33   3.1576614E+09   7.0569997E+08   2.4800000E+04   0.0000000E+00   5.0000000E-01   0.0000000E+00
   92   9.7227208E+33   3.2349150E+09   6.9100000E+08   2.3300000E+04   0.0000000E+00   5.0000000E-01   0.0000000E+00
   93   9.9614126E+33   3.3135608E+09   6.7640000E+08   2.1890000E+04   0.0000000E+00   5.0000000E-01   0.0000000E+00
   94   1.0198115E+34   3.3929024E+09   6.6200000E+08   2.0540000E+04   0.0000000E+00   5.0000000E-01   0.0000000E+00
   95   1.0434818E+34   3.4729401E+09   6.4780000E+08   1.9270000E+04   0.0000000E+00   5.0000000E-01   0.0000000E+00
   96   1.0669532E+34   3.5536738E+09   6.3369997E+08   1.8060000E+04   0.0000000E+00   5.0000000E-01   0.0000000E+00
   97   1.0902257E+34   3.6357995E+09   6.1980000E+08   1.6920000E+04   0.0000000E+00   5.0000000E-01   0.0000000E+00
   98   1.1132993E+34   3.7186210E+09   6.0609997E+08   1.5840000E+04   0.0000000E+00   5.0000000E-01   0.0000000E+00
   99   1.1361739E+34   3.8021388E+09   5.9260000E+08   1.4810000E+04   0.0000000E+00   5.0000000E-01   0.0000000E+00
  100   1.1586507E+34   3.8870482E+09   5.7929997E+08   1.3850000E+04   0.0000000E+00   5.0000000E-01   0.0000000E+00
  101   1.1809286E+34   3.9726539E+09   5.6620000E+08   1.2930000E+04   0.0000000E+00   5.0000000E-01   0.0000000E+00
  102   1.2028088E+34   4.0589554E+09   5.5320000E+08   1.2070000E+04   0.0000000E+00   5.0000000E-01   0.0000000E+00
  103   1.2242911E+34   4.1466487E+09   5.4049997E+08   1.1260000E+04   0.0000000E+00   5.0000000E-01   0.0000000E+00
  104   1.2453755E+34   4.2350382E+09   5.2800000E+08   1.0490000E+04   0.0000000E+00   5.0000000E-01   0.0000000E+00
  105   1.2662611E+34   4.3241238E+09   5.1570000E+08   9.7690000E+03   0.0000000E+00   5.0000000E-01   0.0000000E+00
  106   1.2865499E+34   4.4139050E+09   5.0360000E+08   9.0880000E+03   0.0000000E+00   5.0000000E-01   0.0000000E+00
  107   1.3064408E+34   4.5050788E+09   4.9170000E+08   8.4480000E+03   0.0000000E+00   5.0000000E-01   0.0000000E+00
  108   1.3259340E+34   4.5969479E+09   4.8010000E+08   7.8460000E+03   0.0000000E+00   5.0000000E-01   0.0000000E+00
  109   1.3448305E+34   4.6895135E+09   4.6870000E+08   7.2800000E+03   0.0000000E+00   5.0000000E-01   0.0000000E+00
  110   1.3635281E+34   4.7834703E+09   4.5750000E+08   6.7470000E+03   0.0000000E+00   5.0000000E-01   0.0000000E+00
  111   1.3814300E+34   4.8781241E+09   4.4660000E+08   6.2470000E+03   0.0000000E+00   5.0000000E-01   0.0000000E+00
  112   1.3991329E+34   4.9741690E+09   4.3590000E+08   5.7770000E+03   0.0000000E+00   5.0000000E-01   0.0000000E+00
  113   1.4160403E+34   5.0709105E+09   4.2550000E+08   5.3350000E+03   0.0000000E+00   5.0000000E-01   0.0000000E+00
  114   1.4327487E+34   5.1690436E+09   4.1540000E+08   4.9190000E+03   0.0000000E+00   5.0000000E-01   0.0000000E+00
  115   1.4486615E+34   5.2685686E+09   4.0560000E+08   4.5280000E+03   0.0000000E+00   5.0000000E-01   0.0000000E+00
  116   1.4643754E+34   5.3694858E+09   3.9610000E+08   4.1600000E+03   0.0000000E+00   5.0000000E-01   0.0000000E+00
  117   1.4794926E+34   5.4717949E+09   3.8680000E+08   3.8160000E+03   0.0000000E+00   5.0000000E-01   0.0000000E+00
  118   1.4940130E+34   5.5761916E+09   3.7780000E+08   3.4980000E+03   0.0000000E+00   5.0000000E-01   0.0000000E+00
  119   1.5081356E+34   5.6819806E+09   3.6880000E+08   3.2070000E+03   0.0000000E+00   5.0000000E-01   0.0000000E+00
  120   1.5218604E+34   5.7898577E+09   3.5990000E+08   2.9410000E+03   0.0000000E+00   5.0000000E-01   0.0000000E+00
  121   1.5349885E+34   5.8991267E+09   3.5110000E+08   2.6970000E+03   0.0000000E+00   5.0000000E-01   0.0000000E+00
  122   1.5477187E+34   6.0097874E+09   3.4260000E+08   2.4690000E+03   0.0000000E+00   5.0000000E-01   0.0000000E+00
  123   1.5600511E+34   6.1232322E+09   3.3450000E+08   2.2520000E+03   0.0000000E+00   5.0000000E-01   0.0000000E+00
  124   1.5719857E+34   6.2387646E+09   3.2700000E+08   2.0360000E+03   0.0000000E+00   5.0000000E-01   0.0000000E+00
  125   1.5835225E+34   6.3584735E+09   3.2050000E+08   1.8120000E+03   0.0000000E+00   5.0000000E-01   0.0000000E+00
  126   1.5944625E+34   6.4851417E+09   3.1550000E+08   1.5660000E+03   0.0000000E+00   5.0000000E-01   0.0000000E+00
  127   1.6052036E+34   6.6250339E+09   3.1190000E+08   1.2960000E+03   0.0000000E+00   5.0000000E-01   0.0000000E+00
  128   1.6157460E+34   6.7858048E+09   3.0840000E+08   1.0290000E+03   0.0000000E+00   5.0000000E-01   0.0000000E+00
  129   1.6260893E+34   6.9737194E+09   3.0320000E+08   8.1129999E+02   0.0000000E+00   5.0000000E-01   0.0000000E+00
  130   1.6364326E+34   7.1894732E+09   2.9590000E+08   7.3429999E+02   0.0000000E+00   5.0000000E-01   0.0000000E+00
  131   1.6467759E+34   7.4052271E+09   2.8810000E+08   6.8059998E+02   0.0000000E+00   5.0000000E-01   0.0000000E+00
  132   1.6571193E+34   7.6349007E+09   2.8040000E+08   6.3090002E+02   0.0000000E+00   5.0000000E-01   0.0000000E+00
  133   1.6676614E+34   7.8645739E+09   2.7290000E+08   5.8490002E+02   0.0000000E+00   5.0000000E-01   0.0000000E+00
  134   1.6782037E+34   8.0942475E+09   2.6560000E+08   5.4209998E+02   0.0000000E+00   5.0000000E-01   0.0000000E+00
  135   1.6889448E+34   8.3378405E+09   2.5860000E+08   5.0250000E+02   0.0000000E+00   5.0000000E-01   0.0000000E+00
  136   1.6996860E+34   8.5814335E+09   2.5170000E+08   4.6579999E+02   0.0000000E+00   5.0000000E-01   0.0000000E+00
  137   1.7104271E+34   8.8319864E+09   2.4490000E+08   4.3179999E+02   0.0000000E+00   5.0000000E-01   0.0000000E+00
  138   1.7211682E+34   9.0894992E+09   2.3840000E+08   4.0020001E+02   0.0000000E+00   5.0000000E-01   0.0000000E+00
  139   1.7319093E+34   9.3539709E+09   2.3200000E+08   3.7100000E+02   0.0000000E+00   5.0000000E-01   0.0000000E+00
  140   1.7428494E+34   9.6184436E+09   2.2580000E+08   3.4379999E+02   0.0000000E+00   5.0000000E-01   0.0000000E+00
  141   1.7535906E+34   9.8968351E+09   2.1970000E+08   3.1870001E+02   0.0000000E+00   5.0000000E-01   0.0000000E+00
  142   1.7643317E+34   1.0175228E+10   2.1380000E+08   2.9529999E+02   0.0000000E+00   5.0000000E-01   0.0000000E+00
  143   1.7752718E+34   1.0460579E+10   2.0810000E+08   2.7370001E+02   0.0000000E+00   5.0000000E-01   0.0000000E+00
  144   1.7860129E+34   1.0745932E+10   2.0250000E+08   2.5360001E+02   0.0000000E+00   5.0000000E-01   0.0000000E+00
  145   1.7967540E+34   1.1045203E+10   1.9700000E+08   2.3500000E+02   0.0000000E+00   5.0000000E-01   0.0000000E+00
  146   1.8074951E+34   1.1344474E+10   1.9170000E+08   2.1780000E+02   0.0000000E+00   5.0000000E-01   0.0000000E+00
  147   1.8182363E+34   1.1650705E+10   1.8650000E+08   2.0180000E+02   0.0000000E+00   5.0000000E-01   0.0000000E+00
  148   1.8287786E+34   1.1963896E+10   1.8150000E+08   1.8689999E+02   0.0000000E+00   5.0000000E-01   0.0000000E+00
  149   1.8393207E+34   1.2277088E+10   1.7660000E+08   1.7320000E+02   0.0000000E+00   5.0000000E-01   0.0000000E+00
  150   1.8496640E+34   1.2604198E+10   1.7180000E+08   1.6039999E+02   0.0000000E+00   5.0000000E-01   0.0000000E+00
  151   1.8600074E+34   1.2931308E+10   1.6710000E+08   1.4860001E+02   0.0000000E+00   5.0000000E-01   0.0000000E+00
  152   1.8703507E+34   1.3265378E+10   1.6260000E+08   1.3760001E+02   0.0000000E+00   5.0000000E-01   0.0000000E+00
  153   1.8804952E+34   1.3599449E+10   1.5810000E+08   1.2740000E+02   0.0000000E+00   5.0000000E-01   0.0000000E+00
  154   1.8906396E+34   1.3947439E+10   1.5380000E+08   1.1800000E+02   0.0000000E+00   5.0000000E-01   0.0000000E+00
  155   1.9003861E+34   1.4295430E+10   1.4960000E+08   1.0920000E+02   0.0000000E+00   5.0000000E-01   0.0000000E+00
  156   1.9103317E+34   1.4643419E+10   1.4550000E+08   1.0110000E+02   0.0000000E+00   5.0000000E-01   0.0000000E+00
  157   1.9198794E+34   1.5005329E+10   1.4150000E+08   9.3589996E+01   0.0000000E+00   5.0000000E-01   0.0000000E+00
  158   1.9294270E+34   1.5367238E+10   1.3760000E+08   8.6620003E+01   0.0000000E+00   5.0000000E-01   0.0000000E+00
  159   1.9385769E+34   1.5736108E+10   1.3380000E+08   8.0160004E+01   0.0000000E+00   5.0000000E-01   0.0000000E+00
  160   1.9477267E+34   1.6111937E+10   1.3010000E+08   7.4169998E+01   0.0000000E+00   5.0000000E-01   0.0000000E+00
  161   1.9568766E+34   1.6487766E+10   1.2650000E+08   6.8620003E+01   0.0000000E+00   5.0000000E-01   0.0000000E+00
  162   1.9656286E+34   1.6870556E+10   1.2300000E+08   6.3480000E+01   0.0000000E+00   5.0000000E-01   0.0000000E+00
  163   1.9741818E+34   1.7253344E+10   1.1960000E+08   5.8720001E+01   0.0000000E+00   5.0000000E-01   0.0000000E+00
  164   1.9827350E+34   1.7643094E+10   1.1630000E+08   5.4299999E+01   0.0000000E+00   5.0000000E-01   0.0000000E+00
  165   1.9910891E+34   1.8039802E+10   1.1300000E+08   5.0209999E+01   0.0000000E+00   5.0000000E-01   0.0000000E+00
  166   1.9990455E+34   1.8436510E+10   1.0990000E+08   4.6419998E+01   0.0000000E+00   5.0000000E-01   0.0000000E+00
  167   2.0070019E+34   1.8840179E+10   1.0680000E+08   4.2910000E+01   0.0000000E+00   5.0000000E-01   0.0000000E+00
  168   2.0149583E+34   1.9243846E+10   1.0380000E+08   3.9650002E+01   0.0000000E+00   5.0000000E-01   0.0000000E+00
  169   2.0209256E+34   1.9647515E+10   1.0090000E+08   3.6619999E+01   0.0000000E+00   5.0000000E-01   0.0000000E+00
  170   2.0288820E+34   2.0065104E+10   9.8030000E+07   3.3799999E+01   0.0000000E+00   5.0000000E-01   0.0000000E+00
  171   2.0368384E+34   2.0475732E+10   9.5260000E+07   3.1170000E+01   0.0000000E+00   5.0000000E-01   0.0000000E+00
  172   2.0428058E+34   2.0900280E+10   9.2560000E+07   2.8700001E+01   0.0000000E+00   5.0000000E-01   0.0000000E+00
  173   2.0487730E+34   2.1324827E+10   8.9930000E+07   2.6420000E+01   0.0000000E+00   5.0000000E-01   0.0000000E+00
  174   2.0547403E+34   2.1749375E+10   8.7370000E+07   2.4299999E+01   0.0000000E+00   5.0000000E-01   0.0000000E+00
  175   2.0607075E+34   2.2180882E+10   8.4890000E+07   2.2350000E+01   0.0000000E+00   5.0000000E-01   0.0000000E+00
  176   2.0666750E+34   2.2619349E+10   8.2460000E+07   2.0549999E+01   0.0000000E+00   5.0000000E-01   0.0000000E+00
  177   2.0726422E+34   2.3057817E+10   8.0100000E+07   1.8889999E+01   0.0000000E+00   5.0000012E-01   0.0000000E+00
  178   2.0786095E+34   2.3503245E+10   7.7810000E+07   1.7360001E+01   0.0000000E+00   5.0000036E-01   0.0000000E+00
  179   2.0845767E+34   2.3948672E+10   7.5570000E+07   1.5960000E+01   0.0000000E+00   5.0000101E-01   0.0000000E+00
  180   2.0885550E+34   2.4401059E+10   7.3400000E+07   1.4660000E+01   0.0000000E+00   5.0000238E-01   0.0000000E+00
  181   2.0945222E+34   2.4853446E+10   7.1290000E+07   1.3480000E+01   0.0000000E+00   5.0000507E-01   0.0000000E+00
  182   2.0985005E+34   2.5312793E+10   6.9230000E+07   1.2390000E+01   0.0000000E+00   5.0000972E-01   0.0000000E+00
  183   2.1024786E+34   2.5772139E+10   6.7230000E+07   1.1380000E+01   0.0000000E+00   5.0001734E-01   0.0000000E+00
  184   2.1064569E+34   2.6238446E+10   6.5280000E+07   1.0470000E+01   0.0000000E+00   5.0002956E-01   0.0000000E+00
  185   2.1124242E+34   2.6704754E+10   6.3380000E+07   9.6210003E+00   0.0000000E+00   5.0004888E-01   0.0000000E+00
  186   2.1144133E+34   2.7171059E+10   6.1540000E+07   8.8450003E+00   0.0000000E+00   5.0007981E-01   0.0000000E+00
  187   2.1183914E+34   2.7644325E+10   5.9750000E+07   8.1309996E+00   0.0000000E+00   5.0013047E-01   0.0000000E+00
  188   2.1223697E+34   2.8110632E+10   5.8000000E+07   7.4749999E+00   0.0000000E+00   5.0021714E-01   0.0000000E+00
  189   2.1263478E+34   2.8583898E+10   5.6310000E+07   6.8709998E+00   0.0000000E+00   5.0037152E-01   0.0000000E+00
  190   2.1303261E+34   2.9057164E+10   5.4660000E+07   6.3169999E+00   0.0000000E+00   5.0063652E-01   0.0000000E+00
  191   2.1323153E+34   2.9537391E+10   5.3070000E+07   5.8030000E+00   0.0000000E+00   5.0103951E-01   0.0000000E+00
  192   2.1362934E+34   3.0010657E+10   5.1550000E+07   5.3150001E+00   0.0000000E+00   5.0161052E-01   0.0000000E+00
  193   2.1382825E+34   3.0490885E+10   5.0100000E+07   4.8490000E+00   0.0000000E+00   5.0239849E-01   0.0000000E+00
  194   2.1402716E+34   3.0971110E+10   4.8740000E+07   4.4029999E+00   0.0000000E+00   5.0345850E-01   0.0000000E+00
  195   2.1442497E+34   3.1465256E+10   4.7440000E+07   3.9800000E+00   0.0000000E+00   5.0484598E-01   0.0000000E+00
  196   2.1462389E+34   3.1966362E+10   4.6200000E+07   3.5820000E+00   0.0000000E+00   5.0661498E-01   0.0000000E+00
  197   2.1482280E+34   3.2481386E+10   4.5020000E+07   3.2110000E+00   0.0000000E+00   5.0880498E-01   0.0000000E+00
  198   2.1502172E+34   3.3003372E+10   4.3870000E+07   2.8680000E+00   0.0000000E+00   5.1146001E-01   0.0000000E+00
  199   2.1522061E+34   3.3546236E+10   4.2770000E+07   2.5560000E+00   0.0000000E+00   5.1459998E-01   0.0000000E+00
  200   2.1541953E+34   3.4109980E+10   4.1690000E+07   2.2720001E+00   0.0000000E+00   5.1821500E-01   0.0000000E+00
  201   2.1561844E+34   3.4687643E+10   4.0640000E+07   2.0160000E+00   0.0000000E+00   5.2230000E-01   0.0000000E+00
  202   2.1581736E+34   3.5293145E+10   3.9610000E+07   1.7869999E+00   0.0000000E+00   5.2682000E-01   0.0000000E+00
  203   2.1601625E+34   3.5919527E+10   3.8600000E+07   1.5840000E+00   0.0000000E+00   5.3171498E-01   0.0000000E+00
  204   2.1601625E+34   3.6573749E+10   3.7610000E+07   1.4040000E+00   0.0000000E+00   5.3692502E-01   0.0000000E+00
  205   2.1621517E+34   3.7248850E+10   3.6640000E+07   1.2450000E+00   0.0000000E+00   5.4237497E-01   0.0000000E+00
  206   2.1641408E+34   3.7958751E+10   3.5690000E+07   1.1050000E+00   0.0000000E+00   5.4798001E-01   0.0000000E+00
  207   2.1661300E+34   3.8696488E+10   3.4750000E+07   9.8210001E-01   0.0000000E+00   5.5365002E-01   0.0000000E+00
  208   2.1661300E+34   3.9462064E+10   3.3830000E+07   8.7440002E-01   0.0000000E+00   5.5930001E-01   0.0000000E+00
  209   2.1681189E+34   4.0255484E+10   3.2930000E+07   7.7990001E-01   0.0000000E+00   5.6489998E-01   0.0000000E+00
  210   2.1701081E+34   4.1083701E+10   3.2040000E+07   6.9700003E-01   0.0000000E+00   5.7034999E-01   0.0000000E+00
  211   2.1701081E+34   4.1939753E+10   3.1180000E+07   6.2400001E-01   0.0000000E+00   5.7560003E-01   0.0000000E+00
  212   2.1720972E+34   4.2830610E+10   3.0330000E+07   5.5980003E-01   0.0000000E+00   5.8064997E-01   0.0000000E+00
  213   2.1720972E+34   4.3749303E+10   2.9500000E+07   5.0300002E-01   0.0000000E+00   5.8539999E-01   0.0000000E+00
  214   2.1740864E+34   4.4695835E+10   2.8700000E+07   4.5280001E-01   0.0000000E+00   5.8985001E-01   0.0000000E+00
  215   2.1760753E+34   4.5677168E+10   2.7910000E+07   4.0820000E-01   0.0000000E+00   5.9399998E-01   0.0000000E+00
  216   2.1760753E+34   4.6686336E+10   2.7140000E+07   3.6849999E-01   0.0000000E+00   5.9790003E-01   0.0000000E+00
  217   2.1780645E+34   4.7730310E+10   2.6390000E+07   3.3300000E-01   0.0000000E+00   6.0149997E-01   0.0000000E+00
  218   2.1780645E+34   4.8802118E+10   2.5660000E+07   3.0140001E-01   0.0000000E+00   6.0484999E-01   0.0000000E+00
  219   2.1800536E+34   4.9901767E+10   2.4950000E+07   2.7300000E-01   0.0000000E+00   6.0790002E-01   0.0000000E+00
  220   2.1800536E+34   5.1036211E+10   2.4260000E+07   2.4750000E-01   0.0000000E+00   6.1075002E-01   0.0000000E+00
  221   2.1820428E+34   5.2205461E+10   2.3580000E+07   2.2450000E-01   0.0000000E+00   6.1334997E-01   0.0000000E+00
  222   2.1820428E+34   5.3402546E+10   2.2930000E+07   2.0379999E-01   0.0000000E+00   6.1574996E-01   0.0000000E+00
  223   2.1820428E+34   5.4627471E+10   2.2290000E+07   1.8520001E-01   0.0000000E+00   6.1790001E-01   0.0000000E+00
  224   2.1840317E+34   5.5894153E+10   2.1670000E+07   1.6830000E-01   0.0000000E+00   6.1995000E-01   0.0000000E+00
  225   2.1840317E+34   5.7188675E+10   2.1070000E+07   1.5310000E-01   0.0000000E+00   6.2180001E-01   0.0000000E+00
  226   2.1860209E+34   5.8511037E+10   2.0480000E+07   1.3930000E-01   0.0000000E+00   6.2349999E-01   0.0000000E+00
  227   2.1860209E+34   5.9875160E+10   1.9910000E+07   1.2680000E-01   0.0000000E+00   6.2504995E-01   0.0000000E+00
  228   2.1860209E+34   6.1267118E+10   1.9360000E+07   1.1540000E-01   0.0000000E+00   6.2650001E-01   0.0000000E+00
  229   2.1880100E+34   6.2693878E+10   1.8820000E+07   1.0520000E-01   0.0000000E+00   6.2785000E-01   0.0000000E+00
  230   2.1880100E+34   6.4162394E+10   1.8300000E+07   9.5840000E-02   0.0000000E+00   6.2909997E-01   0.0000000E+00
  231   2.1899991E+34   6.5658755E+10   1.7780000E+07   8.7370001E-02   0.0000000E+00   6.3020003E-01   0.0000000E+00
  232   2.1899991E+34   6.7189908E+10   1.7290000E+07   7.9669997E-02   0.0000000E+00   6.3125002E-01   0.0000000E+00
  233   2.1899991E+34   6.8762822E+10   1.6810000E+07   7.2669998E-02   0.0000000E+00   6.3224995E-01   0.0000000E+00
  234   2.1919883E+34   7.0363581E+10   1.6340000E+07   6.6299997E-02   0.0000000E+00   6.3314998E-01   0.0000000E+00
  235   2.1919883E+34   7.2033928E+10   1.5880000E+07   6.0509998E-02   0.0000000E+00   6.3400000E-01   0.0000000E+00
  236   2.1919883E+34   7.3704283E+10   1.5430000E+07   5.5229999E-02   0.0000000E+00   6.3475001E-01   0.0000000E+00
  237   2.1939772E+34   7.5374630E+10   1.5000000E+07   5.0430000E-02   0.0000000E+00   6.3545001E-01   0.0000000E+00
  238   2.1939772E+34   7.7184180E+10   1.4580000E+07   4.6050001E-02   0.0000000E+00   6.3615000E-01   0.0000000E+00
  239   2.1939772E+34   7.8924128E+10   1.4170000E+07   4.2070001E-02   0.0000000E+00   6.3674998E-01   0.0000000E+00
  240   2.1959664E+34   8.0803279E+10   1.3780000E+07   3.8440000E-02   0.0000000E+00   6.3734996E-01   0.0000000E+00
  241   2.1959664E+34   8.2682421E+10   1.3390000E+07   3.5130002E-02   0.0000000E+00   6.3785005E-01   0.0000000E+00
  242   2.1959664E+34   8.4561572E+10   1.3010000E+07   3.2120001E-02   0.0000000E+00   6.3835001E-01   0.0000000E+00
  243   2.1959664E+34   8.6510316E+10   1.2650000E+07   2.9360000E-02   0.0000000E+00   6.3884997E-01   0.0000000E+00
  244   2.1979555E+34   8.8459060E+10   1.2290000E+07   2.6850000E-02   0.0000000E+00   6.3929999E-01   0.0000000E+00
  245   2.1979555E+34   9.0477397E+10   1.1940000E+07   2.4560001E-02   0.0000000E+00   6.3970000E-01   0.0000000E+00
  246   2.1979555E+34   9.2565343E+10   1.1610000E+07   2.2460001E-02   0.0000000E+00   6.4004999E-01   0.0000000E+00
  247   2.1979555E+34   9.4653281E+10   1.1280000E+07   2.0550000E-02   0.0000000E+00   6.4045000E-01   0.0000000E+00
  248   2.1999447E+34   9.6810820E+10   1.0960000E+07   1.8800000E-02   0.0000000E+00   6.4075005E-01   0.0000000E+00
  249   2.1999447E+34   9.8968360E+10   1.0650000E+07   1.7200001E-02   0.0000000E+00   6.4110005E-01   0.0000000E+00
  250   2.1999447E+34   1.0119549E+11   1.0350000E+07   1.5740000E-02   0.0000000E+00   6.4135003E-01   0.0000000E+00
  251   2.1999447E+34   1.0349223E+11   1.0060000E+07   1.4400000E-02   0.0000000E+00   6.4164996E-01   0.0000000E+00
  252   2.2019336E+34   1.0578896E+11   9.7760000E+06   1.3180000E-02   0.0000000E+00   6.4190000E-01   0.0000000E+00
  253   2.2019336E+34   1.0808569E+11   9.5000000E+06   1.2050000E-02   0.0000000E+00   6.4215004E-01   0.0000000E+00
  254   2.2019336E+34   1.1052163E+11   9.2320000E+06   1.1030000E-02   0.0000000E+00   6.4240003E-01   0.0000000E+00
  255   2.2019336E+34   1.1288795E+11   8.9710000E+06   1.0090000E-02   0.0000000E+00   6.4260000E-01   0.0000000E+00
  256   2.2019336E+34   1.1539348E+11   8.7180000E+06   9.2240004E-03   0.0000000E+00   6.4279997E-01   0.0000000E+00
  257   2.2039228E+34   1.1789901E+11   8.4730000E+06   8.4330002E-03   0.0000000E+00   6.4300001E-01   0.0000000E+00
  258   2.2039228E+34   1.2047413E+11   8.2340000E+06   7.7089998E-03   0.0000000E+00   6.4320004E-01   0.0000000E+00
  259   2.2039228E+34   1.2304926E+11   8.0020000E+06   7.0460001E-03   0.0000000E+00   6.4335001E-01   0.0000000E+00
  260   2.2039228E+34   1.2569399E+11   7.7770000E+06   6.4380001E-03   0.0000000E+00   6.4349997E-01   0.0000000E+00
  261   2.2039228E+34   1.2833871E+11   7.5580000E+06   5.8829999E-03   0.0000000E+00   6.4370000E-01   0.0000000E+00
  262   2.2039228E+34   1.3112263E+11   7.3460000E+06   5.3750002E-03   0.0000000E+00   6.4380002E-01   0.0000000E+00
  263   2.2059119E+34   1.3383695E+11   7.1390000E+06   4.9100001E-03   0.0000000E+00   6.4394999E-01   0.0000000E+00
  264   2.2059119E+34   1.3669047E+11   6.9380000E+06   4.4849999E-03   0.0000000E+00   6.4409995E-01   0.0000000E+00
  265   2.2059119E+34   1.3954400E+11   6.7430000E+06   4.0970002E-03   0.0000000E+00   6.4419997E-01   0.0000000E+00
  266   2.2059119E+34   1.4246710E+11   6.5540000E+06   3.7420001E-03   0.0000000E+00   6.4435005E-01   0.0000000E+00
  267   2.2059119E+34   1.4545981E+11   6.3690000E+06   3.4169999E-03   0.0000000E+00   6.4444995E-01   0.0000000E+00
  268   2.2059119E+34   1.4845253E+11   6.1900000E+06   3.1190000E-03   0.0000000E+00   6.4454997E-01   0.0000000E+00
  269   2.2059119E+34   1.5151485E+11   6.0170000E+06   2.8470000E-03   0.0000000E+00   6.4464998E-01   0.0000000E+00
  270   2.2079011E+34   1.5464675E+11   5.8480000E+06   2.5980000E-03   0.0000000E+00   6.4475000E-01   0.0000000E+00
  271   2.2079011E+34   1.5784826E+11   5.6840000E+06   2.3709999E-03   0.0000000E+00   6.4485002E-01   0.0000000E+00
  272   2.2079011E+34   1.6104976E+11   5.5240000E+06   2.1629999E-03   0.0000000E+00   6.4489996E-01   0.0000000E+00
  273   2.2079011E+34   1.6432088E+11   5.3700000E+06   1.9720001E-03   0.0000000E+00   6.4499998E-01   0.0000000E+00
  274   2.2079011E+34   1.6766158E+11   5.2190000E+06   1.7980000E-03   0.0000000E+00   6.4505005E-01   0.0000000E+00
  275   2.2079011E+34   1.7100229E+11   5.0730000E+06   1.6390000E-03   0.0000000E+00   6.4515001E-01   0.0000000E+00
  276   2.2079011E+34   1.7448218E+11   4.9310000E+06   1.4940000E-03   0.0000000E+00   6.4520001E-01   0.0000000E+00
  277   2.2079011E+34   1.7796208E+11   4.7930000E+06   1.3620000E-03   0.0000000E+00   6.4530003E-01   0.0000000E+00
  278   2.2079011E+34   1.8151159E+11   4.6590000E+06   1.2400000E-03   0.0000000E+00   6.4534998E-01   0.0000000E+00
  279   2.2098900E+34   1.8520028E+11   4.5290000E+06   1.1300000E-03   0.0000000E+00   6.4540005E-01   0.0000000E+00
  280   2.2098900E+34   1.8888897E+11   4.4030000E+06   1.0290000E-03   0.0000000E+00   6.4545000E-01   0.0000000E+00
  281   2.2098900E+34   1.9257766E+11   4.2800000E+06   9.3620003E-04   0.0000000E+00   6.4550000E-01   0.0000000E+00
  282   2.2098900E+34   1.9640556E+11   4.1610000E+06   8.5190003E-04   0.0000000E+00   6.4555001E-01   0.0000000E+00
  283   2.2098900E+34   2.0030305E+11   4.0450000E+06   7.7490002E-04   0.0000000E+00   6.4559996E-01   0.0000000E+00
  284   2.2098900E+34   2.0427013E+11   3.9320000E+06   7.0450001E-04   0.0000000E+00   6.4565003E-01   0.0000000E+00
  285   2.2098900E+34   2.0830682E+11   3.8230000E+06   6.4019999E-04   0.0000000E+00   6.4569998E-01   0.0000000E+00
  286   2.2098900E+34   2.1241310E+11   3.7170000E+06   5.8150000E-04   0.0000000E+00   6.4575005E-01   0.0000000E+00
  287   2.2098900E+34   2.1658898E+11   3.6140000E+06   5.2780000E-04   0.0000000E+00   6.4579999E-01   0.0000000E+00
  288   2.2098900E+34   2.2090405E+11   3.5150000E+06   4.7880001E-04   0.0000000E+00   6.4585000E-01   0.0000000E+00
  289   2.2098900E+34   2.2528873E+11   3.4180000E+06   4.3399999E-04   0.0000000E+00   6.4585000E-01   0.0000000E+00
  290   2.2098900E+34   2.2974301E+11   3.3230000E+06   3.9320000E-04   0.0000000E+00   6.4590001E-01   0.0000000E+00
  291   2.2098900E+34   2.3426686E+11   3.2320000E+06   3.5600000E-04   0.0000000E+00   6.4594996E-01   0.0000000E+00
  292   2.2098900E+34   2.3892994E+11   3.1430000E+06   3.2220001E-04   0.0000000E+00   6.4594996E-01   0.0000000E+00
  293   2.2118792E+34   2.4373220E+11   3.0570000E+06   2.9130001E-04   0.0000000E+00   6.4600003E-01   0.0000000E+00
  294   2.2118792E+34   2.4867365E+11   2.9740000E+06   2.6320000E-04   0.0000000E+00   6.4604998E-01   0.0000000E+00
  295   2.2118792E+34   2.5368471E+11   2.8920000E+06   2.3760000E-04   0.0000000E+00   6.4604998E-01   0.0000000E+00
  296   2.2118792E+34   2.5883497E+11   2.8140000E+06   2.1430000E-04   0.0000000E+00   6.4610004E-01   0.0000000E+00
  297   2.2118792E+34   2.6419401E+11   2.7370000E+06   1.9310000E-04   0.0000000E+00   6.4610004E-01   0.0000000E+00
  298   2.2118792E+34   2.6962266E+11   2.6630000E+06   1.7390000E-04   0.0000000E+00   6.4614999E-01   0.0000000E+00
  299   2.2118792E+34   2.7526008E+11   2.5910000E+06   1.5650000E-04   0.0000000E+00   6.4614999E-01   0.0000000E+00
  300   2.2118792E+34   2.8110632E+11   2.5200000E+06   1.4069999E-04   0.0000000E+00   6.4620000E-01   0.0000000E+00
  301   2.2118792E+34   2.8709175E+11   2.4520000E+06   1.2660000E-04   0.0000000E+00   6.4620000E-01   0.0000000E+00
  302   2.2118792E+34   2.9335558E+11   2.3860000E+06   1.1390000E-04   0.0000000E+00   6.4625001E-01   0.0000000E+00
  303   2.2118792E+34   2.9975860E+11   2.3210000E+06   1.0250000E-04   0.0000000E+00   6.4625001E-01   0.0000000E+00
  304   2.2118792E+34   3.0637039E+11   2.2570000E+06   9.2429997E-05   0.0000000E+00   6.4625001E-01   0.0000000E+00
  305   2.2118792E+34   3.1319100E+11   2.1960000E+06   8.3450002E-05   0.0000000E+00   6.4629996E-01   0.0000000E+00
  306   2.2118792E+34   3.2022039E+11   2.1350000E+06   7.5479998E-05   0.0000000E+00   6.4629996E-01   0.0000000E+00
  307   2.2118792E+34   3.2745858E+11   2.0760000E+06   6.8430003E-05   0.0000000E+00   6.4635003E-01   0.0000000E+00
  308   2.2118792E+34   3.3490556E+11   2.0180000E+06   6.2190004E-05   0.0000000E+00   6.4635003E-01   0.0000000E+00
  309   2.2118792E+34   3.4249176E+11   1.9620000E+06   5.6680001E-05   0.0000000E+00   6.4635003E-01   0.0000000E+00
  310   2.2118792E+34   3.5028673E+11   1.9060000E+06   5.1809999E-05   0.0000000E+00   6.4639997E-01   0.0000000E+00
  311   2.2118792E+34   3.5815130E+11   1.8520000E+06   4.7509999E-05   0.0000000E+00   6.4639997E-01   0.0000000E+00
  312   2.2118792E+34   3.6622468E+11   1.7990000E+06   4.3659998E-05   0.0000000E+00   6.4639997E-01   0.0000000E+00
  313   2.2118792E+34   3.7429803E+11   1.7480000E+06   4.0139999E-05   0.0000000E+00   6.4645004E-01   0.0000000E+00
  314   2.2118792E+34   3.8258022E+11   1.6980000E+06   3.6900001E-05   0.0000000E+00   6.4645004E-01   0.0000000E+00
  315   2.2118792E+34   3.9093197E+11   1.6490000E+06   3.3920001E-05   0.0000000E+00   6.4645004E-01   0.0000000E+00
  316   2.2118792E+34   3.9935332E+11   1.6020000E+06   3.1179999E-05   0.0000000E+00   6.4645004E-01   0.0000000E+00
  317   2.2118792E+34   4.0791388E+11   1.5560000E+06   2.8660001E-05   0.0000000E+00   6.4649999E-01   0.0000000E+00
  318   2.2118792E+34   4.1654404E+11   1.5120000E+06   2.6350001E-05   0.0000000E+00   6.4649999E-01   0.0000000E+00
  319   2.2118792E+34   4.2524379E+11   1.4690000E+06   2.4220000E-05   0.0000000E+00   6.4649999E-01   0.0000000E+00
  320   2.2118792E+34   4.3408273E+11   1.4270000E+06   2.2270000E-05   0.0000000E+00   6.4649999E-01   0.0000000E+00
  321   2.2138683E+34   4.4292166E+11   1.3860000E+06   2.0470001E-05   0.0000000E+00   6.4649999E-01   0.0000000E+00
  322   2.2138683E+34   4.5196941E+11   1.3460000E+06   1.8810000E-05   0.0000000E+00   6.4655000E-01   0.0000000E+00
  323   2.2138683E+34   4.6101716E+11   1.3070000E+06   1.7290000E-05   0.0000000E+00   6.4655000E-01   0.0000000E+00
  324   2.2138683E+34   4.7013450E+11   1.2700000E+06   1.5899999E-05   0.0000000E+00   6.4655000E-01   0.0000000E+00
  325   2.2138683E+34   4.7932143E+11   1.2330000E+06   1.4610000E-05   0.0000000E+00   6.4655000E-01   0.0000000E+00
  326   2.2138683E+34   4.8864755E+11   1.1980000E+06   1.3430000E-05   0.0000000E+00   6.4660001E-01   0.0000000E+00
  327   2.2138683E+34   4.9797370E+11   1.1640000E+06   1.2330000E-05   0.0000000E+00   6.4660001E-01   0.0000000E+00
  328   2.2138683E+34   5.0736942E+11   1.1310000E+06   1.1310000E-05   0.0000000E+00   6.4660001E-01   0.0000000E+00
  329   2.2138683E+34   5.1690435E+11   1.0980000E+06   1.0360000E-05   0.0000000E+00   6.4660001E-01   0.0000000E+00
  330   2.2138683E+34   5.2650887E+11   1.0670000E+06   9.4819998E-06   0.0000000E+00   6.4660001E-01   0.0000000E+00
  331   2.2138683E+34   5.3618299E+11   1.0370000E+06   8.6620003E-06   0.0000000E+00   6.4660001E-01   0.0000000E+00
  332   2.2138683E+34   5.4599630E+11   1.0080000E+06   7.9009997E-06   0.0000000E+00   6.4664996E-01   0.0000000E+00
  333   2.2138683E+34   5.5594882E+11   9.7920000E+05   7.1969998E-06   0.0000000E+00   6.4664996E-01   0.0000000E+00
  334   2.2138683E+34   5.6604056E+11   9.5170000E+05   6.5479999E-06   0.0000000E+00   6.4664996E-01   0.0000000E+00
  335   2.2138683E+34   5.7627142E+11   9.2500000E+05   5.9509998E-06   0.0000000E+00   6.4664996E-01   0.0000000E+00
  336   2.2138683E+34   5.8664154E+11   8.9910000E+05   5.4030002E-06   0.0000000E+00   6.4664996E-01   0.0000000E+00
  337   2.2138683E+34   5.9722046E+11   8.7410000E+05   4.8990000E-06   0.0000000E+00   6.4664996E-01   0.0000000E+00
  338   2.2138683E+34   6.0800813E+11   8.4980000E+05   4.4349999E-06   0.0000000E+00   6.4670002E-01   0.0000000E+00
  339   2.2138683E+34   6.1900462E+11   8.2620000E+05   4.0079999E-06   0.0000000E+00   6.4670002E-01   0.0000000E+00
  340   2.2138683E+34   6.3020991E+11   8.0340000E+05   3.6140000E-06   0.0000000E+00   6.4670002E-01   0.0000000E+00
  341   2.2138683E+34   6.4169358E+11   7.8140000E+05   3.2529999E-06   0.0000000E+00   6.4680004E-01   0.0000000E+00
  342   2.2138683E+34   6.5352524E+11   7.6000000E+05   2.9210000E-06   0.0000000E+00   6.4690000E-01   0.0000000E+00
  343   2.2138683E+34   6.6570484E+11   7.3930000E+05   2.6170001E-06   0.0000000E+00   6.4719999E-01   0.0000000E+00
  344   2.2138683E+34   6.7830213E+11   7.1920000E+05   2.3370001E-06   0.0000000E+00   6.4769995E-01   0.0000000E+00
  345   2.2138683E+34   6.9131691E+11   6.9980000E+05   2.0790001E-06   0.0000000E+00   6.4870000E-01   0.0000000E+00
  346   2.2138683E+34   7.0502775E+11   6.8100000E+05   1.8400000E-06   0.0000000E+00   6.5040004E-01   0.0000000E+00
  347   2.2138683E+34   7.1894733E+11   6.6280000E+05   1.6180001E-06   0.0000000E+00   6.5324998E-01   0.0000000E+00
  348   2.2138683E+34   7.3425891E+11   6.4520000E+05   1.4120000E-06   0.0000000E+00   6.5754998E-01   0.0000000E+00
  349   2.2138683E+34   7.5026642E+11   6.2820000E+05   1.2240000E-06   0.0000000E+00   6.6374999E-01   0.0000000E+00
  350   2.2138683E+34   7.6766592E+11   6.1170000E+05   1.0540000E-06   0.0000000E+00   6.7200005E-01   0.0000000E+00
  351   2.2138683E+34   7.8645741E+11   5.9560000E+05   9.0259999E-07   0.0000000E+00   6.8219995E-01   0.0000000E+00
  352   2.2138683E+34   8.0733683E+11   5.7990000E+05   7.7189998E-07   0.0000000E+00   6.9379997E-01   0.0000000E+00
  353   2.2138683E+34   8.2960817E+11   5.6460000E+05   6.6130002E-07   0.0000000E+00   7.0609999E-01   0.0000000E+00
  354   2.2138683E+34   8.5466342E+11   5.4970000E+05   5.6969998E-07   0.0000000E+00   7.1799999E-01   0.0000000E+00
  355   2.2138683E+34   8.8180667E+11   5.3500000E+05   4.9499999E-07   0.0000000E+00   7.2874999E-01   0.0000000E+00
  356   2.2138683E+34   9.1103783E+11   5.2070000E+05   4.3460000E-07   0.0000000E+00   7.3765004E-01   0.0000000E+00
  357   2.2138683E+34   9.4305291E+11   5.0660000E+05   3.8569999E-07   0.0000000E+00   7.4444997E-01   0.0000000E+00
  358   2.2138683E+34   9.7645992E+11   4.9290000E+05   3.4600001E-07   0.0000000E+00   7.4934995E-01   0.0000000E+00
  359   2.2138683E+34   1.0126509E+12   4.7940000E+05   3.1360000E-07   0.0000000E+00   7.5260001E-01   0.0000000E+00
  360   2.2138683E+34   1.0509298E+12   4.6630000E+05   2.8680000E-07   0.0000000E+00   7.5459999E-01   0.0000000E+00
  361   2.2138683E+34   1.0912967E+12   4.5340000E+05   2.6359999E-07   0.0000000E+00   7.5580001E-01   0.0000000E+00
  362   2.2138683E+34   1.1330555E+12   4.4090000E+05   2.4260001E-07   0.0000000E+00   7.5645000E-01   0.0000000E+00
  363   2.2138683E+34   1.1769022E+12   4.2880000E+05   2.2350000E-07   0.0000000E+00   7.5680000E-01   0.0000000E+00
  364   2.2138683E+34   1.2228368E+12   4.1700000E+05   2.0600000E-07   0.0000000E+00   7.5699997E-01   0.0000000E+00
  365   2.2138683E+34   1.2708595E+12   4.0560000E+05   1.8999999E-07   0.0000000E+00   7.5705004E-01   0.0000000E+00
  366   2.2138683E+34   1.3216660E+12   3.9440000E+05   1.7530000E-07   0.0000000E+00   7.5709999E-01   0.0000000E+00
  367   2.2138683E+34   1.3745605E+12   3.8360000E+05   1.6180000E-07   0.0000000E+00   7.5714999E-01   0.0000000E+00
  368   2.2138683E+34   1.4302388E+12   3.7310000E+05   1.4939999E-07   0.0000000E+00   7.5714999E-01   0.0000000E+00
  369   2.2138683E+34   1.4880052E+12   3.6280000E+05   1.3800000E-07   0.0000000E+00   7.5714999E-01   0.0000000E+00
  370   2.2138683E+34   1.5492515E+12   3.5290000E+05   1.2750000E-07   0.0000000E+00   7.5714999E-01   0.0000000E+00
  371   2.2138683E+34   1.6132817E+12   3.4320000E+05   1.1790000E-07   0.0000000E+00   7.5714999E-01   0.0000000E+00
  372   2.2138683E+34   1.6800957E+12   3.3380000E+05   1.0900000E-07   0.0000000E+00   7.5714999E-01   0.0000000E+00
  373   2.2138683E+34   1.7503897E+12   3.2470000E+05   1.0090000E-07   0.0000000E+00   7.5714999E-01   0.0000000E+00
  374   2.2138683E+34   1.8241635E+12   3.1580000E+05   9.3410002E-08   0.0000000E+00   7.5714999E-01   0.0000000E+00
  375   2.2138683E+34   1.9021133E+12   3.0710000E+05   8.6519997E-08   0.0000000E+00   7.5714999E-01   0.0000000E+00
  376   2.2138683E+34   1.9835430E+12   2.9870000E+05   8.0180001E-08   0.0000000E+00   7.5714999E-01   0.0000000E+00
  377   2.2138683E+34   2.0691485E+12   2.9060000E+05   7.4349998E-08   0.0000000E+00   7.5714999E-01   0.0000000E+00
  378   2.2138683E+34   2.1589300E+12   2.8260000E+05   6.8970003E-08   0.0000000E+00   7.5714999E-01   0.0000000E+00
  379   2.2138683E+34   2.2528872E+12   2.7490000E+05   6.4010003E-08   0.0000000E+00   7.5714999E-01   0.0000000E+00
  380   2.2138683E+34   2.3524123E+12   2.6740000E+05   5.9440001E-08   0.0000000E+00   7.5714999E-01   0.0000000E+00
  381   2.2138683E+34   2.4568093E+12   2.6010000E+05   5.5230000E-08   0.0000000E+00   7.5714999E-01   0.0000000E+00
  382   2.2138683E+34   2.5660782E+12   2.5300000E+05   5.1339999E-08   0.0000000E+00   7.5714999E-01   0.0000000E+00
  383   2.2138683E+34   2.6816109E+12   2.4610000E+05   4.7739999E-08   0.0000000E+00   7.5714999E-01   0.0000000E+00
  384   2.2138683E+34   2.8027115E+12   2.3940000E+05   4.4429999E-08   0.0000000E+00   7.5714999E-01   0.0000000E+00
  385   2.2138683E+34   2.9300757E+12   2.3280000E+05   4.1360000E-08   0.0000000E+00   7.5714999E-01   0.0000000E+00
  386   2.2138683E+34   3.0637040E+12   2.2650000E+05   3.8530001E-08   0.0000000E+00   7.5714999E-01   0.0000000E+00
  387   2.2138683E+34   3.2042920E+12   2.2030000E+05   3.5909999E-08   0.0000000E+00   7.5714999E-01   0.0000000E+00
  388   2.2138683E+34   3.3525355E+12   2.1430000E+05   3.3479999E-08   0.0000000E+00   7.5714999E-01   0.0000000E+00
  389   2.2138683E+34   3.5084352E+12   2.0840000E+05   3.1239999E-08   0.0000000E+00   7.5714999E-01   0.0000000E+00
  390   2.2158575E+34   3.6719904E+12   2.0280000E+05   2.9160001E-08   0.0000000E+00   7.5714999E-01   0.0000000E+00
  391   2.2158575E+34   3.8445936E+12   1.9720000E+05   2.7230000E-08   0.0000000E+00   7.5714999E-01   0.0000000E+00
  392   2.2158575E+34   4.0255483E+12   1.9180000E+05   2.5440000E-08   0.0000000E+00   7.5714999E-01   0.0000000E+00
  393   2.2158575E+34   4.2162470E+12   1.8660000E+05   2.3780000E-08   0.0000000E+00   7.5714999E-01   0.0000000E+00
  394   2.2158575E+34   4.4166890E+12   1.8150000E+05   2.2240000E-08   0.0000000E+00   7.5714999E-01   0.0000000E+00
  395   2.2158575E+34   4.6275709E+12   1.7660000E+05   2.0800000E-08   0.0000000E+00   7.5714999E-01   0.0000000E+00
  396   2.2158575E+34   4.8495887E+12   1.7180000E+05   1.9470001E-08   0.0000000E+00   7.5714999E-01   0.0000000E+00
  397   2.2158575E+34   5.0834380E+12   1.6710000E+05   1.8230001E-08   0.0000000E+00   7.5714999E-01   0.0000000E+00
  398   2.2158575E+34   5.3291188E+12   1.6250000E+05   1.7070001E-08   0.0000000E+00   7.5714999E-01   0.0000000E+00
  399   2.2158575E+34   5.5880235E+12   1.5810000E+05   1.5990000E-08   0.0000000E+00   7.5714999E-01   0.0000000E+00
  400   2.2158575E+34   5.8608475E+12   1.5380000E+05   1.4990000E-08   0.0000000E+00   7.5714999E-01   0.0000000E+00
  401   2.2158575E+34   6.1468953E+12   1.4960000E+05   1.4050000E-08   0.0000000E+00   7.5714999E-01   0.0000000E+00
  402   2.2158575E+34   6.4489509E+12   1.4550000E+05   1.3180000E-08   0.0000000E+00   7.5714999E-01   0.0000000E+00
  403   2.2158575E+34   6.7670138E+12   1.4160000E+05   1.2360000E-08   0.0000000E+00   7.5714999E-01   0.0000000E+00
  404   2.2178464E+34   7.0989960E+12   1.3770000E+05   1.1600000E-08   0.0000000E+00   7.5714999E-01   0.0000000E+00
  405   2.2178464E+34   7.4539457E+12   1.3400000E+05   1.0890000E-08   0.0000000E+00   7.5714999E-01   0.0000000E+00
  406   2.2178464E+34   7.8228153E+12   1.3040000E+05   1.0220000E-08   0.0000000E+00   7.5714999E-01   0.0000000E+00
  407   2.2178464E+34   8.2195237E+12   1.2680000E+05   9.5910000E-09   0.0000000E+00   7.5714999E-01   0.0000000E+00
  408   2.2178464E+34   8.6301520E+12   1.2340000E+05   9.0060004E-09   0.0000000E+00   7.5714999E-01   0.0000000E+00
  409   2.2178464E+34   9.0686196E+12   1.2000000E+05   8.4570004E-09   0.0000000E+00   7.5714999E-01   0.0000000E+00
  410   2.2198356E+34   9.5279658E+12   1.1680000E+05   7.9440001E-09   0.0000000E+00   7.5714999E-01   0.0000000E+00
  411   2.2198356E+34   1.0008193E+13   1.1360000E+05   7.4640001E-09   0.0000000E+00   7.5714999E-01   0.0000000E+00
  412   2.2198356E+34   1.0523217E+13   1.1050000E+05   7.0150001E-09   0.0000000E+00   7.5714999E-01   0.0000000E+00
  413   2.2198356E+34   1.1059122E+13   1.0750000E+05   6.5950001E-09   0.0000000E+00   7.5714999E-01   0.0000000E+00
  414   2.2218247E+34   1.1629826E+13   1.0460000E+05   6.2010002E-09   0.0000000E+00   7.5714999E-01   0.0000000E+00
  415   2.2218247E+34   1.2235329E+13   1.0180000E+05   5.8329999E-09   0.0000000E+00   7.5714999E-01   0.0000000E+00
  416   2.2218247E+34   1.2868670E+13   9.9020000E+04   5.4889999E-09   0.0000000E+00   7.5714999E-01   0.0000000E+00
  417   2.2238139E+34   1.3536811E+13   9.6340000E+04   5.1670002E-09   0.0000000E+00   7.5714999E-01   0.0000000E+00
  418   2.2238139E+34   1.4246710E+13   9.3730000E+04   4.8670001E-09   0.0000000E+00   7.5714999E-01   0.0000000E+00
  419   2.2258028E+34   1.4998369E+13   9.1200000E+04   4.5860000E-09   0.0000000E+00   7.5714999E-01   0.0000000E+00
  420   2.2258028E+34   1.5791786E+13   8.8730000E+04   4.3230002E-09   0.0000000E+00   7.5714999E-01   0.0000000E+00
  421   2.2277920E+34   1.6626962E+13   8.6330000E+04   4.0780002E-09   0.0000000E+00   7.5714999E-01   0.0000000E+00
  422   2.2277920E+34   1.7510857E+13   8.3990000E+04   3.8489998E-09   0.0000000E+00   7.5714999E-01   0.0000000E+00
  423   2.2297811E+34   1.8443470E+13   8.1720000E+04   3.6340000E-09   0.0000000E+00   7.5714999E-01   0.0000000E+00
  424   2.2317703E+34   1.9424802E+13   7.9500000E+04   3.4340000E-09   0.0000000E+00   7.5714999E-01   0.0000000E+00
  425   2.2337592E+34   2.0468772E+13   7.7350000E+04   3.2470000E-09   0.0000000E+00   7.5714999E-01   0.0000000E+00
  426   2.2357484E+34   2.1561460E+13   7.5250000E+04   3.0720000E-09   0.0000000E+00   7.5714999E-01   0.0000000E+00
  427   2.2377375E+34   2.2716787E+13   7.3210000E+04   2.9080001E-09   0.0000000E+00   7.5714999E-01   0.0000000E+00
  428   2.2397266E+34   2.3934752E+13   7.1220000E+04   2.7550000E-09   0.0000000E+00   7.5714999E-01   0.0000000E+00
  429   2.2417158E+34   2.5215355E+13   6.9280000E+04   2.6119999E-09   0.0000000E+00   7.5714999E-01   0.0000000E+00
  430   2.2456939E+34   2.6565557E+13   6.7400000E+04   2.4780000E-09   0.0000000E+00   7.5714999E-01   0.0000000E+00
  431   2.2476830E+34   2.7985356E+13   6.5560000E+04   2.3530000E-09   0.0000000E+00   7.5714999E-01   0.0000000E+00
  432   2.2516611E+34   2.9474753E+13   6.3770000E+04   2.2369999E-09   0.0000000E+00   7.5714999E-01   0.0000000E+00
  433   2.2556394E+34   3.1040708E+13   6.2030000E+04   2.1280000E-09   0.0000000E+00   7.5714999E-01   0.0000000E+00
  434   2.2596175E+34   3.2676261E+13   6.0330000E+04   2.0260000E-09   0.0000000E+00   7.5714999E-01   0.0000000E+00
  435   2.2655850E+34   3.4388372E+13   5.8670000E+04   1.9310000E-09   0.0000000E+00   7.5714999E-01   0.0000000E+00
  436   2.2695631E+34   3.6170081E+13   5.7050000E+04   1.8420000E-09   0.0000000E+00   7.5714999E-01   0.0000000E+00
  437   2.2755303E+34   3.8035307E+13   5.5480000E+04   1.7589999E-09   0.0000000E+00   7.5714999E-01   0.0000000E+00
  438   2.2814978E+34   3.9970131E+13   5.3940000E+04   1.6820000E-09   0.0000000E+00   7.5714999E-01   0.0000000E+00
  439   2.2894541E+34   4.1974552E+13   5.2440000E+04   1.6090000E-09   0.0000000E+00   7.5714999E-01   0.0000000E+00
  440   2.2974105E+34   4.4055534E+13   5.0980000E+04   1.5420000E-09   0.0000000E+00   7.5714999E-01   0.0000000E+00
  441   2.3053669E+34   4.6199152E+13   4.9540000E+04   1.4790000E-09   0.0000000E+00   7.5714999E-01   0.0000000E+00
  442   2.3133233E+34   4.8412367E+13   4.8150000E+04   1.4210000E-09   0.0000000E+00   7.5714999E-01   0.0000000E+00
  443   2.3232689E+34   5.0681264E+13   4.6780000E+04   1.3660000E-09   0.0000000E+00   7.5714999E-01   0.0000000E+00
  444   2.3352034E+34   5.2998877E+13   4.5450000E+04   1.3150000E-09   0.0000000E+00   7.5714999E-01   0.0000000E+00
  445   2.3451489E+34   5.5365209E+13   4.4140000E+04   1.2669999E-09   0.0000000E+00   7.5714999E-01   0.0000000E+00
  446   2.3570836E+34   5.7780260E+13   4.2880000E+04   1.2219999E-09   0.0000000E+00   7.5714999E-01   0.0000000E+00
  447   2.3710072E+34   6.0223149E+13   4.1640000E+04   1.1780000E-09   0.0000000E+00   7.5714999E-01   0.0000000E+00
  448   2.3849309E+34   6.2707798E+13   4.0450000E+04   1.1360000E-09   0.0000000E+00   7.5714999E-01   0.0000000E+00
  449   2.3988547E+34   6.5220284E+13   3.9310000E+04   1.0940000E-09   0.0000000E+00   7.5714999E-01   0.0000000E+00
  450   2.4147675E+34   6.7760611E+13   3.8210000E+04   1.0530000E-09   0.0000000E+00   7.5714999E-01   0.0000000E+00
  451   2.4306803E+34   7.0363578E+13   3.7160000E+04   1.0110000E-09   0.0000000E+00   7.5714999E-01   0.0000000E+00
  452   2.4465930E+34   7.2938704E+13   3.6150000E+04   9.7069996E-10   0.0000000E+00   7.5714999E-01   0.0000000E+00
  453   2.4644950E+34   7.5513830E+13   3.5170000E+04   9.3200003E-10   0.0000000E+00   7.5714999E-01   0.0000000E+00
  454   2.4823967E+34   7.8158554E+13   3.4210000E+04   8.9640001E-10   0.0000000E+00   7.5714999E-01   0.0000000E+00
  455   2.5002986E+34   8.0803278E+13   3.3240000E+04   8.6530000E-10   0.0000000E+00   7.5714999E-01   0.0000000E+00
  456   2.5182006E+34   8.3378404E+13   3.2250000E+04   8.3960000E-10   0.0000000E+00   7.5714999E-01   0.0000000E+00
  457   2.5380916E+34   8.5953530E+13   3.1230000E+04   8.2000001E-10   0.0000000E+00   7.5714999E-01   0.0000000E+00
  458   2.5559936E+34   8.8389460E+13   3.0170000E+04   8.0640000E-10   0.0000000E+00   7.5714999E-01   0.0000000E+00
  459   2.5758845E+34   9.0825390E+13   2.9080000E+04   7.9870000E-10   0.0000000E+00   7.5714999E-01   0.0000000E+00
  460   2.5957755E+34   9.3052526E+13   2.7950000E+04   7.9660001E-10   0.0000000E+00   7.5714999E-01   0.0000000E+00
  461   2.6136775E+34   9.5210064E+13   2.6770000E+04   7.9989998E-10   0.0000000E+00   7.5714999E-01   0.0000000E+00
  462   2.6315792E+34   9.7158808E+13   2.5550000E+04   8.0899998E-10   0.0000000E+00   7.5714999E-01   0.0000000E+00
  463   2.6494811E+34   9.8968356E+13   2.4270000E+04   8.2419999E-10   0.0000000E+00   7.5714999E-01   0.0000000E+00
  464   2.6673831E+34   1.0063871E+14   2.2920000E+04   8.4610002E-10   0.0000000E+00   7.5714999E-01   0.0000000E+00
  465   2.6832959E+34   1.0203067E+14   2.1520000E+04   8.7489999E-10   0.0000000E+00   7.5714999E-01   0.0000000E+00
  466   2.6992086E+34   1.0335303E+14   2.0080000E+04   9.0930002E-10   0.0000000E+00   7.5714999E-01   0.0000000E+00
  467   2.7131325E+34   1.0446660E+14   1.8680000E+04   9.4399999E-10   0.0000000E+00   7.5714999E-01   0.0000000E+00
  468   2.7270561E+34   1.0551057E+14   1.7470000E+04   9.6959996E-10   0.0000000E+00   7.5714999E-01   0.0000000E+00
  469   2.7409797E+34   1.0648494E+14   1.6470000E+04   9.8240005E-10   0.0000000E+00   7.5714999E-01   0.0000000E+00
  470   2.7529144E+34   1.0745931E+14   1.5610000E+04   9.8920006E-10   0.0000000E+00   7.5714999E-01   0.0000000E+00
  471   2.7648489E+34   1.0829449E+14   1.4700000E+04   1.0040000E-09   0.0000000E+00   7.5714999E-01   0.0000000E+00
  472   2.7767836E+34   1.0899047E+14   1.3620000E+04   1.0400000E-09   0.0000000E+00   7.5714999E-01   0.0000000E+00
  473   2.7847400E+34   1.0954725E+14   1.2480000E+04   1.0930000E-09   0.0000000E+00   7.5714999E-01   0.0000000E+00
  474   2.7946855E+34   1.1010404E+14   1.1540000E+04   1.1410000E-09   0.0000000E+00   7.5714999E-01   0.0000000E+00
  475   2.8046311E+34   1.1059122E+14   1.0880000E+04   1.1740000E-09   0.0000000E+00   7.5714999E-01   0.0000000E+00
  476   2.8125875E+34   1.1114801E+14   1.0370000E+04   1.1990000E-09   0.0000000E+00   7.5714999E-01   0.0000000E+00
  477   2.8225328E+34   1.1163519E+14   9.9440000E+03   1.2250000E-09   0.0000000E+00   7.5714999E-01   0.0000000E+00
  478   2.8324784E+34   1.1212238E+14   9.5410000E+03   1.2560000E-09   0.0000000E+00   7.5714999E-01   0.0000000E+00
  479   2.8404347E+34   1.1247037E+14   9.1330000E+03   1.2980000E-09   0.0000000E+00   7.5714999E-01   0.0000000E+00
  480   2.8464022E+34   1.1281836E+14   8.6870000E+03   1.3560000E-09   0.0000000E+00   7.5714999E-01   0.0000000E+00
  481   2.8523694E+34   1.1309675E+14   8.1630000E+03   1.4370000E-09   0.0000000E+00   7.5714999E-01   0.0000000E+00
  482   2.8563475E+34   1.1330554E+14   7.5040000E+03   1.5550000E-09   0.0000000E+00   7.5714999E-01   0.0000000E+00
  483   2.8603258E+34   1.1337514E+14   6.6910000E+03   1.7260000E-09   0.0000000E+00   7.5714999E-01   0.0000000E+00
  484   2.8623150E+34   1.1344474E+14   5.9470000E+03   1.8840001E-09   0.0000000E+00   7.5714999E-01   0.0000000E+00
  485   2.8662931E+34   1.1358394E+14   5.4430000E+03   1.9499999E-09   0.0000000E+00   7.5714999E-01   0.0000000E+00
  486   2.8702714E+34   1.1372313E+14   5.1140000E+03   1.9299999E-09   0.0000000E+00   7.5714999E-01   0.0000000E+00
  487   2.8742495E+34   1.1386233E+14   4.8750000E+03   1.8630000E-09   0.0000000E+00   7.5714999E-01   0.0000000E+00
  488   2.8802167E+34   1.1400152E+14   4.6810000E+03   1.7770000E-09   0.0000000E+00   7.5714999E-01   0.0000000E+00
  489   2.8841950E+34   1.1414072E+14   4.5110000E+03   1.6840001E-09   0.0000000E+00   7.5714999E-01   0.0000000E+00
  490   2.8881733E+34   1.1434951E+14   4.3520000E+03   1.5930000E-09   0.0000000E+00   7.5714999E-01   0.0000000E+00
  491   2.8921514E+34   1.1448871E+14   4.2000000E+03   1.5060000E-09   0.0000000E+00   7.5714999E-01   0.0000000E+00
  492   2.8941405E+34   1.1462791E+14   4.0550000E+03   1.4230001E-09   0.0000000E+00   7.5714999E-01   0.0000000E+00
  493   2.8981186E+34   1.1476710E+14   3.9190000E+03   1.3420000E-09   0.0000000E+00   7.5714999E-01   0.0000000E+00
  494   2.9001078E+34   1.1483670E+14   3.7990000E+03   1.2590000E-09   0.0000000E+00   7.5714999E-01   0.0000000E+00
  495   2.9040861E+34   1.1497590E+14   3.6980000E+03   1.1720001E-09   0.0000000E+00   7.5714999E-01   0.0000000E+00
  496   2.9060750E+34   1.1511509E+14   3.6150000E+03   1.0840000E-09   0.0000000E+00   7.5714999E-01   0.0000000E+00
  497   2.9080642E+34   1.1525429E+14   3.5480000E+03   9.9429998E-10   0.0000000E+00   7.5714999E-01   0.0000000E+00
  498   2.9100533E+34   1.1539348E+14   3.4950000E+03   9.0680002E-10   0.0000000E+00   7.5714999E-01   0.0000000E+00
  499   2.9275625E+34   1.1654741E+14   3.4776550E+03   8.8893214E-10   1.5405254E+01   7.5714999E-01   0.0000000E+00
  500   2.9452466E+34   1.1771289E+14   3.4603960E+03   8.7140609E-10   1.5405441E+01   7.5714999E-01   0.0000000E+00
  501   2.9631060E+34   1.1889002E+14   3.4432228E+03   8.5416733E-10   1.5406679E+01   7.5714999E-01   0.0000000E+00
  502   2.9811389E+34   1.2007892E+14   3.4261347E+03   8.3709502E-10   1.5411130E+01   7.5714999E-01   0.0000000E+00
  503   2.9993383E+34   1.2127971E+14   3.4091314E+03   8.1998213E-10   1.5422760E+01   7.5714999E-01   0.0000000E+00
  504   3.0176900E+34   1.2249250E+14   3.3922126E+03   8.0252425E-10   1.5447762E+01   7.5714999E-01   0.0000000E+00
  505   3.0361689E+34   1.2371743E+14   3.3753777E+03   7.8431784E-10   1.5494904E+01   7.5714999E-01   0.0000000E+00
  506   3.0547355E+34   1.2495460E+14   3.3586263E+03   7.6487017E-10   1.5575806E+01   7.5714999E-01   0.0000000E+00
  507   3.0733334E+34   1.2620415E+14   3.3419581E+03   7.4362390E-10   1.5705152E+01   7.5714999E-01   0.0000000E+00
  508   3.0918861E+34   1.2746619E+14   3.3253726E+03   7.1999965E-10   1.5900854E+01   7.5714999E-01   0.0000000E+00
  509   3.1102963E+34   1.2874085E+14   3.3088694E+03   6.9345773E-10   1.6184154E+01   7.5714999E-01   0.0000000E+00
  510   3.1284470E+34   1.3002826E+14   3.2924481E+03   6.6357639E-10   1.6579687E+01   7.5714999E-01   0.0000000E+00
  511   3.1462053E+34   1.3132854E+14   3.2761083E+03   6.3013671E-10   1.7115505E+01   7.5714999E-01   0.0000000E+00
  512   3.1634292E+34   1.3264183E+14   3.2598496E+03   5.9319761E-10   1.7823064E+01   7.5714999E-01   0.0000000E+00
  513   3.1799766E+34   1.3396825E+14   3.2436716E+03   5.5313975E-10   1.8737176E+01   7.5714999E-01   0.0000000E+00
  514   3.1957161E+34   1.3530793E+14   3.2275739E+03   5.1065991E-10   1.9895941E+01   7.5714999E-01   0.0000000E+00
  515   3.2105368E+34   1.3666101E+14   3.2115560E+03   4.6670867E-10   2.1340650E+01   7.5714999E-01   0.0000000E+00
  516   3.2243563E+34   1.3802762E+14   3.1956177E+03   4.2238095E-10   2.3115668E+01   7.5714999E-01   0.0000000E+00
  517   3.2371249E+34   1.3940790E+14   3.1797584E+03   3.7878432E-10   2.5268300E+01   7.5714999E-01   0.0000000E+00
  518   3.2488263E+34   1.4080197E+14   3.1639779E+03   3.3691564E-10   2.7848647E+01   7.5714999E-01   0.0000000E+00
  519   3.2594744E+34   1.4220999E+14   3.1482757E+03   2.9757155E-10   3.0909439E+01   7.5714999E-01   0.0000000E+00
  520   3.2691080E+34   1.4363209E+14   3.1326514E+03   2.6130444E-10   3.4505870E+01   7.5714999E-01   0.0000000E+00
  521   3.2777845E+34   1.4506842E+14   3.1171046E+03   2.2842178E-10   3.8695416E+01   7.5714999E-01   0.0000000E+00
  522   3.2855732E+34   1.4651910E+14   3.1016350E+03   1.9901658E-10   4.3537654E+01   7.5714999E-01   0.0000000E+00
  523   3.2925494E+34   1.4798429E+14   3.0862422E+03   1.7301451E-10   4.9094067E+01   7.5714999E-01   0.0000000E+00
  524   3.2987902E+34   1.4946413E+14   3.0709258E+03   1.5022447E-10   5.5427860E+01   7.5714999E-01   0.0000000E+00
  525   3.3043709E+34   1.5095878E+14   3.0556854E+03   1.3038440E-10   6.2603760E+01   7.5714999E-01   0.0000000E+00
  526   3.3093628E+34   1.5246836E+14   3.0405206E+03   1.1319798E-10   7.0687826E+01   7.5714999E-01   0.0000000E+00
  527   3.3138319E+34   1.5399305E+14   3.0254311E+03   9.8361419E-11   7.9747257E+01   7.5714999E-01   0.0000000E+00
  528   3.3178381E+34   1.5553298E+14   3.0104164E+03   8.5581276E-11   8.9850198E+01   7.5714999E-01   0.0000000E+00
  529   3.3214354E+34   1.5708831E+14   2.9954763E+03   7.4585069E-11   1.0106555E+02   7.5714999E-01   0.0000000E+00
  530   3.3246717E+34   1.5865919E+14   2.9806103E+03   6.5126660E-11   1.1346280E+02   7.5714999E-01   0.0000000E+00
  531   3.3275893E+34   1.6024578E+14   2.9658181E+03   5.6988031E-11   1.2711181E+02   7.5714999E-01   0.0000000E+00
  532   3.3302256E+34   1.6184824E+14   2.9510993E+03   4.9978785E-11   1.4208267E+02   7.5714999E-01   0.0000000E+00
  533   3.3326134E+34   1.6346672E+14   2.9364536E+03   4.3934339E-11   1.5844552E+02   7.5714999E-01   0.0000000E+00
  534   3.3347811E+34   1.6510139E+14   2.9218805E+03   3.8713461E-11   1.7627037E+02   7.5714999E-01   0.0000000E+00
  535   3.3367538E+34   1.6675240E+14   2.9073798E+03   3.4195573E-11   1.9562694E+02   7.5714999E-01   0.0000000E+00
  536   3.3385535E+34   1.6841993E+14   2.8929510E+03   3.0278080E-11   2.1658456E+02   7.5714999E-01   0.0000000E+00
  537   3.3401993E+34   1.7010413E+14   2.8785938E+03   2.6873873E-11   2.3921192E+02   7.5714999E-01   0.0000000E+00
  538   3.3417078E+34   1.7180517E+14   2.8643079E+03   2.3909075E-11   2.6357702E+02   7.5714999E-01   0.0000000E+00
  539   3.3430939E+34   1.7352322E+14   2.8500929E+03   2.1321051E-11   2.8974702E+02   7.5714999E-01   0.0000000E+00
  540   3.3443702E+34   1.7525845E+14   2.8359484E+03   1.9056681E-11   3.1778805E+02   7.5714999E-01   0.0000000E+00
  541   3.3455482E+34   1.7701104E+14   2.8218742E+03   1.7070883E-11   3.4776518E+02   7.5714999E-01   0.0000000E+00
  542   3.3466378E+34   1.7878115E+14   2.8078697E+03   1.5325351E-11   3.7974224E+02   7.5714999E-01   0.0000000E+00
  543   3.3476478E+34   1.8056896E+14   2.7939348E+03   1.3787492E-11   4.1378174E+02   7.5714999E-01   0.0000000E+00
  544   3.3485859E+34   1.8237465E+14   2.7800691E+03   1.2429528E-11   4.4994476E+02   7.5714999E-01   0.0000000E+00
  545   3.3494589E+34   1.8419839E+14   2.7662721E+03   1.1227743E-11   4.8829088E+02   7.5714999E-01   0.0000000E+00
  546   3.3502730E+34   1.8604038E+14   2.7525436E+03   1.0161850E-11   5.2887806E+02   7.5714999E-01   0.0000000E+00
  547   3.3510336E+34   1.8790078E+14   2.7388833E+03   9.2144593E-12   5.7176259E+02   7.5714999E-01   0.0000000E+00
  548   3.3517455E+34   1.8977979E+14   2.7252907E+03   8.3706349E-12   6.1699897E+02   7.5714999E-01   0.0000000E+00
  549   3.3524129E+34   1.9167759E+14   2.7117656E+03   7.6175211E-12   6.6463993E+02   7.5714999E-01   0.0000000E+00
  550   3.3530398E+34   1.9359436E+14   2.6983076E+03   6.9440291E-12   7.1473626E+02   7.5714999E-01   0.0000000E+00
  551   3.3536295E+34   1.9553031E+14   2.6849164E+03   6.3405736E-12   7.6733685E+02   7.5714999E-01   0.0000000E+00
  552   3.3541852E+34   1.9748561E+14   2.6715917E+03   5.7988513E-12   8.2248858E+02   7.5714999E-01   0.0000000E+00
  553   3.3547097E+34   1.9946047E+14   2.6583331E+03   5.3116546E-12   8.8023631E+02   7.5714999E-01   0.0000000E+00
  554   3.3552053E+34   2.0145507E+14   2.6451403E+03   4.8727132E-12   9.4062281E+02   7.5714999E-01   0.0000000E+00
  555   3.3556745E+34   2.0346962E+14   2.6320130E+03   4.4765614E-12   1.0036888E+03   7.5714999E-01   0.0000000E+00
  556   3.3561192E+34   2.0550432E+14   2.6189508E+03   4.1184248E-12   1.0694727E+03   7.5714999E-01   0.0000000E+00
  557   3.3565413E+34   2.0755936E+14   2.6059534E+03   3.7941248E-12   1.1380111E+03   7.5714999E-01   0.0000000E+00
  558   3.3569425E+34   2.0963495E+14   2.5930206E+03   3.4999966E-12   1.2093381E+03   7.5714999E-01   0.0000000E+00
  559   3.3573243E+34   2.1173130E+14   2.5801519E+03   3.2328202E-12   1.2834858E+03   7.5714999E-01   0.0000000E+00
  560   3.3576881E+34   2.1384862E+14   2.5673471E+03   2.9897607E-12   1.3604840E+03   7.5714999E-01   0.0000000E+00
  561   3.3580351E+34   2.1598710E+14   2.5546059E+03   2.7683179E-12   1.4403604E+03   7.5714999E-01   0.0000000E+00
  562   3.3583666E+34   2.1814697E+14   2.5419278E+03   2.5662823E-12   1.5231404E+03   7.5714999E-01   0.0000000E+00
  563   3.3586836E+34   2.2032844E+14   2.5293127E+03   2.3816985E-12   1.6088474E+03   7.5714999E-01   0.0000000E+00
  564   3.3589870E+34   2.2253173E+14   2.5167602E+03   2.2128324E-12   1.6975023E+03   7.5714999E-01   0.0000000E+00
  565   3.3592777E+34   2.2475705E+14   2.5042700E+03   2.0581436E-12   1.7891241E+03   7.5714999E-01   0.0000000E+00
  566   3.3595566E+34   2.2700462E+14   2.4918418E+03   1.9162619E-12   1.8837295E+03   7.5714999E-01   0.0000000E+00
  567   3.3598244E+34   2.2927466E+14   2.4794753E+03   1.7859659E-12   1.9813330E+03   7.5714999E-01   0.0000000E+00
  568   3.3600818E+34   2.3156741E+14   2.4671701E+03   1.6661656E-12   2.0819473E+03   7.5714999E-01   0.0000000E+00
  569   3.3603295E+34   2.3388308E+14   2.4549260E+03   1.5558866E-12   2.1855825E+03   7.5714999E-01   0.0000000E+00
  570   3.3605680E+34   2.3622191E+14   2.4427427E+03   1.4542564E-12   2.2922470E+03   7.5714999E-01   0.0000000E+00
  571   3.3607979E+34   2.3858413E+14   2.4306198E+03   1.3604927E-12   2.4019470E+03   7.5714999E-01   0.0000000E+00
  572   3.3610197E+34   2.4096997E+14   2.4185571E+03   1.2738932E-12   2.5146866E+03   7.5714999E-01   0.0000000E+00
  573   3.3612338E+34   2.4337967E+14   2.4065543E+03   1.1938262E-12   2.6304681E+03   7.5714999E-01   0.0000000E+00
  574   3.3614407E+34   2.4581347E+14   2.3946110E+03   1.1197230E-12   2.7492917E+03   7.5714999E-01   0.0000000E+00
  575   3.3616408E+34   2.4827161E+14   2.3827270E+03   1.0510707E-12   2.8711556E+03   7.5714999E-01   0.0000000E+00
  576   3.3618345E+34   2.5075432E+14   2.3709020E+03   9.8740641E-13   2.9960563E+03   7.5714999E-01   0.0000000E+00
  577   3.3620222E+34   2.5326186E+14   2.3591357E+03   9.2831157E-13   3.1239883E+03   7.5714999E-01   0.0000000E+00
  578   3.3622040E+34   2.5579448E+14   2.3474277E+03   8.7340736E-13   3.2549444E+03   7.5714999E-01   0.0000000E+00
  579   3.3623805E+34   2.5835243E+14   2.3357779E+03   8.2235046E-13   3.3889154E+03   7.5714999E-01   0.0000000E+00
  580   3.3625518E+34   2.6093595E+14   2.3241859E+03   7.7482938E-13   3.5258907E+03   7.5714999E-01   0.0000000E+00
  581   3.3627181E+34   2.6354531E+14   2.3126514E+03   7.3056115E-13   3.6658577E+03   7.5714999E-01   0.0000000E+00
  582   3.3628799E+34   2.6618076E+14   2.3011741E+03   6.8928844E-13   3.8088023E+03   7.5714999E-01   0.0000000E+00
  583   3.3630372E+34   2.6884257E+14   2.2897538E+03   6.5077695E-13   3.9547088E+03   7.5714999E-01   0.0000000E+00
  584   3.3631904E+34   2.7153100E+14   2.2783902E+03   6.1481315E-13   4.1035599E+03   7.5714999E-01   0.0000000E+00
  585   3.3633395E+34   2.7424631E+14   2.2670830E+03   5.8120219E-13   4.2553368E+03   7.5714999E-01   0.0000000E+00
  586   3.3634849E+34   2.7698877E+14   2.2558319E+03   5.4976610E-13   4.4100192E+03   7.5714999E-01   0.0000000E+00
  587   3.3636266E+34   2.7975866E+14   2.2446366E+03   5.2034216E-13   4.5675854E+03   7.5714999E-01   0.0000000E+00
  588   3.3637649E+34   2.8255625E+14   2.2334969E+03   4.9278145E-13   4.7280122E+03   7.5714999E-01   0.0000000E+00
  589   3.3639000E+34   2.8538181E+14   2.2224125E+03   4.6694753E-13   4.8912754E+03   7.5714999E-01   0.0000000E+00
  590   3.3640319E+34   2.8823563E+14   2.2113831E+03   4.4271529E-13   5.0573490E+03   7.5714999E-01   0.0000000E+00
  591   3.3641608E+34   2.9111798E+14   2.2004084E+03   4.1996989E-13   5.2262063E+03   7.5714999E-01   0.0000000E+00
  592   3.3642869E+34   2.9402916E+14   2.1894882E+03   3.9860582E-13   5.3978189E+03   7.5714999E-01   0.0000000E+00
  593   3.3644102E+34   2.9696945E+14   2.1786222E+03   3.7852608E-13   5.5721577E+03   7.5714999E-01   0.0000000E+00
  594   3.3645309E+34   2.9993915E+14   2.1678101E+03   3.5964136E-13   5.7491922E+03   7.5714999E-01   0.0000000E+00
  595   3.3646492E+34   3.0293854E+14   2.1570517E+03   3.4186942E-13   5.9288909E+03   7.5714999E-01   0.0000000E+00
  596   3.3647651E+34   3.0596793E+14   2.1463466E+03   3.2513442E-13   6.1112213E+03   7.5714999E-01   0.0000000E+00
  597   3.3648787E+34   3.0902760E+14   2.1356947E+03   3.0936640E-13   6.2961500E+03   7.5714999E-01   0.0000000E+00
  598   3.3649901E+34   3.1211788E+14   2.1250957E+03   2.9450074E-13   6.4836426E+03   7.5714999E-01   0.0000000E+00
  599   3.3650994E+34   3.1523906E+14   2.1145492E+03   2.8047774E-13   6.6736638E+03   7.5714999E-01   0.0000000E+00
  600   3.3652067E+34   3.1839145E+14   2.1040551E+03   2.6724214E-13   6.8661775E+03   7.5714999E-01   0.0000000E+00
  601   3.3653121E+34   3.2157536E+14   2.0936131E+03   2.5474284E-13   7.0611469E+03   7.5714999E-01   0.0000000E+00
  602   3.3654157E+34   3.2479112E+14   2.0832229E+03   2.4293246E-13   7.2585342E+03   7.5714999E-01   0.0000000E+00
  603   3.3655175E+34   3.2803903E+14   2.0728843E+03   2.3176712E-13   7.4583010E+03   7.5714999E-01   0.0000000E+00
  604   3.3656176E+34   3.3131942E+14   2.0625969E+03   2.2120608E-13   7.6604085E+03   7.5714999E-01   0.0000000E+00
  605   3.3657160E+34   3.3463261E+14   2.0523607E+03   2.1121153E-13   7.8648168E+03   7.5714999E-01   0.0000000E+00
  606   3.3658129E+34   3.3797894E+14   2.0421752E+03   2.0174835E-13   8.0714858E+03   7.5714999E-01   0.0000000E+00
  607   3.3659084E+34   3.4135873E+14   2.0320403E+03   1.9278389E-13   8.2803747E+03   7.5714999E-01   0.0000000E+00
  608   3.3660023E+34   3.4477232E+14   2.0219556E+03   1.8428778E-13   8.4914421E+03   7.5714999E-01   0.0000000E+00
  609   3.3660949E+34   3.4822004E+14   2.0119211E+03   1.7623173E-13   8.7046463E+03   7.5714999E-01   0.0000000E+00
  610   3.3661862E+34   3.5170224E+14   2.0019363E+03   1.6858942E-13   8.9199450E+03   7.5714999E-01   0.0000000E+00
  611   3.3662761E+34   3.5521926E+14   1.9920010E+03   1.6133629E-13   9.1372957E+03   7.5714999E-01   0.0000000E+00
  612   3.3663649E+34   3.5877146E+14   1.9821151E+03   1.5444945E-13   9.3566553E+03   7.5714999E-01   0.0000000E+00
  613   3.3664524E+34   3.6235917E+14   1.9722783E+03   1.4790753E-13   9.5779807E+03   7.5714999E-01   0.0000000E+00
  614   3.3665389E+34   3.6598276E+14   1.9624902E+03   1.4169059E-13   9.8012281E+03   7.5714999E-01   0.0000000E+00
  615   3.3666242E+34   3.6964259E+14   1.9527508E+03   1.3577998E-13   1.0026354E+04   7.5714999E-01   0.0000000E+00
  616   3.3667085E+34   3.7333901E+14   1.9430596E+03   1.3015827E-13   1.0253313E+04   7.5714999E-01   0.0000000E+00
  617   3.3667917E+34   3.7707241E+14   1.9334166E+03   1.2480917E-13   1.0482063E+04   7.5714999E-01   0.0000000E+00
  618   3.3668740E+34   3.8084313E+14   1.9238214E+03   1.1971741E-13   1.0712558E+04   7.5714999E-01   0.0000000E+00
  619   3.3669553E+34   3.8465156E+14   1.9142738E+03   1.1486872E-13   1.0944754E+04   7.5714999E-01   0.0000000E+00
  620   3.3670358E+34   3.8849808E+14   1.9047737E+03   1.1024969E-13   1.1178606E+04   7.5714999E-01   0.0000000E+00
  621   3.3671153E+34   3.9238306E+14   1.8953206E+03   1.0584779E-13   1.1414069E+04   7.5714999E-01   0.0000000E+00
  622   3.3671940E+34   3.9630689E+14   1.8859145E+03   1.0165123E-13   1.1651099E+04   7.5714999E-01   0.0000000E+00
  623   3.3672720E+34   4.0026996E+14   1.8765551E+03   9.7648974E-14   1.1889651E+04   7.5714999E-01   0.0000000E+00
  624   3.3673491E+34   4.0427266E+14   1.8672421E+03   9.3830649E-14   1.2129679E+04   7.5714999E-01   0.0000000E+00
  625   3.3674255E+34   4.0831538E+14   1.8579753E+03   9.0186508E-14   1.2371140E+04   7.5714999E-01   0.0000000E+00
  626   3.3675011E+34   4.1239854E+14   1.8487546E+03   8.6707394E-14   1.2613988E+04   7.5714999E-01   0.0000000E+00
  627   3.3675761E+34   4.1652252E+14   1.8395795E+03   8.3384695E-14   1.2858178E+04   7.5714999E-01   0.0000000E+00
  628   3.3676504E+34   4.2068775E+14   1.8304501E+03   8.0210309E-14   1.3103667E+04   7.5714999E-01   0.0000000E+00
  629   3.3677241E+34   4.2489462E+14   1.8213659E+03   7.7176612E-14   1.3350409E+04   7.5714999E-01   0.0000000E+00
  630   3.3677971E+34   4.2914357E+14   1.8123268E+03   7.4276422E-14   1.3598361E+04   7.5714999E-01   0.0000000E+00
  631   3.3678695E+34   4.3343501E+14   1.8033326E+03   7.1502975E-14   1.3847478E+04   7.5714999E-01   0.0000000E+00
  632   3.3679414E+34   4.3776936E+14   1.7943830E+03   6.8849895E-14   1.4097716E+04   7.5714999E-01   0.0000000E+00
  633   3.3680127E+34   4.4214705E+14   1.7854778E+03   6.6311171E-14   1.4349032E+04   7.5714999E-01   0.0000000E+00
  634   3.3680835E+34   4.4656852E+14   1.7766168E+03   6.3881132E-14   1.4601382E+04   7.5714999E-01   0.0000000E+00
  635   3.3681538E+34   4.5103421E+14   1.7677998E+03   6.1554425E-14   1.4854722E+04   7.5714999E-01   0.0000000E+00
  636   3.3682236E+34   4.5554455E+14   1.7590265E+03   5.9325998E-14   1.5109010E+04   7.5714999E-01   0.0000000E+00
  637   3.3682929E+34   4.6009999E+14   1.7502968E+03   5.7191078E-14   1.5364203E+04   7.5714999E-01   0.0000000E+00
  638   3.3683617E+34   4.6470099E+14   1.7416104E+03   5.5145155E-14   1.5620258E+04   7.5714999E-01   0.0000000E+00
  639   3.3684301E+34   4.6934800E+14   1.7329671E+03   5.3183966E-14   1.5877133E+04   7.5714999E-01   0.0000000E+00
  640   3.3684981E+34   4.7404148E+14   1.7243668E+03   5.1303480E-14   1.6134787E+04   7.5714999E-01   0.0000000E+00
  641   3.3685657E+34   4.7878190E+14   1.7158091E+03   4.9499883E-14   1.6393178E+04   7.5714999E-01   0.0000000E+00
  642   3.3686329E+34   4.8356972E+14   1.7072938E+03   4.7769564E-14   1.6652264E+04   7.5714999E-01   0.0000000E+00
  643   3.3686998E+34   4.8840541E+14   1.6988208E+03   4.6109107E-14   1.6912005E+04   7.5714999E-01   0.0000000E+00
  644   3.3687663E+34   4.9328947E+14   1.6903899E+03   4.4515276E-14   1.7172361E+04   7.5714999E-01   0.0000000E+00
  645   3.3688324E+34   4.9822236E+14   1.6820008E+03   4.2985002E-14   1.7433291E+04   7.5714999E-01   0.0000000E+00
  646   3.3688982E+34   5.0320459E+14   1.6736534E+03   4.1515380E-14   1.7694756E+04   7.5714999E-01   0.0000000E+00
  647   3.3689637E+34   5.0823663E+14   1.6653474E+03   4.0103653E-14   1.7956715E+04   7.5714999E-01   0.0000000E+00
  648   3.3690289E+34   5.1331900E+14   1.6570826E+03   3.8747207E-14   1.8219132E+04   7.5714999E-01   0.0000000E+00
  649   3.3690938E+34   5.1845219E+14   1.6488588E+03   3.7443563E-14   1.8481966E+04   7.5714999E-01   0.0000000E+00
  650   3.3691585E+34   5.2363671E+14   1.6406758E+03   3.6190365E-14   1.8745181E+04   7.5714999E-01   0.0000000E+00
  651   3.3692229E+34   5.2887308E+14   1.6325334E+03   3.4985378E-14   1.9008738E+04   7.5714999E-01   0.0000000E+00
  652   3.3692870E+34   5.3416181E+14   1.6244315E+03   3.3826479E-14   1.9272600E+04   7.5714999E-01   0.0000000E+00
  653   3.3693509E+34   5.3950343E+14   1.6163697E+03   3.2711651E-14   1.9536730E+04   7.5714999E-01   0.0000000E+00
  654   3.3694146E+34   5.4489846E+14   1.6083480E+03   3.1638977E-14   1.9801093E+04   7.5714999E-01   0.0000000E+00
  655   3.3694781E+34   5.5034745E+14   1.6003661E+03   3.0606633E-14   2.0065653E+04   7.5714999E-01   0.0000000E+00
  656   3.3695414E+34   5.5585092E+14   1.5924238E+03   2.9612887E-14   2.0330374E+04   7.5714999E-01   0.0000000E+00
  657   3.3696045E+34   5.6140943E+14   1.5845209E+03   2.8656089E-14   2.0595221E+04   7.5714999E-01   0.0000000E+00
  658   3.3696674E+34   5.6702352E+14   1.5766572E+03   2.7734669E-14   2.0860160E+04   7.5714999E-01   0.0000000E+00
  659   3.3697301E+34   5.7269376E+14   1.5688325E+03   2.6847134E-14   2.1125157E+04   7.5714999E-01   0.0000000E+00
  660   3.3697927E+34   5.7842070E+14   1.5610467E+03   2.5992060E-14   2.1390179E+04   7.5714999E-01   0.0000000E+00
  661   3.3698551E+34   5.8420490E+14   1.5532996E+03   2.5168094E-14   2.1655192E+04   7.5714999E-01   0.0000000E+00
  662   3.3699174E+34   5.9004695E+14   1.5455908E+03   2.4373944E-14   2.1920165E+04   7.5714999E-01   0.0000000E+00
  663   3.3699796E+34   5.9594742E+14   1.5379203E+03   2.3608379E-14   2.2185065E+04   7.5714999E-01   0.0000000E+00
  664   3.3700417E+34   6.0190690E+14   1.5302879E+03   2.2870226E-14   2.2449862E+04   7.5714999E-01   0.0000000E+00
  665   3.3701036E+34   6.0792596E+14   1.5226934E+03   2.2158367E-14   2.2714523E+04   7.5714999E-01   0.0000000E+00
  666   3.3701654E+34   6.1400522E+14   1.5151366E+03   2.1471736E-14   2.2979019E+04   7.5714999E-01   0.0000000E+00
  667   3.3702272E+34   6.2014528E+14   1.5076172E+03   2.0809313E-14   2.3243319E+04   7.5714999E-01   0.0000000E+00
  668   3.3702889E+34   6.2634673E+14   1.5001352E+03   2.0170127E-14   2.3507395E+04   7.5714999E-01   0.0000000E+00
  669   3.3703505E+34   6.3261020E+14   1.4926903E+03   1.9553251E-14   2.3771217E+04   7.5714999E-01   0.0000000E+00
  670   3.3704120E+34   6.3893630E+14   1.4852824E+03   1.8957799E-14   2.4034756E+04   7.5714999E-01   0.0000000E+00
  671   3.3704734E+34   6.4532566E+14   1.4779112E+03   1.8382925E-14   2.4297986E+04   7.5714999E-01   0.0000000E+00
  672   3.3705349E+34   6.5177892E+14   1.4705766E+03   1.7827821E-14   2.4560878E+04   7.5714999E-01   0.0000000E+00
  673   3.3705962E+34   6.5829671E+14   1.4632784E+03   1.7291714E-14   2.4823405E+04   7.5714999E-01   0.0000000E+00
  674   3.3706576E+34   6.6487967E+14   1.4560165E+03   1.6773866E-14   2.5085541E+04   7.5714999E-01   0.0000000E+00
  675   3.3707189E+34   6.7152847E+14   1.4487905E+03   1.6273572E-14   2.5347260E+04   7.5714999E-01   0.0000000E+00
  676   3.3707802E+34   6.7824376E+14   1.4416005E+03   1.5790155E-14   2.5608537E+04   7.5714999E-01   0.0000000E+00
  677   3.3708415E+34   6.8502619E+14   1.4344461E+03   1.5322970E-14   2.5869347E+04   7.5714999E-01   0.0000000E+00
  678   3.3709028E+34   6.9187646E+14   1.4273272E+03   1.4871399E-14   2.6129665E+04   7.5714999E-01   0.0000000E+00
  679   3.3709640E+34   6.9879522E+14   1.4202436E+03   1.4434851E-14   2.6389467E+04   7.5714999E-01   0.0000000E+00
  680   3.3710253E+34   7.0578317E+14   1.4131952E+03   1.4012759E-14   2.6648730E+04   7.5714999E-01   0.0000000E+00
  681   3.3710866E+34   7.1284100E+14   1.4061818E+03   1.3604582E-14   2.6907430E+04   7.5714999E-01   0.0000000E+00
  682   3.3711480E+34   7.1996941E+14   1.3992032E+03   1.3209800E-14   2.7165546E+04   7.5714999E-01   0.0000000E+00
  683   3.3712094E+34   7.2716911E+14   1.3922592E+03   1.2827915E-14   2.7423055E+04   7.5714999E-01   0.0000000E+00
  684   3.3712708E+34   7.3444080E+14   1.3853497E+03   1.2458452E-14   2.7679936E+04   7.5714999E-01   0.0000000E+00
  685   3.3713322E+34   7.4178521E+14   1.3784745E+03   1.2100954E-14   2.7936167E+04   7.5714999E-01   0.0000000E+00
  686   3.3713937E+34   7.4920306E+14   1.3716334E+03   1.1754982E-14   2.8191729E+04   7.5714999E-01   0.0000000E+00
  687   3.3714553E+34   7.5669509E+14   1.3648262E+03   1.1420117E-14   2.8446600E+04   7.5714999E-01   0.0000000E+00
  688   3.3715169E+34   7.6426204E+14   1.3580528E+03   1.1095957E-14   2.8700762E+04   7.5714999E-01   0.0000000E+00
  689   3.3715786E+34   7.7190466E+14   1.3513131E+03   1.0782115E-14   2.8954195E+04   7.5714999E-01   0.0000000E+00
  690   3.3716404E+34   7.7962371E+14   1.3446068E+03   1.0478220E-14   2.9206880E+04   7.5714999E-01   0.0000000E+00
  691   3.3717023E+34   7.8741994E+14   1.3379338E+03   1.0183918E-14   2.9458799E+04   7.5714999E-01   0.0000000E+00
  692   3.3717642E+34   7.9529414E+14   1.3312938E+03   9.8988672E-15   2.9709935E+04   7.5714999E-01   0.0000000E+00
  693   3.3718263E+34   8.0324709E+14   1.3246869E+03   9.6227397E-15   2.9960269E+04   7.5714999E-01   0.0000000E+00
  694   3.3718884E+34   8.1127956E+14   1.3181127E+03   9.3552212E-15   3.0209785E+04   7.5714999E-01   0.0000000E+00
  695   3.3719507E+34   8.1939235E+14   1.3115712E+03   9.0960096E-15   3.0458467E+04   7.5714999E-01   0.0000000E+00
  696   3.3720130E+34   8.2758628E+14   1.3050621E+03   8.8448148E-15   3.0706298E+04   7.5714999E-01   0.0000000E+00
  697   3.3720755E+34   8.3586214E+14   1.2985853E+03   8.6013579E-15   3.0953263E+04   7.5714999E-01   0.0000000E+00
  698   3.3721382E+34   8.4422076E+14   1.2921407E+03   8.3653711E-15   3.1199347E+04   7.5714999E-01   0.0000000E+00
  699   3.3722009E+34   8.5266297E+14   1.2857280E+03   8.1365969E-15   3.1444534E+04   7.5714999E-01   0.0000000E+00
  700   3.3722638E+34   8.6118960E+14   1.2793472E+03   7.9147878E-15   3.1688810E+04   7.5714999E-01   0.0000000E+00
  701   3.3723269E+34   8.6980149E+14   1.2729981E+03   7.6997059E-15   3.1932163E+04   7.5714999E-01   0.0000000E+00
  702   3.3723900E+34   8.7849951E+14   1.2666804E+03   7.4911221E-15   3.2174577E+04   7.5714999E-01   0.0000000E+00
  703   3.3724534E+34   8.8728450E+14   1.2603941E+03   7.2888165E-15   3.2416039E+04   7.5714999E-01   0.0000000E+00
  704   3.3725169E+34   8.9615735E+14   1.2541390E+03   7.0925773E-15   3.2656538E+04   7.5714999E-01   0.0000000E+00
  705   3.3725806E+34   9.0511892E+14   1.2479150E+03   6.9022006E-15   3.2896061E+04   7.5714999E-01   0.0000000E+00
  706   3.3726444E+34   9.1417011E+14   1.2417218E+03   6.7174905E-15   3.3134595E+04   7.5714999E-01   0.0000000E+00
  707   3.3727085E+34   9.2331181E+14   1.2355594E+03   6.5382581E-15   3.3372130E+04   7.5714999E-01   0.0000000E+00
  708   3.3727727E+34   9.3254493E+14   1.2294275E+03   6.3643217E-15   3.3608653E+04   7.5714999E-01   0.0000000E+00
  709   3.3728371E+34   9.4187038E+14   1.2233261E+03   6.1955065E-15   3.3844155E+04   7.5714999E-01   0.0000000E+00
  710   3.3729017E+34   9.5128908E+14   1.2172550E+03   6.0316438E-15   3.4078624E+04   7.5714999E-01   0.0000000E+00
  711   3.3729665E+34   9.6080197E+14   1.2112140E+03   5.8725715E-15   3.4312051E+04   7.5714999E-01   0.0000000E+00
  712   3.3730315E+34   9.7040999E+14   1.2052029E+03   5.7181332E-15   3.4544425E+04   7.5714999E-01   0.0000000E+00
  713   3.3730967E+34   9.8011409E+14   1.1992218E+03   5.5681783E-15   3.4775738E+04   7.5714999E-01   0.0000000E+00
  714   3.3731622E+34   9.8991523E+14   1.1932702E+03   5.4225616E-15   3.5005981E+04   7.5714999E-01   0.0000000E+00
  715   3.3732279E+34   9.9981439E+14   1.1873483E+03   5.2811432E-15   3.5235144E+04   7.5714999E-01   0.0000000E+00
  716   3.3732938E+34   1.0098125E+15   1.1814557E+03   5.1437883E-15   3.5463220E+04   7.5714999E-01   0.0000000E+00
  717   3.3733599E+34   1.0199107E+15   1.1755923E+03   5.0103668E-15   3.5690200E+04   7.5714999E-01   0.0000000E+00
  718   3.3734263E+34   1.0301098E+15   1.1697581E+03   4.8807534E-15   3.5916077E+04   7.5714999E-01   0.0000000E+00
  719   3.3734929E+34   1.0404109E+15   1.1639528E+03   4.7548271E-15   3.6140843E+04   7.5714999E-01   0.0000000E+00
  720   3.3735598E+34   1.0508150E+15   1.1581763E+03   4.6324713E-15   3.6364492E+04   7.5714999E-01   0.0000000E+00
  721   3.3736269E+34   1.0613231E+15   1.1524285E+03   4.5135736E-15   3.6587016E+04   7.5714999E-01   0.0000000E+00
  722   3.3736943E+34   1.0719363E+15   1.1467093E+03   4.3980253E-15   3.6808409E+04   7.5714999E-01   0.0000000E+00
  723   3.3737620E+34   1.0826557E+15   1.1410184E+03   4.2857217E-15   3.7028665E+04   7.5714999E-01   0.0000000E+00
  724   3.3738299E+34   1.0934823E+15   1.1353557E+03   4.1765616E-15   3.7247779E+04   7.5714999E-01   0.0000000E+00
  725   3.3738982E+34   1.1044171E+15   1.1297211E+03   4.0704476E-15   3.7465744E+04   7.5714999E-01   0.0000000E+00
  726   3.3739667E+34   1.1154613E+15   1.1241145E+03   3.9672853E-15   3.7682555E+04   7.5714999E-01   0.0000000E+00
  727   3.3740355E+34   1.1266159E+15   1.1185358E+03   3.8669838E-15   3.7898208E+04   7.5714999E-01   0.0000000E+00
  728   3.3741046E+34   1.1378820E+15   1.1129847E+03   3.7694552E-15   3.8112698E+04   7.5714999E-01   0.0000000E+00
  729   3.3741740E+34   1.1492609E+15   1.1074612E+03   3.6746147E-15   3.8326020E+04   7.5714999E-01   0.0000000E+00
  730   3.3742437E+34   1.1607535E+15   1.1019651E+03   3.5823803E-15   3.8538171E+04   7.5714999E-01   0.0000000E+00
  731   3.3743137E+34   1.1723610E+15   1.0964962E+03   3.4926728E-15   3.8749146E+04   7.5714999E-01   0.0000000E+00
  732   3.3743840E+34   1.1840846E+15   1.0910545E+03   3.4054158E-15   3.8958941E+04   7.5714999E-01   0.0000000E+00
  733   3.3744547E+34   1.1959255E+15   1.0856398E+03   3.3205352E-15   3.9167555E+04   7.5714999E-01   0.0000000E+00
  734   3.3745257E+34   1.2078847E+15   1.0802520E+03   3.2379596E-15   3.9374982E+04   7.5714999E-01   0.0000000E+00
  735   3.3745970E+34   1.2199636E+15   1.0748909E+03   3.1576200E-15   3.9581221E+04   7.5714999E-01   0.0000000E+00
  736   3.3746687E+34   1.2321632E+15   1.0695564E+03   3.0794495E-15   3.9786269E+04   7.5714999E-01   0.0000000E+00
  737   3.3747407E+34   1.2444848E+15   1.0642484E+03   3.0033837E-15   3.9990123E+04   7.5714999E-01   0.0000000E+00
  738   3.3748131E+34   1.2569297E+15   1.0589668E+03   2.9293600E-15   4.0192782E+04   7.5714999E-01   0.0000000E+00
  739   3.3748858E+34   1.2694990E+15   1.0537113E+03   2.8573181E-15   4.0394243E+04   7.5714999E-01   0.0000000E+00
  740   3.3749589E+34   1.2821940E+15   1.0484819E+03   2.7871996E-15   4.0594505E+04   7.5714999E-01   0.0000000E+00
  741   3.3750324E+34   1.2950159E+15   1.0432785E+03   2.7189480E-15   4.0793566E+04   7.5714999E-01   0.0000000E+00
  742   3.3751063E+34   1.3079661E+15   1.0381009E+03   2.6525086E-15   4.0991425E+04   7.5714999E-01   0.0000000E+00
  743   3.3751805E+34   1.3210457E+15   1.0329490E+03   2.5878286E-15   4.1188081E+04   7.5714999E-01   0.0000000E+00
  744   3.3752551E+34   1.3342562E+15   1.0278227E+03   2.5248569E-15   4.1383532E+04   7.5714999E-01   0.0000000E+00
  745   3.3753301E+34   1.3475987E+15   1.0227218E+03   2.4635437E-15   4.1577780E+04   7.5714999E-01   0.0000000E+00
  746   3.3754055E+34   1.3610747E+15   1.0176462E+03   2.4038414E-15   4.1770822E+04   7.5714999E-01   0.0000000E+00
  747   3.3754813E+34   1.3746855E+15   1.0125959E+03   2.3457033E-15   4.1962659E+04   7.5714999E-01   0.0000000E+00
  748   3.3755576E+34   1.3884323E+15   1.0075705E+03   2.2890846E-15   4.2153291E+04   7.5714999E-01   0.0000000E+00
  749   3.3756342E+34   1.4023166E+15   1.0025702E+03   2.2339418E-15   4.2342717E+04   7.5714999E-01   0.0000000E+00
  750   3.3757113E+34   1.4163398E+15   9.9759459E+02   2.1802328E-15   4.2530939E+04   7.5714999E-01   0.0000000E+00
  751   3.3757888E+34   1.4305032E+15   9.9264371E+02   2.1279167E-15   4.2717956E+04   7.5714999E-01   0.0000000E+00
  752   3.3758667E+34   1.4448082E+15   9.8771741E+02   2.0769541E-15   4.2903769E+04   7.5714999E-01   0.0000000E+00
  753   3.3759451E+34   1.4592563E+15   9.8281556E+02   2.0273066E-15   4.3088379E+04   7.5714999E-01   0.0000000E+00
  754   3.3760239E+34   1.4738489E+15   9.7793803E+02   1.9789372E-15   4.3271787E+04   7.5714999E-01   0.0000000E+00
  755   3.3761032E+34   1.4885874E+15   9.7308471E+02   1.9318100E-15   4.3453994E+04   7.5714999E-01   0.0000000E+00
  756   3.3761830E+34   1.5034733E+15   9.6825548E+02   1.8858900E-15   4.3635001E+04   7.5714999E-01   0.0000000E+00
  757   3.3762632E+34   1.5185080E+15   9.6345021E+02   1.8411436E-15   4.3814811E+04   7.5714999E-01   0.0000000E+00
  758   3.3763439E+34   1.5336931E+15   9.5866879E+02   1.7975381E-15   4.3993423E+04   7.5714999E-01   0.0000000E+00
  759   3.3764250E+34   1.5490300E+15   9.5391110E+02   1.7550417E-15   4.4170841E+04   7.5714999E-01   0.0000000E+00
  760   3.3765067E+34   1.5645203E+15   9.4917702E+02   1.7136237E-15   4.4347066E+04   7.5714999E-01   0.0000000E+00
  761   3.3765888E+34   1.5801655E+15   9.4446643E+02   1.6732544E-15   4.4522100E+04   7.5714999E-01   0.0000000E+00
  762   3.3766715E+34   1.5959672E+15   9.3977923E+02   1.6339048E-15   4.4695945E+04   7.5714999E-01   0.0000000E+00
  763   3.3767546E+34   1.6119268E+15   9.3511528E+02   1.5955469E-15   4.4868604E+04   7.5714999E-01   0.0000000E+00
  764   3.3768383E+34   1.6280461E+15   9.3047448E+02   1.5581535E-15   4.5040079E+04   7.5714999E-01   0.0000000E+00
  765   3.3769224E+34   1.6443266E+15   9.2585671E+02   1.5216983E-15   4.5210372E+04   7.5714999E-01   0.0000000E+00
  766   3.3770071E+34   1.6607698E+15   9.2126186E+02   1.4861557E-15   4.5379486E+04   7.5714999E-01   0.0000000E+00
  767   3.3770924E+34   1.6773775E+15   9.1668982E+02   1.4515009E-15   4.5547424E+04   7.5714999E-01   0.0000000E+00
  768   3.3771781E+34   1.6941513E+15   9.1214046E+02   1.4177098E-15   4.5714190E+04   7.5714999E-01   0.0000000E+00
  769   3.3772644E+34   1.7110928E+15   9.0761368E+02   1.3847592E-15   4.5879785E+04   7.5714999E-01   0.0000000E+00
  770   3.3773513E+34   1.7282037E+15   9.0310936E+02   1.3526263E-15   4.6044213E+04   7.5714999E-01   0.0000000E+00
  771   3.3774387E+34   1.7454858E+15   8.9862740E+02   1.3212892E-15   4.6207478E+04   7.5714999E-01   0.0000000E+00
  772   3.3775267E+34   1.7629406E+15   8.9416769E+02   1.2907265E-15   4.6369582E+04   7.5714999E-01   0.0000000E+00
  773   3.3776153E+34   1.7805700E+15   8.8973010E+02   1.2609174E-15   4.6530529E+04   7.5714999E-01   0.0000000E+00
  774   3.3777044E+34   1.7983757E+15   8.8531454E+02   1.2318420E-15   4.6690322E+04   7.5714999E-01   0.0000000E+00
  775   3.3777942E+34   1.8163595E+15   8.8092089E+02   1.2034807E-15   4.6848966E+04   7.5714999E-01   0.0000000E+00
  776   3.3778845E+34   1.8345231E+15   8.7654905E+02   1.1758145E-15   4.7006464E+04   7.5714999E-01   0.0000000E+00
  777   3.3779754E+34   1.8528683E+15   8.7219891E+02   1.1488250E-15   4.7162820E+04   7.5714999E-01   0.0000000E+00
  778   3.3780669E+34   1.8713970E+15   8.6787035E+02   1.1224944E-15   4.7318038E+04   7.5714999E-01   0.0000000E+00
  779   3.3781591E+34   1.8901110E+15   8.6356327E+02   1.0968053E-15   4.7472121E+04   7.5714999E-01   0.0000000E+00
  780   3.3782519E+34   1.9090121E+15   8.5927757E+02   1.0717408E-15   4.7625073E+04   7.5714999E-01   0.0000000E+00
  781   3.3783453E+34   1.9281022E+15   8.5501314E+02   1.0472845E-15   4.7776900E+04   7.5714999E-01   0.0000000E+00
  782   3.3784393E+34   1.9473832E+15   8.5076987E+02   1.0234207E-15   4.7927605E+04   7.5714999E-01   0.0000000E+00
  783   3.3785340E+34   1.9668571E+15   8.4654766E+02   1.0001337E-15   4.8077192E+04   7.5714999E-01   0.0000000E+00
  784   3.3786293E+34   1.9865256E+15   8.4234641E+02   9.7740866E-16   4.8225666E+04   7.5714999E-01   0.0000000E+00
  785   3.3787253E+34   2.0063909E+15   8.3816600E+02   9.5523090E-16   4.8373032E+04   7.5714999E-01   0.0000000E+00
  786   3.3788220E+34   2.0264548E+15   8.3400635E+02   9.3358628E-16   4.8519293E+04   7.5714999E-01   0.0000000E+00
  787   3.3789193E+34   2.0467193E+15   8.2986733E+02   9.1246102E-16   4.8664454E+04   7.5714999E-01   0.0000000E+00
  788   3.3790173E+34   2.0671865E+15   8.2574886E+02   8.9184172E-16   4.8808520E+04   7.5714999E-01   0.0000000E+00
  789   3.3791160E+34   2.0878584E+15   8.2165082E+02   8.7171538E-16   4.8951496E+04   7.5714999E-01   0.0000000E+00
  790   3.3792154E+34   2.1087370E+15   8.1757313E+02   8.5206934E-16   4.9093387E+04   7.5714999E-01   0.0000000E+00
  791   3.3793156E+34   2.1298244E+15   8.1351567E+02   8.3289131E-16   4.9234196E+04   7.5714999E-01   0.0000000E+00
  792   3.3794164E+34   2.1511226E+15   8.0947834E+02   8.1416933E-16   4.9373930E+04   7.5714999E-01   0.0000000E+00
  793   3.3795179E+34   2.1726338E+15   8.0546106E+02   7.9589178E-16   4.9512593E+04   7.5714999E-01   0.0000000E+00
  794   3.3796202E+34   2.1943602E+15   8.0146371E+02   7.7804736E-16   4.9650189E+04   7.5714999E-01   0.0000000E+00
  795   3.3797233E+34   2.2163038E+15   7.9748619E+02   7.6062507E-16   4.9786725E+04   7.5714999E-01   0.0000000E+00
  796   3.3798270E+34   2.2384668E+15   7.9352842E+02   7.4361423E-16   4.9922205E+04   7.5714999E-01   0.0000000E+00
  797   3.3799316E+34   2.2608515E+15   7.8959029E+02   7.2700444E-16   5.0056633E+04   7.5714999E-01   0.0000000E+00
  798   3.3800369E+34   2.2834600E+15   7.8567170E+02   7.1078559E-16   5.0190016E+04   7.5714999E-01   0.0000000E+00
