  0.0000000000E+000  0.0000000000E+000
  1.7002024916E+003  1.8458186566E+036
  3.4001543694E+003  1.8754601166E+036
  5.1001756556E+003  1.9625599328E+036
  6.8001369085E+003  2.2654846024E+036
  8.5001481216E+003  3.1413737139E+036
  1.0200251337E+004  5.3525828557E+036
  1.1900185315E+004  9.9240417079E+036
  1.3600251980E+004  1.8198635071E+037
  1.5300235434E+004  3.5066575813E+037
  1.7000205208E+004  6.7929429279E+037
  1.8700153592E+004  6.9069760585E+037
  2.0400183694E+004  6.7231639628E+037
  2.2100134537E+004  6.5013297557E+037
  2.3800142916E+004  6.2816430207E+037
  2.5500131100E+004  6.0748274176E+037
  2.7200178007E+004  6.3403598254E+037
  2.8900179243E+004  6.1350883368E+037
  3.0600252272E+004  5.9497898482E+037
  3.2300233572E+004  5.7785392321E+037
  3.4000214391E+004  5.6201672271E+037
  3.5700235033E+004  5.4754529393E+037
  3.7400163345E+004  5.3421864594E+037
  3.9100136916E+004  5.2171335381E+037
  4.0800215625E+004  5.0996086211E+037
  4.2500149848E+004  4.9900469726E+037
  4.4200197789E+004  4.8877403071E+037
  4.5900158260E+004  4.7917331821E+037
  4.7600160952E+004  4.6997314926E+037
  4.9300162410E+004  4.6129545237E+037
  5.1000153355E+004  4.4964541666E+037
  5.2700245180E+004  4.3810225036E+037
  5.4400177324E+004  4.2935895022E+037
  5.6100206142E+004  4.2165257416E+037
  5.7800242779E+004  4.1453861600E+037
  5.9500131251E+004  4.0624393847E+037
  6.1200251178E+004  3.9931090696E+037
  6.2900207960E+004  3.9295347833E+037
  6.4600239790E+004  3.8697328314E+037
  6.6300239894E+004  3.8134980814E+037
  6.8000144131E+004  3.7596748182E+037
  6.9700157671E+004  3.7078715911E+037
  7.1400160164E+004  3.6588655218E+037
  7.3100145715E+004  3.6122385628E+037
  7.4800176419E+004  3.5679025214E+037
  7.6500186178E+004  3.5255750409E+037
  7.8200191881E+004  3.4852457544E+037
  7.9900201606E+004  3.4469170350E+037
  8.1600167535E+004  3.4103760464E+037
  8.3300181708E+004  3.3755959791E+037
  8.5000127912E+004  3.3420266024E+037
  8.6700150774E+004  3.3095668061E+037
  8.8400236686E+004  3.2774497081E+037
  9.0100146660E+004  3.2450039422E+037
  9.1800160691E+004  3.2121907481E+037
  9.3500158647E+004  3.1803592393E+037
  9.5200185243E+004  3.1510371344E+037
  9.6900197255E+004  3.1231002710E+037
  9.8600199079E+004  3.0962581181E+037
  1.0030023902E+005  3.0703336464E+037
  1.0200023197E+005  3.0449702717E+037
  1.0370023816E+005  3.0203280475E+037
  1.0540018573E+005  2.9965129494E+037
  1.0710017432E+005  2.9734638474E+037
  1.0880015384E+005  2.9511750345E+037
  1.1050024617E+005  2.9296493848E+037
  1.1220013810E+005  2.9088323093E+037
  1.1390020739E+005  2.8887327611E+037
  1.1560021219E+005  2.8652162062E+037
  1.1730013643E+005  2.8431615437E+037
  1.1900024844E+005  2.8229230013E+037
  1.2070021000E+005  2.7938143364E+037
  1.2240015872E+005  2.7763379625E+037
  1.2410020729E+005  2.7594457601E+037
  1.2580022820E+005  2.7433654724E+037
  1.2750013800E+005  2.7280337289E+037
  1.2920022336E+005  2.7134293491E+037
  1.3090017007E+005  2.6995432059E+037
  1.3260015999E+005  2.6863570276E+037
  1.3430021291E+005  2.6738277003E+037
  1.3600015764E+005  2.6618922926E+037
  1.3770021493E+005  2.6505372584E+037
  1.3940018106E+005  2.6397702632E+037
  1.4110013636E+005  2.6295908759E+037
  1.4280018824E+005  2.6199947088E+037
  1.4450013990E+005  2.6109757025E+037
  1.4620023361E+005  2.6025164880E+037
  1.4790015413E+005  2.5945798772E+037
  1.4960024204E+005  2.5871473828E+037
  1.5130013516E+005  2.5802216956E+037
  1.5300015223E+005  2.5738024754E+037
  1.5470018200E+005  2.5678880400E+037
  1.5640015641E+005  2.5624740155E+037
  1.5810024000E+005  2.5575538912E+037
  1.5980017808E+005  2.5531215841E+037
  1.6150014251E+005  2.5491694112E+037
  1.6320020974E+005  2.5456899740E+037
  1.6490020954E+005  2.5426764561E+037
  1.6660012879E+005  2.5401218330E+037
  1.6830021407E+005  2.5380190266E+037
  1.7000016718E+005  2.5363619478E+037
  1.7170016721E+005  2.5351441958E+037
  1.7340013338E+005  2.5343599081E+037
  1.7510020466E+005  2.5340033878E+037
  1.7680014114E+005  2.5340692615E+037
  1.7850021399E+005  2.5345523587E+037
  1.8020023375E+005  2.5354476893E+037
  1.8190018195E+005  2.5367504297E+037
  1.8360017446E+005  2.5384560676E+037
  1.8530019750E+005  2.5405601920E+037
  1.8700023896E+005  2.5430585306E+037
  1.8870022335E+005  2.5459468202E+037
  1.9040017814E+005  2.5492210632E+037
  1.9210023735E+005  2.5528776283E+037
  1.9380015759E+005  2.5569121002E+037
  1.9550018808E+005  2.5613212383E+037
  1.9720015125E+005  2.5660986134E+037
  1.9890016586E+005  2.5712178827E+037
  2.0060022302E+005  2.5766590854E+037
  2.0230017784E+005  2.5824229773E+037
  2.0400017302E+005  2.5885147695E+037
  2.0570012811E+005  2.5949372603E+037
  2.0740017604E+005  2.6016921447E+037
  2.0910019803E+005  2.6087787469E+037
  2.1080020458E+005  2.6161957767E+037
  2.1250016636E+005  2.6239388927E+037
  2.1420017906E+005  2.6319748116E+037
  2.1590024159E+005  2.6402662370E+037
  2.1760022142E+005  2.6488157324E+037
  2.1930022916E+005  2.6576354456E+037
  2.2100017322E+005  2.6667337191E+037
  2.2270020415E+005  2.6761154972E+037
  2.2440019618E+005  2.6857814269E+037
  2.2610015820E+005  2.6957171200E+037
  2.2780021706E+005  2.7058637815E+037
  2.2950021523E+005  2.7162100220E+037
  2.3120013988E+005  2.7267746997E+037
  2.3290023849E+005  2.7375752890E+037
  2.3460012902E+005  2.7486187374E+037
  2.3630019207E+005  2.7599114407E+037
  2.3800020365E+005  2.7714218319E+037
  2.3970017422E+005  2.7829683408E+037
  2.4140023291E+005  2.7945538260E+037
  2.4310025081E+005  2.8063411117E+037
  2.4480022556E+005  2.8183515220E+037
  2.4650012987E+005  2.8305813764E+037
  2.4820021315E+005  2.8430277825E+037
  2.4990021920E+005  2.8556122538E+037
  2.5160014421E+005  2.8682957363E+037
  2.5330025009E+005  2.8794091150E+037
  2.5500017962E+005  2.8901982755E+037
  2.5670019260E+005  2.9019028311E+037
  2.5840015498E+005  2.9140842703E+037
  2.6010020252E+005  2.9265896140E+037
  2.6180019271E+005  2.9392916317E+037
  2.6350023661E+005  2.9521778089E+037
  2.6520020627E+005  2.9652585695E+037
  2.6690023268E+005  2.9785411807E+037
  2.6860017852E+005  2.9920262886E+037
  2.7030019255E+005  3.0056980532E+037
  2.7200015496E+005  3.0194636193E+037
  2.7370019598E+005  3.0333006093E+037
  2.7540018456E+005  3.0472453444E+037
  2.7710024963E+005  3.0611338255E+037
  2.7880024908E+005  3.0750569642E+037
  2.8050017667E+005  3.0891441416E+037
  2.8220015863E+005  3.1032819061E+037
  2.8390019692E+005  3.1174351868E+037
  2.8560016751E+005  3.1316495518E+037
  2.8730020388E+005  3.1459561411E+037
  2.8900019006E+005  3.1603683574E+037
  2.9070025088E+005  3.1748933504E+037
  2.9240013100E+005  3.1894551856E+037
  2.9410020485E+005  3.2038953531E+037
  2.9580021696E+005  3.2182543342E+037
  2.9750015236E+005  3.2325893401E+037
  2.9920014897E+005  3.2469335409E+037
  3.0090020475E+005  3.2613098970E+037
  3.0260019301E+005  3.2757353897E+037
  3.0430024936E+005  3.2901193419E+037
  3.0600025269E+005  3.3044052685E+037
  3.0770019718E+005  3.3186865620E+037
  3.0940021089E+005  3.3330530798E+037
  3.1110016333E+005  3.3475318257E+037
  3.1280017186E+005  3.3621149761E+037
  3.1450023621E+005  3.3765412559E+037
  3.1620023170E+005  3.3909262253E+037
  3.1790016119E+005  3.4052127072E+037
  3.1960014964E+005  3.4194522119E+037
  3.2130020606E+005  3.4336922440E+037
  3.2300020667E+005  3.4479510484E+037
  3.2470014214E+005  3.4622350247E+037
  3.2640014412E+005  3.4765449730E+037
  3.2810020869E+005  3.4908763767E+037
  3.2980020340E+005  3.5051258533E+037
  3.3150025368E+005  3.5191557718E+037
  3.3320023941E+005  3.5330833975E+037
  3.3490015810E+005  3.5469725717E+037
  3.3660013727E+005  3.5608456664E+037
  3.3830018412E+005  3.5747118175E+037
  3.4000017155E+005  3.5885695219E+037
  3.4170022234E+005  3.6024163325E+037
  3.4340020774E+005  3.6162438961E+037
  3.4510013118E+005  3.6298387148E+037
  3.4680023918E+005  3.6432255461E+037
  3.4850015218E+005  3.6565205654E+037
  3.5020012773E+005  3.6697651138E+037
  3.5190016434E+005  3.6829751817E+037
  3.5360013490E+005  3.6961566097E+037
  3.5530016894E+005  3.7093112476E+037
  3.5700014424E+005  3.7224367036E+037
  3.5870017565E+005  3.7355300899E+037
  3.6040014363E+005  3.7485689411E+037
  3.6210017061E+005  3.7612833656E+037
  3.6380012856E+005  3.7738212574E+037
  3.6550014222E+005  3.7858961725E+037
  3.6720021647E+005  3.7980909182E+037
  3.6890022384E+005  3.8102925317E+037
  3.7060016243E+005  3.8224825362E+037
  3.7230016580E+005  3.8346520485E+037
  3.7400022958E+005  3.8467944309E+037
  3.7570022450E+005  3.8589032294E+037
  3.7740015207E+005  3.8709728030E+037
  3.7910014118E+005  3.8829950971E+037
  3.8080018523E+005  3.8947012939E+037
  3.8250015998E+005  3.9061911070E+037
  3.8420019624E+005  3.9176076859E+037
  3.8590016335E+005  3.9289718939E+037
  3.8760019145E+005  3.9402914413E+037
  3.8930015123E+005  3.9515667397E+037
  3.9100017383E+005  3.9627979161E+037
  3.9270025242E+005  3.9739834456E+037
  3.9440013606E+005  3.9851170617E+037
  3.9610020538E+005  3.9961985830E+037
  3.9780020223E+005  4.0072216978E+037
  3.9950013070E+005  4.0181833402E+037
  4.0120024699E+005  4.0290805347E+037
  4.0290016451E+005  4.0395764576E+037
  4.0460013941E+005  4.0499169155E+037
  4.0630017610E+005  4.0601974384E+037
  4.0800014202E+005  4.0704249500E+037
  4.0970016565E+005  4.0806022879E+037
  4.1140024468E+005  4.0907277053E+037
  4.1310013163E+005  4.1007981209E+037
  4.1480019853E+005  4.1108140044E+037
  4.1650019693E+005  4.1207718411E+037
  4.1820012830E+005  4.1306696591E+037
  4.1990024198E+005  4.1405067334E+037
  4.2160016135E+005  4.1502579550E+037
  4.2330013674E+005  4.1596749028E+037
  4.2500017084E+005  4.1690141571E+037
  4.2670013157E+005  4.1783440857E+037
  4.2840015080E+005  4.1874721987E+037
  4.3010022828E+005  4.1963333179E+037
  4.3180023023E+005  4.2051871474E+037
  4.3350016185E+005  4.2140190893E+037
  4.3520015254E+005  4.2228214363E+037
  4.3690019682E+005  4.2315886951E+037
  4.3860016853E+005  4.2403155997E+037
  4.4030019978E+005  4.2489986649E+037
  4.4200015899E+005  4.2576334654E+037
  4.4370017088E+005  4.2662172625E+037
  4.4540023991E+005  4.2747420666E+037
  4.4710023868E+005  4.2830461328E+037
  4.4880016186E+005  4.2913351994E+037
  4.5050014194E+005  4.2995821043E+037
  4.5220017902E+005  4.3077785053E+037
  4.5390014366E+005  4.3159184149E+037
  4.5560016438E+005  4.3239989177E+037
  4.5730024183E+005  4.3320174333E+037
  4.5900024814E+005  4.3399711973E+037
  4.6070018096E+005  4.3476296282E+037
  4.6240016890E+005  4.3550645490E+037
  4.6410021240E+005  4.3624839675E+037
  4.6580018017E+005  4.3698634614E+037
  4.6750020183E+005  4.3771959151E+037
  4.6920015443E+005  4.3844773552E+037
  4.7090015777E+005  4.3917058190E+037
  4.7260021485E+005  4.3988848255E+037
  4.7430020260E+005  4.4060203801E+037
  4.7600024298E+005  4.4131189669E+037
  4.7770020847E+005  4.4202427440E+037
  4.7940022889E+005  4.4279924752E+037
  4.8110017972E+005  4.4434205186E+037
  4.8280017926E+005  4.6091509951E+037
  4.8450023494E+005  1.0499512268E+038
  4.8620022017E+005  2.1634127766E+039
  4.8790012834E+005  2.9666202682E+039
  4.8960022103E+005  5.7946724170E+039
  4.9130023868E+005  1.3647005393E+040
  4.9300018541E+005  2.4575425353E+040
  4.9470018279E+005  8.9037673454E+040
  4.9640023335E+005  4.7281315986E+041
  4.9810021407E+005  1.3767072934E+042
  4.9980024436E+005  3.0045932481E+042
  5.0150020207E+005  5.6007737413E+042
  5.0320021437E+005  9.0790688211E+042
  5.0490015261E+005  1.3165432864E+043
  5.0660014304E+005  1.7017884365E+043
  5.0830018848E+005  2.0266810432E+043
  5.1000016146E+005  2.2448466572E+043
  5.1170018425E+005  2.3379086564E+043
  5.1340013456E+005  2.3079387931E+043
  5.1510013843E+005  2.1746990953E+043
  5.1680019379E+005  1.9693009565E+043
  5.1850017439E+005  1.7426486105E+043
  5.2020020990E+005  1.4861225023E+043
  5.2190016958E+005  1.2390751375E+043
  5.2360018000E+005  1.0166973802E+043
  5.2530024571E+005  8.3616527944E+042
  5.2700023466E+005  6.9448090571E+042
  5.2870014706E+005  5.8397708250E+042
  5.3040024036E+005  5.0145140430E+042
  5.3210013032E+005  4.3480152979E+042
  5.3380019864E+005  3.8319313037E+042
  5.3550018900E+005  3.4234497981E+042
  5.3720023413E+005  3.1044963094E+042
  5.3890020115E+005  2.8328016914E+042
  5.4060021812E+005  2.6235196999E+042
  5.4230016155E+005  2.4594332661E+042
  5.4400015548E+005  2.3088102494E+042
  5.4570020019E+005  2.1673899518E+042
  5.4740016817E+005  2.0632589900E+042
  5.4910018975E+005  1.9739546087E+042
  5.5080013361E+005  1.8874053642E+042
  5.5250025412E+005  1.7960630514E+042
  5.5420017307E+005  1.7043304930E+042
  5.5590014162E+005  1.6442548436E+042
  5.5760015862E+005  1.5920016473E+042
  5.5930022838E+005  1.5407688436E+042
  5.6100022149E+005  1.4897823261E+042
  5.6270013380E+005  1.4374543054E+042
  5.6440022467E+005  1.3856310242E+042
  5.6610023955E+005  1.3300739030E+042
  5.6780017425E+005  1.2808140844E+042
  5.6950015843E+005  1.2540280109E+042
  5.7120019407E+005  1.2278617754E+042
  5.7290015109E+005  1.1997958600E+042
  5.7460015575E+005  1.1709763141E+042
  5.7630021064E+005  1.1429187718E+042
  5.7800018791E+005  1.1146390447E+042
  5.7970021302E+005  1.0875173012E+042
  5.8140015883E+005  1.0602330885E+042
  5.8310015482E+005  1.0350696357E+042
  5.8480020034E+005  1.0107398921E+042
  5.8650016417E+005  9.8517853419E+041
  5.8820017916E+005  9.6044177176E+041
  5.8990024420E+005  9.3608085989E+041
  5.9160022741E+005  9.1051212167E+041
  5.9330013281E+005  8.9699325357E+041
  5.9500021485E+005  8.9203041722E+041
  5.9670021725E+005  8.8227584372E+041
  5.9840013873E+005  8.6962240262E+041
  6.0010023789E+005  8.5730227534E+041
  6.0180013027E+005  8.4449429822E+041
  6.0350019624E+005  8.3056830991E+041
  6.0520018419E+005  8.1848193816E+041
  6.0690022053E+005  8.0676740536E+041
  6.0860017652E+005  7.9462544241E+041
  6.1030018045E+005  7.8280542571E+041
  6.1200023302E+005  7.7120529653E+041
  6.1370020723E+005  7.6065018600E+041
  6.1540022883E+005  7.5039743923E+041
  6.1710017019E+005  7.3922164857E+041
  6.1880016240E+005  7.2849738654E+041
  6.2050020261E+005  7.1951057849E+041
  6.2220016019E+005  7.1150273924E+041
  6.2390016964E+005  7.0341924646E+041
  6.2560022552E+005  6.9482140816E+041
  6.2730019936E+005  6.8577674239E+041
  6.2900022340E+005  6.7707764021E+041
  6.3070016652E+005  6.6931694486E+041
  6.3240015628E+005  6.6210947526E+041
  6.3410019193E+005  6.5492104782E+041
  6.3580014833E+005  6.4780195737E+041
  6.3750015227E+005  6.4087954666E+041
  6.3920019980E+005  6.3401404700E+041
  6.4090016928E+005  6.2704103207E+041
  6.4260018642E+005  6.1997599212E+041
  6.4430024655E+005  6.1294100473E+041
  6.4600022749E+005  6.0597450760E+041
  6.4770025565E+005  5.9906674830E+041
  6.4940020099E+005  5.9220471970E+041
  6.5110019220E+005  5.8548541934E+041
  6.5280023123E+005  5.7965162233E+041
  6.5450018986E+005  5.7592064387E+041
  6.5620019169E+005  5.7492207366E+041
  6.5790024280E+005  5.7463759662E+041
  6.5960021284E+005  5.7323547808E+041
  6.6130022777E+005  5.7067863665E+041
  6.6300016090E+005  5.6734222874E+041
  6.6470014092E+005  5.6373090248E+041
  6.6640016728E+005  5.6022802311E+041
  6.6810023746E+005  5.5682663241E+041
  6.6980022726E+005  5.5338624500E+041
  6.7150013597E+005  5.4990077131E+041
  6.7320021690E+005  5.4640812112E+041
  6.7490021600E+005  5.4292146203E+041
  6.7660013515E+005  5.3948763040E+041
  6.7830022776E+005  5.3619950952E+041
  6.8000023655E+005  5.3306326326E+041
  6.8170016472E+005  5.2999777595E+041
  6.8340013902E+005  5.2691488131E+041
  6.8510015497E+005  5.2380551248E+041
  6.8680021738E+005  5.2068270555E+041
  6.8850019866E+005  5.1757742605E+041
  6.9020022271E+005  5.1451232600E+041
  6.9190016303E+005  5.1151779998E+041
  6.9360014978E+005  5.0860855179E+041
  6.9530018098E+005  5.0579392172E+041
  6.9700025326E+005  5.0307064505E+041
  6.9870024499E+005  5.0042354306E+041
  7.0040015266E+005  4.9781587683E+041
  7.0210023036E+005  4.9521693133E+041
  7.0380022571E+005  4.9262360882E+041
  7.0550013721E+005  4.9003265655E+041
  7.0720022113E+005  4.8744571475E+041
  7.0890022025E+005  4.8488031401E+041
  7.1060013610E+005  4.8234509976E+041
  7.1230022549E+005  4.7984355186E+041
  7.1400022944E+005  4.7738377131E+041
  7.1570014917E+005  4.7496886604E+041
  7.1740024324E+005  4.7260399775E+041
  7.1910025215E+005  4.7029876799E+041
  7.2080017644E+005  4.6805486070E+041
  7.2250014589E+005  4.6586842267E+041
  7.2420016078E+005  4.6373644798E+041
  7.2590021765E+005  4.6164962816E+041
  7.2760019092E+005  4.5960086919E+041
  7.2930021041E+005  4.5758352576E+041
  7.3100014410E+005  4.5558925069E+041
  7.3270024876E+005  4.5361745578E+041
  7.3440014211E+005  4.5166708733E+041
  7.3610020774E+005  4.4973774457E+041
  7.3780018607E+005  4.4782969839E+041
  7.3950020976E+005  4.4594106540E+041
  7.4120014961E+005  4.4407538075E+041
  7.4290013184E+005  4.4223163210E+041
  7.4460015722E+005  4.4041155937E+041
  7.4630022831E+005  4.3861640159E+041
  7.4800021497E+005  4.3684741979E+041
  7.4970024300E+005  4.3510530813E+041
  7.5140018761E+005  4.3339000737E+041
  7.5310017748E+005  4.3170177616E+041
  7.5480020680E+005  4.3003833632E+041
  7.5650015188E+005  4.2839950096E+041
  7.5820014295E+005  4.2678433101E+041
  7.5990017429E+005  4.2519269780E+041
  7.6160024853E+005  4.2362292075E+041
  7.6330023856E+005  4.2207447657E+041
  7.6500014172E+005  4.2054638010E+041
  7.6670021416E+005  4.1903751379E+041
  7.6840020142E+005  4.1754731947E+041
  7.7010023096E+005  4.1607434486E+041
  7.7180017473E+005  4.1461791135E+041
  7.7350015896E+005  4.1317789655E+041
  7.7520018740E+005  4.1175444405E+041
  7.7690013067E+005  4.1034719338E+041
  7.7860024195E+005  4.0895587533E+041
  7.8030014053E+005  4.0757976759E+041
  7.8200021105E+005  4.0621797462E+041
  7.8370019333E+005  4.0487044929E+041
  7.8540021937E+005  4.0353721104E+041
  7.8710015929E+005  4.0221865072E+041
  7.8880014235E+005  4.0092026709E+041
  7.9050016688E+005  3.9963802398E+041
  7.9220023292E+005  3.9837018392E+041
  7.9390021518E+005  3.9711667426E+041
  7.9560023729E+005  3.9587695631E+041
  7.9730017285E+005  3.9465109484E+041
  7.9900015185E+005  3.9343889254E+041
  8.0070017290E+005  3.9223925672E+041
  8.0240023361E+005  3.9105169907E+041
  8.0410020737E+005  3.8987659151E+041
  8.0580022460E+005  3.8871365238E+041
  8.0750015244E+005  3.8756283881E+041
  8.0920024935E+005  3.8642379085E+041
  8.1090013362E+005  3.8529632345E+041
  8.1260018575E+005  3.8417999371E+041
  8.1430015015E+005  3.8307466311E+041
  8.1600015547E+005  3.8197978711E+041
  8.1770020384E+005  3.8089401939E+041
  8.1940016284E+005  3.7981751130E+041
  8.2110016131E+005  3.7875024625E+041
  8.2280020408E+005  3.7769202712E+041
  8.2450015769E+005  3.7664283789E+041
  8.2620014941E+005  3.7560264533E+041
  8.2790018525E+005  3.7457127741E+041
  8.2960013255E+005  3.7354890099E+041
  8.3130024737E+005  3.7253479926E+041
  8.3300014578E+005  3.7152827375E+041
  8.3470021285E+005  3.7052956789E+041
  8.3640019088E+005  3.6953901612E+041
  8.3810020761E+005  3.6855655885E+041
  8.3980013520E+005  3.6758231192E+041
  8.4150023360E+005  3.6661624217E+041
  8.4320024167E+005  3.6565846186E+041
  8.4490016111E+005  3.6470838761E+041
  8.4660025280E+005  3.6376675795E+041
  8.4830025458E+005  3.6283355965E+041
  8.5000016745E+005  3.6190879558E+041
  8.5170025070E+005  3.6099235813E+041
  8.5340024577E+005  3.6008419888E+041
  8.5510015136E+005  3.5918427124E+041
  8.5680022451E+005  3.5829166644E+041
  8.5850021169E+005  3.5740652888E+041
  8.6020023779E+005  3.5652903353E+041
  8.6190017324E+005  3.5565925692E+041
  8.6360015067E+005  3.5479719796E+041
  8.6530016730E+005  3.5394295128E+041
  8.6700022200E+005  3.5309622627E+041
  8.6870018760E+005  3.5225667337E+041
  8.7040019459E+005  3.5142436231E+041
  8.7210023923E+005  3.5059933913E+041
  8.7380019333E+005  3.4978177369E+041
  8.7550018821E+005  3.4897158450E+041
  8.7720022239E+005  3.4816870074E+041
  8.7890016594E+005  3.4737289055E+041
  8.8060014844E+005  3.4658421936E+041
  8.8230017117E+005  3.4580279688E+041
  8.8400023187E+005  3.4502865626E+041
  8.8570020088E+005  3.4426202409E+041
  8.8740021039E+005  3.4350231286E+041
  8.8910012985E+005  3.4274939466E+041
  8.9080021546E+005  3.4200333299E+041
  8.9250020949E+005  3.4126429584E+041
  8.9420024365E+005  3.4053236291E+041
  8.9590018679E+005  3.3980734365E+041
  8.9760016494E+005  3.3908882404E+041
  8.9930018437E+005  3.3837690442E+041
  9.0100024185E+005  3.3767159214E+041
  9.0270020616E+005  3.3697282084E+041
  9.0440021059E+005  3.3628037930E+041
  9.0610025305E+005  3.3559392356E+041
  9.0780020522E+005  3.3491357919E+041
  9.0950019426E+005  3.3423934186E+041
  9.1120022192E+005  3.3357130872E+041
  9.1290016009E+005  3.3290945343E+041
  9.1460013420E+005  3.3225386681E+041
  9.1630014617E+005  3.3160440344E+041
  9.1800019785E+005  3.3096085449E+041
  9.1970015750E+005  3.3032320779E+041
  9.2140015428E+005  3.2969108734E+041
  9.2310018992E+005  3.2906435170E+041
  9.2480013552E+005  3.2844308789E+041
  9.2650024609E+005  3.2782716945E+041
  9.2820013706E+005  3.2721647124E+041
  9.2990019655E+005  3.2661055608E+041
  9.3160016392E+005  3.2600956725E+041
  9.3330016702E+005  3.2541365786E+041
  9.3500021037E+005  3.2482276853E+041
  9.3670016116E+005  3.2423667228E+041
  9.3840014892E+005  3.2365522083E+041
  9.4010017480E+005  3.2307829946E+041
  9.4180023737E+005  3.2250592030E+041
  9.4350020895E+005  3.2193795565E+041
  9.4520021536E+005  3.2137427787E+041
  9.4690013154E+005  3.2081496963E+041
  9.4860021413E+005  3.2025994718E+041
  9.5030020242E+005  3.1970904712E+041
  9.5200022885E+005  3.1916225639E+041
  9.5370016371E+005  3.1861990207E+041
  9.5540013424E+005  3.1808195438E+041
  9.5710014019E+005  3.1754810954E+041
  9.5880018425E+005  3.1701825808E+041
  9.6050013676E+005  3.1649228885E+041
  9.6220025149E+005  3.1597003993E+041
  9.6390014822E+005  3.1545147868E+041
  9.6560021074E+005  3.1493648064E+041
  9.6730018018E+005  3.1442524799E+041
  9.6900018656E+005  3.1391768884E+041
  9.7070023056E+005  3.1341353816E+041
  9.7240018251E+005  3.1291283945E+041
  9.7410016762E+005  3.1241557624E+041
  9.7580018922E+005  3.1192165629E+041
  9.7750024811E+005  3.1143087927E+041
  9.7920021168E+005  3.1094304015E+041
  9.8090021108E+005  3.1045815267E+041
  9.8260024666E+005  3.0997648627E+041
  9.8430019173E+005  3.0949817772E+041
  9.8600017009E+005  3.0902310789E+041
  9.8770018462E+005  3.0855111538E+041
  9.8940023871E+005  3.0808204693E+041
  9.9110019763E+005  3.0761597195E+041
  9.9280019137E+005  3.0715282886E+041
  9.9450022309E+005  3.0669275779E+041
  9.9620016144E+005  3.0623599894E+041
  9.9790013434E+005  3.0578233861E+041
  9.9960014273E+005  3.0533167588E+041
  1.0013001887E+006  3.0488401489E+041
  1.0030001403E+006  3.0443940322E+041
  1.0047002552E+006  3.0399767293E+041
  1.0064001493E+006  3.0355895282E+041
  1.0081002081E+006  3.0312319842E+041
  1.0098001724E+006  3.0269043284E+041
  1.0115001719E+006  3.0226003623E+041
  1.0132002080E+006  3.0183209812E+041
  1.0149001501E+006  3.0140666625E+041
  1.0166002544E+006  3.0098370650E+041
  1.0183001375E+006  3.0056336767E+041
  1.0200001854E+006  3.0014555781E+041
  1.0217001381E+006  2.9973029947E+041
  1.0234002554E+006  2.9931753856E+041
  1.0251001519E+006  2.9890737225E+041
  1.0268002122E+006  2.9849979333E+041
  1.0285001772E+006  2.9809477774E+041
  1.0302001802E+006  2.9769220312E+041
  1.0319002186E+006  2.9729206864E+041
  1.0336001605E+006  2.9689448878E+041
  1.0353001391E+006  2.9649934224E+041
  1.0370001534E+006  2.9610651741E+041
  1.0387002015E+006  2.9571619894E+041
  1.0404001556E+006  2.9532852643E+041
  1.0421001445E+006  2.9494330949E+041
  1.0438001698E+006  2.9456054156E+041
  1.0455002273E+006  2.9418029820E+041
  1.0472001905E+006  2.9380253185E+041
  1.0489001898E+006  2.9342714083E+041
  1.0506002233E+006  2.9305401048E+041
  1.0523001606E+006  2.9268314576E+041
  1.0540001321E+006  2.9231458685E+041
  1.0557001399E+006  2.9194828388E+041
  1.0574001793E+006  2.9158413939E+041
  1.0591002525E+006  2.9122215009E+041
  1.0608002328E+006  2.9086237122E+041
  1.0625002462E+006  2.9050476182E+041
  1.0642001638E+006  2.9014932271E+041
  1.0659002444E+006  2.8979597357E+041
  1.0676002317E+006  2.8944474643E+041
  1.0693002510E+006  2.8909553485E+041
  1.0710001746E+006  2.8874853698E+041
  1.0727001350E+006  2.8840373904E+041
  1.0744002560E+006  2.8806108991E+041
  1.0761001534E+006  2.8772059684E+041
  1.0778002139E+006  2.8738216308E+041
  1.0795001804E+006  2.8704578794E+041
  1.0812001797E+006  2.8671139130E+041
  1.0829002121E+006  2.8637895396E+041
  1.0846001516E+006  2.8604848584E+041
  1.0863002532E+006  2.8571991905E+041
  1.0880001301E+006  2.8539325464E+041
  1.0897001692E+006  2.8506840011E+041
  1.0914002446E+006  2.8474546752E+041
  1.0931002234E+006  2.8442445243E+041
  1.0948002339E+006  2.8410525224E+041
  1.0965001517E+006  2.8378807033E+041
  1.0982002319E+006  2.8347256788E+041
  1.0999002149E+006  2.8315855917E+041
  1.1016002317E+006  2.8284616344E+041
  1.1033001543E+006  2.8253547372E+041
  1.1050002382E+006  2.8222646649E+041
  1.1067002249E+006  2.8191913209E+041
  1.1084002469E+006  2.8161347905E+041
  1.1101001730E+006  2.8130954078E+041
  1.1118001309E+006  2.8100723904E+041
  1.1135002513E+006  2.8070651301E+041
  1.1152001486E+006  2.8040686796E+041
  1.1169002063E+006  2.8010844160E+041
  1.1186001674E+006  2.7981157811E+041
  1.1203001636E+006  2.7951624012E+041
  1.1220001921E+006  2.7922238996E+041
  1.1237002522E+006  2.7893000420E+041
  1.1254002159E+006  2.7863912642E+041
  1.1271002141E+006  2.7834972992E+041
  1.1288002444E+006  2.7806181371E+041
  1.1305001772E+006  2.7777538720E+041
  1.1322001433E+006  2.7749044606E+041
  1.1339001441E+006  2.7720693645E+041
  1.1356001763E+006  2.7692422416E+041
  1.1373002403E+006  2.7664258575E+041
  1.1390002103E+006  2.7636223709E+041
  1.1407002125E+006  2.7608319227E+041
  1.1424002460E+006  2.7580545157E+041
  1.1441001834E+006  2.7552897267E+041
  1.1458001544E+006  2.7525355520E+041
  1.1475001559E+006  2.7497931259E+041
  1.1492001895E+006  2.7470627853E+041
  1.1509002572E+006  2.7443448997E+041
  1.1526002274E+006  2.7416398785E+041
  1.1543002276E+006  2.7389485944E+041
  1.1560001316E+006  2.7362719836E+041
  1.1577001983E+006  2.7336090119E+041
  1.1594001657E+006  2.7309597861E+041
  1.1611001643E+006  2.7283242769E+041
  1.1628001968E+006  2.7257024241E+041
  1.1645001323E+006  2.7230941525E+041
  1.1662002273E+006  2.7204988065E+041
  1.1679002261E+006  2.7179169127E+041
  1.1696002577E+006  2.7153483570E+041
  1.1713001919E+006  2.7127948216E+041
  1.1730001574E+006  2.7102558325E+041
  1.1747001556E+006  2.7077310326E+041
  1.1764001866E+006  2.7052200347E+041
  1.1781002477E+006  2.7027220663E+041
  1.1798002121E+006  2.7002367478E+041
  1.1815002101E+006  2.6977645822E+041
  1.1832002389E+006  2.6953057242E+041
  1.1849001687E+006  2.6928605977E+041
  1.1866001315E+006  2.6904303219E+041
