 0001  0.3026287836367784E+000
 0002  0.3006616598203677E+000
 0003  0.3006616598203676E+000
 0004  0.3006616598203676E+000
 0005  0.2987188554510871E+000
 0006  0.2987188554510871E+000
 0007  0.2987188554510871E+000
 0008  0.2965648340531377E+000
 0009  0.2965648340531375E+000
 0010  0.2965648340531375E+000
 0011  0.2941930751307619E+000
 0012  0.2941930751307620E+000
 0013  0.2941930751307620E+000
 0014  0.2918444217715186E+000
 0015  0.2918444217715186E+000
 0016  0.2893052308359036E+000
 0017  0.2893052308359036E+000
 0018  0.2893052308359036E+000
 0019  0.2867866105127007E+000
 0020  0.2867866105127007E+000
 0021  0.2840580154337873E+000
 0022  0.2840580154337873E+000
 0023  0.2840580154337873E+000
 0024  0.2810682924876490E+000
 0025  0.2810682924876490E+000
 0026  0.2781479965586288E+000
 0027  0.2781479965586288E+000
 0028  0.2750138252640034E+000
 0029  0.2750138252640033E+000
 0030  0.2716649325826381E+000
 0031  0.2716649325826381E+000
 0032  0.2683938075184416E+000
 0033  0.2683938075184416E+000
 0034  0.2648864825351062E+000
 0035  0.2648864825351062E+000
 0036  0.2611442361797340E+000
 0037  0.2611442361797340E+000
 0038  0.2574888918572444E+000
 0039  0.2574888918572444E+000
 0040  0.2535941683459212E+000
 0041  0.2535941683459212E+000
 0042  0.2494594180822916E+000
 0043  0.2494594180822916E+000
 0044  0.2454206845340914E+000
 0045  0.2454206845340914E+000
 0046  0.2411124479506105E+000
 0047  0.2411124479506105E+000
 0048  0.2365364881343689E+000
 0049  0.2322070692279994E+000
 0050  0.2322070692279994E+000
 0051  0.2275859359896752E+000
 0052  0.2275859359896752E+000
 0053  0.2226981234054813E+000
 0054  0.2177245713057687E+000
 0055  0.2177245713057687E+000
 0056  0.2128665144853798E+000
 0057  0.2128665144853798E+000
 0058  0.2077125715177938E+000
 0059  0.2024824259731543E+000
 0060  0.2024824259731543E+000
 0061  0.1973737342925684E+000
 0062  0.1921923380779295E+000
 0063  0.1921923380779295E+000
 0064  0.1867249408517672E+000
 0065  0.1812340643208400E+000
 0066  0.1812340643208400E+000
 0067  0.1758706963202262E+000
 0068  0.1704634323539610E+000
 0069  0.1704634323539609E+000
 0070  0.1647591237229782E+000
 0071  0.1590758436581481E+000
 0072  0.1590758436581481E+000
 0073  0.1531224736131213E+000
 0074  0.1476345447644778E+000
 0075  0.1421648148875521E+000
 0076  0.1421648148875521E+000
 0077  0.1364220272037929E+000
 0078  0.1307885151929158E+000
 0079  0.1307885151929158E+000
 0080  0.1252858239777649E+000
 0081  0.1198773743926862E+000
 0082  0.1145874030955419E+000
 0083  0.1145874030955419E+000
 0084  0.1090663973666245E+000
 0085  0.1037293315733995E+000
 0086  0.9858525008164300E-001
 0087  0.9363915780345428E-001
 0088  0.9363915780345428E-001
 0089  0.8851918230815820E-001
 0090  0.8375393219487670E-001
 0091  0.7933421517082229E-001
 0092  0.7933421517082229E-001
 0093  0.7484923798575932E-001
 0094  0.7068746724547822E-001
 0095  0.6680891473597166E-001
 0096  0.6302590753302913E-001
 0097  0.5950301576818321E-001
 0098  0.5620975780130594E-001
 0099  0.5312028685124553E-001
 0100  0.5021249994367581E-001
 0101  0.4747414503477387E-001
 0102  0.4489611044474425E-001
 0103  0.4246970411892320E-001
 0104  0.4018664131889912E-001
 0105  0.3621010784638055E-001
 0106  0.3441535475539144E-001
 0107  0.3272263818196149E-001
 0108  0.3112641775449229E-001
 0109  0.2962143263106629E-001
 0110  0.2820268921349261E-001
 0111  0.2686544923488017E-001
 0112  0.2560521822686174E-001
 0113  0.2441772883536750E-001
 0114  0.2329893769077184E-001
 0115  0.2224501455090438E-001
 0116  0.2037431057891921E-001
 0117  0.1954512132524608E-001
 0118  0.1876166257647604E-001
 0119  0.1802147282141014E-001
 0120  0.1732221905838141E-001
 0121  0.1666169033227174E-001
 0122  0.1603779158318724E-001
 0123  0.1544832549110547E-001
 0124  0.1489147216090943E-001
 0125  0.1436550013063524E-001
 0126  0.1385766230955415E-001
 0127  0.1296654110920531E-001
 0128  0.1257492575618460E-001
 0129  0.1220391657997650E-001
 0130  0.1185235268847305E-001
 0131  0.1151924640504669E-001
 0132  0.1120365750495193E-001
 0133  0.1090469117280286E-001
 0134  0.1061607333902671E-001
 0135  0.1034350451656931E-001
 0136  0.1008607114272101E-001
 0137  0.9630328557694601E-002
 0138  0.9428348302794241E-002
 0139  0.9236410779790271E-002
 0140  0.9054028254482201E-002
 0141  0.8880735600832584E-002
 0142  0.8713300243285713E-002
 0143  0.8554585937503252E-002
 0144  0.8404132192004919E-002
 0145  0.8261503093505661E-002
 0146  0.8007104350063245E-002
 0147  0.7893537791952853E-002
 0148  0.7785310589239577E-002
 0149  0.7680630538616502E-002
 0150  0.7581084812987111E-002
 0151  0.7486418242614725E-002
 0152  0.7396388524296119E-002
 0153  0.7310765522831639E-002
 0154  0.7229320822765567E-002
 0155  0.7082098854236103E-002
 0156  0.7015570413651338E-002
 0157  0.6952113100790026E-002
 0158  0.6891577378395223E-002
 0159  0.6833827811677162E-002
 0160  0.6778735256976156E-002
 0161  0.6726176588207154E-002
 0162  0.6675419193551964E-002
 0163  0.6583865922408634E-002
 0164  0.6542548301936954E-002
 0165  0.6503026027213159E-002
 0166  0.6465220563830730E-002
 0167  0.6429053957110116E-002
 0168  0.6394064118073090E-002
 0169  0.6360633282342489E-002
 0170  0.6299976262340271E-002
 0171  0.6272441412958238E-002
 0172  0.6246037244891621E-002
 0173  0.6220454227795224E-002
 0174  0.6195948639494300E-002
 0175  0.6172472729776818E-002
 0176  0.6149982403770316E-002
 0177  0.6108954922114759E-002
 0178  0.6090050809275053E-002
 0179  0.6071899811226027E-002
 0180  0.6054471380335143E-002
 0181  0.6037736227417727E-002
 0182  0.6021665487679268E-002
 0183  0.6006093828815810E-002
 0184  0.5977585936569867E-002
 0185  0.5964530857914991E-002
 0186  0.5951967792088058E-002
 0187  0.5939877920319131E-002
 0188  0.5928144830631444E-002
 0189  0.5916861554621010E-002
 0190  0.5896110472900594E-002
 0191  0.5886564948766899E-002
 0192  0.5877288100555422E-002
 0193  0.5868349346759400E-002
 0194  0.5859735784797149E-002
 0195  0.5851435314328632E-002
 0196  0.5835997402854304E-002
 0197  0.5828873738172051E-002
 0198  0.5821996767644686E-002
 0199  0.5815357575219927E-002
 0200  0.5808902548335657E-002
 0201  0.5796947571369971E-002
 0202  0.5791410164895717E-002
 0203  0.5786055411379222E-002
 0204  0.5780842307830672E-002
 0205  0.5775803486413114E-002
 0206  0.5770932854153559E-002
 0207  0.5761852547279287E-002
 0208  0.5757620015136649E-002
 0209  0.5753522486976715E-002
 0210  0.5749555548376991E-002
 0211  0.5745691597666944E-002
 0212  0.5738491605399375E-002
 0213  0.5735136504761471E-002
 0214  0.5731864814859389E-002
 0215  0.5728694000244100E-002
 0216  0.5722768221413665E-002
 0217  0.5719983822669824E-002
 0218  0.5717281822368261E-002
 0219  0.5714659750432260E-002
 0220  0.5712102144894910E-002
 0221  0.5707312462639554E-002
 0222  0.5705069591521593E-002
 0223  0.5702880052636866E-002
 0224  0.5700753557710045E-002
 0225  0.5698688279743259E-002
 0226  0.5694794452652411E-002
 0227  0.5692967685167962E-002
 0228  0.5691184145416046E-002
 0229  0.5689450629188594E-002
 0230  0.5686190853805641E-002
 0231  0.5684652194572973E-002
 0232  0.5683155218773595E-002
 0233  0.5681698822106024E-002
 0234  0.5678944948753416E-002
 0235  0.5677648097637151E-002
 0236  0.5676380963486466E-002
 0237  0.5675147351898623E-002
 0238  0.5672815908567865E-002
 0239  0.5671714373125234E-002
 0240  0.5670637927729689E-002
 0241  0.5669589288329056E-002
 0242  0.5667604967795635E-002
 0243  0.5666666273933853E-002
 0244  0.5665751094878001E-002
 0245  0.5664014504448629E-002
 0246  0.5663190951018143E-002
 0247  0.5662387550542822E-002
 0248  0.5661603813943331E-002
 0249  0.5660115230967041E-002
 0250  0.5659408596078801E-002
 0251  0.5658718864425674E-002
 0252  0.5657408702826267E-002
 0253  0.5656786576735824E-002
 0254  0.5656177896277474E-002
 0255  0.5655020426085395E-002
 0256  0.5654470192907038E-002
 0257  0.5653932469059503E-002
 0258  0.5653406249179714E-002
 0259  0.5652404550456662E-002
 0260  0.5651927874073351E-002
 0261  0.5651461258848224E-002
 0262  0.5650572101716723E-002
 0263  0.5650148547125092E-002
 0264  0.5649733813005979E-002
 0265  0.5648942721614235E-002
 0266  0.5648565499611121E-002
 0267  0.5648196016115632E-002
 0268  0.5647490542295738E-002
 0269  0.5647153815280115E-002
 0270  0.5646509824584480E-002
 0271  0.5646202136121567E-002
 0272  0.5645900556572216E-002
 0273  0.5645323622282094E-002
 0274  0.5645047714876317E-002
 0275  0.5644777192935954E-002
 0276  0.5644259123233533E-002
 0277  0.5644011116012745E-002
 0278  0.5643535751245134E-002
 0279  0.5643307987858314E-002
 0280  0.5643084555678989E-002
 0281  0.5642655926771318E-002
 0282  0.5642450384499039E-002
 0283  0.5642055794802738E-002
 0284  0.5641866425319804E-002
 0285  0.5641680502598822E-002
 0286  0.5641323303217598E-002
 0287  0.5641151755901586E-002
 0288  0.5640821901717355E-002
 0289  0.5640663367007892E-002
 0290  0.5640358316372919E-002
 0291  0.5640211583480691E-002
 0292  0.5640067378652090E-002
 0293  0.5639789737266671E-002
 0294  0.5639656110289964E-002
 0295  0.5639398596072718E-002
 0296  0.5639274569402765E-002
 0297  0.5639035451575345E-002
 0298  0.5638920207262380E-002
 0299  0.5638697875593393E-002
 0300  0.5638590650606392E-002
 0301  0.5638383649969069E-002
 0302  0.5638283745795441E-002
 0303  0.5638090737528253E-002
 0304  0.5637997518599616E-002
 0305  0.5637817299624462E-002
 0306  0.5637730196740039E-002
 0307  0.5637561733346056E-002
 0308  0.5637480255979763E-002
 0309  0.5637322526060265E-002
 0310  0.5637172559399800E-002
 0311  0.5637099935469072E-002
 0312  0.5636959204655315E-002
 0313  0.5636891011526728E-002
 0314  0.5636758786980610E-002
 0315  0.5636694691813017E-002
 0316  0.5636570313153942E-002
 0317  0.5636451646208523E-002
 0318  0.5636394052045606E-002
 0319  0.5636282190320623E-002
 0320  0.5636175293004464E-002
 0321  0.5636123365767905E-002
 0322  0.5636022396999491E-002
 0323  0.5635973324294627E-002
 0324  0.5635877874695610E-002
 0325  0.5635786462800999E-002
 0326  0.5635698856853457E-002
 0327  0.5635656223347766E-002
 0328  0.5635573181890602E-002
 0329  0.5635493500376274E-002
 0330  0.5635454687583957E-002
 0331  0.5635379026566309E-002
 0332  0.5635306336972450E-002
 0333  0.5635236459149825E-002
 0334  0.5635202380323659E-002
 0335  0.5635135879556229E-002
 0336  0.5635071880068010E-002
 0337  0.5635010255472986E-002
 0338  0.5634980169753348E-002
 0339  0.5634921394203436E-002
 0340  0.5634864745684238E-002
 0341  0.5634810115450404E-002
 0342  0.5634757410134997E-002
 0343  0.5634706536233604E-002
 0344  0.5634681658773596E-002
 0345  0.5634632981510069E-002
 0346  0.5634585954121944E-002
 0347  0.5634540501018369E-002
 0348  0.5634496550456713E-002
 0349  0.5634454035957206E-002
 0350  0.5634412893232799E-002
 0351  0.5634373063030382E-002
 0352  0.5634334488615969E-002
 0353  0.5634297100408901E-002
 0354  0.5634260840239400E-002
 0355  0.5634225661834316E-002
 0356  0.5634191521310057E-002
 0357  0.5634158377024689E-002
 0358  0.5634126189440656E-002
 0359  0.5634094920997270E-002
 0360  0.5634064535992157E-002
 0361  0.5634035000470987E-002
 0362  0.5633992369815228E-002
 0363  0.5633965012503044E-002
 0364  0.5633938389283147E-002
 0365  0.5633912473354629E-002
 0366  0.5633887239151703E-002
 0367  0.5633850736845164E-002
 0368  0.5633827261840567E-002
 0369  0.5633804380989277E-002
 0370  0.5633771239105945E-002
 0371  0.5633749897570159E-002
 0372  0.5633729076536926E-002
 0373  0.5633698881285998E-002
 0374  0.5633679413862791E-002
 0375  0.5633651157395568E-002
 0376  0.5633632924574345E-002
 0377  0.5633615109908379E-002
 0378  0.5633589224585791E-002
 0379  0.5633564360770425E-002
 0380  0.5633548292131651E-002
 0381  0.5633524914888541E-002
 0382  0.5633509796118614E-002
 0383  0.5633487785513005E-002
 0384  0.5633466593653846E-002
 0385  0.5633446179052038E-002
 0386  0.5633432955963362E-002
 0387  0.5633413676478248E-002
 0388  0.5633395080386944E-002
 0389  0.5633377134807737E-002
 0390  0.5633359808885944E-002
 0391  0.5633343073642182E-002
 0392  0.5633326901833957E-002
 0393  0.5633311267829154E-002
 0394  0.5633296147490362E-002
 0395  0.5633276782225392E-002
 0396  0.5633262825143768E-002
 0397  0.5633249308328257E-002
 0398  0.5633231969594439E-002
 0399  0.5633219454033107E-002
 0400  0.5633203383144478E-002
 0401  0.5633191771141703E-002
 0402  0.5633176846174169E-002
 0403  0.5633162548380547E-002
 0404  0.5633152202384153E-002
 0405  0.5633138885898246E-002
 0406  0.5633126108716319E-002
 0407  0.5633113842199713E-002
 0408  0.5633099204749820E-002
 0409  0.5633088020065210E-002
 0410  0.5633077264097268E-002
 0411  0.5633064405220455E-002
 0412  0.5633054561903729E-002
 0413  0.5633042780263716E-002
 0414  0.5633031558679055E-002
 0415  0.5633020863257519E-002
 0416  0.5633010662707545E-002
 0417  0.5632999045385748E-002
 0418  0.5632988072823503E-002
 0419  0.5632979382667304E-002
 0420  0.5632969463994667E-002
 0421  0.5632958566590759E-002
 0422  0.5632949763874598E-002
 0423  0.5632940076121968E-002
 0424  0.5632930977362046E-002
 0425  0.5632921250717013E-002
 0426  0.5632912189586048E-002
 0427  0.5632903739821004E-002
 0428  0.5632894908729427E-002
 0429  0.5632885870036246E-002
 0430  0.5632877573686545E-002
 0431  0.5632869224884039E-002
 0432  0.5632860957940421E-002
 0433  0.5632853478234172E-002
 0434  0.5632845116702369E-002
 0435  0.5632837267534135E-002
 0436  0.5632829977497047E-002
 0437  0.5632822253601503E-002
 0438  0.5632814885624735E-002
 0439  0.5632807455143235E-002
 0440  0.5632800255501799E-002
 0441  0.5632793208004606E-002
 0442  0.5632791683524393E-002
 0443  0.5632791683524393E-002
 0444  0.5632791683524393E-002
 0445  0.5632791683524393E-002
 0446  0.5632791683524393E-002
 0447  0.5632791683524393E-002
 0448  0.5632791683524393E-002
 0449  0.5632791683524393E-002
 0450  0.5632791683524393E-002
 0451  0.5632791683524393E-002
 0452  0.5632791683524393E-002
 0453  0.5632791683524393E-002
 0454  0.5632791683524393E-002
 0455  0.5632791683524393E-002
 0456  0.5632791683524393E-002
 0457  0.5632791683524393E-002
 0458  0.5632791683524393E-002
 0459  0.5632791683524393E-002
 0460  0.5632791683524393E-002
 0461  0.5632791683524393E-002
 0462  0.5632791683524393E-002
 0463  0.5632791683524393E-002
 0464  0.5632791683524393E-002
 0465  0.5632791683524393E-002
 0466  0.5632791683524393E-002
 0467  0.5632791683524393E-002
 0468  0.5632791683524393E-002
 0469  0.5632791683524393E-002
 0470  0.5632791683524393E-002
 0471  0.5632791683524393E-002
 0472  0.5632791683524393E-002
 0473  0.5632791683524393E-002
 0474  0.5632791683524393E-002
 0475  0.5632791683524393E-002
 0476  0.5632791683524393E-002
 0477  0.5632791683524393E-002
 0478  0.5632791683524393E-002
 0479  0.5632791683524393E-002
 0480  0.5632791683524393E-002
 0481  0.5632791683524393E-002
 0482  0.5632791683524393E-002
 0483  0.5632791683524393E-002
 0484  0.5632791683524393E-002
 0485  0.5632791683524393E-002
 0486  0.5632791683524393E-002
 0487  0.5632791683524393E-002
 0488  0.5632791683524393E-002
 0489  0.5632791683524393E-002
 0490  0.5632791683524393E-002
 0491  0.5632791683524393E-002
 0492  0.5632791683524393E-002
 0493  0.5632791683524393E-002
 0494  0.5632791683524393E-002
 0495  0.5632791683524393E-002
 0496  0.5632791683524393E-002
 0497  0.5632791683524393E-002
 0498  0.5632791683524393E-002
 0499  0.5632791683524393E-002
 0500  0.5632791683524393E-002
 0501  0.5632791683524393E-002
 0502  0.5632791683524393E-002
 0503  0.5632791683524393E-002
 0504  0.5632791683524393E-002
 0505  0.5632791683524393E-002
 0506  0.5632791683524393E-002
 0507  0.5632791683524393E-002
 0508  0.5632791683524393E-002
 0509  0.5632791683524393E-002
 0510  0.5632791683524393E-002
 0511  0.5632791683524393E-002
 0512  0.5632791683524393E-002
 0513  0.5632791683524393E-002
 0514  0.5632791683524393E-002
 0515  0.5632791683524393E-002
 0516  0.5632791683524393E-002
 0517  0.5632791683524393E-002
 0518  0.5632791683524393E-002
 0519  0.5632791683524393E-002
 0520  0.5632791683524393E-002
 0521  0.5632791683524393E-002
 0522  0.5632791683524393E-002
 0523  0.5632791683524393E-002
 0524  0.5632791683524393E-002
 0525  0.5632791683524393E-002
 0526  0.5632791683524393E-002
 0527  0.5632791683524393E-002
 0528  0.5632791683524393E-002
 0529  0.5632791683524393E-002
 0530  0.5632791683524393E-002
 0531  0.5632791683524393E-002
 0532  0.5632791683524393E-002
 0533  0.5632791683524393E-002
 0534  0.5632791683524393E-002
 0535  0.5632791683524393E-002
 0536  0.5632791683524393E-002
 0537  0.5632791683524393E-002
 0538  0.5632791683524393E-002
 0539  0.5632791683524393E-002
 0540  0.5632791683524393E-002
 0541  0.5632791683524393E-002
 0542  0.5632791683524393E-002
 0543  0.5632791683524393E-002
 0544  0.5632791683524393E-002
 0545  0.5632791683524393E-002
 0546  0.5632791683524393E-002
 0547  0.5632791683524393E-002
 0548  0.5632791683524393E-002
 0549  0.5632791683524393E-002
 0550  0.5632791683524393E-002
 0551  0.5632791683524393E-002
 0552  0.5632791683524393E-002
 0553  0.5632791683524393E-002
 0554  0.5632791683524393E-002
 0555  0.5632791683524393E-002
 0556  0.5632791683524393E-002
 0557  0.5632791683524393E-002
 0558  0.5632791683524393E-002
 0559  0.5632791683524393E-002
 0560  0.5632791683524393E-002
 0561  0.5632791683524393E-002
 0562  0.5632791683524393E-002
 0563  0.5632791683524393E-002
 0564  0.5632791683524393E-002
 0565  0.5632791683524393E-002
 0566  0.5632791683524393E-002
 0567  0.5632791683524393E-002
 0568  0.5632791683524393E-002
 0569  0.5632791683524393E-002
 0570  0.5632791683524393E-002
 0571  0.5632791683524393E-002
 0572  0.5632791683524393E-002
 0573  0.5632791683524393E-002
 0574  0.5632791683524393E-002
 0575  0.5632791683524393E-002
 0576  0.5632791683524393E-002
 0577  0.5632791683524393E-002
 0578  0.5632791683524393E-002
 0579  0.5632791683524393E-002
 0580  0.5632791683524393E-002
 0581  0.5632791683524393E-002
 0582  0.5632791683524393E-002
 0583  0.5632791683524393E-002
 0584  0.5632791683524393E-002
 0585  0.5632791683524393E-002
 0586  0.5632791683524393E-002
 0587  0.5632791683524393E-002
 0588  0.5632791683524393E-002
 0589  0.5632791683524393E-002
 0590  0.5632791683524393E-002
 0591  0.5632791683524393E-002
 0592  0.5632791683524393E-002
 0593  0.5632791683524393E-002
 0594  0.5632791683524393E-002
 0595  0.5632791683524393E-002
 0596  0.5632791683524393E-002
 0597  0.5632791683524393E-002
 0598  0.5632791683524393E-002
 0599  0.5632791683524393E-002
 0600  0.5632791683524393E-002
 0601  0.5632791683524393E-002
 0602  0.5632791683524393E-002
 0603  0.5632791683524393E-002
 0604  0.5632791683524393E-002
 0605  0.5632791683524393E-002
 0606  0.5632791683524393E-002
 0607  0.5632791683524393E-002
 0608  0.5632791683524393E-002
 0609  0.5632791683524393E-002
 0610  0.5632791683524393E-002
 0611  0.5632791683524393E-002
 0612  0.5632791683524393E-002
 0613  0.5632791683524393E-002
 0614  0.5632791683524393E-002
 0615  0.5632791683524393E-002
 0616  0.5632791683524393E-002
 0617  0.5632791683524393E-002
 0618  0.5632791683524393E-002
 0619  0.5632791683524393E-002
 0620  0.5632791683524393E-002
 0621  0.5632791683524393E-002
 0622  0.5632791683524393E-002
 0623  0.5632791683524393E-002
 0624  0.5632791683524393E-002
 0625  0.5632791683524393E-002
 0626  0.5632791683524393E-002
 0627  0.5632791683524393E-002
 0628  0.5632791683524393E-002
 0629  0.5632791683524393E-002
 0630  0.5632791683524393E-002
 0631  0.5632791683524393E-002
 0632  0.5632791683524393E-002
 0633  0.5632791683524393E-002
 0634  0.5632791683524393E-002
 0635  0.5632791683524393E-002
 0636  0.5632791683524393E-002
 0637  0.5632791683524393E-002
 0638  0.5632791683524393E-002
 0639  0.5632791683524393E-002
 0640  0.5632791683524393E-002
 0641  0.5632791683524393E-002
 0642  0.5632791683524393E-002
 0643  0.5632791683524393E-002
 0644  0.5632791683524393E-002
 0645  0.5632791683524393E-002
 0646  0.5632791683524393E-002
 0647  0.5632791683524393E-002
 0648  0.5632791683524393E-002
 0649  0.5632791683524393E-002
 0650  0.5632791683524393E-002
 0651  0.5632791683524393E-002
 0652  0.5632791683524393E-002
 0653  0.5632791683524393E-002
 0654  0.5632791683524393E-002
 0655  0.5632791683524393E-002
 0656  0.5632791683524393E-002
 0657  0.5632791683524393E-002
 0658  0.5632791683524393E-002
 0659  0.5632791683524393E-002
 0660  0.5632791683524393E-002
 0661  0.5632791683524393E-002
 0662  0.5632791683524393E-002
 0663  0.5632791683524393E-002
 0664  0.5632791683524393E-002
 0665  0.5632791683524393E-002
 0666  0.5632791683524393E-002
 0667  0.5632791683524393E-002
 0668  0.5632791683524393E-002
 0669  0.5632791683524393E-002
 0670  0.5632791683524393E-002
 0671  0.5632791683524393E-002
 0672  0.5632791683524393E-002
 0673  0.5632791683524393E-002
 0674  0.5632791683524393E-002
 0675  0.5632791683524393E-002
 0676  0.5632791683524393E-002
 0677  0.5632791683524393E-002
 0678  0.5632791683524393E-002
 0679  0.5632791683524393E-002
 0680  0.5632791683524393E-002
 0681  0.5632791683524393E-002
 0682  0.5632791683524393E-002
 0683  0.5632791683524393E-002
 0684  0.5632791683524393E-002
 0685  0.5632791683524393E-002
 0686  0.5632791683524393E-002
 0687  0.5632791683524393E-002
 0688  0.5632791683524393E-002
 0689  0.5632791683524393E-002
 0690  0.5632791683524393E-002
 0691  0.5632791683524393E-002
 0692  0.5632791683524393E-002
 0693  0.5632791683524393E-002
 0694  0.5632791683524393E-002
 0695  0.5632791683524393E-002
 0696  0.5632791683524393E-002
 0697  0.5632791683524393E-002
 0698  0.5632791683524393E-002
 0699  0.5632791683524393E-002
 0700  0.5632791683524393E-002
 0701  0.5632791683524393E-002
 0702  0.5632791683524393E-002
 0703  0.5632791683524393E-002
 0704  0.5632791683524393E-002
 0705  0.5632791683524393E-002
 0706  0.5632791683524393E-002
 0707  0.5632791683524393E-002
 0708  0.5632791683524393E-002
 0709  0.5632791683524393E-002
 0710  0.5632791683524393E-002
 0711  0.5632791683524393E-002
 0712  0.5632791683524393E-002
 0713  0.5632791683524393E-002
 0714  0.5632791683524393E-002
 0715  0.5632791683524393E-002
 0716  0.5632791683524393E-002
 0717  0.5632791683524393E-002
 0718  0.5632791683524393E-002
 0719  0.5632791683524393E-002
 0720  0.5632791683524393E-002
 0721  0.5632791683524393E-002
 0722  0.5632791683524393E-002
 0723  0.5632791683524393E-002
 0724  0.5632791683524393E-002
 0725  0.5632791683524393E-002
 0726  0.5632791683524393E-002
 0727  0.5632791683524393E-002
 0728  0.5632791683524393E-002
 0729  0.5632791683524393E-002
 0730  0.5632791683524393E-002
 0731  0.5632791683524393E-002
 0732  0.5632791683524393E-002
 0733  0.5632791683524393E-002
 0734  0.5632791683524393E-002
 0735  0.5632791683524393E-002
 0736  0.5632791683524393E-002
 0737  0.5632791683524393E-002
 0738  0.5632791683524393E-002
 0739  0.5632791683524393E-002
 0740  0.5632791683524393E-002
 0741  0.5632791683524393E-002
 0742  0.5632791683524393E-002
 0743  0.5632791683524393E-002
 0744  0.5632791683524393E-002
 0745  0.5632791683524393E-002
 0746  0.5632791683524393E-002
 0747  0.5632791683524393E-002
 0748  0.5632791683524393E-002
 0749  0.5632791683524393E-002
 0750  0.5632791683524393E-002
 0751  0.5632791683524393E-002
 0752  0.5632791683524393E-002
 0753  0.5632791683524393E-002
 0754  0.5632791683524393E-002
 0755  0.5632791683524393E-002
 0756  0.5632791683524393E-002
 0757  0.5632791683524393E-002
 0758  0.5632791683524393E-002
 0759  0.5632791683524393E-002
 0760  0.5632791683524393E-002
 0761  0.5632791683524393E-002
 0762  0.5632791683524393E-002
 0763  0.5632791683524393E-002
 0764  0.5632791683524393E-002
 0765  0.5632791683524393E-002
 0766  0.5632791683524393E-002
 0767  0.5632791683524393E-002
 0768  0.5632791683524393E-002
 0769  0.5632791683524393E-002
 0770  0.5632791683524393E-002
 0771  0.5632791683524393E-002
 0772  0.5632791683524393E-002
 0773  0.5632791683524393E-002
 0774  0.5632791683524393E-002
 0775  0.5632791683524393E-002
 0776  0.5632791683524393E-002
 0777  0.5632791683524393E-002
 0778  0.5632791683524393E-002
 0779  0.5632791683524393E-002
 0780  0.5632791683524393E-002
 0781  0.5632791683524393E-002
 0782  0.5632791683524393E-002
 0783  0.5632791683524393E-002
 0784  0.5632791683524393E-002
 0785  0.5632791683524393E-002
 0786  0.5632791683524393E-002
 0787  0.5632791683524393E-002
 0788  0.5632791683524393E-002
 0789  0.5632791683524393E-002
 0790  0.5632791683524393E-002
 0791  0.5632791683524393E-002
 0792  0.5632791683524393E-002
 0793  0.5632791683524393E-002
 0794  0.5632791683524393E-002
 0795  0.5632791683524393E-002
 0796  0.5632791683524393E-002
 0797  0.5632791683524393E-002
 0798  0.5632791683524393E-002
 0799  0.5632791683524393E-002
 0800  0.5632791683524393E-002
 0801  0.5632791683524393E-002
 0802  0.5632791683524393E-002
 0803  0.5632791683524393E-002
 0804  0.5632791683524393E-002
 0805  0.5632791683524393E-002
 0806  0.5632791683524393E-002
 0807  0.5632791683524393E-002
 0808  0.5632791683524393E-002
 0809  0.5632791683524393E-002
 0810  0.5632791683524393E-002
 0811  0.5632791683524393E-002
 0812  0.5632791683524393E-002
 0813  0.5632791683524393E-002
 0814  0.5632791683524393E-002
 0815  0.5632791683524393E-002
 0816  0.5632791683524393E-002
 0817  0.5632791683524393E-002
 0818  0.5632791683524393E-002
 0819  0.5632791683524393E-002
 0820  0.5632791683524393E-002
 0821  0.5632791683524393E-002
 0822  0.5632791683524393E-002
 0823  0.5632791683524393E-002
 0824  0.5632791683524393E-002
 0825  0.5632791683524393E-002
 0826  0.5632791683524393E-002
 0827  0.5632791683524393E-002
 0828  0.5632791683524393E-002
 0829  0.5632791683524393E-002
 0830  0.5632791683524393E-002
 0831  0.5632791683524393E-002
 0832  0.5632791683524393E-002
 0833  0.5632791683524393E-002
 0834  0.5632791683524393E-002
 0835  0.5632791683524393E-002
 0836  0.5632791683524393E-002
 0837  0.5632791683524393E-002
 0838  0.5632791683524393E-002
 0839  0.5632791683524393E-002
 0840  0.5632791683524393E-002
 0841  0.5632791683524393E-002
 0842  0.5632791683524393E-002
 0843  0.5632791683524393E-002
 0844  0.5632791683524393E-002
 0845  0.5632791683524393E-002
 0846  0.5632791683524393E-002
 0847  0.5632791683524393E-002
 0848  0.5632791683524393E-002
 0849  0.5632791683524393E-002
 0850  0.5632791683524393E-002
 0851  0.5632791683524393E-002
 0852  0.5632791683524393E-002
 0853  0.5632791683524393E-002
 0854  0.5632791683524393E-002
 0855  0.5632791683524393E-002
 0856  0.5632791683524393E-002
 0857  0.5632791683524393E-002
 0858  0.5632791683524393E-002
 0859  0.5632791683524393E-002
 0860  0.5632791683524393E-002
 0861  0.5632791683524393E-002
 0862  0.5632791683524393E-002
 0863  0.5632791683524393E-002
 0864  0.5632791683524393E-002
 0865  0.5632791683524393E-002
 0866  0.5632791683524393E-002
 0867  0.5632791683524393E-002
 0868  0.5632791683524393E-002
 0869  0.5632791683524393E-002
 0870  0.5632791683524393E-002
 0871  0.5632791683524393E-002
 0872  0.5632791683524393E-002
 0873  0.5632791683524393E-002
 0874  0.5632791683524393E-002
 0875  0.5632791683524393E-002
 0876  0.5632791683524393E-002
 0877  0.5632791683524393E-002
 0878  0.5632791683524393E-002
 0879  0.5632791683524393E-002
 0880  0.5632791683524393E-002
 0881  0.5632791683524393E-002
 0882  0.5632791683524393E-002
 0883  0.5632791683524393E-002
 0884  0.5632791683524393E-002
 0885  0.5632791683524393E-002
 0886  0.5632791683524393E-002
 0887  0.5632791683524393E-002
 0888  0.5632791683524393E-002
 0889  0.5632791683524393E-002
 0890  0.5632791683524393E-002
 0891  0.5632791683524393E-002
 0892  0.5632791683524393E-002
 0893  0.5632791683524393E-002
 0894  0.5632791683524393E-002
 0895  0.5632791683524393E-002
 0896  0.5632791683524393E-002
 0897  0.5632791683524393E-002
 0898  0.5632791683524393E-002
 0899  0.5632791683524393E-002
 0900  0.5632791683524393E-002
 0901  0.5632791683524393E-002
 0902  0.5632791683524393E-002
 0903  0.5632791683524393E-002
 0904  0.5632791683524393E-002
 0905  0.5632791683524393E-002
 0906  0.5632791683524393E-002
 0907  0.5632791683524393E-002
 0908  0.5632791683524393E-002
 0909  0.5632791683524393E-002
 0910  0.5632791683524393E-002
 0911  0.5632791683524393E-002
 0912  0.5632791683524393E-002
 0913  0.5632791683524393E-002
 0914  0.5632791683524393E-002
 0915  0.5632791683524393E-002
 0916  0.5632791683524393E-002
 0917  0.5632791683524393E-002
 0918  0.5632791683524393E-002
 0919  0.5632791683524393E-002
 0920  0.5632791683524393E-002
 0921  0.5632791683524393E-002
 0922  0.5632791683524393E-002
 0923  0.5632791683524393E-002
 0924  0.5632791683524393E-002
 0925  0.5632791683524393E-002
 0926  0.5632791683524393E-002
 0927  0.5632791683524393E-002
 0928  0.5632791683524393E-002
 0929  0.5632791683524393E-002
 0930  0.5632791683524393E-002
 0931  0.5632791683524393E-002
 0932  0.5632791683524393E-002
 0933  0.5632791683524393E-002
 0934  0.5632791683524393E-002
 0935  0.5632791683524393E-002
 0936  0.5632791683524393E-002
 0937  0.5632791683524393E-002
 0938  0.5632791683524393E-002
 0939  0.5632791683524393E-002
 0940  0.5632791683524393E-002
 0941  0.5632791683524393E-002
 0942  0.5632791683524393E-002
 0943  0.5632791683524393E-002
 0944  0.5632791683524393E-002
 0945  0.5632791683524393E-002
 0946  0.5632791683524393E-002
 0947  0.5632791683524393E-002
 0948  0.5632791683524393E-002
 0949  0.5632791683524393E-002
 0950  0.5632791683524393E-002
 0951  0.5632791683524393E-002
 0952  0.5632791683524393E-002
 0953  0.5632791683524393E-002
 0954  0.5632791683524393E-002
 0955  0.5632791683524393E-002
 0956  0.5632791683524393E-002
 0957  0.5632791683524393E-002
 0958  0.5632791683524393E-002
 0959  0.5632791683524393E-002
 0960  0.5632791683524393E-002
 0961  0.5632791683524393E-002
 0962  0.5632791683524393E-002
 0963  0.5632791683524393E-002
 0964  0.5632791683524393E-002
 0965  0.5632791683524393E-002
 0966  0.5632791683524393E-002
 0967  0.5632791683524393E-002
 0968  0.5632791683524393E-002
 0969  0.5632791683524393E-002
 0970  0.5632791683524393E-002
 0971  0.5632791683524393E-002
 0972  0.5632791683524393E-002
 0973  0.5632791683524393E-002
 0974  0.5632791683524393E-002
 0975  0.5632791683524393E-002
 0976  0.5632791683524393E-002
 0977  0.5632791683524393E-002
 0978  0.5632791683524393E-002
 0979  0.5632791683524393E-002
 0980  0.5632791683524393E-002
 0981  0.5632791683524393E-002
 0982  0.5632791683524393E-002
 0983  0.5632791683524393E-002
 0984  0.5632791683524393E-002
 0985  0.5632791683524393E-002
 0986  0.5632791683524393E-002
 0987  0.5632791683524393E-002
 0988  0.5632791683524393E-002
 0989  0.5632791683524393E-002
 0990  0.5632791683524393E-002
 0991  0.5632791683524393E-002
 0992  0.5632791683524393E-002
 0993  0.5632791683524393E-002
 0994  0.5632791683524393E-002
 0995  0.5632791683524393E-002
 0996  0.5632791683524393E-002
 0997  0.5632791683524393E-002
 0998  0.5632791683524393E-002
 0999  0.5632791683524393E-002
 1000  0.5632791683524393E-002
