 0001  0.2399189915694996E+000
 0002  0.2398982199930109E+000
 0003  0.2398982199930109E+000
 0004  0.2398690380185087E+000
 0005  0.2398213979154167E+000
 0006  0.2398213979154167E+000
 0007  0.2397748641055540E+000
 0008  0.2397748641055540E+000
 0009  0.2396880580769608E+000
 0010  0.2395435969675164E+000
 0011  0.2395435969675164E+000
 0012  0.2394024905180518E+000
 0013  0.2392063756167585E+000
 0014  0.2392063756167585E+000
 0015  0.2389176669988223E+000
 0016  0.2385277100830796E+000
 0017  0.2385277100830796E+000
 0018  0.2381468087039042E+000
 0019  0.2376288064231058E+000
 0020  0.2376288064231058E+000
 0021  0.2369212790349813E+000
 0022  0.2360836815795088E+000
 0023  0.2360836815795088E+000
 0024  0.2350365668150665E+000
 0025  0.2340713166659642E+000
 0026  0.2328989366076828E+000
 0027  0.2328989366076828E+000
 0028  0.2314234322746143E+000
 0029  0.2297195430185316E+000
 0030  0.2297195430185316E+000
 0031  0.2280552212911733E+000
 0032  0.2261106594726053E+000
 0033  0.2239579453446833E+000
 0034  0.2239579453446833E+000
 0035  0.2214207835539939E+000
 0036  0.2186678891341310E+000
 0037  0.2161751922526167E+000
 0038  0.2134014023472034E+000
 0039  0.2134014023472034E+000
 0040  0.2101302217938442E+000
 0041  0.2066320811204891E+000
 0042  0.2029984088656395E+000
 0043  0.2029984088656395E+000
 0044  0.1989076615445125E+000
 0045  0.1952705763258594E+000
 0046  0.1914346101946851E+000
 0047  0.1874362227405362E+000
 0048  0.1874362227405362E+000
 0049  0.1829052522685831E+000
 0050  0.1783249450912899E+000
 0051  0.1737282228850546E+000
 0052  0.1696915460362620E+000
 0053  0.1655855605762777E+000
 0054  0.1655855605762777E+000
 0055  0.1609754931859337E+000
 0056  0.1564209004236108E+000
 0057  0.1519506904676759E+000
 0058  0.1475898514679949E+000
 0059  0.1433593422348817E+000
 0060  0.1433593422348817E+000
 0061  0.1392270734214453E+000
 0062  0.1351716335211698E+000
 0063  0.1312333295448595E+000
 0064  0.1274832069899104E+000
 0065  0.1239055292529711E+000
 0066  0.1204730811444300E+000
 0067  0.1204730811444300E+000
 0068  0.1166335306087655E+000
 0069  0.1129390069988885E+000
 0070  0.1098969643144575E+000
 0071  0.1066767603373024E+000
 0072  0.1033058172172976E+000
 0073  0.9974745959858598E-001
 0074  0.9595981564706740E-001
 0075  0.9595981564706742E-001
 0076  0.9117039489057482E-001
 0077  0.8652296466328792E-001
 0078  0.8183331757190465E-001
 0079  0.7703335969084098E-001
 0080  0.7212967373983563E-001
 0081  0.6825334407721773E-001
 0082  0.6385268295184257E-001
 0083  0.5917524633476489E-001
 0084  0.5441952338664715E-001
 0085  0.5441952338664715E-001
 0086  0.4863543938909887E-001
 0087  0.4336848307351947E-001
 0088  0.3862991357119221E-001
 0089  0.3441862631716983E-001
 0090  0.3071208688584536E-001
 0091  0.2747745344391622E-001
 0092  0.2471879869232579E-001
 0093  0.2233320859033354E-001
 0094  0.2026362443126357E-001
 0095  0.1872981150210150E-001
 0096  0.1721992534426782E-001
 0097  0.1585264477222801E-001
 0098  0.1585264477222805E-001
 0099  0.1412108862737410E-001
 0100  0.1284615312552960E-001
 0101  0.1135281772146777E-001
 0102  0.1089485225158732E-001
 0103  0.1050727333390828E-001
 0104  0.1018026072083245E-001
 0105  0.9905171842657901E-002
 0106  0.9674434972108925E-002
 0107  0.9481446782222113E-002
 0108  0.9320474633310070E-002
 0109  0.9186564040201529E-002
 0110  0.9075451782507878E-002
 0111  0.8983485052054771E-002
 0112  0.8907546912975378E-002
 0113  0.8844988208629199E-002
 0114  0.8793565906549995E-002
 0115  0.8751387742286320E-002
 0116  0.8716862913546246E-002
 0117  0.8688658491089444E-002
 0118  0.8665661152619573E-002
 0119  0.8646943808672211E-002
 0120  0.8631736672124702E-002
 0121  0.8619402321917139E-002
 0122  0.8609414323251796E-002
 0123  0.8601338987568364E-002
 0124  0.8594819883004853E-002
 0125  0.8589564737364403E-002
 0126  0.8585334408808442E-002
 0127  0.8581933633038531E-002
 0128  0.8579203288459443E-002
 0129  0.8577013873535431E-002
 0130  0.8575260326646126E-002
 0131  0.8573857527389463E-002
 0132  0.8572735020338468E-002
 0133  0.8571838645832571E-002
 0134  0.8571124133289603E-002
 0135  0.8570536486977330E-002
 0136  0.8570078355795877E-002
 0137  0.8569720454045577E-002
 0138  0.8569265094510546E-002
 0139  0.8569118585765033E-002
 0140  0.8568996113535348E-002
 0141  0.8568893786141729E-002
 0142  0.8568808332294840E-002
 0143  0.8568737004010908E-002
 0144  0.8568677494380523E-002
 0145  0.8568627867981855E-002
 0146  0.8568586502045927E-002
 0147  0.8568552036754941E-002
 0148  0.8568523333290674E-002
 0149  0.8568499438452797E-002
 0150  0.8568479554840859E-002
 0151  0.8568463015744958E-002
 0152  0.8568449264015711E-002
 0153  0.8568437834296283E-002
 0154  0.8568428338034525E-002
 0155  0.8568420451056106E-002
 0156  0.8568413903010564E-002
 0157  0.8568408468528793E-002
 0158  0.8568403957697359E-002
 0159  0.8568400215697186E-002
 0160  0.8568397113144447E-002
 0161  0.8568394542033161E-002
 0162  0.8568392368227970E-002
 0163  0.8568390585028070E-002
 0164  0.8568389121102298E-002
 0165  0.8568387918336657E-002
 0166  0.8568386253765228E-002
 0167  0.8568385674762107E-002
 0168  0.8568385178630369E-002
 0169  0.8568384753588197E-002
 0170  0.8568384389516306E-002
 0171  0.8568384077725262E-002
 0172  0.8568383810755194E-002
 0173  0.8568383582203108E-002
 0174  0.8568383386574415E-002
 0175  0.8568383219154747E-002
 0176  0.8568383075900377E-002
 0177  0.8568382953343544E-002
 0178  0.8568382848511077E-002
 0179  0.8568382758854083E-002
 0180  0.8568382682170514E-002
 0181  0.8568382616599427E-002
 0182  0.8568382560543786E-002
 0183  0.8568382512633395E-002
 0184  0.8568382471693350E-002
 0185  0.8568382436188996E-002
 0186  0.8568382406029584E-002
 0187  0.8568382380400651E-002
 0188  0.8568382358613322E-002
 0189  0.8568382340084590E-002
 0190  0.8568382312865823E-002
 0191  0.8568382302838816E-002
 0192  0.8568382294062796E-002
 0193  0.8568382286382402E-002
 0194  0.8568382279661516E-002
 0195  0.8568382273780749E-002
 0196  0.8568382268635617E-002
 0197  0.8568382264133863E-002
 0198  0.8568382260195606E-002
 0199  0.8568382256750707E-002
 0200  0.8568382253737810E-002
 0201  0.8568382251102976E-002
 0202  0.8568382248799107E-002
 0203  0.8568382246760584E-002
 0204  0.8568382244985137E-002
 0205  0.8568382243438463E-002
 0206  0.8568382242090861E-002
 0207  0.8568382240916375E-002
 0208  0.8568382239892586E-002
 0209  0.8568382238321393E-002
 0210  0.8568382237717357E-002
 0211  0.8568382237179661E-002
 0212  0.8568382236701031E-002
 0213  0.8568382236275001E-002
 0214  0.8568382235895828E-002
 0215  0.8568382235558414E-002
 0216  0.8568382235258102E-002
 0217  0.8568382234990896E-002
 0218  0.8568382234753145E-002
 0219  0.8568382234539483E-002
 0220  0.8568382234349950E-002
 0221  0.8568382234181745E-002
 0222  0.8568382234032494E-002
 0223  0.8568382233900012E-002
 0224  0.8568382233782420E-002
 0225  0.8568382233677998E-002
 0226  0.8568382233512346E-002
 0227  0.8568382233446555E-002
 0228  0.8568382233387198E-002
 0229  0.8568382233333664E-002
 0230  0.8568382233285409E-002
 0231  0.8568382233241870E-002
 0232  0.8568382233202589E-002
 0233  0.8568382233166865E-002
 0234  0.8568382233134674E-002
 0235  0.8568382233105739E-002
 0236  0.8568382233079682E-002
 0237  0.8568382233056232E-002
 0238  0.8568382233035099E-002
 0239  0.8568382233016066E-002
 0240  0.8568382232998920E-002
 0241  0.8568382232971055E-002
 0242  0.8568382232959706E-002
 0243  0.8568382232949362E-002
 0244  0.8568382232939905E-002
 0245  0.8568382232931240E-002
 0246  0.8568382232923357E-002
 0247  0.8568382232916191E-002
 0248  0.8568382232909653E-002
 0249  0.8568382232903685E-002
 0250  0.8568382232898266E-002
 0251  0.8568382232893341E-002
 0252  0.8568382232888871E-002
 0253  0.8568382232884768E-002
 0254  0.8568382232877928E-002
 0255  0.8568382232875114E-002
 0256  0.8568382232872495E-002
 0257  0.8568382232870059E-002
 0258  0.8568382232867846E-002
 0259  0.8568382232865811E-002
 0260  0.8568382232863924E-002
 0261  0.8568382232862163E-002
 0262  0.8568382232860562E-002
 0263  0.8568382232859115E-002
 0264  0.8568382232857748E-002
 0265  0.8568382232856536E-002
 0266  0.8568382232854466E-002
 0267  0.8568382232853618E-002
 0268  0.8568382232852771E-002
 0269  0.8568382232852027E-002
 0270  0.8568382232851324E-002
 0271  0.8568382232850700E-002
 0272  0.8568382232850112E-002
 0273  0.8568382232849553E-002
 0274  0.8568382232848993E-002
 0275  0.8568382232848511E-002
 0276  0.8568382232848068E-002
 0277  0.8568382232847326E-002
 0278  0.8568382232846986E-002
 0279  0.8568382232846726E-002
 0280  0.8568382232846491E-002
 0281  0.8568382232846191E-002
 0282  0.8568382232845931E-002
 0283  0.8568382232845683E-002
 0284  0.8568382232845463E-002
 0285  0.8568382232845281E-002
 0286  0.8568382232845085E-002
 0287  0.8568382232844772E-002
 0288  0.8568382232844641E-002
 0289  0.8568382232844550E-002
 0290  0.8568382232844420E-002
 0291  0.8568382232844316E-002
 0292  0.8568382232844186E-002
 0293  0.8568382232844094E-002
 0294  0.8568382232843990E-002
 0295  0.8568382232843924E-002
 0296  0.8568382232843756E-002
 0297  0.8568382232843678E-002
 0298  0.8568382232843612E-002
 0299  0.8568382232843560E-002
 0300  0.8568382232843548E-002
 0301  0.8568382232843470E-002
 0302  0.8568382232843457E-002
 0303  0.8568382232843418E-002
 0304  0.8568382232843338E-002
 0305  0.8568382232843312E-002
 0306  0.8568382232843260E-002
 0307  0.8568382232843222E-002
 0308  0.8568382232843234E-002
 0309  0.8568382232843169E-002
 0310  0.8568382232843169E-002
 0311  0.8568382232843156E-002
 0312  0.8568382232843091E-002
 0313  0.8568382232843078E-002
 0314  0.8568382232843065E-002
 0315  0.8568382232843039E-002
 0316  0.8568382232842999E-002
 0317  0.8568382232842999E-002
 0318  0.8568382232842986E-002
 0319  0.8568382232842999E-002
 0320  0.8568382232842973E-002
 0321  0.8568382232842961E-002
 0322  0.8568382232842961E-002
 0323  0.8568382232842921E-002
 0324  0.8568382232842895E-002
 0325  0.8568382232842845E-002
 0326  0.8568382232842845E-002
 0327  0.8568382232842817E-002
 0328  0.8568382232842805E-002
 0329  0.8568382232842817E-002
 0330  0.8568382232842817E-002
 0331  0.8568382232842791E-002
 0332  0.8568382232842805E-002
 0333  0.8568382232842805E-002
 0334  0.8568382232842817E-002
 0335  0.8568382232842845E-002
 0336  0.8568382232842845E-002
 0337  0.8568382232842817E-002
 0338  0.8568382232842805E-002
 0339  0.8568382232842751E-002
 0340  0.8568382232842727E-002
 0341  0.8568382232842727E-002
 0342  0.8568382232842739E-002
 0343  0.8568382232842751E-002
 0344  0.8568382232842739E-002
 0345  0.8568382232842727E-002
 0346  0.8568382232842713E-002
 0347  0.8568382232842659E-002
 0348  0.8568382232842647E-002
 0349  0.8568382232842675E-002
 0350  0.8568382232842687E-002
 0351  0.8568382232842675E-002
 0352  0.8568382232842687E-002
 0353  0.8568382232842713E-002
 0354  0.8568382232842713E-002
 0355  0.8568382232842713E-002
 0356  0.8568382232842701E-002
 0357  0.8568382232842659E-002
 0358  0.8568382232842659E-002
 0359  0.8568382232842647E-002
 0360  0.8568382232842675E-002
 0361  0.8568382232842687E-002
 0362  0.8568382232842675E-002
 0363  0.8568382232842659E-002
 0364  0.8568382232842675E-002
 0365  0.8568382232842687E-002
 0366  0.8568382232842659E-002
 0367  0.8568382232842647E-002
 0368  0.8568382232842609E-002
 0369  0.8568382232842609E-002
 0370  0.8568382232842597E-002
 0371  0.8568382232842557E-002
 0372  0.8568382232842531E-002
 0373  0.8568382232842519E-002
 0374  0.8568382232842519E-002
 0375  0.8568382232842519E-002
 0376  0.8568382232842519E-002
 0377  0.8568382232842519E-002
 0378  0.8568382232842531E-002
 0379  0.8568382232842543E-002
 0380  0.8568382232842491E-002
 0381  0.8568382232842479E-002
 0382  0.8568382232842465E-002
 0383  0.8568382232842427E-002
 0384  0.8568382232842441E-002
 0385  0.8568382232842453E-002
 0386  0.8568382232842427E-002
 0387  0.8568382232842441E-002
 0388  0.8568382232842427E-002
 0389  0.8568382232842441E-002
 0390  0.8568382232842465E-002
 0391  0.8568382232842441E-002
 0392  0.8568382232842427E-002
 0393  0.8568382232842401E-002
 0394  0.8568382232842427E-002
 0395  0.8568382232842441E-002
 0396  0.8568382232842441E-002
 0397  0.8568382232842441E-002
 0398  0.8568382232842415E-002
 0399  0.8568382232842401E-002
 0400  0.8568382232842349E-002
 0401  0.8568382232842309E-002
 0402  0.8568382232842309E-002
 0403  0.8568382232842309E-002
 0404  0.8568382232842283E-002
 0405  0.8568382232842283E-002
 0406  0.8568382232842309E-002
 0407  0.8568382232842295E-002
 0408  0.8568382232842309E-002
 0409  0.8568382232842309E-002
 0410  0.8568382232842309E-002
 0411  0.8568382232842335E-002
 0412  0.8568382232842361E-002
 0413  0.8568382232842349E-002
 0414  0.8568382232842323E-002
 0415  0.8568382232842323E-002
 0416  0.8568382232842309E-002
 0417  0.8568382232842309E-002
 0418  0.8568382232842335E-002
 0419  0.8568382232842309E-002
 0420  0.8568382232842309E-002
 0421  0.8568382232842283E-002
 0422  0.8568382232842283E-002
 0423  0.8568382232842271E-002
 0424  0.8568382232842245E-002
 0425  0.8568382232842257E-002
 0426  0.8568382232842231E-002
 0427  0.8568382232842271E-002
 0428  0.8568382232842245E-002
 0429  0.8568382232842257E-002
 0430  0.8568382232842257E-002
 0431  0.8568382232842245E-002
 0432  0.8568382232842245E-002
 0433  0.8568382232842217E-002
 0434  0.8568382232842179E-002
 0435  0.8568382232842155E-002
 0436  0.8568382232842139E-002
 0437  0.8568382232842127E-002
 0438  0.8568382232842115E-002
 0439  0.8568382232842139E-002
 0440  0.8568382232842115E-002
 0441  0.8568382232842115E-002
 0442  0.8568382232842089E-002
 0443  0.8568382232842089E-002
 0444  0.8568382232842089E-002
 0445  0.8568382232842115E-002
 0446  0.8568382232842115E-002
 0447  0.8568382232842115E-002
 0448  0.8568382232842101E-002
 0449  0.8568382232842115E-002
 0450  0.8568382232842077E-002
 0451  0.8568382232842077E-002
 0452  0.8568382232842049E-002
 0453  0.8568382232842023E-002
 0454  0.8568382232841969E-002
 0455  0.8568382232841919E-002
 0456  0.8568382232841893E-002
 0457  0.8568382232841893E-002
 0458  0.8568382232841893E-002
 0459  0.8568382232841907E-002
 0460  0.8568382232841879E-002
 0461  0.8568382232841867E-002
 0462  0.8568382232841867E-002
 0463  0.8568382232841879E-002
 0464  0.8568382232841907E-002
 0465  0.8568382232841907E-002
 0466  0.8568382232841931E-002
 0467  0.8568382232841893E-002
 0468  0.8568382232841867E-002
 0469  0.8568382232841907E-002
 0470  0.8568382232841879E-002
 0471  0.8568382232841867E-002
 0472  0.8568382232841879E-002
 0473  0.8568382232841841E-002
 0474  0.8568382232841853E-002
 0475  0.8568382232841815E-002
 0476  0.8568382232841775E-002
 0477  0.8568382232841709E-002
 0478  0.8568382232841645E-002
 0479  0.8568382232841580E-002
 0480  0.8568382232841527E-002
 0481  0.8568382232841464E-002
 0482  0.8568382232841424E-002
 0483  0.8568382232841357E-002
 0484  0.8568382232841294E-002
 0485  0.8568382232841266E-002
 0486  0.8568382232841228E-002
 0487  0.8568382232841216E-002
 0488  0.8568382232841188E-002
 0489  0.8568382232841162E-002
 0490  0.8568382232841138E-002
 0491  0.8568382232841124E-002
 0492  0.8568382232841098E-002
 0493  0.8568382232841020E-002
 0494  0.8568382232840954E-002
 0495  0.8568382232840890E-002
 0496  0.8568382232840836E-002
 0497  0.8568382232840798E-002
 0498  0.8568382232840786E-002
 0499  0.8568382232840786E-002
 0500  0.8568382232840746E-002
 0501  0.8568382232840746E-002
 0502  0.8568382232840774E-002
 0503  0.8568382232840774E-002
 0504  0.8568382232840760E-002
 0505  0.8568382232840746E-002
 0506  0.8568382232840706E-002
 0507  0.8568382232840732E-002
 0508  0.8568382232840746E-002
 0509  0.8568382232840812E-002
 0510  0.8568382232840864E-002
 0511  0.8568382232840902E-002
 0512  0.8568382232840914E-002
 0513  0.8568382232840942E-002
 0514  0.8568382232840942E-002
 0515  0.8568382232840980E-002
 0516  0.8568382232841020E-002
 0517  0.8568382232841072E-002
 0518  0.8568382232841138E-002
 0519  0.8568382232841150E-002
 0520  0.8568382232841176E-002
 0521  0.8568382232841162E-002
 0522  0.8568382232841150E-002
 0523  0.8568382232841150E-002
 0524  0.8568382232841150E-002
 0525  0.8568382232841138E-002
 0526  0.8568382232841150E-002
 0527  0.8568382232841176E-002
 0528  0.8568382232841202E-002
 0529  0.8568382232841202E-002
 0530  0.8568382232841188E-002
 0531  0.8568382232841150E-002
 0532  0.8568382232841098E-002
 0533  0.8568382232841084E-002
 0534  0.8568382232841112E-002
 0535  0.8568382232841138E-002
 0536  0.8568382232841202E-002
 0537  0.8568382232841240E-002
 0538  0.8568382232841240E-002
 0539  0.8568382232841266E-002
 0540  0.8568382232841216E-002
 0541  0.8568382232841202E-002
 0542  0.8568382232841176E-002
 0543  0.8568382232841176E-002
 0544  0.8568382232841138E-002
 0545  0.8568382232841162E-002
 0546  0.8568382232841202E-002
 0547  0.8568382232841202E-002
 0548  0.8568382232841188E-002
 0549  0.8568382232841202E-002
 0550  0.8568382232841240E-002
 0551  0.8568382232841216E-002
 0552  0.8568382232841188E-002
 0553  0.8568382232841138E-002
 0554  0.8568382232841112E-002
 0555  0.8568382232841112E-002
 0556  0.8568382232841124E-002
 0557  0.8568382232841162E-002
 0558  0.8568382232841138E-002
 0559  0.8568382232841124E-002
 0560  0.8568382232841058E-002
 0561  0.8568382232841020E-002
 0562  0.8568382232841006E-002
 0563  0.8568382232840942E-002
 0564  0.8568382232840928E-002
 0565  0.8568382232840890E-002
 0566  0.8568382232840902E-002
 0567  0.8568382232840928E-002
 0568  0.8568382232840902E-002
 0569  0.8568382232840890E-002
 0570  0.8568382232840876E-002
 0571  0.8568382232840786E-002
 0572  0.8568382232840706E-002
 0573  0.8568382232840616E-002
 0574  0.8568382232840576E-002
 0575  0.8568382232840486E-002
 0576  0.8568382232840394E-002
 0577  0.8568382232840302E-002
 0578  0.8568382232840134E-002
 0579  0.8568382232839938E-002
 0580  0.8568382232839769E-002
 0581  0.8568382232839625E-002
 0582  0.8568382232839483E-002
 0583  0.8568382232839301E-002
 0584  0.8568382232839103E-002
 0585  0.8568382232838999E-002
 0586  0.8568382232838987E-002
 0587  0.8568382232839013E-002
 0588  0.8568382232839013E-002
 0589  0.8568382232839013E-002
 0590  0.8568382232839013E-002
 0591  0.8568382232839013E-002
 0592  0.8568382232839013E-002
 0593  0.8568382232839013E-002
 0594  0.8568382232839013E-002
 0595  0.8568382232839013E-002
 0596  0.8568382232839013E-002
 0597  0.8568382232839013E-002
 0598  0.8568382232839013E-002
 0599  0.8568382232839013E-002
 0600  0.8568382232839013E-002
 0601  0.8568382232839013E-002
 0602  0.8568382232839013E-002
 0603  0.8568382232839013E-002
 0604  0.8568382232839013E-002
 0605  0.8568382232839013E-002
 0606  0.8568382232839013E-002
 0607  0.8568382232839013E-002
 0608  0.8568382232839013E-002
 0609  0.8568382232839013E-002
 0610  0.8568382232839013E-002
 0611  0.8568382232839013E-002
 0612  0.8568382232839013E-002
 0613  0.8568382232839013E-002
 0614  0.8568382232839013E-002
 0615  0.8568382232839013E-002
 0616  0.8568382232839013E-002
 0617  0.8568382232839013E-002
 0618  0.8568382232839013E-002
 0619  0.8568382232839013E-002
 0620  0.8568382232839013E-002
 0621  0.8568382232839013E-002
 0622  0.8568382232839013E-002
 0623  0.8568382232839013E-002
 0624  0.8568382232839013E-002
 0625  0.8568382232839013E-002
 0626  0.8568382232839013E-002
 0627  0.8568382232839013E-002
 0628  0.8568382232839013E-002
 0629  0.8568382232839013E-002
 0630  0.8568382232839013E-002
 0631  0.8568382232839013E-002
 0632  0.8568382232839013E-002
 0633  0.8568382232839013E-002
 0634  0.8568382232839013E-002
 0635  0.8568382232839013E-002
 0636  0.8568382232839013E-002
 0637  0.8568382232839013E-002
 0638  0.8568382232839013E-002
 0639  0.8568382232839013E-002
 0640  0.8568382232839013E-002
 0641  0.8568382232839013E-002
 0642  0.8568382232839013E-002
 0643  0.8568382232839013E-002
 0644  0.8568382232839013E-002
 0645  0.8568382232839013E-002
 0646  0.8568382232839013E-002
 0647  0.8568382232839013E-002
 0648  0.8568382232839013E-002
 0649  0.8568382232839013E-002
 0650  0.8568382232839013E-002
 0651  0.8568382232839013E-002
 0652  0.8568382232839013E-002
 0653  0.8568382232839013E-002
 0654  0.8568382232839013E-002
 0655  0.8568382232839013E-002
 0656  0.8568382232839013E-002
 0657  0.8568382232839013E-002
 0658  0.8568382232839013E-002
 0659  0.8568382232839013E-002
 0660  0.8568382232839013E-002
 0661  0.8568382232839013E-002
 0662  0.8568382232839013E-002
 0663  0.8568382232839013E-002
 0664  0.8568382232839013E-002
 0665  0.8568382232839013E-002
 0666  0.8568382232839013E-002
 0667  0.8568382232839013E-002
 0668  0.8568382232839013E-002
 0669  0.8568382232839013E-002
 0670  0.8568382232839013E-002
 0671  0.8568382232839013E-002
 0672  0.8568382232839013E-002
 0673  0.8568382232839013E-002
 0674  0.8568382232839013E-002
 0675  0.8568382232839013E-002
 0676  0.8568382232839013E-002
 0677  0.8568382232839013E-002
 0678  0.8568382232839013E-002
 0679  0.8568382232839013E-002
 0680  0.8568382232839013E-002
 0681  0.8568382232839013E-002
 0682  0.8568382232839013E-002
 0683  0.8568382232839013E-002
 0684  0.8568382232839013E-002
 0685  0.8568382232839013E-002
 0686  0.8568382232839013E-002
 0687  0.8568382232839013E-002
 0688  0.8568382232839013E-002
 0689  0.8568382232839013E-002
 0690  0.8568382232839013E-002
 0691  0.8568382232839013E-002
 0692  0.8568382232839013E-002
 0693  0.8568382232839013E-002
 0694  0.8568382232839013E-002
 0695  0.8568382232839013E-002
 0696  0.8568382232839013E-002
 0697  0.8568382232839013E-002
 0698  0.8568382232839013E-002
 0699  0.8568382232839013E-002
 0700  0.8568382232839013E-002
 0701  0.8568382232839013E-002
 0702  0.8568382232839013E-002
 0703  0.8568382232839013E-002
 0704  0.8568382232839013E-002
 0705  0.8568382232839013E-002
 0706  0.8568382232839013E-002
 0707  0.8568382232839013E-002
 0708  0.8568382232839013E-002
 0709  0.8568382232839013E-002
 0710  0.8568382232839013E-002
 0711  0.8568382232839013E-002
 0712  0.8568382232839013E-002
 0713  0.8568382232839013E-002
 0714  0.8568382232839013E-002
 0715  0.8568382232839013E-002
 0716  0.8568382232839013E-002
 0717  0.8568382232839013E-002
 0718  0.8568382232839013E-002
 0719  0.8568382232839013E-002
 0720  0.8568382232839013E-002
 0721  0.8568382232839013E-002
 0722  0.8568382232839013E-002
 0723  0.8568382232839013E-002
 0724  0.8568382232839013E-002
 0725  0.8568382232839013E-002
 0726  0.8568382232839013E-002
 0727  0.8568382232839013E-002
 0728  0.8568382232839013E-002
 0729  0.8568382232839013E-002
 0730  0.8568382232839013E-002
 0731  0.8568382232839013E-002
 0732  0.8568382232839013E-002
 0733  0.8568382232839013E-002
 0734  0.8568382232839013E-002
 0735  0.8568382232839013E-002
 0736  0.8568382232839013E-002
 0737  0.8568382232839013E-002
 0738  0.8568382232839013E-002
 0739  0.8568382232839013E-002
 0740  0.8568382232839013E-002
 0741  0.8568382232839013E-002
 0742  0.8568382232839013E-002
 0743  0.8568382232839013E-002
 0744  0.8568382232839013E-002
 0745  0.8568382232839013E-002
 0746  0.8568382232839013E-002
 0747  0.8568382232839013E-002
 0748  0.8568382232839013E-002
 0749  0.8568382232839013E-002
 0750  0.8568382232839013E-002
 0751  0.8568382232839013E-002
 0752  0.8568382232839013E-002
 0753  0.8568382232839013E-002
 0754  0.8568382232839013E-002
 0755  0.8568382232839013E-002
 0756  0.8568382232839013E-002
 0757  0.8568382232839013E-002
 0758  0.8568382232839013E-002
 0759  0.8568382232839013E-002
 0760  0.8568382232839013E-002
 0761  0.8568382232839013E-002
 0762  0.8568382232839013E-002
 0763  0.8568382232839013E-002
 0764  0.8568382232839013E-002
 0765  0.8568382232839013E-002
 0766  0.8568382232839013E-002
 0767  0.8568382232839013E-002
 0768  0.8568382232839013E-002
 0769  0.8568382232839013E-002
 0770  0.8568382232839013E-002
 0771  0.8568382232839013E-002
 0772  0.8568382232839013E-002
 0773  0.8568382232839013E-002
 0774  0.8568382232839013E-002
 0775  0.8568382232839013E-002
 0776  0.8568382232839013E-002
 0777  0.8568382232839013E-002
 0778  0.8568382232839013E-002
 0779  0.8568382232839013E-002
 0780  0.8568382232839013E-002
 0781  0.8568382232839013E-002
 0782  0.8568382232839013E-002
 0783  0.8568382232839013E-002
 0784  0.8568382232839013E-002
 0785  0.8568382232839013E-002
 0786  0.8568382232839013E-002
 0787  0.8568382232839013E-002
 0788  0.8568382232839013E-002
 0789  0.8568382232839013E-002
 0790  0.8568382232839013E-002
 0791  0.8568382232839013E-002
 0792  0.8568382232839013E-002
 0793  0.8568382232839013E-002
 0794  0.8568382232839013E-002
 0795  0.8568382232839013E-002
 0796  0.8568382232839013E-002
 0797  0.8568382232839013E-002
 0798  0.8568382232839013E-002
 0799  0.8568382232839013E-002
 0800  0.8568382232839013E-002
 0801  0.8568382232839013E-002
 0802  0.8568382232839013E-002
 0803  0.8568382232839013E-002
 0804  0.8568382232839013E-002
 0805  0.8568382232839013E-002
 0806  0.8568382232839013E-002
 0807  0.8568382232839013E-002
 0808  0.8568382232839013E-002
 0809  0.8568382232839013E-002
 0810  0.8568382232839013E-002
 0811  0.8568382232839013E-002
 0812  0.8568382232839013E-002
 0813  0.8568382232839013E-002
 0814  0.8568382232839013E-002
 0815  0.8568382232839013E-002
 0816  0.8568382232839013E-002
 0817  0.8568382232839013E-002
 0818  0.8568382232839013E-002
 0819  0.8568382232839013E-002
 0820  0.8568382232839013E-002
 0821  0.8568382232839013E-002
 0822  0.8568382232839013E-002
 0823  0.8568382232839013E-002
 0824  0.8568382232839013E-002
 0825  0.8568382232839013E-002
 0826  0.8568382232839013E-002
 0827  0.8568382232839013E-002
 0828  0.8568382232839013E-002
 0829  0.8568382232839013E-002
 0830  0.8568382232839013E-002
 0831  0.8568382232839013E-002
 0832  0.8568382232839013E-002
 0833  0.8568382232839013E-002
 0834  0.8568382232839013E-002
 0835  0.8568382232839013E-002
 0836  0.8568382232839013E-002
 0837  0.8568382232839013E-002
 0838  0.8568382232839013E-002
 0839  0.8568382232839013E-002
 0840  0.8568382232839013E-002
 0841  0.8568382232839013E-002
 0842  0.8568382232839013E-002
 0843  0.8568382232839013E-002
 0844  0.8568382232839013E-002
 0845  0.8568382232839013E-002
 0846  0.8568382232839013E-002
 0847  0.8568382232839013E-002
 0848  0.8568382232839013E-002
 0849  0.8568382232839013E-002
 0850  0.8568382232839013E-002
 0851  0.8568382232839013E-002
 0852  0.8568382232839013E-002
 0853  0.8568382232839013E-002
 0854  0.8568382232839013E-002
 0855  0.8568382232839013E-002
 0856  0.8568382232839013E-002
 0857  0.8568382232839013E-002
 0858  0.8568382232839013E-002
 0859  0.8568382232839013E-002
 0860  0.8568382232839013E-002
 0861  0.8568382232839013E-002
 0862  0.8568382232839013E-002
 0863  0.8568382232839013E-002
 0864  0.8568382232839013E-002
 0865  0.8568382232839013E-002
 0866  0.8568382232839013E-002
 0867  0.8568382232839013E-002
 0868  0.8568382232839013E-002
 0869  0.8568382232839013E-002
 0870  0.8568382232839013E-002
 0871  0.8568382232839013E-002
 0872  0.8568382232839013E-002
 0873  0.8568382232839013E-002
 0874  0.8568382232839013E-002
 0875  0.8568382232839013E-002
 0876  0.8568382232839013E-002
 0877  0.8568382232839013E-002
 0878  0.8568382232839013E-002
 0879  0.8568382232839013E-002
 0880  0.8568382232839013E-002
 0881  0.8568382232839013E-002
 0882  0.8568382232839013E-002
 0883  0.8568382232839013E-002
 0884  0.8568382232839013E-002
 0885  0.8568382232839013E-002
 0886  0.8568382232839013E-002
 0887  0.8568382232839013E-002
 0888  0.8568382232839013E-002
 0889  0.8568382232839013E-002
 0890  0.8568382232839013E-002
 0891  0.8568382232839013E-002
 0892  0.8568382232839013E-002
 0893  0.8568382232839013E-002
 0894  0.8568382232839013E-002
 0895  0.8568382232839013E-002
 0896  0.8568382232839013E-002
 0897  0.8568382232839013E-002
 0898  0.8568382232839013E-002
 0899  0.8568382232839013E-002
 0900  0.8568382232839013E-002
 0901  0.8568382232839013E-002
 0902  0.8568382232839013E-002
 0903  0.8568382232839013E-002
 0904  0.8568382232839013E-002
 0905  0.8568382232839013E-002
 0906  0.8568382232839013E-002
 0907  0.8568382232839013E-002
 0908  0.8568382232839013E-002
 0909  0.8568382232839013E-002
 0910  0.8568382232839013E-002
 0911  0.8568382232839013E-002
 0912  0.8568382232839013E-002
 0913  0.8568382232839013E-002
 0914  0.8568382232839013E-002
 0915  0.8568382232839013E-002
 0916  0.8568382232839013E-002
 0917  0.8568382232839013E-002
 0918  0.8568382232839013E-002
 0919  0.8568382232839013E-002
 0920  0.8568382232839013E-002
 0921  0.8568382232839013E-002
 0922  0.8568382232839013E-002
 0923  0.8568382232839013E-002
 0924  0.8568382232839013E-002
 0925  0.8568382232839013E-002
 0926  0.8568382232839013E-002
 0927  0.8568382232839013E-002
 0928  0.8568382232839013E-002
 0929  0.8568382232839013E-002
 0930  0.8568382232839013E-002
 0931  0.8568382232839013E-002
 0932  0.8568382232839013E-002
 0933  0.8568382232839013E-002
 0934  0.8568382232839013E-002
 0935  0.8568382232839013E-002
 0936  0.8568382232839013E-002
 0937  0.8568382232839013E-002
 0938  0.8568382232839013E-002
 0939  0.8568382232839013E-002
 0940  0.8568382232839013E-002
 0941  0.8568382232839013E-002
 0942  0.8568382232839013E-002
 0943  0.8568382232839013E-002
 0944  0.8568382232839013E-002
 0945  0.8568382232839013E-002
 0946  0.8568382232839013E-002
 0947  0.8568382232839013E-002
 0948  0.8568382232839013E-002
 0949  0.8568382232839013E-002
 0950  0.8568382232839013E-002
 0951  0.8568382232839013E-002
 0952  0.8568382232839013E-002
 0953  0.8568382232839013E-002
 0954  0.8568382232839013E-002
 0955  0.8568382232839013E-002
 0956  0.8568382232839013E-002
 0957  0.8568382232839013E-002
 0958  0.8568382232839013E-002
 0959  0.8568382232839013E-002
 0960  0.8568382232839013E-002
 0961  0.8568382232839013E-002
 0962  0.8568382232839013E-002
 0963  0.8568382232839013E-002
 0964  0.8568382232839013E-002
 0965  0.8568382232839013E-002
 0966  0.8568382232839013E-002
 0967  0.8568382232839013E-002
 0968  0.8568382232839013E-002
 0969  0.8568382232839013E-002
 0970  0.8568382232839013E-002
 0971  0.8568382232839013E-002
 0972  0.8568382232839013E-002
 0973  0.8568382232839013E-002
 0974  0.8568382232839013E-002
 0975  0.8568382232839013E-002
 0976  0.8568382232839013E-002
 0977  0.8568382232839013E-002
 0978  0.8568382232839013E-002
 0979  0.8568382232839013E-002
 0980  0.8568382232839013E-002
 0981  0.8568382232839013E-002
 0982  0.8568382232839013E-002
 0983  0.8568382232839013E-002
 0984  0.8568382232839013E-002
 0985  0.8568382232839013E-002
 0986  0.8568382232839013E-002
 0987  0.8568382232839013E-002
 0988  0.8568382232839013E-002
 0989  0.8568382232839013E-002
 0990  0.8568382232839013E-002
 0991  0.8568382232839013E-002
 0992  0.8568382232839013E-002
 0993  0.8568382232839013E-002
 0994  0.8568382232839013E-002
 0995  0.8568382232839013E-002
 0996  0.8568382232839013E-002
 0997  0.8568382232839013E-002
 0998  0.8568382232839013E-002
 0999  0.8568382232839013E-002
 1000  0.8568382232839013E-002
