  0.0000000000E+000  0.0000000000E+000
  1.7001640028E+003  2.6573985815E+036
  3.4002321775E+003  3.9381536284E+038
  5.1001500844E+003  2.9887807228E+038
  6.8002152484E+003  2.4510761890E+038
  8.5001654463E+003  2.1096493601E+038
  1.0200132286E+004  1.8737772916E+038
  1.1900144326E+004  1.7002714462E+038
  1.3600164321E+004  1.5664790048E+038
  1.5300232504E+004  1.4595399692E+038
  1.7000138093E+004  1.3716644066E+038
  1.8700161552E+004  1.2978338572E+038
  2.0400228118E+004  1.2340250439E+038
  2.2100237859E+004  1.1772743218E+038
  2.3800152550E+004  1.1276725931E+038
  2.5500148264E+004  1.0839818824E+038
  2.7200141338E+004  1.0446480225E+038
  2.8900194360E+004  1.0090621368E+038
  3.0600219015E+004  9.7675018277E+037
  3.2300165196E+004  9.4748083480E+037
  3.4000198982E+004  9.2078688721E+037
  3.5700139608E+004  8.9616581265E+037
  3.7400228725E+004  8.7301235835E+037
  3.9100225486E+004  8.5163504250E+037
  4.0800152549E+004  8.3178337845E+037
  4.2500176238E+004  8.1340897164E+037
  4.4200159582E+004  7.7884496959E+037
  4.5900216771E+004  7.5453699687E+037
  4.7600124945E+004  7.3922580013E+037
  4.9300164047E+004  7.2480082895E+037
  5.1000149327E+004  7.1146759044E+037
  5.2700180327E+004  6.9884292321E+037
  5.4400198143E+004  6.8704882197E+037
  5.6100214407E+004  6.7597128094E+037
  5.7800166169E+004  6.6543135022E+037
  5.9500190734E+004  6.5551727920E+037
  6.1200137364E+004  6.4597412935E+037
  6.2900210288E+004  6.3677415580E+037
  6.4600190894E+004  6.2809273346E+037
  6.6300202807E+004  6.1989772805E+037
  6.8000141132E+004  6.0869585828E+037
  6.9700235252E+004  5.9930391224E+037
  7.1400204534E+004  5.9115902516E+037
  7.3100213401E+004  5.8370431614E+037
  7.4800211364E+004  5.7678630732E+037
  7.6500230123E+004  5.7015367269E+037
  7.8200131637E+004  5.6326846152E+037
  7.9900185253E+004  5.5590035569E+037
  8.1600177625E+004  5.4879202905E+037
  8.3300180213E+004  5.4245556189E+037
  8.5000238744E+004  5.3646904652E+037
  8.6700173391E+004  5.3073553207E+037
  8.8400134593E+004  5.2521762422E+037
  9.0100127978E+004  5.1985595403E+037
  9.1800190869E+004  5.1462503879E+037
  9.3500163600E+004  5.0952614538E+037
  9.5200167474E+004  5.0455504094E+037
  9.6900176493E+004  4.9969130514E+037
  9.8600140229E+004  4.9501124642E+037
  1.0030018932E+005  4.9045174831E+037
  1.0200015995E+005  4.8601547222E+037
  1.0370023904E+005  4.8169500116E+037
  1.0540014280E+005  4.7748343679E+037
  1.0710023973E+005  4.7338392801E+037
  1.0880020763E+005  4.6940131240E+037
  1.1050021183E+005  4.6552451131E+037
  1.1220015271E+005  4.6173951181E+037
  1.1390023913E+005  4.5804353707E+037
  1.1560021700E+005  4.5443468681E+037
  1.1730016166E+005  4.5092589680E+037
  1.1900020316E+005  4.4751232409E+037
  1.2070012595E+005  4.4419215907E+037
  1.2240016637E+005  4.4096731173E+037
  1.2410013425E+005  4.3782929354E+037
  1.2580023058E+005  4.3475082003E+037
  1.2750021468E+005  4.3174423203E+037
  1.2920020360E+005  4.2881996767E+037
  1.3090016275E+005  4.2598530627E+037
  1.3260013056E+005  4.2052531430E+037
  1.3430021927E+005  4.1785131391E+037
  1.3600019509E+005  4.1522892194E+037
  1.3770018887E+005  4.1142578188E+037
  1.3940018085E+005  4.0824788126E+037
  1.4110016750E+005  4.0536487149E+037
  1.4280015363E+005  4.0262756343E+037
  1.4450013207E+005  3.9999509193E+037
  1.4620022462E+005  3.9745411125E+037
  1.4790020572E+005  3.9499869259E+037
  1.4960017181E+005  3.9262514419E+037
  1.5130014110E+005  3.9032257548E+037
  1.5300022150E+005  3.8807375492E+037
  1.5470016422E+005  3.8584733614E+037
  1.5640023234E+005  3.8368622132E+037
  1.5810016421E+005  3.8159045177E+037
  1.5980022290E+005  3.7955528649E+037
  1.6150016377E+005  3.7757050278E+037
  1.6320022129E+005  3.7563027053E+037
  1.6490017782E+005  3.7373467351E+037
  1.6660014529E+005  3.7188505949E+037
  1.6830014881E+005  3.7008559465E+037
  1.7000019281E+005  3.6833598639E+037
  1.7170015173E+005  3.6663158259E+037
  1.7340014386E+005  3.6496627292E+037
  1.7510015456E+005  3.6333851175E+037
  1.7680018751E+005  3.6174839095E+037
  1.7850023685E+005  3.6019597889E+037
  1.8020019246E+005  3.5868124956E+037
  1.8190017280E+005  3.5720394046E+037
  1.8360016705E+005  3.5576207154E+037
  1.8530018322E+005  3.5435206142E+037
  1.8700019714E+005  3.5297347030E+037
  1.8870021621E+005  3.5162921269E+037
  1.9040012929E+005  3.5032918794E+037
  1.9210016538E+005  3.4906926100E+037
  1.9380021986E+005  3.4784794325E+037
  1.9550016093E+005  3.4666229221E+037
  1.9720021820E+005  3.4549705697E+037
  1.9890015338E+005  3.4436326856E+037
  2.0060020236E+005  3.4326224862E+037
  2.0230023938E+005  3.4219385405E+037
  2.0400016202E+005  3.4115831578E+037
  2.0570020072E+005  3.4015560964E+037
  2.0740023155E+005  3.3918572544E+037
  2.0910014587E+005  3.3824849622E+037
  2.1080015764E+005  3.3734347619E+037
  2.1250017393E+005  3.3647033809E+037
  2.1420018768E+005  3.3562866610E+037
  2.1590019470E+005  3.3481773838E+037
  2.1760021461E+005  3.3403577211E+037
  2.1930022403E+005  3.3328140986E+037
  2.2100012029E+005  3.3255435815E+037
  2.2270014254E+005  3.3185460721E+037
  2.2440017235E+005  3.3118236187E+037
  2.2610022389E+005  3.3053771418E+037
  2.2780017101E+005  3.2992073243E+037
  2.2950014128E+005  3.2933132568E+037
  2.3120012870E+005  3.2876940631E+037
  2.3290013607E+005  3.2823485077E+037
  2.3460015933E+005  3.2772751089E+037
  2.3630020152E+005  3.2724721897E+037
  2.3800014704E+005  3.2663382564E+037
  2.3970022588E+005  3.2614426640E+037
  2.4140020483E+005  3.2570391702E+037
  2.4310019172E+005  3.2530217681E+037
  2.4480018713E+005  3.2493504949E+037
  2.4650019656E+005  3.2460047503E+037
  2.4820021283E+005  3.2429684408E+037
  2.4990023985E+005  3.2402309001E+037
  2.5160015656E+005  3.2377841959E+037
  2.5330019759E+005  3.2356214487E+037
  2.5500023994E+005  3.2337373594E+037
  2.5670016780E+005  3.2321272988E+037
  2.5840021002E+005  3.2307868837E+037
  2.6010013440E+005  3.2297125693E+037
  2.6180018338E+005  3.2289008280E+037
  2.6350022152E+005  3.2283486623E+037
  2.6520014564E+005  3.2280532278E+037
  2.6690018189E+005  3.2280118377E+037
  2.6860021358E+005  3.2282220455E+037
  2.7030013245E+005  3.2286814888E+037
  2.7200016310E+005  3.2293880367E+037
  2.7370020089E+005  3.2303395970E+037
  2.7540023936E+005  3.2315341968E+037
  2.7710015474E+005  3.2329698449E+037
  2.7880020107E+005  3.2346449586E+037
  2.8050012842E+005  3.2365575676E+037
  2.8220018836E+005  3.2387063014E+037
  2.8390014023E+005  3.2410892690E+037
  2.8560022653E+005  3.2437052822E+037
  2.8730020741E+005  3.2465524981E+037
  2.8900020310E+005  3.2496296705E+037
  2.9070021370E+005  3.2529354247E+037
  2.9240023772E+005  3.2564684512E+037
  2.9410016299E+005  3.2602290165E+037
  2.9580021835E+005  3.2642128344E+037
  2.9750017185E+005  3.2684172474E+037
  2.9920013849E+005  3.2728417162E+037
  3.0090023357E+005  3.2765534563E+037
  3.0260022367E+005  3.2805724030E+037
  3.0430022000E+005  3.2850150947E+037
  3.0600022557E+005  3.2897421101E+037
  3.0770023858E+005  3.2947046621E+037
  3.0940014134E+005  3.2998838228E+037
  3.1110016724E+005  3.3052737551E+037
  3.1280020104E+005  3.3108719608E+037
  3.1450023772E+005  3.3166782148E+037
  3.1620015130E+005  3.3226919493E+037
  3.1790019337E+005  3.3289141835E+037
  3.1960022760E+005  3.3353445624E+037
  3.2130014444E+005  3.3419821227E+037
  3.2300018370E+005  3.3488277200E+037
  3.2470021712E+005  3.3558808113E+037
  3.2640013815E+005  3.3631400028E+037
  3.2810017577E+005  3.3706008615E+037
  3.2980021261E+005  3.3782406007E+037
  3.3150013533E+005  3.3860427712E+037
  3.3320017631E+005  3.3940078269E+037
  3.3490022356E+005  3.4021396904E+037
  3.3660015729E+005  3.4104427614E+037
  3.3830021552E+005  3.4189229615E+037
  3.4000016384E+005  3.4275820368E+037
  3.4170012298E+005  3.4364233127E+037
  3.4340021218E+005  3.4454488939E+037
  3.4510019497E+005  3.4546582807E+037
  3.4680019205E+005  3.4639901493E+037
  3.4850019967E+005  3.4733750422E+037
  3.5020022508E+005  3.4828847534E+037
  3.5190014004E+005  3.4925247844E+037
  3.5360018778E+005  3.5023025171E+037
  3.5530013160E+005  3.5122224610E+037
  3.5700020411E+005  3.5222904873E+037
  3.5870017109E+005  3.5325079754E+037
  3.6040014601E+005  3.5428549578E+037
  3.6210012912E+005  3.5533008245E+037
  3.6380024033E+005  3.5638761440E+037
  3.6550023990E+005  3.5745787788E+037
  3.6720012509E+005  3.5853734674E+037
  3.6890013568E+005  3.5962444249E+037
  3.7060015569E+005  3.6072004989E+037
  3.7230017273E+005  3.6182571952E+037
  3.7400019768E+005  3.6294298413E+037
  3.7570022097E+005  3.6407296463E+037
  3.7740012159E+005  3.6521643172E+037
  3.7910015047E+005  3.6637417894E+037
  3.8080017423E+005  3.6754644018E+037
  3.8250020289E+005  3.6873275168E+037
  3.8420023290E+005  3.6992836431E+037
  3.8590014084E+005  3.7112972619E+037
  3.8760017437E+005  3.7233739492E+037
  3.8930021003E+005  3.7355250502E+037
  3.9100012782E+005  3.7477586117E+037
  3.9270017210E+005  3.7600812641E+037
  3.9440022125E+005  3.7724905224E+037
  3.9610015524E+005  3.7849965427E+037
  3.9780022233E+005  3.7976057869E+037
  3.9950017521E+005  3.8103144209E+037
  4.0120014020E+005  3.8230730519E+037
  4.0290023999E+005  3.8358382956E+037
  4.0460022635E+005  3.8486184955E+037
  4.0630022837E+005  3.8614374396E+037
  4.0800023973E+005  3.8742978082E+037
  4.0970014138E+005  3.8870059629E+037
  4.1140017937E+005  3.8997633404E+037
  4.1310022715E+005  3.9126070773E+037
  4.1480016653E+005  3.9255622363E+037
  4.1650023579E+005  3.9386257992E+037
  4.1820019225E+005  3.9517579662E+037
  4.1990015610E+005  3.9648840261E+037
  4.2160012823E+005  3.9779917381E+037
  4.2330022852E+005  3.9910917104E+037
  4.2500021300E+005  4.0042105237E+037
  4.2670020796E+005  4.0173666516E+037
  4.2840020351E+005  4.0305716696E+037
  4.3010020261E+005  4.0438324737E+037
  4.3180020657E+005  4.0571533244E+037
  4.3350020695E+005  4.0705359418E+037
  4.3520021496E+005  4.0839771895E+037
  4.3690022308E+005  4.0974157031E+037
  4.3860023183E+005  4.1107843202E+037
  4.4030012461E+005  4.1241026196E+037
  4.4200013671E+005  4.1374065101E+037
  4.4370015148E+005  4.1478257878E+037
  4.4540017119E+005  4.1572148313E+037
  4.4710019244E+005  4.1682010435E+037
  4.4880021746E+005  4.1797806188E+037
  4.5050013078E+005  4.1917235739E+037
  4.5220016500E+005  4.2039395543E+037
  4.5390020964E+005  4.2163768213E+037
  4.5560014196E+005  4.2289804713E+037
  4.5730020017E+005  4.2416532422E+037
  4.5900015543E+005  4.2543589744E+037
  4.6070023584E+005  4.2671077215E+037
  4.6240020854E+005  4.2799089864E+037
  4.6410019286E+005  4.2927704204E+037
  4.6580018422E+005  4.3056949751E+037
  4.6750019157E+005  4.3186832561E+037
  4.6920020752E+005  4.3317342460E+037
  4.7090023511E+005  4.3448461522E+037
  4.7260015195E+005  4.3578980458E+037
  4.7430019830E+005  4.3708195824E+037
  4.7600013187E+005  4.3837688901E+037
  4.7770019335E+005  4.3966722577E+037
  4.7940014319E+005  4.4095154088E+037
  4.8110021680E+005  4.4223302142E+037
  4.8280018011E+005  4.4351394053E+037
  4.8450014690E+005  4.4479593371E+037
  4.8620023729E+005  4.4608000576E+037
  4.8790021311E+005  4.4736647947E+037
  4.8960018956E+005  4.4865566158E+037
  4.9130016961E+005  4.4994759565E+037
  4.9300015296E+005  4.5124219297E+037
  4.9470013612E+005  4.5253915117E+037
  4.9640012076E+005  4.5383813781E+037
  4.9810023027E+005  4.5513598323E+037
  4.9980021887E+005  4.5642176565E+037
  5.0150021281E+005  4.5769569493E+037
  5.0320021096E+005  4.5896226308E+037
  5.0490020879E+005  4.6022495270E+037
  5.0660021576E+005  4.6148589827E+037
  5.0830022425E+005  4.6274627782E+037
  5.1000023751E+005  4.6400674002E+037
  5.1170014250E+005  4.6526756439E+037
  5.1340017002E+005  4.6652903570E+037
  5.1510021219E+005  4.6779096320E+037
  5.1680014231E+005  4.6905313437E+037
  5.1850019851E+005  4.7031557894E+037
  5.2020014930E+005  4.7157789259E+037
  5.2190022622E+005  4.7283665172E+037
  5.2360019501E+005  4.7407973768E+037
  5.2530017501E+005  4.7530851189E+037
  5.2700016410E+005  4.7652833675E+037
  5.2870016320E+005  4.7774276969E+037
  5.3040017253E+005  4.7895388972E+037
  5.3210018913E+005  4.8016288807E+037
  5.3380021237E+005  4.8137048259E+037
  5.3550012492E+005  4.8257724449E+037
  5.3720016148E+005  4.8378548883E+037
  5.3890020750E+005  4.8501134812E+037
  5.4060013795E+005  4.8642274742E+037
  5.4230019217E+005  4.9050364828E+037
  5.4400013240E+005  5.5987788720E+037
  5.4570019521E+005  2.9742298946E+039
  5.4740014159E+005  3.6234430575E+039
  5.4910021006E+005  4.9409138560E+039
  5.5080016183E+005  7.6409464898E+039
  5.5250023379E+005  1.3265062930E+040
  5.5420019081E+005  2.0234401664E+040
  5.5590014987E+005  3.6052274511E+040
  5.5760022955E+005  4.3117873816E+040
  5.5930019731E+005  1.7253036728E+041
  5.6100016345E+005  5.5099175142E+041
  5.6270013703E+005  1.2536439909E+042
  5.6440023597E+005  2.4234934049E+042
  5.6610021534E+005  4.0956853023E+042
  5.6780020641E+005  6.4693400679E+042
  5.6950020149E+005  9.3037644948E+042
  5.7120020444E+005  1.2894533721E+043
  5.7290021859E+005  1.6631737805E+043
  5.7460023826E+005  2.0394096556E+043
  5.7630014857E+005  2.3829400456E+043
  5.7800018984E+005  2.6730184784E+043
  5.7970023812E+005  2.7981794699E+043
  5.8140017700E+005  2.9503687915E+043
  5.8310012591E+005  3.1208232786E+043
  5.8480020201E+005  3.1028647385E+043
  5.8650017034E+005  3.0106658708E+043
  5.8820014563E+005  2.8621518296E+043
  5.8990012752E+005  2.6727140693E+043
  5.9160024054E+005  2.4562706028E+043
  5.9330023655E+005  2.2260306627E+043
  5.9500024011E+005  2.0173774068E+043
  5.9670012974E+005  1.7863846235E+043
  5.9840014284E+005  1.5747499808E+043
  6.0010016273E+005  1.3863167143E+043
  6.0180018649E+005  1.2220957631E+043
  6.0350021412E+005  1.0793084576E+043
  6.0520012332E+005  9.5694314408E+042
  6.0690015686E+005  8.5133205702E+042
  6.0860019172E+005  7.6083872925E+042
  6.1030022915E+005  6.8475907538E+042
  6.1200015106E+005  6.3190866268E+042
  6.1370019196E+005  5.7184460159E+042
  6.1540012035E+005  5.2173757905E+042
  6.1710017093E+005  4.7968417394E+042
  6.1880022451E+005  4.4386934407E+042
  6.2050016524E+005  4.1260117050E+042
  6.2220022693E+005  3.8480001817E+042
  6.2390017625E+005  3.6206166868E+042
  6.2560013213E+005  3.4348924165E+042
  6.2730021350E+005  3.2754620063E+042
  6.2900018362E+005  3.1331368537E+042
  6.3070016319E+005  3.0006869059E+042
  6.3240014936E+005  2.8735298859E+042
  6.3410014696E+005  2.7486900840E+042
  6.3580015252E+005  2.6419760840E+042
  6.3750016395E+005  2.5577918726E+042
  6.3920018949E+005  2.4807279075E+042
  6.4090021957E+005  2.4082342615E+042
  6.4260014073E+005  2.3402531377E+042
  6.4430019233E+005  2.2738407695E+042
  6.4600012755E+005  2.2090466539E+042
  6.4770019465E+005  2.1450107593E+042
  6.4940014607E+005  2.0812082588E+042
  6.5110022400E+005  2.0182214841E+042
  6.5280018866E+005  1.9541292146E+042
  6.5450015816E+005  1.8977000758E+042
  6.5620013354E+005  1.8597830584E+042
  6.5790023432E+005  1.8269699237E+042
  6.5960021877E+005  1.7930124637E+042
  6.6130020503E+005  1.7604563022E+042
  6.6300019664E+005  1.7277502332E+042
  6.6470019000E+005  1.6962628128E+042
  6.6640018595E+005  1.6646651096E+042
  6.6810018635E+005  1.6324261392E+042
  6.6980018713E+005  1.6005506553E+042
  6.7150019256E+005  1.5708662761E+042
  6.7320020205E+005  1.5423264183E+042
  6.7490021339E+005  1.5134852662E+042
  6.7660023028E+005  1.4856156405E+042
  6.7830013191E+005  1.4589517777E+042
  6.8000015714E+005  1.4323602633E+042
  6.8170018952E+005  1.4049785490E+042
  6.8340022768E+005  1.3771520478E+042
  6.8510014995E+005  1.3496042942E+042
  6.8680020437E+005  1.3212012191E+042
  6.8850014398E+005  1.2932353591E+042
  6.9020021234E+005  1.2753617192E+042
  6.9190017198E+005  1.2684620961E+042
  6.9360013493E+005  1.2611312698E+042
  6.9530023077E+005  1.2517836496E+042
  6.9700021394E+005  1.2402343868E+042
  6.9870020296E+005  1.2281707841E+042
  7.0040020481E+005  1.2170817513E+042
  7.0210021104E+005  1.2051218893E+042
  7.0380022656E+005  1.1916875874E+042
  7.0550012986E+005  1.1785618314E+042
  7.0720015790E+005  1.1662535916E+042
  7.0890019310E+005  1.1534376525E+042
  7.1060023489E+005  1.1399821635E+042
  7.1230016047E+005  1.1267228460E+042
  7.1400021141E+005  1.1138224305E+042
  7.1570014728E+005  1.1014818410E+042
  7.1740020479E+005  1.0905217941E+042
  7.1910014886E+005  1.0809928269E+042
  7.2080021539E+005  1.0714982911E+042
  7.2250016366E+005  1.0609828294E+042
  7.2420023675E+005  1.0497579156E+042
  7.2590019050E+005  1.0386862794E+042
  7.2760014849E+005  1.0282471548E+042
  7.2930022931E+005  1.0185568408E+042
  7.3100019452E+005  1.0096233199E+042
  7.3270016252E+005  1.0012045547E+042
  7.3440013708E+005  9.9274874132E+041
  7.3610023583E+005  9.8382682331E+041
  7.3780021743E+005  9.7457199367E+041
  7.3950020759E+005  9.6546432406E+041
  7.4120019994E+005  9.5681263830E+041
  7.4290020257E+005  9.4850507085E+041
  7.4460021306E+005  9.4030772182E+041
  7.4630022855E+005  9.3224302998E+041
  7.4800013598E+005  9.2446862049E+041
  7.4970016886E+005  9.1708413779E+041
  7.5140021000E+005  9.1002869968E+041
  7.5310014127E+005  9.0315677023E+041
  7.5480019814E+005  8.9631061657E+041
  7.5650014385E+005  8.8937615937E+041
  7.5820021973E+005  8.8228311300E+041
  7.5990018020E+005  8.7501028471E+041
  7.6160014963E+005  8.6762126990E+041
  7.6330012612E+005  8.6022872641E+041
  7.6500022643E+005  8.5296347237E+041
  7.6670021605E+005  8.4592815433E+041
  7.6840020905E+005  8.3912468197E+041
  7.7010020594E+005  8.3243078146E+041
  7.7180021043E+005  8.2564795453E+041
  7.7350021578E+005  8.1889183094E+041
  7.7520022755E+005  8.1273417716E+041
  7.7690012264E+005  8.0816929225E+041
  7.7860013960E+005  8.0619724941E+041
  7.8030016145E+005  8.0677557940E+041
  7.8200018553E+005  8.0807333536E+041
  7.8370021242E+005  8.0859222884E+041
  7.8540012167E+005  8.0801974037E+041
  7.8710015553E+005  8.0637152690E+041
  7.8880019220E+005  8.0387621330E+041
  7.9050023399E+005  8.0093180429E+041
  7.9220016056E+005  7.9789927456E+041
  7.9390020945E+005  7.9493795678E+041
  7.9560014608E+005  7.9200894386E+041
  7.9730020707E+005  7.8898580652E+041
  7.9900015376E+005  7.8582000423E+041
  8.0070022944E+005  7.8255098868E+041
  8.0240018954E+005  7.7923108018E+041
  8.0410015853E+005  7.7590174383E+041
  8.0580013617E+005  7.7262005329E+041
  8.0750024050E+005  7.6944133948E+041
  8.0920023320E+005  7.6640901570E+041
  8.1090023454E+005  7.6350642525E+041
  8.1260012102E+005  7.6066507676E+041
  8.1430013817E+005  7.5781864475E+041
  8.1600016195E+005  7.5490832673E+041
  8.1770019044E+005  7.5191754587E+041
  8.1940023067E+005  7.4886620716E+041
  8.2110015293E+005  7.4578528908E+041
  8.2280020400E+005  7.4271524315E+041
  8.2450014134E+005  7.3968624704E+041
  8.2620020027E+005  7.3672037223E+041
  8.2790014721E+005  7.3384218422E+041
  8.2960021731E+005  7.3107020652E+041
  8.3130017100E+005  7.2841798440E+041
  8.3300012945E+005  7.2587416134E+041
  8.3470021150E+005  7.2340424553E+041
  8.3640017636E+005  7.2096540761E+041
  8.3810014557E+005  7.1852522782E+041
  8.3980023741E+005  7.1606604184E+041
  8.4150021071E+005  7.1357791911E+041
  8.4320018937E+005  7.1105818682E+041
  8.4490016960E+005  7.0851668002E+041
  8.4660015526E+005  7.0596924421E+041
  8.4830014513E+005  7.0342376703E+041
  8.5000013857E+005  7.0088696501E+041
  8.5170013803E+005  6.9836955421E+041
  8.5340014256E+005  6.9587956864E+041
  8.5510015193E+005  6.9342241268E+041
  8.5680016732E+005  6.9100719502E+041
  8.5850019038E+005  6.8864374964E+041
  8.6020021873E+005  6.8633677249E+041
  8.6190013623E+005  6.8408519985E+041
  8.6360018169E+005  6.8188414433E+041
  8.6530023245E+005  6.7972749169E+041
  8.6700017426E+005  6.7760579545E+041
  8.6870012064E+005  6.7550941799E+041
  8.7040019524E+005  6.7343298491E+041
  8.7210015913E+005  6.7137160268E+041
  8.7380012617E+005  6.6931978415E+041
  8.7550022406E+005  6.6727613623E+041
  8.7720020789E+005  6.6524207875E+041
  8.7890019600E+005  6.6321747223E+041
  8.8060019271E+005  6.6120392638E+041
  8.8230019267E+005  6.5920350227E+041
  8.8400019776E+005  6.5721640969E+041
  8.8570020927E+005  6.5524262040E+041
  8.8740022300E+005  6.5328541998E+041
  8.8910012049E+005  6.5134687407E+041
  8.9080014423E+005  6.4942732602E+041
  8.9250016892E+005  6.4753017376E+041
  8.9420019891E+005  6.4565724819E+041
  8.9590023209E+005  6.4380977590E+041
  8.9760014587E+005  6.4198980834E+041
  8.9930018639E+005  6.4019670717E+041
  9.0100022826E+005  6.3842993992E+041
  9.0270015357E+005  6.3668934310E+041
  9.0440020388E+005  6.3497233701E+041
  9.0610013729E+005  6.3327563721E+041
  9.0780019677E+005  6.3159795583E+041
  9.0950014045E+005  6.2993697863E+041
  9.1120021042E+005  6.2829046608E+041
  9.1290016396E+005  6.2665833044E+041
  9.1460012564E+005  6.2503920894E+041
  9.1630021322E+005  6.2343228646E+041
  9.1800018680E+005  6.2183771047E+041
  9.1970017001E+005  6.2025503648E+041
  9.2140015741E+005  6.1868489176E+041
  9.2310015495E+005  6.1712741615E+041
  9.2480015974E+005  6.1558282656E+041
  9.2650017004E+005  6.1405138484E+041
  9.2820018976E+005  6.1253314028E+041
  9.2990021516E+005  6.1102775400E+041
  9.3160012676E+005  6.0953588401E+041
  9.3330016711E+005  6.0805780273E+041
  9.3500021215E+005  6.0659423057E+041
  9.3670014207E+005  6.0514506725E+041
  9.3840020136E+005  6.0371029880E+041
  9.4010014206E+005  6.0229072659E+041
  9.4180020988E+005  6.0088605133E+041
  9.4350016245E+005  5.9949521985E+041
  9.4520023569E+005  5.9811811000E+041
  9.4690019679E+005  5.9675475921E+041
  9.4860015899E+005  5.9540545197E+041
  9.5030012489E+005  5.9406975376E+041
  9.5200021669E+005  5.9274802851E+041
  9.5370018928E+005  5.9143977814E+041
  9.5540016679E+005  5.9014373253E+041
  9.5710014707E+005  5.8885933595E+041
  9.5880012964E+005  5.8758581619E+041
  9.6050023692E+005  5.8632227551E+041
  9.6220022849E+005  5.8506796944E+041
  9.6390022379E+005  5.8382202637E+041
  9.6560022470E+005  5.8258399905E+041
  9.6730023093E+005  5.8135350456E+041
  9.6900012090E+005  5.8012995850E+041
  9.7070013851E+005  5.7891140721E+041
  9.7240016148E+005  5.7769777549E+041
  9.7410019016E+005  5.7648906006E+041
  9.7580022689E+005  5.7528524971E+041
  9.7750014988E+005  5.7408662940E+041
  9.7920020037E+005  5.7289306529E+041
  9.8090013877E+005  5.7170477848E+041
  9.8260020400E+005  5.7052181489E+041
  9.8430015532E+005  5.6934468922E+041
  9.8600023621E+005  5.6817327143E+041
  9.8770020137E+005  5.6700766123E+041
  9.8940017347E+005  5.6584819786E+041
  9.9110015365E+005  5.6469461253E+041
  9.9280013659E+005  5.6354642908E+041
  9.9450012919E+005  5.6240418152E+041
  9.9620012608E+005  5.6126830393E+041
  9.9790012629E+005  5.6013912612E+041
  9.9960013469E+005  5.5901700373E+041
  1.0013001439E+006  5.5790209326E+041
  1.0030001588E+006  5.5679472644E+041
  1.0047001781E+006  5.5570137634E+041
  1.0064001987E+006  5.5461865481E+041
  1.0081002249E+006  5.5354394859E+041
  1.0098001345E+006  5.5247704321E+041
  1.0115001663E+006  5.5141727051E+041
  1.0132002027E+006  5.5036523120E+041
  1.0149001215E+006  5.4932120184E+041
  1.0166001628E+006  5.4828526542E+041
  1.0183002106E+006  5.4725771761E+041
  1.0200001400E+006  5.4623955991E+041
  1.0217001946E+006  5.4523067812E+041
  1.0234001348E+006  5.4423107715E+041
  1.0251001987E+006  5.4324056159E+041
  1.0268001495E+006  5.4225867358E+041
  1.0285002254E+006  5.4128467815E+041
  1.0302001872E+006  5.4031887914E+041
  1.0319001553E+006  5.3936130137E+041
  1.0336001305E+006  5.3841228021E+041
  1.0353002327E+006  5.3747175056E+041
  1.0370002207E+006  5.3653970419E+041
  1.0387002177E+006  5.3561575903E+041
  1.0404002192E+006  5.3469971977E+041
  1.0421002303E+006  5.3379096274E+041
  1.0438001274E+006  5.3288911320E+041
  1.0455001491E+006  5.3199408710E+041
  1.0472001801E+006  5.3110588873E+041
  1.0489002148E+006  5.3022449324E+041
  1.0506001357E+006  5.2934988734E+041
  1.0523001840E+006  5.2848185578E+041
  1.0540002356E+006  5.2762043521E+041
  1.0557001728E+006  5.2676530862E+041
  1.0574002364E+006  5.2591580575E+041
  1.0591001810E+006  5.2507219854E+041
  1.0608001312E+006  5.2423450679E+041
  1.0625002055E+006  5.2340254784E+041
  1.0642001607E+006  5.2257634922E+041
  1.0659001232E+006  5.2175585967E+041
  1.0676002065E+006  5.2094099238E+041
  1.0693001733E+006  5.2013137046E+041
  1.0710001456E+006  5.1932680922E+041
  1.0727002387E+006  5.1852736168E+041
  1.0744002174E+006  5.1773320064E+041
  1.0761001987E+006  5.1694433570E+041
  1.0778001831E+006  5.1616081379E+041
  1.0795001737E+006  5.1538263133E+041
  1.0812001682E+006  5.1460957228E+041
  1.0829001680E+006  5.1384139814E+041
  1.0846001737E+006  5.1307809398E+041
  1.0863001849E+006  5.1231977151E+041
  1.0880002018E+006  5.1156650060E+041
  1.0897002257E+006  5.1081832422E+041
  1.0914001351E+006  5.1007534349E+041
  1.0931001708E+006  5.0933720208E+041
  1.0948002149E+006  5.0860378635E+041
  1.0965001448E+006  5.0787527422E+041
  1.0982002022E+006  5.0715166074E+041
  1.0999001470E+006  5.0643310899E+041
  1.1016002171E+006  5.0571947730E+041
  1.1033001737E+006  5.0501067003E+041
  1.1050001374E+006  5.0430633908E+041
  1.1067002257E+006  5.0360638436E+041
  1.1084002001E+006  5.0291076297E+041
  1.1101001811E+006  5.0221961616E+041
  1.1118001648E+006  5.0153304190E+041
  1.1135001566E+006  5.0085108151E+041
