  0.0000000000E+000  0.0000000000E+000
  1.7003087602E+003  3.3094416249E+034
  3.4001964617E+003  3.3098519559E+034
  5.1002635853E+003  3.3102591461E+034
  6.8002191359E+003  3.3102591461E+034
  8.5001905090E+003  3.3102591461E+034
  1.0200280771E+004  3.3102591461E+034
  1.1900241859E+004  3.3102591461E+034
  1.3600198207E+004  3.3102591461E+034
  1.5300199784E+004  3.3102591461E+034
  1.7000239991E+004  3.3102591461E+034
  1.8700265162E+004  3.3102591461E+034
  2.0400170441E+004  3.3106632195E+034
  2.2100272814E+004  3.3106632195E+034
  2.3800196133E+004  3.3106632195E+034
  2.5500183638E+004  3.3106632195E+034
  2.7200177540E+004  3.3106632195E+034
  2.8900242502E+004  3.3106632195E+034
  3.0600291169E+004  3.3106632195E+034
  3.2300247556E+004  3.3106632195E+034
  3.4000308211E+004  3.3106632195E+034
  3.5700207716E+004  3.3106632195E+034
  3.7400178736E+004  3.3106632195E+034
  3.9100292075E+004  3.3106632195E+034
  4.0800234432E+004  3.3106632195E+034
  4.2500254120E+004  3.3106632195E+034
  4.4200185205E+004  3.3106632195E+034
  4.5900185870E+004  3.3106632195E+034
  4.7600294724E+004  3.3106632195E+034
  4.9300205690E+004  3.3106632195E+034
  5.1000264913E+004  3.3106632195E+034
  5.2700296722E+004  3.3106632195E+034
  5.4400306384E+004  3.3106632195E+034
  5.6100230237E+004  3.3106632195E+034
  5.7800273721E+004  3.3106632195E+034
  5.9500158081E+004  3.3106632195E+034
  6.1200269351E+004  3.3106632195E+034
  6.2900261293E+004  3.3106632195E+034
  6.4600191763E+004  3.3106632195E+034
  6.6300248134E+004  3.3106632195E+034
  6.8000173931E+004  3.3106632195E+034
  6.9700239495E+004  3.3106632195E+034
  7.1400272041E+004  3.3106632195E+034
  7.3100242708E+004  3.3106632195E+034
  7.4800264721E+004  3.3106632195E+034
  7.6500181602E+004  3.3106632195E+034
  7.8200288090E+004  3.3106632195E+034
  7.9900221126E+004  3.3106632195E+034
  8.1600268457E+004  3.3106632195E+034
  8.3300258483E+004  3.3106632195E+034
  8.5000174110E+004  3.3106632195E+034
  8.6700240619E+004  3.3106632195E+034
  8.8400269304E+004  3.3106632195E+034
  9.0100307905E+004  3.3106632195E+034
  9.1800260365E+004  3.3106632195E+034
  9.3500303622E+004  3.3106632195E+034
  9.5200238457E+004  3.3106632195E+034
  9.6900185180E+004  3.3106632195E+034
  9.8600157119E+004  3.3106632195E+034
  1.0030026519E+005  3.3106632195E+034
  1.0200030229E+005  3.3106632195E+034
  1.0370018633E+005  3.3106632195E+034
  1.0540020679E+005  3.3106632195E+034
  1.0710029971E+005  3.3106632195E+034
  1.0880027681E+005  3.3106632195E+034
  1.1050023189E+005  3.3106632195E+034
  1.1220023228E+005  3.3106632195E+034
  1.1390021301E+005  3.3106632195E+034
  1.1560018927E+005  3.3106632195E+034
  1.1730028735E+005  3.3106632195E+034
  1.1900025845E+005  3.3106632195E+034
  1.2070024642E+005  3.3106632195E+034
  1.2240016018E+005  3.3106632195E+034
  1.2410027270E+005  3.3106632195E+034
  1.2580016963E+005  3.3106632195E+034
  1.2750016114E+005  3.3106632195E+034
  1.2920026979E+005  3.3106632195E+034
  1.3090029171E+005  3.3106632195E+034
  1.3260025920E+005  3.3106632195E+034
  1.3430018789E+005  3.3106632195E+034
  1.3600016521E+005  3.3106632195E+034
  1.3770020847E+005  3.3106632195E+034
  1.3940015942E+005  3.3106632195E+034
  1.4110020312E+005  3.3106632195E+034
  1.4280023516E+005  3.3106632195E+034
  1.4450025081E+005  3.3106632195E+034
  1.4620018559E+005  3.3106632195E+034
  1.4790025996E+005  3.3106632195E+034
  1.4960023344E+005  3.3106632195E+034
  1.5130028578E+005  3.3106632195E+034
  1.5300022099E+005  3.3106632195E+034
  1.5470017447E+005  3.3106632195E+034
  1.5640020597E+005  3.3106632195E+034
  1.5810018640E+005  3.3106632195E+034
  1.5980017274E+005  3.3106632195E+034
  1.6150024344E+005  3.3106632195E+034
  1.6320022590E+005  3.3106632195E+034
  1.6490026220E+005  3.3106632195E+034
  1.6660023203E+005  3.3106632195E+034
  1.6830027703E+005  3.3106632195E+034
  1.7000028098E+005  3.3106632195E+034
  1.7170020939E+005  3.3106632195E+034
  1.7340024288E+005  3.3106632195E+034
  1.7510018837E+005  3.3106632195E+034
  1.7680026814E+005  3.3106632195E+034
  1.7850020668E+005  3.3106632195E+034
  1.8020026332E+005  3.3106632195E+034
  1.8190019045E+005  3.3106632195E+034
  1.8360027127E+005  3.3106632195E+034
  1.8530028987E+005  3.3106632195E+034
  1.8700029709E+005  3.3106632195E+034
  1.8870016596E+005  3.3106632195E+034
  1.9040023998E+005  3.3106632195E+034
  1.9210020199E+005  3.3106632195E+034
  1.9380030447E+005  3.3106632195E+034
  1.9550024292E+005  3.3106632195E+034
  1.9720017803E+005  3.3106632195E+034
  1.9890027985E+005  3.3106632195E+034
  2.0060024009E+005  3.3106632195E+034
  2.0230021947E+005  3.3106632195E+034
  2.0400020071E+005  3.3106632195E+034
  2.0570019264E+005  3.3106632195E+034
  2.0740021974E+005  3.3106632195E+034
  2.0910023168E+005  3.3106632195E+034
  2.1080025058E+005  3.3106632195E+034
  2.1250023929E+005  3.3106632195E+034
  2.1420026142E+005  3.3106632195E+034
  2.1590030199E+005  3.3106632195E+034
  2.1760025345E+005  3.3106632195E+034
  2.1930019657E+005  3.3106632195E+034
  2.2100025547E+005  3.3106632195E+034
  2.2270028072E+005  3.3106632195E+034
  2.2440016112E+005  3.3106632195E+034
  2.2610026330E+005  3.3106632195E+034
  2.2780028295E+005  3.3106632195E+034
  2.2950015579E+005  3.3106632195E+034
  2.3120026866E+005  3.3106632195E+034
  2.3290017081E+005  3.3106632195E+034
  2.3460023169E+005  3.3106632195E+034
  2.3630022677E+005  3.3106632195E+034
  2.3800016087E+005  3.3106632195E+034
  2.3970026853E+005  3.3106632195E+034
  2.4140028870E+005  3.3106632195E+034
  2.4310021931E+005  3.3106632195E+034
  2.4480015494E+005  3.3106632195E+034
  2.4650018750E+005  3.3106632195E+034
  2.4820019253E+005  3.3106632195E+034
  2.4990022173E+005  3.3106632195E+034
  2.5160030496E+005  3.3106632195E+034
  2.5330027752E+005  3.3106632195E+034
  2.5500023253E+005  3.3106632195E+034
  2.5670015804E+005  3.3106632195E+034
  2.5840021770E+005  3.3106632195E+034
  2.6010017496E+005  3.3106632195E+034
  2.6180016705E+005  3.3106632195E+034
  2.6350018208E+005  3.3106632195E+034
  2.6520016288E+005  3.3106632195E+034
  2.6690027634E+005  3.3106632195E+034
  2.6860024358E+005  3.3106632195E+034
  2.7030027226E+005  3.3106632195E+034
  2.7200018195E+005  3.3106632195E+034
  2.7370023689E+005  3.3106632195E+034
  2.7540025353E+005  3.3106632195E+034
  2.7710023826E+005  3.3106632195E+034
  2.7880026656E+005  3.3106632195E+034
  2.8050020804E+005  3.3106632195E+034
  2.8220019160E+005  3.3106632195E+034
  2.8390029575E+005  3.3106632195E+034
  2.8560018305E+005  3.3106632195E+034
  2.8730020991E+005  3.3106632195E+034
  2.8900027789E+005  3.3106632195E+034
  2.9070029914E+005  3.3106632195E+034
  2.9240019215E+005  3.3106632195E+034
  2.9410020019E+005  3.3106632195E+034
  2.9580027297E+005  3.3106632195E+034
  2.9750017235E+005  3.3106632195E+034
  2.9920029431E+005  3.3106632195E+034
  3.0090021912E+005  3.3106632195E+034
  3.0260019340E+005  3.3106632195E+034
  3.0430024884E+005  3.3106632195E+034
  3.0600021088E+005  3.3106632195E+034
  3.0770028759E+005  3.3106632195E+034
  3.0940030575E+005  3.3106632195E+034
  3.1110028837E+005  3.3106632195E+034
  3.1280018233E+005  3.3106632195E+034
  3.1450029683E+005  3.3106632195E+034
  3.1620029388E+005  3.3106632195E+034
  3.1790025130E+005  3.3106632195E+034
  3.1960030128E+005  3.3106632195E+034
  3.2130019954E+005  3.3106632195E+034
  3.2300015489E+005  3.3106632195E+034
  3.2470018385E+005  3.3106632195E+034
  3.2640021941E+005  3.3106632195E+034
  3.2810020705E+005  3.3106632195E+034
  3.2980029984E+005  3.3106632195E+034
  3.3150024782E+005  3.3106632195E+034
  3.3320027989E+005  3.3106632195E+034
  3.3490021282E+005  3.3106632195E+034
  3.3660029809E+005  3.3106632195E+034
  3.3830015928E+005  3.3106632195E+034
  3.4000029033E+005  3.3106632195E+034
  3.4170029176E+005  3.3106632195E+034
  3.4340023688E+005  3.3106632195E+034
  3.4510023547E+005  3.3106632195E+034
  3.4680021433E+005  3.3106632195E+034
  3.4850026484E+005  3.3106632195E+034
  3.5020027097E+005  3.3106632195E+034
  3.5190017400E+005  3.3106632195E+034
  3.5360017731E+005  3.3106632195E+034
  3.5530024998E+005  3.3106632195E+034
  3.5700027224E+005  3.3106632195E+034
  3.5870020870E+005  3.3106632195E+034
  3.6040024656E+005  3.3106632195E+034
  3.6210019473E+005  3.3106632195E+034
  3.6380026625E+005  3.3106632195E+034
  3.6550024588E+005  3.3106632195E+034
  3.6720017419E+005  3.3106632195E+034
  3.6890029540E+005  3.3106632195E+034
  3.7060021740E+005  3.3106632195E+034
  3.7230020557E+005  3.3106632195E+034
  3.7400018473E+005  3.3106632195E+034
  3.7570023081E+005  3.3106632195E+034
  3.7740021609E+005  3.3106632195E+034
  3.7910022313E+005  3.3106632195E+034
  3.8080017406E+005  3.3106632195E+034
  3.8250021060E+005  3.3106632195E+034
  3.8420023917E+005  3.3106632195E+034
  3.8590020692E+005  3.3106632195E+034
  3.8760024196E+005  3.3106632195E+034
  3.8930030006E+005  3.3106632195E+034
  3.9100027800E+005  3.3106632195E+034
  3.9270020122E+005  3.3106632195E+034
  3.9440028812E+005  3.3106632195E+034
  3.9610015972E+005  3.3106632195E+034
  3.9780026517E+005  3.3106632195E+034
  3.9950020283E+005  3.3106632195E+034
  4.0120022425E+005  3.3106632195E+034
  4.0290017684E+005  3.3106632195E+034
  4.0460016752E+005  3.3106632195E+034
  4.0630025466E+005  3.3106632195E+034
  4.0800026877E+005  3.3106632195E+034
  4.0970025577E+005  3.3106632195E+034
  4.1140030821E+005  3.3106632195E+034
  4.1310030139E+005  3.3106632195E+034
  4.1480018015E+005  3.3106632195E+034
  4.1650018302E+005  3.3106632195E+034
  4.1820025290E+005  3.3106632195E+034
  4.1990029652E+005  3.3106632195E+034
  4.2160022580E+005  3.3106632195E+034
  4.2330025642E+005  3.3106632195E+034
  4.2500018309E+005  3.3106632195E+034
  4.2670024050E+005  3.3106632195E+034
  4.2840022705E+005  3.3106632195E+034
  4.3010016053E+005  3.3106632195E+034
  4.3180029038E+005  3.3106632195E+034
  4.3350019283E+005  3.3106632195E+034
  4.3520016903E+005  3.3106632195E+034
  4.3690028301E+005  3.3106632195E+034
  4.3860017936E+005  3.3106632195E+034
  4.4030016939E+005  3.3106632195E+034
  4.4200018382E+005  3.3106632195E+034
  4.4370027785E+005  3.3106632195E+034
  4.4540029248E+005  3.3106632195E+034
  4.4710015742E+005  3.3106632195E+034
  4.4880026734E+005  3.3106632195E+034
  4.5050016466E+005  3.3106632195E+034
  4.5220021576E+005  3.3106632195E+034
  4.5390019458E+005  3.3106632195E+034
  4.5560024596E+005  3.3106632195E+034
  4.5730016381E+005  3.3106632195E+034
  4.5900018450E+005  3.3106632195E+034
  4.6070028997E+005  3.3106632195E+034
  4.6240023785E+005  3.3106632195E+034
  4.6410024360E+005  3.3106632195E+034
  4.6580018620E+005  3.3106632195E+034
  4.6750030415E+005  3.3106632195E+034
  4.6920023416E+005  3.3106632195E+034
  4.7090024579E+005  3.3106632195E+034
  4.7260023952E+005  3.3106632195E+034
  4.7430028389E+005  3.3106632195E+034
  4.7600025920E+005  3.3106632195E+034
  4.7770027654E+005  3.3106632195E+034
  4.7940026112E+005  3.3106632195E+034
  4.8110018417E+005  3.3106632195E+034
  4.8280022186E+005  3.3106632195E+034
  4.8450015517E+005  3.3106632195E+034
  4.8620016130E+005  3.3106632195E+034
  4.8790022697E+005  3.3106632195E+034
  4.8960026974E+005  3.3106632195E+034
  4.9130025122E+005  3.3106632195E+034
  4.9300019214E+005  3.3106632195E+034
  4.9470015653E+005  3.3106632195E+034
  4.9640020667E+005  3.3106632195E+034
  4.9810015476E+005  3.3106632195E+034
  4.9980025874E+005  3.3106632195E+034
  5.0150029982E+005  3.3106632195E+034
  5.0320029313E+005  3.3106632195E+034
  5.0490030226E+005  3.3106632195E+034
  5.0660022680E+005  3.3106632195E+034
  5.0830022255E+005  3.3106632195E+034
  5.1000022041E+005  3.3106632195E+034
  5.1170017266E+005  3.3106632195E+034
  5.1340021847E+005  3.3106632195E+034
  5.1510027261E+005  3.3106632195E+034
  5.1680023150E+005  3.3106632195E+034
  5.1850026728E+005  3.3106632195E+034
  5.2020016412E+005  3.3106632195E+034
  5.2190017340E+005  3.3106632195E+034
  5.2360027997E+005  3.3106632195E+034
  5.2530021967E+005  3.3106632195E+034
  5.2700021966E+005  3.3106632195E+034
  5.2870028842E+005  3.3106632195E+034
  5.3040023809E+005  3.3106632195E+034
  5.3210030576E+005  3.3106632195E+034
  5.3380016069E+005  3.3106632195E+034
  5.3550030455E+005  3.3106632195E+034
  5.3720018328E+005  3.3106632195E+034
  5.3890029407E+005  3.3106632195E+034
  5.4060028674E+005  3.3106632195E+034
  5.4230026076E+005  3.3106632195E+034
  5.4400017369E+005  3.3106632195E+034
  5.4570021262E+005  3.3106632195E+034
  5.4740028417E+005  3.3106632195E+034
  5.4910027632E+005  3.3106632195E+034
  5.5080016163E+005  3.3106632195E+034
  5.5250018942E+005  3.3106632195E+034
  5.5420016421E+005  3.3106632195E+034
  5.5590025118E+005  3.3106632195E+034
  5.5760021127E+005  3.3106632195E+034
  5.5930023494E+005  3.3106632195E+034
  5.6100016731E+005  3.3106632195E+034
  5.6270024683E+005  3.3106632195E+034
  5.6440028148E+005  3.3106632195E+034
  5.6610026848E+005  3.3106632195E+034
  5.6780026687E+005  3.3106632195E+034
  5.6950017639E+005  3.3106632195E+034
  5.7120029914E+005  3.3106632195E+034
  5.7290028175E+005  3.3106632195E+034
  5.7460021709E+005  3.3106632195E+034
  5.7630026059E+005  3.3106632195E+034
  5.7800030127E+005  3.3106632195E+034
  5.7970024641E+005  3.3106632195E+034
  5.8140025620E+005  3.3106632195E+034
  5.8310028639E+005  3.3106632195E+034
  5.8480028334E+005  3.3106632195E+034
  5.8650022504E+005  3.3106632195E+034
  5.8820016053E+005  3.3106632195E+034
  5.8990029211E+005  3.3106632195E+034
  5.9160019017E+005  3.3106632195E+034
  5.9330026623E+005  3.3106632195E+034
  5.9500016628E+005  3.3106632195E+034
  5.9670016641E+005  3.3106632195E+034
  5.9840029952E+005  3.3106632195E+034
  6.0010016581E+005  3.3106632195E+034
  6.0180024830E+005  3.3106632195E+034
  6.0350022387E+005  3.3106632195E+034
  6.0520017447E+005  3.3106632195E+034
  6.0690023507E+005  3.3106632195E+034
  6.0860026220E+005  3.3106632195E+034
  6.1030016550E+005  3.3106632195E+034
  6.1200028840E+005  3.3106632195E+034
  6.1370030267E+005  3.3106632195E+034
  6.1540015892E+005  3.3106632195E+034
  6.1710027245E+005  3.3106632195E+034
  6.1880019921E+005  3.3106632195E+034
  6.2050029456E+005  3.3106632195E+034
  6.2220030155E+005  3.3106632195E+034
  6.2390020329E+005  3.3106632195E+034
  6.2560026567E+005  3.3106632195E+034
  6.2730028466E+005  3.3106632195E+034
  6.2900026038E+005  3.3106632195E+034
  6.3070024714E+005  3.3106632195E+034
  6.3240028461E+005  3.3106632195E+034
  6.3410023307E+005  3.3106632195E+034
  6.3580018687E+005  3.3106632195E+034
  6.3750026586E+005  3.3106632195E+034
  6.3920029448E+005  3.3106632195E+034
  6.4090016888E+005  3.3106632195E+034
  6.4260024649E+005  3.3106632195E+034
  6.4430022979E+005  3.3106632195E+034
  6.4600023839E+005  3.3106632195E+034
  6.4770021471E+005  3.3106632195E+034
  6.4940030238E+005  3.3106632195E+034
  6.5110021916E+005  3.3106632195E+034
  6.5280018156E+005  3.3106632195E+034
  6.5450020216E+005  3.3106632195E+034
  6.5620025790E+005  3.3106632195E+034
  6.5790029043E+005  3.3106632195E+034
  6.5960027756E+005  3.3106632195E+034
  6.6130024396E+005  3.3106632195E+034
  6.6300024039E+005  3.3106632195E+034
  6.6470030340E+005  3.3106632195E+034
  6.6640024494E+005  3.3106632195E+034
  6.6810018113E+005  3.3106632195E+034
  6.6980022184E+005  3.3106632195E+034
  6.7150023767E+005  3.3106632195E+034
  6.7320027467E+005  3.3106632195E+034
  6.7490021648E+005  3.3106632195E+034
  6.7660020691E+005  3.3106632195E+034
  6.7830019059E+005  3.3106632195E+034
  6.8000029266E+005  3.3106632195E+034
  6.8170020059E+005  3.3106632195E+034
  6.8340028146E+005  3.3106632195E+034
  6.8510025801E+005  3.3106632195E+034
  6.8680029056E+005  3.3106632195E+034
  6.8850017211E+005  3.3106632195E+034
  6.9020017336E+005  3.3106632195E+034
  6.9190029048E+005  3.3106632195E+034
  6.9360025507E+005  3.3106632195E+034
  6.9530027334E+005  3.3106632195E+034
  6.9700018709E+005  3.3106632195E+034
  6.9870027683E+005  3.3106632195E+034
  7.0040017709E+005  3.3106632195E+034
  7.0210019334E+005  3.3106632195E+034
  7.0380020330E+005  3.3106632195E+034
  7.0550025465E+005  3.3106632195E+034
  7.0720021273E+005  3.3106632195E+034
  7.0890019033E+005  3.3106632195E+034
  7.1060030488E+005  3.3106632195E+034
  7.1230021734E+005  3.3106632195E+034
  7.1400027404E+005  3.3106632195E+034
  7.1570020946E+005  3.3038102243E+034
  7.1740020336E+005  3.3042636602E+034
  7.1910023010E+005  3.3042636602E+034
  7.2080024014E+005  3.3042636602E+034
  7.2250021071E+005  3.3047136252E+034
  7.2420015687E+005  3.3047136252E+034
  7.2590028793E+005  3.3047136252E+034
  7.2760016259E+005  3.3051601461E+034
  7.2930023537E+005  3.3051601461E+034
  7.3100029793E+005  3.3051601461E+034
  7.3270016846E+005  3.3051601461E+034
  7.3440016457E+005  3.3051601461E+034
  7.3610017840E+005  3.3051601461E+034
  7.3780024826E+005  3.3051601461E+034
  7.3950020482E+005  3.3051601461E+034
  7.4120016755E+005  3.3051601461E+034
  7.4290024552E+005  3.3051601461E+034
  7.4460029257E+005  3.3051601461E+034
  7.4630019350E+005  3.3051601461E+034
  7.4800029829E+005  3.3051601461E+034
  7.4970029970E+005  3.3051601461E+034
  7.5140030869E+005  3.3051601461E+034
  7.5310029024E+005  3.3051601461E+034
  7.5480023213E+005  3.3051601461E+034
  7.5650017746E+005  3.3051601461E+034
  7.5820016371E+005  3.3051601461E+034
  7.5990020560E+005  3.3051601461E+034
  7.6160026305E+005  3.3051601461E+034
  7.6330029798E+005  3.3051601461E+034
  7.6500029357E+005  3.3051601461E+034
  7.6670028075E+005  3.3051601461E+034
  7.6840030732E+005  3.3051601461E+034
  7.7010022959E+005  3.3051601461E+034
  7.7180018318E+005  3.3051601461E+034
  7.7350026848E+005  3.3056032491E+034
  7.7520016477E+005  3.3056032491E+034
  7.7690019719E+005  3.3056032491E+034
  7.7860026055E+005  3.3056032491E+034
  7.8030022407E+005  3.3056032491E+034
  7.8200021801E+005  3.3056032491E+034
  7.8370020601E+005  3.3056032491E+034
  7.8540030658E+005  3.3056032491E+034
  7.8710023447E+005  3.3060429605E+034
  7.8880018080E+005  3.3060429605E+034
  7.9050018195E+005  3.3060429605E+034
  7.9220022093E+005  3.3060429605E+034
  7.9390025736E+005  3.3060429605E+034
  7.9560026067E+005  3.3060429605E+034
  7.9730023362E+005  3.3060429605E+034
  7.9900022444E+005  3.3060429605E+034
  8.0070025838E+005  3.3060429605E+034
  8.0240018833E+005  3.3060429605E+034
  8.0410027275E+005  3.3064793061E+034
  8.0580017626E+005  3.3064793061E+034
  8.0750019998E+005  3.3064793061E+034
  8.0920022947E+005  3.3064793061E+034
  8.1090030509E+005  3.3064793061E+034
  8.1260027011E+005  3.3064793061E+034
  8.1430025383E+005  3.3064793061E+034
  8.1600020677E+005  3.3064793061E+034
  8.1770028419E+005  3.3064793061E+034
  8.1940020126E+005  3.3064793061E+034
  8.2110015876E+005  3.3064793061E+034
  8.2280016568E+005  3.3064793061E+034
  8.2450019300E+005  3.3064793061E+034
  8.2620020282E+005  3.3064793061E+034
  8.2790017416E+005  3.3069123118E+034
  8.2960029327E+005  3.3073420031E+034
  8.3130028587E+005  3.3073420031E+034
  8.3300017879E+005  3.3073420031E+034
  8.3470025033E+005  3.3069123118E+034
  8.3640015763E+005  3.3069123118E+034
  8.3810018244E+005  3.3069123118E+034
  8.3980019037E+005  3.3069123118E+034
  8.4150022501E+005  3.3069123118E+034
  8.4320030597E+005  3.3069123118E+034
  8.4490027135E+005  3.3069123118E+034
  8.4660022637E+005  3.3069123118E+034
  8.4830030665E+005  3.3069123118E+034
  8.5000020627E+005  3.3064793061E+034
  8.5170028006E+005  3.3064793061E+034
  8.5340024578E+005  3.3064793061E+034
  8.5510025062E+005  3.3064793061E+034
  8.5680025867E+005  3.3064793061E+034
  8.5850023500E+005  3.3064793061E+034
  8.6020018572E+005  3.3064793061E+034
  8.6190029823E+005  3.3069123118E+034
  8.6360030297E+005  3.3069123118E+034
  8.6530019375E+005  3.3069123118E+034
  8.6700025066E+005  3.3069123118E+034
  8.6870028001E+005  3.3073420031E+034
  8.7040027925E+005  3.3077684054E+034
  8.7210028122E+005  3.3077684054E+034
  8.7380016500E+005  3.3077684054E+034
  8.7550025418E+005  3.3073420031E+034
  8.7720020028E+005  3.3073420031E+034
  8.7890028486E+005  3.3073420031E+034
  8.8060017908E+005  3.3073420031E+034
  8.8230022398E+005  3.3073420031E+034
  8.8400030248E+005  3.3073420031E+034
  8.8570027206E+005  3.3073420031E+034
  8.8740026852E+005  3.3069123118E+034
  8.8910024637E+005  3.3069123118E+034
  8.9080019497E+005  3.3069123118E+034
  8.9250028260E+005  3.3069123118E+034
  8.9420024534E+005  3.3069123118E+034
  8.9590025391E+005  3.3069123118E+034
  8.9760029288E+005  3.3069123118E+034
  8.9930016941E+005  3.3069123118E+034
  9.0100016754E+005  3.3069123118E+034
  9.0270030408E+005  3.3069123118E+034
  9.0440030290E+005  3.3069123118E+034
  9.0610019711E+005  3.3069123118E+034
  9.0780027746E+005  3.3069123118E+034
  9.0950020454E+005  3.3064793061E+034
  9.1120025532E+005  3.3064793061E+034
  9.1290028278E+005  3.3064793061E+034
  9.1460017045E+005  3.3064793061E+034
  9.1630025233E+005  3.3064793061E+034
  9.1800022406E+005  3.3064793061E+034
  9.1970019664E+005  3.3064793061E+034
  9.2140030168E+005  3.3064793061E+034
  9.2310022240E+005  3.3064793061E+034
  9.2480030472E+005  3.3064793061E+034
  9.2650027170E+005  3.3064793061E+034
  9.2820028022E+005  3.3064793061E+034
  9.2990030374E+005  3.3064793061E+034
  9.3160030329E+005  3.3064793061E+034
  9.3330027603E+005  3.3064793061E+034
  9.3500024456E+005  3.3064793061E+034
  9.3670025020E+005  3.3064793061E+034
  9.3840029797E+005  3.3064793061E+034
  9.4010021227E+005  3.3064793061E+034
  9.4180026425E+005  3.3064793061E+034
  9.4350028531E+005  3.3064793061E+034
  9.4520029988E+005  3.3064793061E+034
  9.4690018552E+005  3.3064793061E+034
  9.4860027493E+005  3.3069123118E+034
  9.5030023142E+005  3.3069123118E+034
  9.5200018114E+005  3.3069123118E+034
  9.5370025284E+005  3.3069123118E+034
  9.5540015684E+005  3.3064793061E+034
  9.5710023824E+005  3.3064793061E+034
  9.5880020765E+005  3.3064793061E+034
  9.6050021108E+005  3.3064793061E+034
  9.6220020754E+005  3.3060429605E+034
  9.6390017885E+005  3.3060429605E+034
  9.6560028160E+005  3.3060429605E+034
  9.6730024910E+005  3.3060429605E+034
  9.6900025597E+005  3.3060429605E+034
  9.7070030074E+005  3.3060429605E+034
  9.7240019260E+005  3.3056032491E+034
  9.7410021325E+005  3.3056032491E+034
  9.7580021205E+005  3.3056032491E+034
  9.7750021625E+005  3.3056032491E+034
  9.7920026414E+005  3.3056032491E+034
  9.8090019203E+005  3.3056032491E+034
  9.8260028818E+005  3.3056032491E+034
  9.8430020486E+005  3.3056032491E+034
  9.8600025091E+005  3.3051601461E+034
  9.8770029958E+005  3.3051601461E+034
  9.8940022610E+005  3.3051601461E+034
  9.9110019832E+005  3.3051601461E+034
  9.9280018201E+005  3.3051601461E+034
  9.9450030723E+005  3.3051601461E+034
  9.9620024642E+005  3.3051601461E+034
  9.9790018361E+005  3.3051601461E+034
  9.9960030355E+005  3.3051601461E+034
  1.0013001576E+006  3.3051601461E+034
  1.0030001891E+006  3.3051601461E+034
  1.0047002072E+006  3.3047136252E+034
  1.0064001996E+006  3.3047136252E+034
  1.0081001778E+006  3.3047136252E+034
  1.0098001839E+006  3.3047136252E+034
  1.0115002294E+006  3.3047136252E+034
  1.0132003051E+006  3.3047136252E+034
  1.0149002186E+006  3.3047136252E+034
  1.0166002597E+006  3.3047136252E+034
  1.0183002862E+006  3.3047136252E+034
  1.0200001731E+006  3.3042636602E+034
  1.0217002595E+006  3.3042636602E+034
  1.0234002204E+006  3.3042636602E+034
  1.0251001841E+006  3.3042636602E+034
  1.0268002756E+006  3.3042636602E+034
  1.0285001928E+006  3.3042636602E+034
  1.0302002766E+006  3.3042636602E+034
  1.0319002428E+006  3.3042636602E+034
  1.0336002476E+006  3.3042636602E+034
  1.0353002568E+006  3.3038102243E+034
  1.0370002462E+006  3.3038102243E+034
  1.0387002098E+006  3.3038102243E+034
  1.0404001803E+006  3.3038102243E+034
  1.0421001842E+006  3.3038102243E+034
  1.0438002283E+006  3.3038102243E+034
  1.0455002849E+006  3.3038102243E+034
  1.0472001684E+006  3.3038102243E+034
  1.0489001825E+006  3.3038102243E+034
  1.0506001926E+006  3.3033532909E+034
  1.0523002365E+006  3.3033532909E+034
  1.0540001631E+006  3.3033532909E+034
  1.0557002659E+006  3.3033532909E+034
  1.0574001995E+006  3.3033532909E+034
  1.0591002616E+006  3.3033532909E+034
  1.0608001626E+006  3.3033532909E+034
  1.0625002414E+006  3.3033532909E+034
  1.0642002095E+006  3.3033532909E+034
  1.0659001993E+006  3.3028928330E+034
  1.0676001842E+006  3.3028928330E+034
  1.0693002951E+006  3.3028928330E+034
  1.0710002406E+006  3.3028928330E+034
  1.0727002047E+006  3.3028928330E+034
  1.0744002088E+006  3.3028928330E+034
  1.0761002432E+006  3.3028928330E+034
  1.0778002739E+006  3.3028928330E+034
  1.0795002832E+006  3.3028928330E+034
  1.0812002713E+006  3.3028928330E+034
  1.0829002771E+006  3.3024288234E+034
  1.0846001626E+006  3.3024288234E+034
  1.0863002390E+006  3.3024288234E+034
  1.0880001636E+006  3.3024288234E+034
  1.0897002205E+006  3.3024288234E+034
  1.0914002589E+006  3.3024288234E+034
  1.0931003010E+006  3.3024288234E+034
  1.0948002277E+006  3.3024288234E+034
  1.0965001868E+006  3.3019612347E+034
  1.0982001595E+006  3.3019612347E+034
  1.0999002664E+006  3.3019612347E+034
  1.1016001961E+006  3.3019612347E+034
  1.1033002822E+006  3.3019612347E+034
  1.1050002431E+006  3.3019612347E+034
  1.1067002449E+006  3.3019612347E+034
  1.1084002598E+006  3.3014900393E+034
  1.1101002642E+006  3.3014900393E+034
  1.1118002406E+006  3.3014900393E+034
  1.1135002152E+006  3.3014900393E+034
  1.1152002141E+006  3.3014900393E+034
  1.1169002533E+006  3.3014900393E+034
  1.1186001596E+006  3.3014900393E+034
  1.1203002102E+006  3.3014900393E+034
  1.1220002391E+006  3.3010152094E+034
  1.1237002540E+006  3.3010152094E+034
  1.1254002940E+006  3.3010152094E+034
  1.1271002148E+006  3.3010152094E+034
  1.1288001646E+006  3.3010152094E+034
  1.1305002642E+006  3.3010152094E+034
  1.1322001856E+006  3.3010152094E+034
  1.1339002482E+006  3.3010152094E+034
  1.1356001695E+006  3.3005367169E+034
  1.1373002852E+006  3.3005367169E+034
  1.1390002749E+006  3.3005367169E+034
  1.1407002687E+006  3.3005367169E+034
  1.1424002393E+006  3.3005367169E+034
  1.1441001928E+006  3.3005367169E+034
  1.1458001548E+006  3.3005367169E+034
  1.1475003068E+006  3.3005367169E+034
  1.1492001836E+006  3.3000545336E+034
  1.1509002219E+006  3.3000545336E+034
  1.1526002441E+006  3.3000545336E+034
  1.1543002421E+006  3.3000545336E+034
  1.1560002469E+006  3.3000545336E+034
  1.1577002801E+006  3.3000545336E+034
  1.1594001973E+006  3.3000545336E+034
  1.1611002816E+006  3.3000545336E+034
  1.1628001963E+006  3.3000545336E+034
  1.1645002448E+006  3.2995686310E+034
  1.1662002884E+006  3.2995686310E+034
  1.1679002073E+006  3.2995686310E+034
  1.1696001610E+006  3.2995686310E+034
  1.1713002909E+006  3.2995686310E+034
  1.1730002544E+006  3.2995686310E+034
  1.1747001953E+006  3.2995686310E+034
  1.1764002838E+006  3.2995686310E+034
  1.1781002386E+006  3.2995686310E+034
  1.1798002328E+006  3.2995686310E+034
  1.1815002489E+006  3.2995686310E+034
  1.1832002626E+006  3.2995686310E+034
  1.1849002508E+006  3.2995686310E+034
  1.1866002291E+006  3.2995686310E+034
  1.1883002230E+006  3.2995686310E+034
  1.1900002536E+006  3.2995686310E+034
  1.1917001589E+006  3.2990789804E+034
  1.1934002169E+006  3.2990789804E+034
  1.1951002576E+006  3.2990789804E+034
  1.1968002781E+006  3.2990789804E+034
  1.1985001588E+006  3.2990789804E+034
  1.2002002259E+006  3.2985855530E+034
  1.2019001716E+006  3.2985855530E+034
  1.2036002778E+006  3.2985855530E+034
  1.2053002097E+006  3.2985855530E+034
  1.2070002796E+006  3.2980883195E+034
  1.2087001975E+006  3.2980883195E+034
  1.2104003044E+006  3.2980883195E+034
  1.2121002882E+006  3.2980883195E+034
  1.2138002860E+006  3.2980883195E+034
  1.2155002671E+006  3.2975872507E+034
  1.2172002278E+006  3.2975872507E+034
  1.2189001888E+006  3.2975872507E+034
  1.2206001764E+006  3.2975872507E+034
  1.2223002018E+006  3.2975872507E+034
  1.2240002410E+006  3.2975872507E+034
  1.2257002730E+006  3.2970823169E+034
  1.2274002797E+006  3.2970823169E+034
  1.2291002838E+006  3.2970823169E+034
  1.2308003094E+006  3.2970823169E+034
  1.2325002170E+006  3.2970823169E+034
  1.2342003017E+006  3.2970823169E+034
  1.2359002238E+006  3.2965734884E+034
  1.2376002817E+006  3.2965734884E+034
  1.2393001719E+006  3.2965734884E+034
  1.2410002378E+006  3.2965734884E+034
  1.2427001822E+006  3.2965734884E+034
  1.2444003093E+006  3.2965734884E+034
  1.2461002794E+006  3.2960607350E+034
  1.2478002296E+006  3.2960607350E+034
  1.2495001660E+006  3.2960607350E+034
  1.2512002692E+006  3.2960607350E+034
  1.2529002531E+006  3.2960607350E+034
  1.2546002643E+006  3.2960607350E+034
  1.2563002827E+006  3.2955440266E+034
  1.2580002800E+006  3.2955440266E+034
  1.2597002624E+006  3.2955440266E+034
  1.2614002506E+006  3.2955440266E+034
  1.2631002706E+006  3.2955440266E+034
  1.2648001694E+006  3.2955440266E+034
  1.2665002299E+006  3.2955440266E+034
  1.2682002789E+006  3.2950233326E+034
  1.2699003049E+006  3.2950233326E+034
  1.2716001811E+006  3.2950233326E+034
  1.2733002379E+006  3.2950233326E+034
  1.2750001752E+006  3.2950233326E+034
  1.2767002820E+006  3.2950233326E+034
  1.2784002216E+006  3.2944986222E+034
  1.2801002973E+006  3.2944986222E+034
  1.2818002128E+006  3.2944986222E+034
  1.2835003093E+006  3.2944986222E+034
  1.2852002836E+006  3.2944986222E+034
  1.2869002797E+006  3.2944986222E+034
  1.2886002671E+006  3.2944986222E+034
  1.2903002347E+006  3.2939698646E+034
  1.2920001945E+006  3.2939698646E+034
  1.2937001724E+006  3.2939698646E+034
  1.2954001871E+006  3.2939698646E+034
  1.2971002228E+006  3.2939698646E+034
  1.2988002594E+006  3.2939698646E+034
  1.3005002737E+006  3.2934370284E+034
  1.3022002775E+006  3.2934370284E+034
  1.3039002950E+006  3.2934370284E+034
  1.3056001903E+006  3.2934370284E+034
  1.3073002703E+006  3.2934370284E+034
  1.3090001952E+006  3.2934370284E+034
  1.3107002600E+006  3.2934370284E+034
  1.3124003069E+006  3.2929000822E+034
  1.3141002100E+006  3.2929000822E+034
  1.3158002976E+006  3.2929000822E+034
  1.3175002616E+006  3.2929000822E+034
  1.3192002339E+006  3.2929000822E+034
  1.3209001899E+006  3.2929000822E+034
  1.3226002844E+006  3.2929000822E+034
  1.3243002260E+006  3.2923589943E+034
  1.3260001979E+006  3.2923589943E+034
  1.3277002000E+006  3.2923589943E+034
  1.3294002171E+006  3.2923589943E+034
  1.3311002209E+006  3.2923589943E+034
  1.3328002061E+006  3.2923589943E+034
  1.3345001904E+006  3.2918137328E+034
  1.3362001974E+006  3.2918137328E+034
  1.3379002408E+006  3.2918137328E+034
  1.3396002988E+006  3.2918137328E+034
  1.3413001972E+006  3.2918137328E+034
  1.3430002283E+006  3.2918137328E+034
  1.3447002552E+006  3.2918137328E+034
  1.3464003012E+006  3.2912642655E+034
  1.3481002258E+006  3.2912642655E+034
  1.3498001738E+006  3.2912642655E+034
  1.3515002714E+006  3.2912642655E+034
  1.3532001973E+006  3.2912642655E+034
  1.3549002655E+006  3.2912642655E+034
  1.3566001969E+006  3.2907105599E+034
  1.3583001582E+006  3.2907105599E+034
  1.3600003023E+006  3.2907105599E+034
  1.3617002919E+006  3.2907105599E+034
  1.3634002641E+006  3.2907105599E+034
  1.3651002235E+006  3.2907105599E+034
  1.3668001913E+006  3.2907105599E+034
  1.3685001930E+006  3.2901525833E+034
  1.3702002200E+006  3.2901525833E+034
  1.3719002565E+006  3.2901525833E+034
  1.3736002757E+006  3.2901525833E+034
  1.3753002798E+006  3.2901525833E+034
  1.3770002893E+006  3.2901525833E+034
  1.3787001705E+006  3.2901525833E+034
  1.3804002402E+006  3.2895903029E+034
  1.3821001635E+006  3.2895903029E+034
  1.3838002323E+006  3.2895903029E+034
  1.3855002807E+006  3.2895903029E+034
  1.3872001767E+006  3.2895903029E+034
  1.3889002508E+006  3.2895903029E+034
  1.3906002028E+006  3.2895903029E+034
  1.3923001713E+006  3.2890236853E+034
  1.3940002852E+006  3.2890236853E+034
  1.3957002276E+006  3.2890236853E+034
  1.3974001633E+006  3.2890236853E+034
  1.3991002770E+006  3.2890236853E+034
  1.4008002661E+006  3.2890236853E+034
  1.4025002772E+006  3.2884526972E+034
  1.4042002835E+006  3.2884526972E+034
  1.4059002712E+006  3.2884526972E+034
  1.4076002518E+006  3.2884526972E+034
  1.4093002463E+006  3.2884526972E+034
  1.4110002755E+006  3.2884526972E+034
  1.4127001715E+006  3.2884526972E+034
  1.4144002245E+006  3.2878773048E+034
  1.4161002596E+006  3.2878773048E+034
  1.4178002826E+006  3.2878773048E+034
  1.4195001632E+006  3.2878773048E+034
  1.4212002273E+006  3.2878773048E+034
  1.4229001658E+006  3.2878773048E+034
  1.4246002624E+006  3.2878773048E+034
  1.4263001910E+006  3.2872974741E+034
  1.4280002580E+006  3.2872974741E+034
  1.4297001782E+006  3.2872974741E+034
  1.4314002801E+006  3.2872974741E+034
  1.4331002572E+006  3.2872974741E+034
  1.4348002446E+006  3.2872974741E+034
  1.4365002185E+006  3.2872974741E+034
  1.4382001779E+006  3.2867131710E+034
  1.4399002913E+006  3.2867131710E+034
  1.4416002772E+006  3.2867131710E+034
  1.4433002922E+006  3.2867131710E+034
  1.4450001681E+006  3.2867131710E+034
  1.4467001898E+006  3.2867131710E+034
  1.4484001934E+006  3.2861243609E+034
  1.4501001958E+006  3.2861243609E+034
  1.4518002169E+006  3.2861243609E+034
  1.4535002723E+006  3.2861243609E+034
  1.4552001892E+006  3.2861243609E+034
  1.4569002582E+006  3.2861243609E+034
  1.4586003081E+006  3.2861243609E+034
  1.4603001972E+006  3.2855310091E+034
  1.4620002578E+006  3.2855310091E+034
  1.4637001941E+006  3.2855310091E+034
  1.4654003093E+006  3.2855310091E+034
  1.4671002670E+006  3.2855310091E+034
  1.4688002112E+006  3.2855310091E+034
  1.4705002965E+006  3.2849330805E+034
  1.4722002420E+006  3.2849330805E+034
  1.4739002155E+006  3.2849330805E+034
  1.4756002155E+006  3.2849330805E+034
  1.4773002202E+006  3.2849330805E+034
  1.4790002083E+006  3.2849330805E+034
  1.4807001860E+006  3.2849330805E+034
  1.4824001680E+006  3.2843305398E+034
  1.4841001806E+006  3.2843305398E+034
  1.4858002195E+006  3.2843305398E+034
  1.4875002681E+006  3.2843305398E+034
  1.4892003043E+006  3.2843305398E+034
