  0.0000000000E+000 0000
  0.1700800729E+004 0925
  0.3400578844E+004 0925
  0.5100525460E+004 0926
  0.6800694213E+004 0926
  0.8500536763E+004 0926
  0.1020051215E+005 0926
  0.1190072101E+005 0926
  0.1360072959E+005 0926
  0.1530072330E+005 0926
  0.1700083666E+005 0926
  0.1870050219E+005 0926
  0.2040080176E+005 0926
  0.2210057742E+005 0926
  0.2380050394E+005 0926
  0.2550092547E+005 0926
  0.2720088801E+005 0926
  0.2890090185E+005 0926
  0.3060089591E+005 0926
  0.3230078129E+005 0926
  0.3400090264E+005 0926
  0.3570059107E+005 0926
  0.3740062107E+005 0926
  0.3910053736E+005 0926
  0.4080074683E+005 0926
  0.4250059000E+005 0926
  0.4420052896E+005 0926
  0.4590049662E+005 0926
  0.4760075182E+005 0926
  0.4930064248E+005 0926
  0.5100076147E+005 0926
  0.5270084668E+005 0926
  0.5440051758E+005 0926
  0.5610061484E+005 0926
  0.5780079597E+005 0926
  0.5950079646E+005 0926
  0.6120083226E+005 0926
  0.6290079620E+005 0926
  0.6460082021E+005 0926
  0.6630084432E+005 0926
  0.6800071761E+005 0926
  0.6970058840E+005 0926
  0.7140080726E+005 0926
  0.7310059979E+005 0926
  0.7480080484E+005 0926
  0.7650064947E+005 0926
  0.7820056800E+005 0926
  0.7990094426E+005 0926
  0.8160090558E+005 0926
  0.8330083127E+005 0926
  0.8500085982E+005 0926
  0.8670082406E+005 0926
  0.8840086029E+005 0926
  0.9010090113E+005 0926
  0.9180089683E+005 0926
  0.9350087127E+005 0926
  0.9520076501E+005 0926
  0.9690073377E+005 0926
  0.9860062778E+005 0926
  0.1003005953E+006 0926
  0.1020005769E+006 0926
  0.1037005917E+006 0926
  0.1054006514E+006 0926
  0.1071007388E+006 0926
  0.1088009512E+006 0926
  0.1105006498E+006 0926
  0.1122008883E+006 0926
  0.1139006169E+006 0926
  0.1156008540E+006 0926
  0.1173006015E+006 0926
  0.1190008067E+006 0926
  0.1207006147E+006 0926
  0.1224008726E+006 0926
  0.1241007014E+006 0926
  0.1258004824E+006 0926
  0.1275007917E+006 0926
  0.1292006413E+006 0926
  0.1309004968E+006 0926
  0.1326008722E+006 0926
  0.1343007814E+006 0926
  0.1360007260E+006 0926
  0.1377006267E+006 0926
  0.1394005134E+006 0926
  0.1411008632E+006 0926
  0.1428007407E+006 0926
  0.1445005933E+006 0926
  0.1462009226E+006 0926
  0.1479007758E+006 0926
  0.1496006207E+006 0926
  0.1513009253E+006 0926
  0.1530007472E+006 0926
  0.1547006057E+006 0926
  0.1564009357E+006 0926
  0.1581008041E+006 0926
  0.1598006720E+006 0926
  0.1615005489E+006 0926
  0.1632008901E+006 0926
  0.1649007544E+006 0926
  0.1666006516E+006 0926
  0.1683005562E+006 0926
  0.1700004779E+006 0926
  0.1717008839E+006 0926
  0.1734008602E+006 0926
  0.1751008543E+006 0926
  0.1768008796E+006 0926
  0.1785009427E+006 0926
  0.1802005510E+006 0926
  0.1819006571E+006 0926
  0.1836007337E+006 0926
  0.1853008448E+006 0926
  0.1870009407E+006 0926
  0.1887005808E+006 0926
  0.1904006894E+006 0926
  0.1921008040E+006 0926
  0.1938009452E+006 0926
  0.1955005762E+006 0926
  0.1972007178E+006 0926
  0.1989008480E+006 0926
  0.2006005537E+006 0926
  0.2023007283E+006 0926
  0.2040009084E+006 0926
  0.2057006258E+006 0926
  0.2074007916E+006 0926
  0.2091004867E+006 0926
  0.2108006157E+006 0926
  0.2125007736E+006 0926
  0.2142009101E+006 0926
  0.2159005702E+006 0926
  0.2176007000E+006 0926
  0.2193008271E+006 0926
  0.2210004991E+006 0926
  0.2227006311E+006 0926
  0.2244008076E+006 0926
  0.2261005093E+006 0926
  0.2278007044E+006 0926
  0.2295008918E+006 0926
  0.2312006123E+006 0926
  0.2329008278E+006 0926
  0.2346005614E+006 0926
  0.2363008007E+006 0926
  0.2380005735E+006 0926
  0.2397008522E+006 0926
  0.2414006534E+006 0926
  0.2431004811E+006 0926
  0.2448008103E+006 0926
  0.2465006823E+006 0926
  0.2482005643E+006 0926
  0.2499009322E+006 0926
  0.2516008347E+006 0926
  0.2533007293E+006 0926
  0.2550006213E+006 0926
  0.2567005079E+006 0926
  0.2584008962E+006 0926
  0.2601007942E+006 0926
  0.2618007099E+006 0926
  0.2635006167E+006 0926
  0.2652005447E+006 0926
  0.2669009459E+006 0926
  0.2686008680E+006 0926
  0.2703008188E+006 0926
  0.2720007532E+006 0926
  0.2737007080E+006 0926
  0.2754006238E+006 0926
  0.2771005604E+006 0926
  0.2788004812E+006 0926
  0.2805008747E+006 0926
  0.2822008040E+006 0926
  0.2839007259E+006 0926
  0.2856006773E+006 0926
  0.2873006029E+006 0926
  0.2890005660E+006 0926
  0.2907005289E+006 0926
  0.2924005155E+006 0926
  0.2941005077E+006 0926
  0.2958005046E+006 0926
  0.2975005243E+006 0926
  0.2992005212E+006 0926
  0.3009005456E+006 0926
  0.3026005644E+006 0926
  0.3043006169E+006 0926
  0.3060006671E+006 0926
  0.3077007305E+006 0926
  0.3094008156E+006 0926
  0.3111008998E+006 0926
  0.3128005267E+006 0926
  0.3145006278E+006 0926
  0.3162007554E+006 0926
  0.3179008785E+006 0926
  0.3196005266E+006 0926
  0.3213006465E+006 0926
  0.3230007743E+006 0926
  0.3247008975E+006 0926
  0.3264005488E+006 0926
  0.3281006827E+006 0926
  0.3298008283E+006 0926
  0.3315005004E+006 0926
  0.3332006419E+006 0926
  0.3349008020E+006 0926
  0.3366004803E+006 0926
  0.3383006515E+006 0926
  0.3400008103E+006 0926
  0.3417005110E+006 0926
  0.3434006807E+006 0926
  0.3451008444E+006 0926
  0.3468005395E+006 0926
  0.3485007103E+006 0926
  0.3502009076E+006 0926
  0.3519006144E+006 0926
  0.3536008294E+006 0926
  0.3553005637E+006 0926
  0.3570007907E+006 0926
  0.3587005440E+006 0926
  0.3604007809E+006 0926
  0.3621005686E+006 0926
  0.3638008137E+006 0926
  0.3655006065E+006 0926
  0.3672008606E+006 0926
  0.3689006620E+006 0926
  0.3706009333E+006 0926
  0.3723007399E+006 0926
  0.3740005684E+006 0926
  0.3757008696E+006 0926
  0.3774007116E+006 0926
  0.3791005427E+006 0926
  0.3808008764E+006 0926
  0.3825007275E+006 0926
  0.3842005879E+006 0926
  0.3859009274E+006 0926
  0.3876007946E+006 0926
  0.3893006627E+006 0926
  0.3910005211E+006 0926
  0.3927008693E+006 0926
  0.3944007449E+006 0926
  0.3961006304E+006 0926
  0.3978005170E+006 0926
  0.3995008929E+006 0926
  0.4012007958E+006 0875
  0.4029007022E+006 0880
  0.4046006094E+006 0884
  0.4063005314E+006 0888
  0.4080009307E+006 0890
  0.4097008538E+006 0890
  0.4114007804E+006 0889
  0.4131007085E+006 0887
  0.4148006493E+006 0885
  0.4165005826E+006 0885
  0.4182005426E+006 0894
  0.4199005040E+006 0897
  0.4216004797E+006 0897
  0.4233009300E+006 0897
  0.4250009110E+006 0898
  0.4267009080E+006 0896
  0.4284008948E+006 0898
  0.4301009025E+006 0895
  0.4318009016E+006 0894
  0.4335009200E+006 0896
  0.4352009240E+006 0894
  0.4369009383E+006 0892
  0.4386004880E+006 0892
  0.4403005158E+006 0894
  0.4420005617E+006 0892
  0.4437005997E+006 0891
  0.4454006640E+006 0889
  0.4471007140E+006 0888
  0.4488007752E+006 0887
  0.4505008387E+006 0887
  0.4522009095E+006 0889
  0.4539005108E+006 0887
  0.4556005780E+006 0886
  0.4573006605E+006 0885
  0.4590007377E+006 0884
  0.4607008251E+006 0883
  0.4624009152E+006 0882
  0.4641005453E+006 0882
  0.4658006593E+006 0881
  0.4675007731E+006 0880
  0.4692008917E+006 0879
  0.4709005399E+006 0878
  0.4726006689E+006 0877
  0.4743007987E+006 0877
  0.4760009361E+006 0877
  0.4777006023E+006 0876
  0.4794007475E+006 0874
  0.4811008897E+006 0873
  0.4828005700E+006 0872
  0.4845007320E+006 0871
  0.4862009068E+006 0870
  0.4879006055E+006 0869
  0.4896007931E+006 0869
  0.4913005083E+006 0868
  0.4930006946E+006 0867
  0.4947008930E+006 0866
  0.4964006118E+006 0865
  0.4981008254E+006 0865
  0.4998005490E+006 0864
  0.5015007633E+006 0863
  0.5032005025E+006 0862
  0.5049007210E+006 0862
  0.5066009506E+006 0861
  0.5083007038E+006 0860
  0.5100004817E+006 0859
  0.5117007228E+006 0859
  0.5134005012E+006 0858
  0.5151007508E+006 0857
  0.5168005335E+006 0856
  0.5185007932E+006 0856
  0.5202005756E+006 0855
  0.5219008514E+006 0854
  0.5236006426E+006 0853
  0.5253009220E+006 0853
  0.5270007199E+006 0852
  0.5287005370E+006 0851
  0.5304008332E+006 0851
  0.5321006576E+006 0850
  0.5338004924E+006 0849
  0.5355008029E+006 0849
  0.5372006421E+006 0848
  0.5389009519E+006 0847
  0.5406007976E+006 0846
  0.5423006478E+006 0846
  0.5440005009E+006 0845
  0.5457008335E+006 0844
  0.5474006972E+006 0844
  0.5491005654E+006 0843
  0.5508009154E+006 0842
  0.5525007960E+006 0842
  0.5542006897E+006 0841
  0.5559005847E+006 0840
  0.5576004787E+006 0840
  0.5593008537E+006 0839
  0.5610007537E+006 0839
  0.5627006615E+006 0838
  0.5644005661E+006 0838
  0.5661004882E+006 0837
  0.5678008849E+006 0836
  0.5695008126E+006 0835
  0.5712007416E+006 0835
  0.5729006807E+006 0834
  0.5746006332E+006 0833
  0.5763005798E+006 0832
  0.5780005440E+006 0832
  0.5797005000E+006 0831
  0.5814009447E+006 0830
  0.5831009046E+006 0829
  0.5848008768E+006 0829
  0.5865008607E+006 0828
  0.5882008431E+006 0827
  0.5899008400E+006 0827
  0.5916008332E+006 0826
  0.5933008464E+006 0825
  0.5950008533E+006 0825
  0.5967008754E+006 0824
  0.5984009049E+006 0823
  0.6001009393E+006 0823
  0.6018005006E+006 0822
  0.6035005343E+006 0821
  0.6052005827E+006 0820
  0.6069006280E+006 0820
  0.6086006842E+006 0819
  0.6103007452E+006 0818
  0.6120008176E+006 0818
  0.6137008932E+006 0817
  0.6154004939E+006 0816
  0.6171005808E+006 0816
  0.6188006765E+006 0815
  0.6205007750E+006 0814
  0.6222008784E+006 0814
  0.6239005088E+006 0813
  0.6256006190E+006 0812
  0.6273007290E+006 0812
  0.6290008386E+006 0811
  0.6307004887E+006 0810
  0.6324006143E+006 0810
  0.6341007533E+006 0809
  0.6358008896E+006 0808
  0.6375005631E+006 0808
  0.6392007155E+006 0807
  0.6409008676E+006 0806
  0.6426005585E+006 0806
  0.6443007236E+006 0805
  0.6460009028E+006 0805
  0.6477005922E+006 0804
  0.6494007722E+006 0803
  0.6511009520E+006 0803
  0.6528006617E+006 0802
  0.6545008562E+006 0801
  0.6562005789E+006 0801
  0.6579007938E+006 0800
  0.6596005246E+006 0799
  0.6613007433E+006 0799
  0.6630004870E+006 0798
  0.6647007183E+006 0797
  0.6664009503E+006 0797
  0.6681007091E+006 0796
  0.6698009506E+006 0795
  0.6715007162E+006 0795
  0.6732004808E+006 0794
  0.6749007281E+006 0793
  0.6766005070E+006 0793
  0.6783007703E+006 0792
  0.6800005603E+006 0792
  0.6817008300E+006 0791
  0.6834006356E+006 0790
  0.6851009113E+006 0790
  0.6868007227E+006 0789
  0.6885005307E+006 0788
  0.6902008307E+006 0788
  0.6919006500E+006 0787
  0.6936009450E+006 0786
  0.6953007722E+006 0786
  0.6970005955E+006 0785
  0.6987009104E+006 0785
  0.7004007425E+006 0784
  0.7021005965E+006 0783
  0.7038009254E+006 0783
  0.7055007838E+006 0782
  0.7072006437E+006 0781
  0.7089005084E+006 0781
  0.7106008597E+006 0780
  0.7123007306E+006 0779
  0.7140006110E+006 0779
  0.7157004917E+006 0778
  0.7174008536E+006 0778
  0.7191007358E+006 0777
  0.7208006256E+006 0776
  0.7225005235E+006 0776
  0.7242009068E+006 0775
  0.7259008132E+006 0774
  0.7276007299E+006 0774
  0.7293006467E+006 0773
  0.7310005688E+006 0772
  0.7327004893E+006 0772
  0.7344008923E+006 0771
  0.7361008285E+006 0771
  0.7378007567E+006 0770
  0.7395006953E+006 0769
  0.7412006257E+006 0769
  0.7429005722E+006 0768
  0.7446005121E+006 0767
  0.7463009398E+006 0767
  0.7480009000E+006 0766
  0.7497008612E+006 0766
  0.7514008303E+006 0765
  0.7531007914E+006 0764
  0.7548007683E+006 0764
  0.7565007397E+006 0763
  0.7582007189E+006 0762
  0.7599006988E+006 0762
  0.7616006847E+006 0761
  0.7633006718E+006 0760
  0.7650006576E+006 0760
  0.7667006518E+006 0759
  0.7684006539E+006 0759
  0.7701006620E+006 0758
  0.7718006736E+006 0757
  0.7735006913E+006 0757
  0.7752007110E+006 0756
  0.7769007329E+006 0756
  0.7786007523E+006 0755
  0.7803007846E+006 0754
  0.7820008141E+006 0754
  0.7837008513E+006 0753
  0.7854008833E+006 0752
  0.7871009246E+006 0752
  0.7888004924E+006 0751
  0.7905005370E+006 0751
  0.7922005960E+006 0750
  0.7939006530E+006 0749
  0.7956007240E+006 0749
  0.7973007827E+006 0748
  0.7990008535E+006 0748
  0.8007009232E+006 0747
  0.8024005198E+006 0746
  0.8041005974E+006 0746
  0.8058006751E+006 0745
  0.8075007639E+006 0744
  0.8092008452E+006 0744
  0.8109009360E+006 0743
  0.8126005533E+006 0743
  0.8143006577E+006 0742
  0.8160007641E+006 0741
  0.8177008749E+006 0741
  0.8194005141E+006 0740
  0.8211006311E+006 0740
  0.8228007469E+006 0739
  0.8245008683E+006 0738
  0.8262005185E+006 0738
  0.8279006495E+006 0737
  0.8296007813E+006 0737
  0.8313009163E+006 0736
  0.8330005838E+006 0735
  0.8347007259E+006 0735
  0.8364008801E+006 0734
  0.8381005582E+006 0734
  0.8398007263E+006 0733
  0.8415008879E+006 0733
  0.8432005758E+006 0732
  0.8449007451E+006 0731
  0.8466009134E+006 0731
  0.8483006151E+006 0730
  0.8500007883E+006 0730
  0.8517005020E+006 0729
  0.8534006858E+006 0728
  0.8551008774E+006 0728
  0.8568005952E+006 0727
  0.8585007982E+006 0727
  0.8602005326E+006 0726
  0.8619007408E+006 0726
  0.8636004823E+006 0725
  0.8653006977E+006 0724
  0.8670009173E+006 0724
  0.8687006595E+006 0723
  0.8704008875E+006 0723
  0.8721006450E+006 0722
  0.8738008818E+006 0722
  0.8755006450E+006 0721
  0.8772008924E+006 0721
  0.8789006665E+006 0720
  0.8806009231E+006 0719
  0.8823007068E+006 0719
  0.8840004996E+006 0718
  0.8857007708E+006 0718
  0.8874005624E+006 0717
  0.8891008373E+006 0717
  0.8908006342E+006 0716
  0.8925009194E+006 0716
  0.8942007229E+006 0715
  0.8959005410E+006 0714
  0.8976008365E+006 0714
  0.8993006588E+006 0713
  0.9010004856E+006 0713
  0.9027007906E+006 0712
  0.9044006333E+006 0712
  0.9061009462E+006 0711
  0.9078007929E+006 0711
  0.9095006367E+006 0710
  0.9112004855E+006 0710
  0.9129008098E+006 0709
  0.9146006606E+006 0709
  0.9163005228E+006 0708
  0.9180008638E+006 0707
  0.9197007335E+006 0707
  0.9214006056E+006 0706
  0.9231004842E+006 0706
  0.9248008425E+006 0705
  0.9265007271E+006 0705
  0.9282006177E+006 0704
  0.9299005148E+006 0704
  0.9316008855E+006 0703
  0.9333007832E+006 0703
  0.9350006797E+006 0702
  0.9367005867E+006 0702
  0.9384004931E+006 0701
  0.9401008837E+006 0701
  0.9418008051E+006 0700
  0.9435007269E+006 0700
  0.9452006555E+006 0699
  0.9469005789E+006 0699
  0.9486005178E+006 0698
  0.9503009290E+006 0698
  0.9520008707E+006 0697
  0.9537008116E+006 0697
  0.9554007553E+006 0696
  0.9571007027E+006 0696
  0.9588006456E+006 0695
  0.9605006012E+006 0695
  0.9622005584E+006 0694
  0.9639005239E+006 0694
  0.9656004888E+006 0693
  0.9673009359E+006 0693
  0.9690009105E+006 0692
  0.9707008857E+006 0692
  0.9724008642E+006 0691
  0.9741008493E+006 0691
  0.9758008357E+006 0690
  0.9775008237E+006 0690
  0.9792008100E+006 0689
  0.9809008033E+006 0689
  0.9826008011E+006 0688
  0.9843008011E+006 0688
  0.9860008115E+006 0687
  0.9877008224E+006 0687
  0.9894008423E+006 0686
  0.9911008545E+006 0686
  0.9928008772E+006 0685
  0.9945009008E+006 0685
  0.9962009284E+006 0684
  0.9979004817E+006 0684
  0.9996005105E+006 0683
  0.1001300549E+007 0683
  0.1003000580E+007 0682
  0.1004700622E+007 0682
  0.1006400666E+007 0681
  0.1008100720E+007 0681
  0.1009800775E+007 0680
  0.1011500832E+007 0680
  0.1013200894E+007 0679
  0.1014900479E+007 0679
  0.1016600545E+007 0678
  0.1018300613E+007 0678
  0.1020000686E+007 0677
  0.1021700762E+007 0677
  0.1023400837E+007 0677
  0.1025100916E+007 0676
  0.1026800526E+007 0676
  0.1028500614E+007 0675
  0.1030200711E+007 0675
  0.1031900809E+007 0674
  0.1033600917E+007 0674
  0.1035300544E+007 0673
  0.1037000651E+007 0673
  0.1038700763E+007 0672
  0.1040400876E+007 0672
  0.1042100520E+007 0671
  0.1043800636E+007 0671
  0.1045500765E+007 0670
  0.1047200888E+007 0670
  0.1048900543E+007 0670
  0.1050600677E+007 0669
  0.1052300821E+007 0669
  0.1054000493E+007 0668
  0.1055700640E+007 0668
  0.1057400794E+007 0667
  0.1059100945E+007 0667
  0.1060800626E+007 0666
  0.1062500782E+007 0666
  0.1064200945E+007 0665
  0.1065900636E+007 0665
  0.1067600806E+007 0665
  0.1069300499E+007 0664
  0.1071000677E+007 0664
  0.1072700859E+007 0663
  0.1074400571E+007 0663
  0.1076100761E+007 0662
  0.1077800484E+007 0662
  0.1079500682E+007 0661
  0.1081200880E+007 0661
  0.1082900605E+007 0661
  0.1084600808E+007 0660
  0.1086300545E+007 0660
  0.1088000753E+007 0659
  0.1089700497E+007 0659
  0.1091400717E+007 0658
  0.1093100942E+007 0658
  0.1094800693E+007 0657
  0.1096500926E+007 0657
  0.1098200692E+007 0657
  0.1099900932E+007 0656
  0.1101600701E+007 0656
  0.1103300945E+007 0655
  0.1105000718E+007 0655
  0.1106700489E+007 0654
  0.1108400742E+007 0654
  0.1110100524E+007 0654
  0.1111800788E+007 0653
  0.1113500575E+007 0653
  0.1115200844E+007 0652
  0.1116900639E+007 0652
  0.1118600919E+007 0651
  0.1120300722E+007 0651
  0.1122000532E+007 0651
  0.1123700822E+007 0650
  0.1125400633E+007 0650
  0.1127100926E+007 0649
  0.1128800737E+007 0649
  0.1130500563E+007 0649
  0.1132200861E+007 0648
  0.1133900692E+007 0648
  0.1135600524E+007 0647
  0.1137300839E+007 0647
  0.1139000680E+007 0646
  0.1140700520E+007 0646
  0.1142400850E+007 0646
  0.1144100702E+007 0645
  0.1145800559E+007 0645
  0.1147500890E+007 0644
  0.1149200749E+007 0644
  0.1150900609E+007 0644
  0.1152600947E+007 0643
  0.1154300813E+007 0643
  0.1156000688E+007 0642
  0.1157700563E+007 0642
  0.1159400920E+007 0641
  0.1161100800E+007 0641
  0.1162800688E+007 0641
  0.1164500578E+007 0640
  0.1166200946E+007 0640
  0.1167900844E+007 0639
  0.1169600740E+007 0639
  0.1171300643E+007 0639
  0.1173000537E+007 0638
  0.1174700920E+007 0638
  0.1176400826E+007 0637
  0.1178100740E+007 0637
  0.1179800656E+007 0637
  0.1181500576E+007 0636
  0.1183200503E+007 0636
  0.1184900903E+007 0635
  0.1186600834E+007 0635
  0.1188300768E+007 0635
  0.1190000707E+007 0634
  0.1191700645E+007 0634
  0.1193400585E+007 0633
  0.1195100527E+007 0633
  0.1196800950E+007 0633
  0.1198500896E+007 0632
  0.1200200851E+007 0632
  0.1201900808E+007 0632
  0.1203600774E+007 0631
  0.1205300737E+007 0631
  0.1207000704E+007 0630
  0.1208700677E+007 0630
  0.1210400648E+007 0630
  0.1212100628E+007 0629
  0.1213800604E+007 0629
  0.1215500590E+007 0628
  0.1217200569E+007 0628
  0.1218900553E+007 0628
  0.1220600540E+007 0627
  0.1222300533E+007 0627
  0.1224000532E+007 0627
  0.1225700532E+007 0626
  0.1227400539E+007 0626
  0.1229100547E+007 0625
  0.1230800556E+007 0625
  0.1232500568E+007 0625
  0.1234200585E+007 0624
  0.1235900605E+007 0624
  0.1237600626E+007 0624
  0.1239300647E+007 0623
  0.1241000674E+007 0623
  0.1242700700E+007 0622
  0.1244400734E+007 0622
  0.1246100770E+007 0622
  0.1247800816E+007 0621
  0.1249500863E+007 0621
  0.1251200910E+007 0621
  0.1252900486E+007 0620
  0.1254600538E+007 0620
  0.1256300597E+007 0619
  0.1258000653E+007 0619
  0.1259700717E+007 0619
  0.1261400781E+007 0618
  0.1263100847E+007 0618
  0.1264800914E+007 0618
  0.1266500509E+007 0617
  0.1268200589E+007 0617
  0.1269900670E+007 0617
  0.1271600756E+007 0616
  0.1273300846E+007 0616
  0.1275000937E+007 0615
  0.1276700552E+007 0615
  0.1278400646E+007 0615
  0.1280100744E+007 0614
  0.1281800847E+007 0614
  0.1283500947E+007 0614
  0.1285200579E+007 0613
  0.1286900685E+007 0613
  0.1288600798E+007 0613
  0.1290300912E+007 0612
  0.1292000557E+007 0612
  0.1293700686E+007 0612
  0.1295400813E+007 0611
  0.1297100947E+007 0611
  0.1298800599E+007 0610
  0.1300500737E+007 0610
  0.1302200873E+007 0610
  0.1303900537E+007 0609
  0.1305600682E+007 0609
  0.1307300829E+007 0609
  0.1309000500E+007 0608
  0.1310700650E+007 0608
  0.1312400807E+007 0608
  0.1314100492E+007 0607
  0.1315800657E+007 0607
  0.1317500826E+007 0607
  0.1319200521E+007 0606
  0.1320900693E+007 0606
  0.1322600867E+007 0606
  0.1324300563E+007 0605
  0.1326000746E+007 0605
  0.1327700925E+007 0605
  0.1329400635E+007 0604
  0.1331100820E+007 0604
  0.1332800535E+007 0604
  0.1334500728E+007 0603
  0.1336200923E+007 0603
  0.1337900652E+007 0603
  0.1339600858E+007 0602
  0.1341300593E+007 0602
  0.1343000801E+007 0602
  0.1344700537E+007 0601
  0.1346400751E+007 0601
  0.1348100490E+007 0601
  0.1349800709E+007 0600
  0.1351500933E+007 0600
  0.1353200683E+007 0599
  0.1354900913E+007 0599
  0.1356600666E+007 0599
  0.1358300904E+007 0598
  0.1360000668E+007 0598
  0.1361700913E+007 0598
  0.1363400685E+007 0597
  0.1365100934E+007 0597
  0.1366800712E+007 0597
  0.1368500482E+007 0596
  0.1370200739E+007 0596
  0.1371900517E+007 0596
  0.1373600781E+007 0596
  0.1375300566E+007 0595
  0.1377000833E+007 0595
  0.1378700628E+007 0595
  0.1380400899E+007 0594
  0.1382100699E+007 0594
  0.1383800503E+007 0594
  0.1385500789E+007 0593
  0.1387200599E+007 0593
  0.1388900886E+007 0593
  0.1390600697E+007 0592
  0.1392300512E+007 0592
  0.1394000803E+007 0592
  0.1395700624E+007 0591
  0.1397400922E+007 0591
  0.1399100753E+007 0591
  0.1400800580E+007 0590
  0.1402500890E+007 0590
  0.1404200726E+007 0590
  0.1405900566E+007 0589
  0.1407600889E+007 0589
  0.1409300733E+007 0589
  0.1411000586E+007 0588
  0.1412700911E+007 0588
  0.1414400762E+007 0588
  0.1416100613E+007 0587
  0.1417800947E+007 0587
  0.1419500808E+007 0587
  0.1421200671E+007 0586
  0.1422900537E+007 0586
  0.1424600886E+007 0586
  0.1426300757E+007 0585
  0.1428000634E+007 0585
  0.1429700512E+007 0585
  0.1431400874E+007 0585
  0.1433100760E+007 0584
  0.1434800644E+007 0584
  0.1436500533E+007 0584
  0.1438200895E+007 0583
  0.1439900789E+007 0583
  0.1441600679E+007 0583
  0.1443300580E+007 0582
  0.1445000482E+007 0582
  0.1446700865E+007 0582
  0.1448400772E+007 0581
  0.1450100682E+007 0581
  0.1451800598E+007 0581
  0.1453500515E+007 0580
  0.1455200912E+007 0580
  0.1456900835E+007 0580
  0.1458600758E+007 0580
  0.1460300681E+007 0579
  0.1462000606E+007 0579
  0.1463700535E+007 0579
  0.1465400949E+007 0578
  0.1467100884E+007 0578
  0.1468800828E+007 0578
  0.1470500771E+007 0577
  0.1472200721E+007 0577
  0.1473900668E+007 0577
  0.1475600621E+007 0576
  0.1477300579E+007 0576
  0.1479000536E+007 0576
  0.1480700497E+007 0576
  0.1482400932E+007 0575
  0.1484100896E+007 0575
  0.1485800859E+007 0575
  0.1487500826E+007 0574
  0.1489200799E+007 0574
  0.1490900777E+007 0574
  0.1492600757E+007 0573
  0.1494300738E+007 0573
  0.1496000721E+007 0573
  0.1497700710E+007 0572
  0.1499400698E+007 0572
  0.1501100690E+007 0572
  0.1502800685E+007 0572
  0.1504500680E+007 0571
  0.1506200678E+007 0571
  0.1507900672E+007 0571
  0.1509600677E+007 0570
  0.1511300681E+007 0570
  0.1513000694E+007 0570
  0.1514700706E+007 0569
  0.1516400725E+007 0569
  0.1518100745E+007 0569
  0.1519800765E+007 0569
  0.1521500789E+007 0568
  0.1523200816E+007 0568
  0.1524900848E+007 0568
  0.1526600878E+007 0567
  0.1528300910E+007 0567
  0.1530000945E+007 0567
  0.1531700504E+007 0566
  0.1533400543E+007 0566
  0.1535100589E+007 0566
  0.1536800638E+007 0566
  0.1538500693E+007 0565
  0.1540200744E+007 0565
  0.1541900802E+007 0565
  0.1543600860E+007 0564
  0.1545300921E+007 0564
  0.1547000508E+007 0564
  0.1548700571E+007 0563
  0.1550400642E+007 0563
  0.1552100707E+007 0563
  0.1553800778E+007 0563
  0.1555500850E+007 0562
  0.1557200928E+007 0562
  0.1558900533E+007 0562
  0.1560600618E+007 0561
  0.1562300707E+007 0561
  0.1564000799E+007 0561
  0.1565700888E+007 0561
  0.1567400506E+007 0560
  0.1569100601E+007 0560
  0.1570800702E+007 0560
  0.1572500802E+007 0559
  0.1574200904E+007 0559
  0.1575900533E+007 0559
  0.1577600638E+007 0559
  0.1579300751E+007 0558
  0.1581000862E+007 0558
  0.1582700509E+007 0558
  0.1584400631E+007 0557
  0.1586100756E+007 0557
  0.1587800882E+007 0557
  0.1589500533E+007 0556
  0.1591200664E+007 0556
  0.1592900795E+007 0556
  0.1594600930E+007 0556
  0.1596300592E+007 0555
  0.1598000729E+007 0555
  0.1599700870E+007 0555
  0.1601400535E+007 0554
  0.1603100683E+007 0554
  0.1604800836E+007 0554
  0.1606500512E+007 0554
  0.1608200673E+007 0553
  0.1609900830E+007 0553
  0.1611600516E+007 0553
  0.1613300675E+007 0552
  0.1615000840E+007 0552
  0.1616700530E+007 0552
  0.1618400699E+007 0552
  0.1620100870E+007 0551
  0.1621800565E+007 0551
  0.1623500742E+007 0551
  0.1625200920E+007 0550
  0.1626900625E+007 0550
  0.1628600813E+007 0550
  0.1630300528E+007 0550
  0.1632000720E+007 0549
  0.1633700914E+007 0549
  0.1635400631E+007 0549
  0.1637100830E+007 0548
  0.1638800549E+007 0548
  0.1640500753E+007 0548
  0.1642200479E+007 0548
  0.1643900687E+007 0547
  0.1645600895E+007 0547
  0.1647300628E+007 0547
  0.1649000845E+007 0546
  0.1650700585E+007 0546
  0.1652400809E+007 0546
  0.1654100556E+007 0546
  0.1655800785E+007 0545
  0.1657500536E+007 0545
  0.1659200763E+007 0545
  0.1660900516E+007 0544
  0.1662600750E+007 0544
  0.1664300508E+007 0544
  0.1666000747E+007 0544
  0.1667700507E+007 0543
  0.1669400752E+007 0543
  0.1671100518E+007 0543
  0.1672800767E+007 0543
  0.1674500543E+007 0542
  0.1676200799E+007 0542
  0.1677900583E+007 0542
  0.1679600839E+007 0541
  0.1681300624E+007 0541
  0.1683000885E+007 0541
  0.1684700671E+007 0541
  0.1686400936E+007 0540
  0.1688100729E+007 0540
  0.1689800525E+007 0540
  0.1691500799E+007 0539
  0.1693200597E+007 0539
  0.1694900878E+007 0539
  0.1696600685E+007 0539
  0.1698300496E+007 0538
  0.1700000785E+007 0538
  0.1701700602E+007 0538
  0.1703400895E+007 0538
  0.1705100709E+007 0537
  0.1706800528E+007 0537
  0.1708500824E+007 0537
  0.1710200650E+007 0536
  0.1711900951E+007 0536
  0.1713600780E+007 0536
  0.1715300612E+007 0536
  0.1717000922E+007 0535
  0.1718700759E+007 0535
  0.1720400598E+007 0535
  0.1722100920E+007 0535
  0.1723800766E+007 0534
  0.1725500612E+007 0534
  0.1727200936E+007 0534
  0.1728900785E+007 0533
  0.1730600634E+007 0533
  0.1732300486E+007 0533
  0.1734000818E+007 0533
  0.1735700681E+007 0532
  0.1737400540E+007 0532
  0.1739100883E+007 0532
  0.1740800747E+007 0532
  0.1742500620E+007 0531
  0.1744200493E+007 0531
  0.1745900845E+007 0531
  0.1747600726E+007 0530
  0.1749300604E+007 0530
  0.1751000485E+007 0530
  0.1752700841E+007 0530
  0.1754400725E+007 0529
  0.1756100613E+007 0529
  0.1757800503E+007 0529
  0.1759500873E+007 0529
  0.1761200770E+007 0528
  0.1762900668E+007 0528
  0.1764600569E+007 0528
  0.1766300948E+007 0528
  0.1768000858E+007 0527
  0.1769700767E+007 0527
  0.1771400678E+007 0527
  0.1773100589E+007 0526
  0.1774800501E+007 0526
  0.1776500893E+007 0526
  0.1778200806E+007 0526
  0.1779900728E+007 0525
  0.1781600651E+007 0525
  0.1783300579E+007 0525
  0.1785000506E+007 0525
  0.1786700913E+007 0524
  0.1788400847E+007 0524
  0.1790100784E+007 0524
  0.1791800722E+007 0524
  0.1793500665E+007 0523
  0.1795200607E+007 0523
  0.1796900552E+007 0523
  0.1798600493E+007 0522
  0.1800300917E+007 0522
  0.1802000868E+007 0522
  0.1803700820E+007 0522
  0.1805400778E+007 0521
  0.1807100736E+007 0521
  0.1808800702E+007 0521
  0.1810500664E+007 0521
  0.1812200632E+007 0520
  0.1813900601E+007 0520
  0.1815600575E+007 0520
  0.1817300549E+007 0520
  0.1819000523E+007 0519
  0.1820700499E+007 0519
  0.1822400478E+007 0519
  0.1824100932E+007 0519
  0.1825800917E+007 0518
  0.1827500903E+007 0518
  0.1829200895E+007 0518
  0.1830900888E+007 0518
  0.1832600881E+007 0517
  0.1834300880E+007 0517
  0.1836000878E+007 0517
  0.1837700881E+007 0517
  0.1839400883E+007 0516
  0.1841100891E+007 0516
  0.1842800896E+007 0516
  0.1844500902E+007 0516
  0.1846200911E+007 0515
  0.1847900923E+007 0515
  0.1849600939E+007 0515
  0.1851300481E+007 0515
  0.1853000504E+007 0514
  0.1854700531E+007 0514
  0.1856400557E+007 0514
  0.1858100585E+007 0514
  0.1859800616E+007 0513
  0.1861500650E+007 0513
  0.1863200688E+007 0513
  0.1864900722E+007 0513
  0.1866600762E+007 0512
  0.1868300800E+007 0512
  0.1870000843E+007 0512
  0.1871700887E+007 0512
  0.1873400936E+007 0511
  0.1875100514E+007 0511
  0.1876800569E+007 0511
  0.1878500626E+007 0511
  0.1880200685E+007 0510
  0.1881900747E+007 0510
  0.1883600810E+007 0510
  0.1885300874E+007 0510
  0.1887000942E+007 0509
  0.1888700534E+007 0509
  0.1890400602E+007 0509
  0.1892100673E+007 0509
  0.1893800745E+007 0508
  0.1895500824E+007 0508
  0.1897200903E+007 0508
  0.1898900511E+007 0508
  0.1900600598E+007 0507
  0.1902300686E+007 0507
  0.1904000776E+007 0507
  0.1905700865E+007 0507
  0.1907400483E+007 0506
  0.1909100578E+007 0506
  0.1910800676E+007 0506
  0.1912500774E+007 0506
  0.1914200874E+007 0505
  0.1915900499E+007 0505
  0.1917600603E+007 0505
  0.1919300711E+007 0505
  0.1921000826E+007 0504
  0.1922700941E+007 0504
  0.1924400583E+007 0504
  0.1926100700E+007 0504
  0.1927800823E+007 0503
  0.1929500945E+007 0503
  0.1931200591E+007 0503
  0.1932900719E+007 0503
  0.1934600847E+007 0502
  0.1936300501E+007 0502
  0.1938000630E+007 0502
  0.1939700764E+007 0502
  0.1941400901E+007 0501
  0.1943100564E+007 0501
  0.1944800707E+007 0501
  0.1946500855E+007 0501
  0.1948200526E+007 0501
  0.1949900676E+007 0500
  0.1951600823E+007 0500
  0.1953300500E+007 0500
  0.1955000653E+007 0500
  0.1956700810E+007 0499
  0.1958400490E+007 0499
  0.1960100649E+007 0499
  0.1961800811E+007 0499
  0.1963500495E+007 0498
  0.1965200663E+007 0498
  0.1966900833E+007 0498
  0.1968600532E+007 0498
  0.1970300708E+007 0497
  0.1972000885E+007 0497
  0.1973700587E+007 0497
  0.1975400767E+007 0497
  0.1977100947E+007 0496
  0.1978800655E+007 0496
  0.1980500840E+007 0496
  0.1982200554E+007 0496
  0.1983900741E+007 0496
  0.1985600934E+007 0495
  0.1987300651E+007 0495
  0.1989000850E+007 0495
  0.1990700576E+007 0495
  0.1992400779E+007 0494
  0.1994100512E+007 0494
  0.1995800718E+007 0494
  0.1997500926E+007 0494
  0.1999200658E+007 0493
  0.2000900870E+007 0493
  0.2002600607E+007 0493
  0.2004300822E+007 0493
  0.2006000562E+007 0492
  0.2007700784E+007 0492
  0.2009400527E+007 0492
  0.2011100753E+007 0492
  0.2012800502E+007 0492
  0.2014500736E+007 0491
  0.2016200493E+007 0491
  0.2017900728E+007 0491
  0.2019600488E+007 0491
  0.2021300724E+007 0490
  0.2023000486E+007 0490
  0.2024700724E+007 0490
  0.2026400492E+007 0490
  0.2028100738E+007 0489
  0.2029800508E+007 0489
  0.2031500757E+007 0489
  0.2033200532E+007 0489
  0.2034900788E+007 0489
  0.2036600570E+007 0488
  0.2038300831E+007 0488
  0.2040000620E+007 0488
  0.2041700885E+007 0488
  0.2043400674E+007 0487
  0.2045100940E+007 0487
  0.2046800731E+007 0487
  0.2048500527E+007 0487
  0.2050200798E+007 0487
  0.2051900599E+007 0486
  0.2053600876E+007 0486
  0.2055300681E+007 0486
  0.2057000485E+007 0486
  0.2058700771E+007 0485
  0.2060400584E+007 0485
  0.2062100876E+007 0485
  0.2063800692E+007 0485
  0.2065500509E+007 0484
  0.2067200804E+007 0484
  0.2068900623E+007 0484
  0.2070600919E+007 0484
  0.2072300743E+007 0484
  0.2074000569E+007 0483
  0.2075700874E+007 0483
  0.2077400706E+007 0483
  0.2079100536E+007 0483
  0.2080800852E+007 0482
  0.2082500688E+007 0482
  0.2084200531E+007 0482
  0.2085900851E+007 0482
  0.2087600698E+007 0482
  0.2089300544E+007 0481
  0.2091000866E+007 0481
  0.2092700714E+007 0481
  0.2094400566E+007 0481
  0.2096100895E+007 0480
  0.2097800752E+007 0480
  0.2099500611E+007 0480
  0.2101200951E+007 0480
  0.2102900814E+007 0480
  0.2104600678E+007 0479
  0.2106300549E+007 0479
  0.2108000897E+007 0479
  0.2109700773E+007 0479
  0.2111400646E+007 0478
  0.2113100523E+007 0478
  0.2114800875E+007 0478
  0.2116500752E+007 0478
  0.2118200632E+007 0478
  0.2119900515E+007 0477
  0.2121600880E+007 0477
  0.2123300768E+007 0477
  0.2125000658E+007 0477
  0.2126700552E+007 0476
  0.2128400924E+007 0476
  0.2130100822E+007 0476
  0.2131800722E+007 0476
  0.2133500624E+007 0476
  0.2135200529E+007 0475
  0.2136900907E+007 0475
  0.2138600813E+007 0475
  0.2140300717E+007 0475
  0.2142000628E+007 0475
  0.2143700539E+007 0474
  0.2145400932E+007 0474
  0.2147100851E+007 0474
  0.2148800771E+007 0474
  0.2150500693E+007 0473
  0.2152200618E+007 0473
  0.2153900545E+007 0473
  0.2155600954E+007 0473
  0.2157300883E+007 0473
  0.2159000816E+007 0472
  0.2160700749E+007 0472
  0.2162400682E+007 0472
  0.2164100618E+007 0472
  0.2165800555E+007 0472
  0.2167500501E+007 0471
  0.2169200922E+007 0471
  0.2170900870E+007 0471
  0.2172600819E+007 0471
  0.2174300771E+007 0470
  0.2176000725E+007 0470
  0.2177700680E+007 0470
  0.2179400638E+007 0470
  0.2181100598E+007 0470
  0.2182800557E+007 0469
  0.2184500517E+007 0469
  0.2186200478E+007 0469
  0.2187900920E+007 0469
  0.2189600888E+007 0469
  0.2191300857E+007 0468
  0.2193000833E+007 0468
  0.2194700807E+007 0468
  0.2196400786E+007 0468
  0.2198100763E+007 0467
  0.2199800746E+007 0467
  0.2201500730E+007 0467
  0.2203200715E+007 0467
  0.2204900701E+007 0467
  0.2206600689E+007 0466
  0.2208300677E+007 0466
  0.2210000667E+007 0466
  0.2211700659E+007 0466
  0.2213400657E+007 0466
  0.2215100657E+007 0465
  0.2216800660E+007 0465
  0.2218500664E+007 0465
  0.2220200670E+007 0465
  0.2221900680E+007 0465
  0.2223600687E+007 0464
  0.2225300701E+007 0464
  0.2227000713E+007 0464
  0.2228700729E+007 0464
  0.2230400743E+007 0464
  0.2232100759E+007 0463
  0.2233800778E+007 0463
  0.2235500799E+007 0463
  0.2237200824E+007 0463
  0.2238900852E+007 0462
  0.2240600883E+007 0462
  0.2242300916E+007 0462
  0.2244000947E+007 0462
  0.2245700505E+007 0462
  0.2247400542E+007 0461
  0.2249100580E+007 0461
  0.2250800621E+007 0461
  0.2252500660E+007 0461
  0.2254200704E+007 0461
  0.2255900746E+007 0460
  0.2257600792E+007 0460
  0.2259300841E+007 0460
  0.2261000894E+007 0460
  0.2262700951E+007 0460
  0.2264400531E+007 0459
  0.2266100590E+007 0459
  0.2267800652E+007 0459
  0.2269500713E+007 0459
  0.2271200777E+007 0459
  0.2272900843E+007 0458
  0.2274600912E+007 0458
  0.2276300504E+007 0458
  0.2278000572E+007 0458
  0.2279700645E+007 0458
  0.2281400718E+007 0457
  0.2283100798E+007 0457
  0.2284800877E+007 0457
  0.2286500485E+007 0457
  0.2288200571E+007 0457
  0.2289900658E+007 0456
  0.2291600745E+007 0456
  0.2293300835E+007 0456
  0.2295000926E+007 0456
  0.2296700542E+007 0456
  0.2298400635E+007 0455
  0.2300100732E+007 0455
  0.2301800829E+007 0455
  0.2303500927E+007 0455
  0.2305200552E+007 0455
  0.2306900656E+007 0454
  0.2308600767E+007 0454
  0.2310300876E+007 0454
  0.2312000513E+007 0454
  0.2313700625E+007 0454
  0.2315400741E+007 0453
  0.2317100855E+007 0453
  0.2318800496E+007 0453
  0.2320500617E+007 0453
  0.2322200739E+007 0453
  0.2323900861E+007 0452
  0.2325600508E+007 0452
  0.2327300635E+007 0452
  0.2329000766E+007 0452
  0.2330700899E+007 0452
  0.2332400559E+007 0451
  0.2334100699E+007 0451
  0.2335800838E+007 0451
  0.2337500503E+007 0451
  0.2339200643E+007 0451
  0.2340900789E+007 0450
  0.2342600933E+007 0450
  0.2344300604E+007 0450
  0.2346000753E+007 0450
  0.2347700904E+007 0450
  0.2349400580E+007 0449
  0.2351100734E+007 0449
  0.2352800891E+007 0449
  0.2354500577E+007 0449
  0.2356200741E+007 0449
  0.2357900907E+007 0448
  0.2359600596E+007 0448
  0.2361300765E+007 0448
  0.2363000933E+007 0448
  0.2364700624E+007 0448
  0.2366400798E+007 0447
  0.2368100494E+007 0447
  0.2369800672E+007 0447
  0.2371500848E+007 0447
  0.2373200551E+007 0447
  0.2374900734E+007 0446
  0.2376600919E+007 0446
  0.2378300631E+007 0446
  0.2380000823E+007 0446
  0.2381700539E+007 0446
  0.2383400734E+007 0445
  0.2385100927E+007 0445
  0.2386800647E+007 0445
  0.2388500844E+007 0445
  0.2390200567E+007 0445
  0.2391900769E+007 0444
  0.2393600495E+007 0444
  0.2395300704E+007 0444
  0.2397000909E+007 0444
  0.2398700644E+007 0444
  0.2400400858E+007 0444
  0.2402100599E+007 0443
  0.2403800818E+007 0443
  0.2405500561E+007 0443
  0.2407200782E+007 0443
  0.2408900527E+007 0443
  0.2410600748E+007 0442
  0.2412300496E+007 0442
  0.2414000722E+007 0442
  0.2415700953E+007 0442
  0.2417400705E+007 0442
  0.2419100939E+007 0441
  0.2420800698E+007 0441
  0.2422500934E+007 0441
  0.2424200699E+007 0441
  0.2425900941E+007 0441
  0.2427600712E+007 0440
  0.2429300480E+007 0440
  0.2431000727E+007 0440
  0.2432700497E+007 0440
  0.2434400746E+007 0440
  0.2436100520E+007 0439
  0.2437800774E+007 0439
  0.2439500552E+007 0439
  0.2441200813E+007 0439
  0.2442900595E+007 0439
  0.2444600858E+007 0439
  0.2446300645E+007 0438
  0.2448000915E+007 0438
  0.2449700709E+007 0438
  0.2451400503E+007 0438
  0.2453100778E+007 0438
  0.2454800574E+007 0437
  0.2456500849E+007 0437
  0.2458200647E+007 0437
  0.2459900925E+007 0437
  0.2461600730E+007 0437
  0.2463300537E+007 0436
  0.2465000822E+007 0436
  0.2466700633E+007 0436
  0.2468400922E+007 0436
  0.2470100738E+007 0436
  0.2471800553E+007 0436
  0.2473500852E+007 0435
  0.2475200673E+007 0435
  0.2476900495E+007 0435
  0.2478600794E+007 0435
  0.2480300616E+007 0435
  0.2482000919E+007 0434
  0.2483700745E+007 0434
  0.2485400575E+007 0434
  0.2487100885E+007 0434
  0.2488800720E+007 0434
  0.2490500556E+007 0433
  0.2492200871E+007 0433
  0.2493900712E+007 0433
  0.2495600557E+007 0433
  0.2497300879E+007 0433
  0.2499000727E+007 0433
  0.2500700573E+007 0432
  0.2502400900E+007 0432
  0.2504100748E+007 0432
  0.2505800598E+007 0432
  0.2507500931E+007 0432
  0.2509200787E+007 0431
  0.2510900647E+007 0431
  0.2512600508E+007 0431
  0.2514300849E+007 0431
  0.2516000714E+007 0431
  0.2517700581E+007 0430
  0.2519400928E+007 0430
  0.2521100801E+007 0430
  0.2522800673E+007 0430
  0.2524500547E+007 0430
  0.2526200896E+007 0430
  0.2527900772E+007 0429
  0.2529600647E+007 0429
  0.2531300528E+007 0429
  0.2533000887E+007 0429
  0.2534700773E+007 0429
  0.2536400661E+007 0428
  0.2538100548E+007 0428
  0.2539800916E+007 0428
  0.2541500809E+007 0428
  0.2543200704E+007 0428
  0.2544900600E+007 0428
  0.2546600497E+007 0427
  0.2548300873E+007 0427
  0.2550000771E+007 0427
  0.2551700670E+007 0427
  0.2553400574E+007 0427
  0.2555100478E+007 0426
  0.2556800866E+007 0426
  0.2558500775E+007 0426
  0.2560200690E+007 0426
  0.2561900604E+007 0426
  0.2563600520E+007 0426
  0.2565300916E+007 0425
  0.2567000836E+007 0425
  0.2568700760E+007 0425
  0.2570400683E+007 0425
  0.2572100605E+007 0425
  0.2573800530E+007 0424
  0.2575500934E+007 0424
  0.2577200863E+007 0424
  0.2578900794E+007 0424
  0.2580600729E+007 0424
  0.2582300668E+007 0424
  0.2584000605E+007 0423
  0.2585700547E+007 0423
  0.2587400487E+007 0423
  0.2589100910E+007 0423
  0.2590800854E+007 0423
  0.2592500801E+007 0422
  0.2594200749E+007 0422
  0.2595900698E+007 0422
  0.2597600646E+007 0422
  0.2599300597E+007 0422
  0.2601000551E+007 0422
  0.2602700510E+007 0421
  0.2604400947E+007 0421
  0.2606100910E+007 0421
  0.2607800874E+007 0421
  0.2609500840E+007 0421
  0.2611200807E+007 0421
  0.2612900774E+007 0420
  0.2614600747E+007 0420
  0.2616300718E+007 0420
  0.2618000692E+007 0420
  0.2619700665E+007 0420
  0.2621400641E+007 0419
  0.2623100619E+007 0419
  0.2624800599E+007 0419
  0.2626500583E+007 0419
  0.2628200571E+007 0419
  0.2629900560E+007 0419
  0.2631600551E+007 0418
  0.2633300541E+007 0418
  0.2635000535E+007 0418
  0.2636700530E+007 0418
  0.2638400525E+007 0418
  0.2640100524E+007 0418
  0.2641800522E+007 0417
  0.2643500523E+007 0417
  0.2645200522E+007 0417
  0.2646900526E+007 0417
  0.2648600533E+007 0417
  0.2650300543E+007 0416
  0.2652000555E+007 0416
  0.2653700570E+007 0416
  0.2655400585E+007 0416
  0.2657100602E+007 0416
  0.2658800618E+007 0416
  0.2660500639E+007 0415
  0.2662200659E+007 0415
  0.2663900683E+007 0415
  0.2665600706E+007 0415
  0.2667300731E+007 0415
  0.2669000759E+007 0415
  0.2670700787E+007 0414
  0.2672400820E+007 0414
  0.2674100856E+007 0414
  0.2675800896E+007 0414
  0.2677500936E+007 0414
  0.2679200499E+007 0414
  0.2680900541E+007 0413
  0.2682600585E+007 0413
  0.2684300629E+007 0413
  0.2686000678E+007 0413
  0.2687700725E+007 0413
  0.2689400777E+007 0412
  0.2691100827E+007 0412
  0.2692800880E+007 0412
  0.2694500936E+007 0412
  0.2696200518E+007 0412
  0.2697900581E+007 0412
  0.2699600644E+007 0411
  0.2701300711E+007 0411
  0.2703000777E+007 0411
  0.2704700844E+007 0411
  0.2706400912E+007 0411
  0.2708100505E+007 0411
  0.2709800577E+007 0410
  0.2711500651E+007 0410
  0.2713200724E+007 0410
  0.2714900803E+007 0410
  0.2716600880E+007 0410
  0.2718300485E+007 0410
  0.2720000567E+007 0409
  0.2721700656E+007 0409
  0.2723400746E+007 0409
  0.2725100836E+007 0409
  0.2726800927E+007 0409
  0.2728500541E+007 0409
  0.2730200635E+007 0408
  0.2731900730E+007 0408
  0.2733600826E+007 0408
  0.2735300927E+007 0408
  0.2737000550E+007 0408
  0.2738700652E+007 0408
  0.2740400756E+007 0407
  0.2742100863E+007 0407
  0.2743800498E+007 0407
  0.2745500609E+007 0407
  0.2747200725E+007 0407
  0.2748900841E+007 0406
  0.2750600480E+007 0406
  0.2752300597E+007 0406
  0.2754000714E+007 0406
  0.2755700836E+007 0406
  0.2757400481E+007 0406
  0.2759100604E+007 0405
  0.2760800731E+007 0405
  0.2762500858E+007 0405
  0.2764200511E+007 0405
  0.2765900642E+007 0405
  0.2767600777E+007 0405
  0.2769300916E+007 0404
  0.2771000577E+007 0404
  0.2772700718E+007 0404
  0.2774400856E+007 0404
  0.2776100521E+007 0404
  0.2777800663E+007 0404
  0.2779500807E+007 0403
  0.2781200954E+007 0403
  0.2782900626E+007 0403
  0.2784600776E+007 0403
  0.2786300928E+007 0403
  0.2788000604E+007 0403
  0.2789700763E+007 0402
  0.2791400921E+007 0402
  0.2793100607E+007 0402
  0.2794800771E+007 0402
  0.2796500936E+007 0402
  0.2798200624E+007 0402
  0.2799900787E+007 0401
  0.2801600479E+007 0401
  0.2803300647E+007 0401
  0.2805000820E+007 0401
  0.2806700516E+007 0401
  0.2808400691E+007 0401
  0.2810100869E+007 0400
  0.2811800571E+007 0400
  0.2813500752E+007 0400
  0.2815200938E+007 0400
  0.2816900647E+007 0400
  0.2818600836E+007 0400
  0.2820300545E+007 0399
  0.2822000735E+007 0399
  0.2823700925E+007 0399
  0.2825400638E+007 0399
  0.2827100831E+007 0399
  0.2828800549E+007 0399
  0.2830500749E+007 0399
  0.2832200947E+007 0398
  0.2833900671E+007 0398
  0.2835600875E+007 0398
  0.2837300603E+007 0398
  0.2839000812E+007 0398
  0.2840700545E+007 0398
  0.2842400756E+007 0397
  0.2844100492E+007 0397
  0.2845800702E+007 0397
  0.2847500917E+007 0397
  0.2849200653E+007 0397
  0.2850900873E+007 0397
  0.2852600615E+007 0396
  0.2854300837E+007 0396
  0.2856000585E+007 0396
  0.2857700811E+007 0396
  0.2859400562E+007 0396
  0.2861100792E+007 0396
  0.2862800548E+007 0395
  0.2864500784E+007 0395
  0.2866200541E+007 0395
  0.2867900778E+007 0395
  0.2869600537E+007 0395
  0.2871300774E+007 0395
  0.2873000537E+007 0394
  0.2874700778E+007 0394
  0.2876400547E+007 0394
  0.2878100793E+007 0394
  0.2879800565E+007 0394
  0.2881500815E+007 0394
  0.2883200590E+007 0393
  0.2884900845E+007 0393
  0.2886600624E+007 0393
  0.2888300882E+007 0393
  0.2890000665E+007 0393
  0.2891700924E+007 0393
  0.2893400707E+007 0393
  0.2895100489E+007 0392
  0.2896800754E+007 0392
  0.2898500543E+007 0392
  0.2900200811E+007 0392
  0.2901900606E+007 0392
  0.2903600878E+007 0392
  0.2905300677E+007 0391
  0.2907000952E+007 0391
  0.2908700753E+007 0391
  0.2910400557E+007 0391
  0.2912100840E+007 0391
  0.2913800645E+007 0391
  0.2915500929E+007 0390
  0.2917200736E+007 0390
  0.2918900546E+007 0390
  0.2920600832E+007 0390
  0.2922300647E+007 0390
  0.2924000941E+007 0390
  0.2925700761E+007 0389
  0.2927400581E+007 0389
  0.2929100880E+007 0389
  0.2930800705E+007 0389
  0.2932500530E+007 0389
  0.2934200835E+007 0389
  0.2935900664E+007 0389
  0.2937600495E+007 0388
  0.2939300802E+007 0388
  0.2941000633E+007 0388
  0.2942700943E+007 0388
  0.2944400779E+007 0388
  0.2946100616E+007 0388
  0.2947800935E+007 0387
  0.2949500777E+007 0387
  0.2951200623E+007 0387
  0.2952900945E+007 0387
  0.2954600793E+007 0387
  0.2956300643E+007 0387
  0.2958000494E+007 0387
  0.2959700825E+007 0386
  0.2961400677E+007 0386
  0.2963100532E+007 0386
  0.2964800865E+007 0386
  0.2966500721E+007 0386
  0.2968200581E+007 0386
  0.2969900922E+007 0385
  0.2971600788E+007 0385
  0.2973300656E+007 0385
  0.2975000524E+007 0385
  0.2976700874E+007 0385
  0.2978400745E+007 0385
  0.2980100620E+007 0384
  0.2981800495E+007 0384
  0.2983500850E+007 0384
  0.2985200729E+007 0384
  0.2986900607E+007 0384
  0.2988600487E+007 0384
  0.2990300846E+007 0384
  0.2992000731E+007 0383
  0.2993700619E+007 0383
  0.2995400508E+007 0383
  0.2997100879E+007 0383
  0.2998800773E+007 0383
  0.3000500667E+007 0383
  0.3002200563E+007 0382
  0.3003900937E+007 0382
  0.3005600838E+007 0382
  0.3007300737E+007 0382
  0.3009000640E+007 0382
  0.3010700542E+007 0382
  0.3012400923E+007 0382
  0.3014100828E+007 0381
  0.3015800736E+007 0381
  0.3017500648E+007 0381
  0.3019200564E+007 0381
  0.3020900479E+007 0381
  0.3022600875E+007 0381
  0.3024300792E+007 0380
  0.3026000713E+007 0380
  0.3027700634E+007 0380
  0.3029400556E+007 0380
  0.3031100483E+007 0380
  0.3032800885E+007 0380
  0.3034500812E+007 0380
  0.3036200739E+007 0379
  0.3037900670E+007 0379
  0.3039600604E+007 0379
  0.3041300539E+007 0379
  0.3043000479E+007 0379
  0.3044700897E+007 0379
  0.3046400839E+007 0378
  0.3048100782E+007 0378
  0.3049800724E+007 0378
  0.3051500671E+007 0378
  0.3053200616E+007 0378
  0.3054900565E+007 0378
  0.3056600514E+007 0378
  0.3058300942E+007 0377
  0.3060000894E+007 0377
  0.3061700847E+007 0377
  0.3063400804E+007 0377
  0.3065100765E+007 0377
  0.3066800727E+007 0377
  0.3068500691E+007 0377
  0.3070200655E+007 0376
  0.3071900621E+007 0376
  0.3073600587E+007 0376
  0.3075300554E+007 0376
  0.3077000525E+007 0376
  0.3078700495E+007 0376
  0.3080400947E+007 0375
  0.3082100919E+007 0375
  0.3083800895E+007 0375
  0.3085500873E+007 0375
  0.3087200853E+007 0375
  0.3088900837E+007 0375
  0.3090600823E+007 0375
  0.3092300811E+007 0374
  0.3094000800E+007 0374
  0.3095700787E+007 0374
  0.3097400778E+007 0374
  0.3099100769E+007 0374
  0.3100800763E+007 0374
  0.3102500757E+007 0374
  0.3104200753E+007 0373
  0.3105900752E+007 0373
  0.3107600750E+007 0373
  0.3109300752E+007 0373
  0.3111000756E+007 0373
  0.3112700764E+007 0373
  0.3114400773E+007 0372
  0.3116100783E+007 0372
  0.3117800795E+007 0372
  0.3119500807E+007 0372
  0.3121200818E+007 0372
  0.3122900833E+007 0372
  0.3124600848E+007 0372
  0.3126300867E+007 0371
  0.3128000885E+007 0371
  0.3129700905E+007 0371
  0.3131400928E+007 0371
  0.3133100952E+007 0371
  0.3134800502E+007 0371
  0.3136500531E+007 0371
  0.3138200564E+007 0370
  0.3139900598E+007 0370
  0.3141600631E+007 0370
  0.3143300665E+007 0370
  0.3145000700E+007 0370
  0.3146700738E+007 0370
  0.3148400777E+007 0370
  0.3150100816E+007 0369
  0.3151800861E+007 0369
  0.3153500903E+007 0369
  0.3155200950E+007 0369
  0.3156900520E+007 0369
  0.3158600572E+007 0369
  0.3160300626E+007 0369
  0.3162000681E+007 0368
  0.3163700738E+007 0368
  0.3165400794E+007 0368
  0.3167100852E+007 0368
  0.3168800910E+007 0368
  0.3170500492E+007 0368
  0.3172200555E+007 0367
  0.3173900619E+007 0367
  0.3175600684E+007 0367
  0.3177300752E+007 0367
  0.3179000820E+007 0367
  0.3180700893E+007 0367
  0.3182400488E+007 0367
  0.3184100565E+007 0366
  0.3185800643E+007 0366
  0.3187500722E+007 0366
  0.3189200801E+007 0366
  0.3190900880E+007 0366
  0.3192600483E+007 0366
  0.3194300567E+007 0366
  0.3196000650E+007 0365
  0.3197700738E+007 0365
  0.3199400827E+007 0365
  0.3201100918E+007 0365
  0.3202800532E+007 0365
  0.3204500627E+007 0365
  0.3206200725E+007 0365
  0.3207900824E+007 0364
  0.3209600926E+007 0364
  0.3211300550E+007 0364
  0.3213000653E+007 0364
  0.3214700756E+007 0364
  0.3216400859E+007 0364
  0.3218100488E+007 0364
  0.3219800597E+007 0363
  0.3221500708E+007 0363
  0.3223200821E+007 0363
  0.3224900934E+007 0363
  0.3226600575E+007 0363
  0.3228300692E+007 0363
  0.3230000813E+007 0363
  0.3231700935E+007 0362
  0.3233400583E+007 0362
  0.3235100708E+007 0362
  0.3236800832E+007 0362
  0.3238500481E+007 0362
  0.3240200608E+007 0362
  0.3241900737E+007 0362
  0.3243600869E+007 0361
  0.3245300524E+007 0361
  0.3247000661E+007 0361
  0.3248700799E+007 0361
  0.3250400937E+007 0361
  0.3252100602E+007 0361
  0.3253800744E+007 0361
  0.3255500891E+007 0360
  0.3257200559E+007 0360
  0.3258900708E+007 0360
  0.3260600856E+007 0360
  0.3262300527E+007 0360
  0.3264000677E+007 0360
  0.3265700830E+007 0360
  0.3267400508E+007 0359
  0.3269100666E+007 0359
  0.3270800825E+007 0359
  0.3272500509E+007 0359
  0.3274200672E+007 0359
  0.3275900838E+007 0359
  0.3277600527E+007 0359
  0.3279300696E+007 0358
  0.3281000868E+007 0358
  0.3282700560E+007 0358
  0.3284400732E+007 0358
  0.3286100904E+007 0358
  0.3287800601E+007 0358
  0.3289500777E+007 0358
  0.3291200955E+007 0358
  0.3292900658E+007 0357
  0.3294600842E+007 0357
  0.3296300549E+007 0357
  0.3298000735E+007 0357
  0.3299700922E+007 0357
  0.3301400636E+007 0357
  0.3303100827E+007 0357
  0.3304800542E+007 0356
  0.3306500736E+007 0356
  0.3308200930E+007 0356
  0.3309900648E+007 0356
  0.3311600843E+007 0356
  0.3313300565E+007 0356
  0.3315000767E+007 0356
  0.3316700493E+007 0355
  0.3318400700E+007 0355
  0.3320100907E+007 0355
  0.3321800639E+007 0355
  0.3323500851E+007 0355
  0.3325200584E+007 0355
  0.3326900801E+007 0355
  0.3328600538E+007 0354
  0.3330300756E+007 0354
  0.3332000494E+007 0354
  0.3333700713E+007 0354
  0.3335400933E+007 0354
  0.3337100678E+007 0354
  0.3338800903E+007 0354
  0.3340500653E+007 0353
  0.3342200883E+007 0353
  0.3343900637E+007 0353
  0.3345600868E+007 0353
  0.3347300626E+007 0353
  0.3349000861E+007 0353
  0.3350700621E+007 0353
  0.3352400860E+007 0353
  0.3354100620E+007 0352
  0.3355800862E+007 0352
  0.3357500623E+007 0352
  0.3359200866E+007 0352
  0.3360900633E+007 0352
  0.3362600881E+007 0352
  0.3364300654E+007 0352
  0.3366000906E+007 0351
  0.3367700682E+007 0351
  0.3369400937E+007 0351
  0.3371100714E+007 0351
  0.3372800495E+007 0351
  0.3374500754E+007 0351
  0.3376200538E+007 0351
  0.3377900799E+007 0350
  0.3379600582E+007 0350
  0.3381300847E+007 0350
  0.3383000633E+007 0350
  0.3384700902E+007 0350
  0.3386400694E+007 0350
  0.3388100490E+007 0350
  0.3389800766E+007 0350
  0.3391500564E+007 0349
  0.3393200841E+007 0349
  0.3394900643E+007 0349
  0.3396600923E+007 0349
  0.3398300728E+007 0349
  0.3400000532E+007 0349
  0.3401700818E+007 0349
  0.3403400624E+007 0348
  0.3405100910E+007 0348
  0.3406800719E+007 0348
  0.3408500533E+007 0348
  0.3410200826E+007 0348
  0.3411900644E+007 0348
  0.3413600941E+007 0348
  0.3415300763E+007 0348
  0.3417000584E+007 0347
  0.3418700885E+007 0347
  0.3420400708E+007 0347
  0.3422100535E+007 0347
  0.3423800840E+007 0347
  0.3425500667E+007 0347
  0.3427200497E+007 0347
  0.3428900804E+007 0346
  0.3430600637E+007 0346
  0.3432300948E+007 0346
  0.3434000786E+007 0346
  0.3435700627E+007 0346
  0.3437400947E+007 0346
  0.3439100789E+007 0346
  0.3440800633E+007 0346
  0.3442500955E+007 0345
  0.3444200803E+007 0345
  0.3445900649E+007 0345
  0.3447600499E+007 0345
  0.3449300827E+007 0345
  0.3451000679E+007 0345
  0.3452700532E+007 0345
  0.3454400864E+007 0344
  0.3456100722E+007 0344
  0.3457800583E+007 0344
  0.3459500923E+007 0344
  0.3461200788E+007 0344
  0.3462900653E+007 0344
  0.3464600520E+007 0344
  0.3466300864E+007 0344
  0.3468000732E+007 0343
  0.3469700603E+007 0343
  0.3471400951E+007 0343
  0.3473100824E+007 0343
  0.3474800697E+007 0343
  0.3476500573E+007 0343
  0.3478200927E+007 0343
  0.3479900807E+007 0343
  0.3481600689E+007 0342
  0.3483300574E+007 0342
  0.3485000938E+007 0342
  0.3486700825E+007 0342
  0.3488400712E+007 0342
  0.3490100602E+007 0342
  0.3491800491E+007 0342
  0.3493500861E+007 0341
  0.3495200754E+007 0341
  0.3496900649E+007 0341
  0.3498600545E+007 0341
  0.3500300919E+007 0341
  0.3502000820E+007 0341
  0.3503700721E+007 0341
  0.3505400627E+007 0341
  0.3507100534E+007 0340
  0.3508800921E+007 0340
  0.3510500831E+007 0340
  0.3512200741E+007 0340
  0.3513900651E+007 0340
  0.3515600564E+007 0340
  0.3517300478E+007 0340
  0.3519000873E+007 0340
  0.3520700789E+007 0339
  0.3522400708E+007 0339
  0.3524100629E+007 0339
  0.3525800551E+007 0339
  0.3527500954E+007 0339
  0.3529200881E+007 0339
  0.3530900811E+007 0339
  0.3532600742E+007 0338
  0.3534300673E+007 0338
  0.3536000606E+007 0338
  0.3537700539E+007 0338
  0.3539400951E+007 0338
  0.3541100887E+007 0338
  0.3542800824E+007 0338
  0.3544500765E+007 0338
  0.3546200705E+007 0337
  0.3547900648E+007 0337
  0.3549600592E+007 0337
  0.3551300540E+007 0337
  0.3553000490E+007 0337
  0.3554700919E+007 0337
  0.3556400872E+007 0337
  0.3558100827E+007 0337
  0.3559800780E+007 0336
  0.3561500736E+007 0336
  0.3563200691E+007 0336
  0.3564900652E+007 0336
  0.3566600611E+007 0336
  0.3568300574E+007 0336
  0.3570000538E+007 0336
  0.3571700504E+007 0336
  0.3573400950E+007 0335
  0.3575100919E+007 0335
  0.3576800892E+007 0335
  0.3578500867E+007 0335
  0.3580200843E+007 0335
  0.3581900819E+007 0335
  0.3583600796E+007 0335
  0.3585300773E+007 0335
  0.3587000753E+007 0334
  0.3588700732E+007 0334
  0.3590400717E+007 0334
  0.3592100701E+007 0334
  0.3593800688E+007 0334
  0.3595500675E+007 0334
  0.3597200665E+007 0334
  0.3598900658E+007 0334
  0.3600600652E+007 0333
  0.3602300649E+007 0333
  0.3604000647E+007 0333
  0.3605700645E+007 0333
  0.3607400644E+007 0333
  0.3609100642E+007 0333
  0.3610800643E+007 0333
  0.3612500647E+007 0333
  0.3614200651E+007 0332
  0.3615900659E+007 0332
  0.3617600667E+007 0332
  0.3619300679E+007 0332
  0.3621000690E+007 0332
  0.3622700705E+007 0332
  0.3624400722E+007 0332
  0.3626100741E+007 0332
  0.3627800761E+007 0331
  0.3629500781E+007 0331
  0.3631200802E+007 0331
  0.3632900825E+007 0331
  0.3634600847E+007 0331
  0.3636300873E+007 0331
  0.3638000900E+007 0331
  0.3639700931E+007 0331
  0.3641400484E+007 0330
  0.3643100517E+007 0330
  0.3644800552E+007 0330
  0.3646500589E+007 0330
  0.3648200628E+007 0330
  0.3649900668E+007 0330
  0.3651600710E+007 0330
  0.3653300753E+007 0330
  0.3655000795E+007 0329
  0.3656700838E+007 0329
  0.3658400883E+007 0329
  0.3660100930E+007 0329
  0.3661800502E+007 0329
  0.3663500552E+007 0329
  0.3665200607E+007 0329
  0.3666900661E+007 0329
  0.3668600718E+007 0328
  0.3670300775E+007 0328
  0.3672000836E+007 0328
  0.3673700899E+007 0328
  0.3675400484E+007 0328
  0.3677100547E+007 0328
  0.3678800612E+007 0328
  0.3680500676E+007 0328
  0.3682200743E+007 0327
  0.3683900811E+007 0327
  0.3685600883E+007 0327
  0.3687300480E+007 0327
  0.3689000554E+007 0327
  0.3690700632E+007 0327
  0.3692400710E+007 0327
  0.3694100791E+007 0327
  0.3695800873E+007 0326
  0.3697500479E+007 0326
  0.3699200565E+007 0326
  0.3700900650E+007 0326
  0.3702600736E+007 0326
  0.3704300822E+007 0326
  0.3706000910E+007 0326
  0.3707700525E+007 0326
  0.3709400616E+007 0325
  0.3711100712E+007 0325
  0.3712800809E+007 0325
  0.3714500908E+007 0325
  0.3716200530E+007 0325
  0.3717900631E+007 0325
  0.3719600735E+007 0325
  0.3721300840E+007 0325
  0.3723000945E+007 0325
  0.3724700574E+007 0324
  0.3726400681E+007 0324
  0.3728100789E+007 0324
  0.3729800898E+007 0324
  0.3731500532E+007 0324
  0.3733200647E+007 0324
  0.3734900763E+007 0324
  0.3736600883E+007 0324
  0.3738300524E+007 0323
  0.3740000646E+007 0323
  0.3741700769E+007 0323
  0.3743400893E+007 0323
  0.3745100542E+007 0323
  0.3746800670E+007 0323
  0.3748500798E+007 0323
  0.3750200927E+007 0323
  0.3751900577E+007 0322
  0.3753600710E+007 0322
  0.3755300843E+007 0322
  0.3757000502E+007 0322
  0.3758700641E+007 0322
  0.3760400781E+007 0322
  0.3762100924E+007 0322
  0.3763800588E+007 0322
  0.3765500733E+007 0322
  0.3767200879E+007 0321
  0.3768900549E+007 0321
  0.3770600698E+007 0321
  0.3772300846E+007 0321
  0.3774000519E+007 0321
  0.3775700670E+007 0321
  0.3777400822E+007 0321
  0.3779100500E+007 0321
  0.3780800657E+007 0320
  0.3782500818E+007 0320
  0.3784200501E+007 0320
  0.3785900664E+007 0320
  0.3787600829E+007 0320
  0.3789300516E+007 0320
  0.3791000683E+007 0320
  0.3792700851E+007 0320
  0.3794400543E+007 0319
  0.3796100715E+007 0319
  0.3797800885E+007 0319
  0.3799500580E+007 0319
  0.3801200754E+007 0319
  0.3802900932E+007 0319
  0.3804600634E+007 0319
  0.3806300815E+007 0319
  0.3808000522E+007 0319
  0.3809700707E+007 0318
  0.3811400893E+007 0318
  0.3813100602E+007 0318
  0.3814800791E+007 0318
  0.3816500504E+007 0318
  0.3818200695E+007 0318
  0.3819900887E+007 0318
  0.3821600603E+007 0318
  0.3823300797E+007 0317
  0.3825000516E+007 0317
  0.3826700713E+007 0317
  0.3828400916E+007 0317
  0.3830100642E+007 0317
  0.3831800847E+007 0317
  0.3833500576E+007 0317
  0.3835200784E+007 0317
  0.3836900515E+007 0317
  0.3838600724E+007 0316
  0.3840300935E+007 0316
  0.3842000671E+007 0316
  0.3843700884E+007 0316
  0.3845400621E+007 0316
  0.3847100836E+007 0316
  0.3848800576E+007 0316
  0.3850500797E+007 0316
  0.3852200541E+007 0316
  0.3853900768E+007 0315
  0.3855600517E+007 0315
  0.3857300746E+007 0315
  0.3859000496E+007 0315
  0.3860700726E+007 0315
  0.3862400480E+007 0315
  0.3864100713E+007 0315
  0.3865800947E+007 0315
  0.3867500706E+007 0314
  0.3869200942E+007 0314
  0.3870900703E+007 0314
  0.3872600942E+007 0314
  0.3874300707E+007 0314
  0.3876000953E+007 0314
  0.3877700723E+007 0314
  0.3879400495E+007 0314
  0.3881100744E+007 0314
  0.3882800518E+007 0313
  0.3884500769E+007 0313
  0.3886200544E+007 0313
  0.3887900799E+007 0313
  0.3889600577E+007 0313
  0.3891300834E+007 0313
  0.3893000615E+007 0313
  0.3894700874E+007 0313
  0.3896400659E+007 0313
  0.3898100922E+007 0312
  0.3899800712E+007 0312
  0.3901500502E+007 0312
  0.3903200773E+007 0312
  0.3904900567E+007 0312
  0.3906600838E+007 0312
  0.3908300633E+007 0312
  0.3910000908E+007 0312
  0.3911700705E+007 0311
  0.3913400505E+007 0311
  0.3915100783E+007 0311
  0.3916800587E+007 0311
  0.3918500868E+007 0311
  0.3920200673E+007 0311
  0.3921900481E+007 0311
  0.3923600769E+007 0311
  0.3925300584E+007 0311
  0.3927000875E+007 0310
  0.3928700691E+007 0310
  0.3930400507E+007 0310
  0.3932100801E+007 0310
  0.3933800619E+007 0310
  0.3935500916E+007 0310
  0.3937200737E+007 0310
  0.3938900561E+007 0310
  0.3940600862E+007 0310
  0.3942300688E+007 0309
  0.3944000515E+007 0309
  0.3945700823E+007 0309
  0.3947400655E+007 0309
  0.3949100489E+007 0309
  0.3950800803E+007 0309
  0.3952500640E+007 0309
  0.3954200954E+007 0309
  0.3955900792E+007 0309
  0.3957600630E+007 0308
  0.3959300949E+007 0308
  0.3961000790E+007 0308
  0.3962700634E+007 0308
  0.3964400480E+007 0308
  0.3966100804E+007 0308
  0.3967800653E+007 0308
  0.3969500502E+007 0308
  0.3971200834E+007 0308
  0.3972900689E+007 0307
  0.3974600546E+007 0307
  0.3976300881E+007 0307
  0.3978000740E+007 0307
  0.3979700598E+007 0307
  0.3981400935E+007 0307
  0.3983100796E+007 0307
  0.3984800661E+007 0307
  0.3986500525E+007 0307
  0.3988200871E+007 0306
  0.3989900738E+007 0306
  0.3991600609E+007 0306
  0.3993300481E+007 0306
  0.3995000832E+007 0306
  0.3996700710E+007 0306
  0.3998400588E+007 0306
  0.4000100945E+007 0306
  0.4001800824E+007 0306
  0.4003500703E+007 0305
  0.4005200584E+007 0305
  0.4006900944E+007 0305
  0.4008600828E+007 0305
  0.4010300714E+007 0305
  0.4012000602E+007 0305
  0.4013700492E+007 0305
  0.4015400859E+007 0305
  0.4017100753E+007 0305
  0.4018800648E+007 0304
  0.4020500545E+007 0304
  0.4022200921E+007 0304
  0.4023900820E+007 0304
  0.4025600720E+007 0304
  0.4027300620E+007 0304
  0.4029000520E+007 0304
  0.4030700902E+007 0304
  0.4032400806E+007 0304
  0.4034100714E+007 0303
  0.4035800622E+007 0303
  0.4037500532E+007 0303
  0.4039200922E+007 0303
  0.4040900836E+007 0303
  0.4042600752E+007 0303
  0.4044300669E+007 0303
  0.4046000589E+007 0303
  0.4047700510E+007 0303
  0.4049400907E+007 0302
  0.4051100829E+007 0302
  0.4052800751E+007 0302
  0.4054500675E+007 0302
  0.4056200601E+007 0302
  0.4057900528E+007 0302
  0.4059600938E+007 0302
  0.4061300868E+007 0302
  0.4063000802E+007 0302
  0.4064700736E+007 0301
  0.4066400673E+007 0301
  0.4068100612E+007 0301
  0.4069800552E+007 0301
  0.4071500492E+007 0301
  0.4073200912E+007 0301
  0.4074900853E+007 0301
  0.4076600796E+007 0301
  0.4078300739E+007 0301
  0.4080000687E+007 0300
  0.4081700636E+007 0300
  0.4083400586E+007 0300
  0.4085100539E+007 0300
  0.4086800492E+007 0300
  0.4088500925E+007 0300
  0.4090200882E+007 0300
  0.4091900841E+007 0300
  0.4093600802E+007 0300
  0.4095300764E+007 0299
  0.4097000725E+007 0299
  0.4098700688E+007 0299
  0.4100400651E+007 0299
  0.4102100617E+007 0299
  0.4103800583E+007 0299
  0.4105500555E+007 0299
  0.4107200526E+007 0299
  0.4108900500E+007 0299
  0.4110600953E+007 0299
  0.4112300929E+007 0298
  0.4114000908E+007 0298
  0.4115700889E+007 0298
  0.4117400870E+007 0298
  0.4119100853E+007 0298
  0.4120800836E+007 0298
  0.4122500820E+007 0298
  0.4124200804E+007 0298
  0.4125900790E+007 0298
  0.4127600780E+007 0297
  0.4129300770E+007 0297
  0.4131000764E+007 0297
  0.4132700758E+007 0297
  0.4134400755E+007 0297
  0.4136100752E+007 0297
  0.4137800751E+007 0297
  0.4139500752E+007 0297
  0.4141200754E+007 0297
  0.4142900757E+007 0296
  0.4144600761E+007 0296
  0.4146300764E+007 0296
  0.4148000771E+007 0296
  0.4149700777E+007 0296
  0.4151400787E+007 0296
  0.4153100799E+007 0296
  0.4154800813E+007 0296
  0.4156500830E+007 0296
  0.4158200846E+007 0296
  0.4159900865E+007 0295
  0.4161600886E+007 0295
  0.4163300907E+007 0295
  0.4165000931E+007 0295
  0.4166700954E+007 0295
  0.4168400502E+007 0295
  0.4170100528E+007 0295
  0.4171800554E+007 0295
  0.4173500583E+007 0295
  0.4175200614E+007 0294
  0.4176900648E+007 0294
  0.4178600684E+007 0294
  0.4180300721E+007 0294
  0.4182000760E+007 0294
  0.4183700800E+007 0294
  0.4185400841E+007 0294
  0.4187100884E+007 0294
  0.4188800928E+007 0294
  0.4190500496E+007 0294
  0.4192200541E+007 0293
  0.4193900588E+007 0293
  0.4195600636E+007 0293
  0.4197300685E+007 0293
  0.4199000737E+007 0293
  0.4200700791E+007 0293
  0.4202400849E+007 0293
  0.4204100907E+007 0293
  0.4205800488E+007 0293
  0.4207500549E+007 0292
  0.4209200610E+007 0292
  0.4210900674E+007 0292
  0.4212600738E+007 0292
  0.4214300804E+007 0292
  0.4216000872E+007 0292
  0.4217700939E+007 0292
  0.4219400530E+007 0292
  0.4221100600E+007 0292
  0.4222800674E+007 0292
  0.4224500750E+007 0291
  0.4226200827E+007 0291
  0.4227900907E+007 0291
  0.4229600511E+007 0291
  0.4231300592E+007 0291
  0.4233000675E+007 0291
  0.4234700759E+007 0291
  0.4236400846E+007 0291
  0.4238100932E+007 0291
  0.4239800543E+007 0290
  0.4241500631E+007 0290
  0.4243200721E+007 0290
  0.4244900813E+007 0290
  0.4246600907E+007 0290
  0.4248300526E+007 0290
  0.4250000625E+007 0290
  0.4251700725E+007 0290
  0.4253400827E+007 0290
  0.4255100929E+007 0290
  0.4256800555E+007 0289
  0.4258500660E+007 0289
  0.4260200765E+007 0289
  0.4261900873E+007 0289
  0.4263600503E+007 0289
  0.4265300613E+007 0289
  0.4267000723E+007 0289
  0.4268700835E+007 0289
  0.4270400950E+007 0289
  0.4272100589E+007 0289
  0.4273800708E+007 0288
  0.4275500829E+007 0288
  0.4277200951E+007 0288
  0.4278900597E+007 0288
  0.4280600720E+007 0288
  0.4282300846E+007 0288
  0.4284000494E+007 0288
  0.4285700622E+007 0288
  0.4287400751E+007 0288
  0.4289100881E+007 0288
  0.4290800536E+007 0287
  0.4292500669E+007 0287
  0.4294200804E+007 0287
  0.4295900942E+007 0287
  0.4297600604E+007 0287
  0.4299300747E+007 0287
  0.4301000889E+007 0287
  0.4302700555E+007 0287
  0.4304400700E+007 0287
  0.4306100844E+007 0286
  0.4307800514E+007 0286
  0.4309500661E+007 0286
  0.4311200812E+007 0286
  0.4312900485E+007 0286
  0.4314600636E+007 0286
  0.4316300790E+007 0286
  0.4318000945E+007 0286
  0.4319700625E+007 0286
  0.4321400786E+007 0286
  0.4323100947E+007 0285
  0.4324800634E+007 0285
  0.4326500796E+007 0285
  0.4328200483E+007 0285
  0.4329900648E+007 0285
  0.4331600815E+007 0285
  0.4333300505E+007 0285
  0.4335000675E+007 0285
  0.4336700846E+007 0285
  0.4338400541E+007 0285
  0.4340100714E+007 0284
  0.4341800890E+007 0284
  0.4343500590E+007 0284
  0.4345200772E+007 0284
  0.4346900954E+007 0284
  0.4348600659E+007 0284
  0.4350300844E+007 0284
  0.4352000550E+007 0284
  0.4353700737E+007 0284
  0.4355400923E+007 0284
  0.4357100634E+007 0283
  0.4358800825E+007 0283
  0.4360500539E+007 0283
  0.4362200731E+007 0283
  0.4363900926E+007 0283
  0.4365600644E+007 0283
  0.4367300844E+007 0283
  0.4369000566E+007 0283
  0.4370700770E+007 0283
  0.4372400495E+007 0283
  0.4374100700E+007 0282
  0.4375800904E+007 0282
  0.4377500631E+007 0282
  0.4379200839E+007 0282
  0.4380900570E+007 0282
  0.4382600780E+007 0282
  0.4384300514E+007 0282
  0.4386000727E+007 0282
  0.4387700942E+007 0282
  0.4389400680E+007 0282
  0.4391100899E+007 0281
  0.4392800643E+007 0281
  0.4394500865E+007 0281
  0.4396200612E+007 0281
  0.4397900835E+007 0281
  0.4399600583E+007 0281
  0.4401300808E+007 0281
  0.4403000557E+007 0281
  0.4404700786E+007 0281
  0.4406400540E+007 0281
  0.4408100772E+007 0280
  0.4409800529E+007 0280
  0.4411500763E+007 0280
  0.4413200524E+007 0280
  0.4414900762E+007 0280
  0.4416600527E+007 0280
  0.4418300770E+007 0280
  0.4420000537E+007 0280
  0.4421700782E+007 0280
  0.4423400549E+007 0280
  0.4425100795E+007 0279
  0.4426800566E+007 0279
  0.4428500814E+007 0279
  0.4430200588E+007 0279
  0.4431900841E+007 0279
  0.4433600618E+007 0279
  0.4435300874E+007 0279
  0.4437000653E+007 0279
  0.4438700913E+007 0279
  0.4440400697E+007 0279
  0.4442100483E+007 0278
  0.4443800747E+007 0278
  0.4445500535E+007 0278
  0.4447200800E+007 0278
  0.4448900589E+007 0278
  0.4450600856E+007 0278
  0.4452300648E+007 0278
  0.4454000919E+007 0278
  0.4455700716E+007 0278
  0.4457400512E+007 0278
  0.4459100789E+007 0277
  0.4460800589E+007 0277
  0.4462500870E+007 0277
  0.4464200674E+007 0277
  0.4465900480E+007 0277
  0.4467600766E+007 0277
  0.4469300574E+007 0277
  0.4471000860E+007 0277
  0.4472700670E+007 0277
  0.4474400480E+007 0277
  0.4476100771E+007 0277
  0.4477800585E+007 0276
  0.4479500879E+007 0276
  0.4481200698E+007 0276
  0.4482900517E+007 0276
  0.4484600817E+007 0276
  0.4486300639E+007 0276
  0.4488000943E+007 0276
  0.4489700770E+007 0276
  0.4491400597E+007 0276
  0.4493100904E+007 0276
  0.4494800733E+007 0275
  0.4496500562E+007 0275
  0.4498200871E+007 0275
  0.4499900702E+007 0275
  0.4501600539E+007 0275
  0.4503300853E+007 0275
  0.4505000692E+007 0275
  0.4506700532E+007 0275
  0.4508400851E+007 0275
  0.4510100695E+007 0275
  0.4511800540E+007 0274
  0.4513500864E+007 0274
  0.4515200713E+007 0274
  0.4516900561E+007 0274
  0.4518600889E+007 0274
  0.4520300738E+007 0274
  0.4522000590E+007 0274
  0.4523700921E+007 0274
  0.4525400776E+007 0274
  0.4527100634E+007 0274
  0.4528800493E+007 0273
  0.4530500833E+007 0273
  0.4532200695E+007 0273
  0.4533900559E+007 0273
  0.4535600903E+007 0273
  0.4537300770E+007 0273
  0.4539000638E+007 0273
  0.4540700508E+007 0273
  0.4542400855E+007 0273
  0.4544100727E+007 0273
  0.4545800598E+007 0273
  0.4547500950E+007 0272
  0.4549200825E+007 0272
