 0001  0.1247855875924747E+000
 0002  0.1247855875924747E+000
 0003  0.1247783522160767E+000
 0004  0.1247783522160767E+000
 0005  0.1247712848587929E+000
 0006  0.1247712848587929E+000
 0007  0.1247629883224940E+000
 0008  0.1247629883224940E+000
 0009  0.1247532968412552E+000
 0010  0.1247532968412552E+000
 0011  0.1247438304145268E+000
 0012  0.1247438304145268E+000
 0013  0.1247326288712076E+000
 0014  0.1247326288712076E+000
 0015  0.1247198227333947E+000
 0016  0.1247055001916336E+000
 0017  0.1247055001916335E+000
 0018  0.1246915102463605E+000
 0019  0.1246915102463604E+000
 0020  0.1246750938115464E+000
 0021  0.1246750938115464E+000
 0022  0.1246559372915214E+000
 0023  0.1246559372915213E+000
 0024  0.1246372256220954E+000
 0025  0.1246164071451637E+000
 0026  0.1246164071451637E+000
 0027  0.1245923509055724E+000
 0028  0.1245923509055724E+000
 0029  0.1245688532973285E+000
 0030  0.1245420623088392E+000
 0031  0.1245420623088392E+000
 0032  0.1245103180589795E+000
 0033  0.1244742007629726E+000
 0034  0.1244742007629726E+000
 0035  0.1244389221788374E+000
 0036  0.1244389221788374E+000
 0037  0.1243977309930886E+000
 0038  0.1243517893931023E+000
 0039  0.1243517893931023E+000
 0040  0.1242981454975967E+000
 0041  0.1242482845541328E+000
 0042  0.1241917001586193E+000
 0043  0.1241917001586193E+000
 0044  0.1241252025737590E+000
 0045  0.1240534669882080E+000
 0046  0.1240534669882080E+000
 0047  0.1239833972385274E+000
 0048  0.1239072384352604E+000
 0049  0.1239072384352604E+000
 0050  0.1238219566438139E+000
 0051  0.1237340602548591E+000
 0052  0.1236452547950169E+000
 0053  0.1236452547950169E+000
 0054  0.1235585115657866E+000
 0055  0.1234709009961348E+000
 0056  0.1233753834686103E+000
 0057  0.1233753834686102E+000
 0058  0.1232518530526756E+000
 0059  0.1230931838548615E+000
 0060  0.1229495117213681E+000
 0061  0.1229495117213681E+000
 0062  0.1227327102767741E+000
 0063  0.1224417085991866E+000
 0064  0.1220958055746578E+000
 0065  0.1216769612272539E+000
 0066  0.1216769612272539E+000
 0067  0.1212678432371750E+000
 0068  0.1207543567096088E+000
 0069  0.1201324370693296E+000
 0070  0.1194007288850277E+000
 0071  0.1194007288850277E+000
 0072  0.1184780473478066E+000
 0073  0.1174515780978473E+000
 0074  0.1165501695568466E+000
 0075  0.1155087568449378E+000
 0076  0.1155087568449378E+000
 0077  0.1142561947907075E+000
 0078  0.1129280237045229E+000
 0079  0.1115306384294421E+000
 0080  0.1100743392605330E+000
 0081  0.1085714932838213E+000
 0082  0.1085714932838213E+000
 0083  0.1068360578745465E+000
 0084  0.1053663541029884E+000
 0085  0.1038241360599321E+000
 0086  0.1022377850908903E+000
 0087  0.1006267319338438E+000
 0088  0.9900057966523450E-001
 0089  0.9736352303668205E-001
 0090  0.9736352303668205E-001
 0091  0.9545482907038373E-001
 0092  0.9354887635869884E-001
 0093  0.9160584448899720E-001
 0094  0.8957906392559284E-001
 0095  0.8746195281044906E-001
 0096  0.8522010841199958E-001
 0097  0.8281766935253039E-001
 0098  0.8023403556644433E-001
 0099  0.7746099823432001E-001
 0100  0.7449988467149343E-001
 0101  0.7137176775298788E-001
 0102  0.6810782163816512E-001
 0103  0.6474309342876722E-001
 0104  0.6131403627129261E-001
 0105  0.5785657954323025E-001
 0106  0.5440173894146947E-001
 0107  0.5098001436041535E-001
 0108  0.4761963801339313E-001
 0109  0.4434553764264065E-001
 0110  0.4117881379602198E-001
 0111  0.3811034407488582E-001
 0112  0.3516917726531159E-001
 0113  0.3237474883323364E-001
 0114  0.2973900399880841E-001
 0115  0.2726810270764764E-001
 0116  0.2478301838971401E-001
 0117  0.2253869165883913E-001
 0118  0.2051002049093184E-001
 0119  0.1867502357699773E-001
 0120  0.1701435853572697E-001
 0121  0.1434853669020079E-001
 0122  0.1326801809297644E-001
 0123  0.1226550105303565E-001
 0124  0.1133705106454417E-001
 0125  0.1047870642738362E-001
 0126  0.9686514058068691E-002
 0127  0.8956561793951736E-002
 0128  0.8283551963418569E-002
 0129  0.7664507907812435E-002
 0130  0.7096311301273433E-002
 0131  0.6575785687358550E-002
 0132  0.6099760838957509E-002
 0133  0.5665121538054383E-002
 0134  0.5251533670056156E-002
 0135  0.4879954019117296E-002
 0136  0.4545968711786248E-002
 0137  0.4245648038836575E-002
 0138  0.3975496764155232E-002
 0139  0.3732402223725622E-002
 0140  0.3341873890259835E-002
 0141  0.3184156969454617E-002
 0142  0.3039393262150255E-002
 0143  0.2906478028084707E-002
 0144  0.2784556577190673E-002
 0145  0.2672817851075351E-002
 0146  0.2570495405950978E-002
 0147  0.2476867608927711E-002
 0148  0.2391257215537039E-002
 0149  0.2313030467946650E-002
 0150  0.2239425301444169E-002
 0151  0.2172794042810576E-002
 0152  0.2112461092004295E-002
 0153  0.2057818448317516E-002
 0154  0.2008318657789374E-002
 0155  0.1963468532395503E-002
 0156  0.1922823552413172E-002
 0157  0.1856364460713640E-002
 0158  0.1829107923757445E-002
 0159  0.1804019606080527E-002
 0160  0.1780936689816951E-002
 0161  0.1759707350208045E-002
 0162  0.1740190179833840E-002
 0163  0.1722253618044231E-002
 0164  0.1705389580181108E-002
 0165  0.1689987592204268E-002
 0166  0.1675918842417922E-002
 0167  0.1663066123473566E-002
 0168  0.1651318957034985E-002
 0169  0.1640581699571302E-002
 0170  0.1630767007096725E-002
 0171  0.1621795137503705E-002
 0172  0.1606870993576377E-002
 0173  0.1600650063273551E-002
 0174  0.1594894461253240E-002
 0175  0.1589570593206827E-002
 0176  0.1584552779424694E-002
 0177  0.1579932234288641E-002
 0178  0.1575676165919331E-002
 0179  0.1571755651849080E-002
 0180  0.1568144079216094E-002
 0181  0.1564816959104511E-002
 0182  0.1561751755912614E-002
 0183  0.1558927730524008E-002
 0184  0.1556325796157158E-002
 0185  0.1551927957885638E-002
 0186  0.1550066373260417E-002
 0187  0.1548305853088599E-002
 0188  0.1546672907334739E-002
 0189  0.1545158241348067E-002
 0190  0.1543753241543231E-002
 0191  0.1542449925193310E-002
 0192  0.1541240893947465E-002
 0193  0.1540119290795070E-002
 0194  0.1539078759512881E-002
 0195  0.1538113408744081E-002
 0196  0.1537217777773672E-002
 0197  0.1535672518003204E-002
 0198  0.1535006055152510E-002
 0199  0.1534384095231997E-002
 0200  0.1533803652269284E-002
 0201  0.1533261941702795E-002
 0202  0.1532756366715810E-002
 0203  0.1532284505503894E-002
 0204  0.1531844051228982E-002
 0205  0.1531432911230027E-002
 0206  0.1531049132013925E-002
 0207  0.1530686475816067E-002
 0208  0.1530059216456179E-002
 0209  0.1529787684827127E-002
 0210  0.1529532928198782E-002
 0211  0.1529293885266082E-002
 0212  0.1529069585833964E-002
 0213  0.1528859119574339E-002
 0214  0.1528661632340760E-002
 0215  0.1528474295011400E-002
 0216  0.1528298799937708E-002
 0217  0.1528134374001283E-002
 0218  0.1527846774947891E-002
 0219  0.1527720902046028E-002
 0220  0.1527602249739079E-002
 0221  0.1527490403390364E-002
 0222  0.1527384972168193E-002
 0223  0.1527284601132894E-002
 0224  0.1527190113081154E-002
 0225  0.1527101158344957E-002
 0226  0.1527017408307225E-002
 0227  0.1526869526116910E-002
 0228  0.1526804196610694E-002
 0229  0.1526741806706688E-002
 0230  0.1526682826899727E-002
 0231  0.1526627068397928E-002
 0232  0.1526574352991647E-002
 0233  0.1526524512453261E-002
 0234  0.1526477385828899E-002
 0235  0.1526432823655545E-002
 0236  0.1526353163369253E-002
 0237  0.1526317559703676E-002
 0238  0.1526283774602617E-002
 0239  0.1526251712826774E-002
 0240  0.1526221285547945E-002
 0241  0.1526192408560983E-002
 0242  0.1526165002041028E-002
 0243  0.1526115569769904E-002
 0244  0.1526093518943549E-002
 0245  0.1526072636786399E-002
 0246  0.1526052907082002E-002
 0247  0.1526034324693878E-002
 0248  0.1526017175117387E-002
 0249  0.1526001259890343E-002
 0250  0.1525986570932337E-002
 0251  0.1525961637475913E-002
 0252  0.1525951332777780E-002
 0253  0.1525942174765785E-002
 0254  0.1525934819525096E-002
 0255  0.1525928633080551E-002
 0256  0.1525923592034963E-002
 0257  0.1525919674706981E-002
 0258  0.1525916144769627E-002
 0259  0.1525916417488112E-002
 0260  0.1525917650634872E-002
 0261  0.1525919817954413E-002
 0262  0.1525922894317960E-002
 0263  0.1525926912368178E-002
 0264  0.1525939312014726E-002
 0265  0.1525946500360396E-002
 0266  0.1525954436953723E-002
 0267  0.1525963091136112E-002
 0268  0.1525973518814910E-002
 0269  0.1525984548123661E-002
 0270  0.1525996150935012E-002
 0271  0.1526020317416024E-002
 0272  0.1526033878183705E-002
 0273  0.1526047848475051E-002
 0274  0.1526062237305660E-002
 0275  0.1526077019197495E-002
 0276  0.1526107842255981E-002
 0277  0.1526123791014263E-002
 0278  0.1526139996311139E-002
 0279  0.1526156439320134E-002
 0280  0.1526173124760055E-002
 0281  0.1526190906307903E-002
 0282  0.1526226022334520E-002
 0283  0.1526243354537069E-002
 0284  0.1526261599935938E-002
 0285  0.1526279897874822E-002
 0286  0.1526298237021580E-002
 0287  0.1526334896199933E-002
 0288  0.1526353173441519E-002
 0289  0.1526371443711869E-002
 0290  0.1526389698031969E-002
 0291  0.1526407939257295E-002
 0292  0.1526444751489268E-002
 0293  0.1526462655763410E-002
 0294  0.1526481074920374E-002
 0295  0.1526499388057833E-002
 0296  0.1526517591081756E-002
 0297  0.1526553413126574E-002
 0298  0.1526571018985731E-002
 0299  0.1526588502362674E-002
 0300  0.1526605860334603E-002
 0301  0.1526623556061820E-002
 0302  0.1526657760507073E-002
 0303  0.1526674708275978E-002
 0304  0.1526691494244600E-002
 0305  0.1526708122300376E-002
 0306  0.1526740622579120E-002
 0307  0.1526756495078681E-002
 0308  0.1526772212530665E-002
 0309  0.1526788111194685E-002
 0310  0.1526818779224791E-002
 0311  0.1526833879080219E-002
 0312  0.1526848808736971E-002
 0313  0.1526863569105083E-002
 0314  0.1526878440873994E-002
 0315  0.1526907094787372E-002
 0316  0.1526921153373709E-002
 0317  0.1526935040323917E-002
 0318  0.1526962042137021E-002
 0319  0.1526975167089871E-002
 0320  0.1526988134985597E-002
 0321  0.1527001155522146E-002
 0322  0.1527026250407420E-002
 0323  0.1527038534860290E-002
 0324  0.1527050664924651E-002
 0325  0.1527062642248438E-002
 0326  0.1527086082544739E-002
 0327  0.1527097538719713E-002
 0328  0.1527108846045509E-002
 0329  0.1527130800715577E-002
 0330  0.1527141457772532E-002
 0331  0.1527152115616011E-002
 0332  0.1527162632631457E-002
 0333  0.1527183165785324E-002
 0334  0.1527193063383803E-002
 0335  0.1527202950804423E-002
 0336  0.1527222134589045E-002
 0337  0.1527231440661785E-002
 0338  0.1527240727529315E-002
 0339  0.1527258744054066E-002
 0340  0.1527267482914812E-002
 0341  0.1527276108504690E-002
 0342  0.1527292940096075E-002
 0343  0.1527301147373212E-002
 0344  0.1527309248115453E-002
 0345  0.1527325051001626E-002
 0346  0.1527332754791182E-002
 0347  0.1527340359145088E-002
 0348  0.1527355254767351E-002
 0349  0.1527362481863185E-002
 0350  0.1527369676577754E-002
 0351  0.1527383641810364E-002
 0352  0.1527390419238790E-002
 0353  0.1527397163919210E-002
 0354  0.1527410259547560E-002
 0355  0.1527416664683364E-002
 0356  0.1527422987559698E-002
 0357  0.1527435355118145E-002
 0358  0.1527441357822181E-002
 0359  0.1527453059551155E-002
 0360  0.1527458761265050E-002
 0361  0.1527464428792636E-002
 0362  0.1527475439249310E-002
 0363  0.1527480820768768E-002
 0364  0.1527491279394970E-002
 0365  0.1527496391557467E-002
 0366  0.1527506358749876E-002
 0367  0.1527511216382065E-002
 0368  0.1527516041792676E-002
 0369  0.1527525449211857E-002
 0370  0.1527530033783507E-002
 0371  0.1527538996728820E-002
 0372  0.1527543376082609E-002
 0373  0.1527551896011628E-002
 0374  0.1527556059928826E-002
 0375  0.1527564201016344E-002
 0376  0.1527568179309076E-002
 0377  0.1527572128445072E-002
 0378  0.1527579814837224E-002
 0379  0.1527583571038070E-002
 0380  0.1527590914781815E-002
 0381  0.1527594503458092E-002
 0382  0.1527601519134692E-002
 0383  0.1527604947155182E-002
 0384  0.1527611648290805E-002
 0385  0.1527614933581084E-002
 0386  0.1527621354036361E-002
 0387  0.1527627534200496E-002
 0388  0.1527630553953092E-002
 0389  0.1527636465782509E-002
 0390  0.1527639358534231E-002
 0391  0.1527645013238780E-002
 0392  0.1527647783600292E-002
 0393  0.1527653198957637E-002
 0394  0.1527655851577534E-002
 0395  0.1527661042882594E-002
 0396  0.1527666055193264E-002
 0397  0.1527668507478269E-002
 0398  0.1527673312410623E-002
 0399  0.1527677952742631E-002
 0400  0.1527680225502920E-002
 0401  0.1527684678652011E-002
 0402  0.1527686859541078E-002
 0403  0.1527691135960610E-002
 0404  0.1527695273645138E-002
 0405  0.1527697301585362E-002
 0406  0.1527701277564531E-002
 0407  0.1527705124730511E-002
 0408  0.1527707010234374E-002
 0409  0.1527710711703816E-002
 0410  0.1527714295712013E-002
 0411  0.1527717768538261E-002
 0412  0.1527719473425989E-002
 0413  0.1527722819454141E-002
 0414  0.1527726062921388E-002
 0415  0.1527729210058293E-002
 0416  0.1527730755250767E-002
 0417  0.1527733789808210E-002
 0418  0.1527736736718276E-002
 0419  0.1527739598153219E-002
 0420  0.1527742376402583E-002
 0421  0.1527743741553520E-002
 0422  0.1527746425202938E-002
 0423  0.1527749033702498E-002
 0424  0.1527751569671451E-002
 0425  0.1527754035509671E-002
 0426  0.1527756434524365E-002
 0427  0.1527758768934174E-002
 0428  0.1527759917075405E-002
 0429  0.1527762176846505E-002
 0430  0.1527764376756679E-002
 0431  0.1527766519084649E-002
 0432  0.1527768605899817E-002
 0433  0.1527770632912709E-002
 0434  0.1527772598068847E-002
 0435  0.1527774503934364E-002
 0436  0.1527776352941419E-002
 0437  0.1527778147396570E-002
 0438  0.1527779889488553E-002
 0439  0.1527782399886491E-002
 0440  0.1527784008319944E-002
 0441  0.1527785571785873E-002
 0442  0.1527787091994560E-002
 0443  0.1527788570574251E-002
 0444  0.1527790009075883E-002
 0445  0.1527791408977489E-002
 0446  0.1527793432571653E-002
 0447  0.1527794733070797E-002
 0448  0.1527796000019875E-002
 0449  0.1527797234596438E-002
 0450  0.1527799022251293E-002
 0451  0.1527800173039695E-002
 0452  0.1527801295503905E-002
 0453  0.1527802922849528E-002
 0454  0.1527803971722668E-002
 0455  0.1527805493707468E-002
 0456  0.1527806475515332E-002
 0457  0.1527807901363799E-002
 0458  0.1527808821903626E-002
 0459  0.1527810159823057E-002
 0460  0.1527811024260683E-002
 0461  0.1527812281575205E-002
 0462  0.1527813094527265E-002
 0463  0.1527814277791482E-002
 0464  0.1527815416725166E-002
 0465  0.1527816153972699E-002
 0466  0.1527817228228422E-002
 0467  0.1527818263624944E-002
 0468  0.1527819262073336E-002
 0469  0.1527820225364280E-002
 0470  0.1527821155177280E-002
 0471  0.1527822053089037E-002
 0472  0.1527822920581091E-002
 0473  0.1527823759046800E-002
 0474  0.1527824569797718E-002
 0475  0.1527825354069429E-002
 0476  0.1527826113026901E-002
 0477  0.1527827085728667E-002
 0478  0.1527827787252821E-002
 0479  0.1527828467014892E-002
 0480  0.1527829339527279E-002
 0481  0.1527829969713249E-002
 0482  0.1527830779390094E-002
 0483  0.1527831554713977E-002
 0484  0.1527832297611743E-002
 0485  0.1527832835271070E-002
 0486  0.1527833527415047E-002
 0487  0.1527834191652200E-002
 0488  0.1527834829456656E-002
 0489  0.1527835590689023E-002
 0490  0.1527836172467904E-002
 0491  0.1527836732035741E-002
 0492  0.1527837401121671E-002
 0493  0.1527838037712933E-002
 0494  0.1527838643829610E-002
 0495  0.1527839221332321E-002
 0496  0.1527839771937559E-002
 0497  0.1527840297231333E-002
 0498  0.1527840798681254E-002
 0499  0.1527841370333944E-002
 0500  0.1527841910809764E-002
 0501  0.1527842422217316E-002
 0502  0.1527842984270009E-002
 0503  0.1527843438424764E-002
 0504  0.1527843938384831E-002
 0505  0.1527844472518408E-002
 0506  0.1527844909782647E-002
 0507  0.1527845377826120E-002
 0508  0.1527845866642239E-002
 0509  0.1527846318704678E-002
 0510  0.1527846781593171E-002
 0511  0.1527847206642807E-002
 0512  0.1527847634552372E-002
 0513  0.1527848091730463E-002
 0514  0.1527848501877640E-002
 0515  0.1527848923457072E-002
 0516  0.1527849319465748E-002
 0517  0.1527849727384507E-002
 0518  0.1527850127665070E-002
 0519  0.1527850518057367E-002
 0520  0.1527850899849825E-002
 0521  0.1527851029777261E-002
 0522  0.1527851029777261E-002
 0523  0.1527851029777261E-002
 0524  0.1527851029777261E-002
 0525  0.1527851029777261E-002
 0526  0.1527851029777261E-002
 0527  0.1527851029777261E-002
 0528  0.1527851029777261E-002
 0529  0.1527851029777261E-002
 0530  0.1527851029777261E-002
 0531  0.1527851029777261E-002
 0532  0.1527851029777261E-002
 0533  0.1527851029777261E-002
 0534  0.1527851029777261E-002
 0535  0.1527851029777261E-002
 0536  0.1527851029777261E-002
 0537  0.1527851029777261E-002
 0538  0.1527851029777261E-002
 0539  0.1527851029777261E-002
 0540  0.1527851029777261E-002
 0541  0.1527851029777261E-002
 0542  0.1527851029777261E-002
 0543  0.1527851029777261E-002
 0544  0.1527851029777261E-002
 0545  0.1527851029777261E-002
 0546  0.1527851029777261E-002
 0547  0.1527851029777261E-002
 0548  0.1527851029777261E-002
 0549  0.1527851029777261E-002
 0550  0.1527851029777261E-002
 0551  0.1527851029777261E-002
 0552  0.1527851029777261E-002
 0553  0.1527851029777261E-002
 0554  0.1527851029777261E-002
 0555  0.1527851029777261E-002
 0556  0.1527851029777261E-002
 0557  0.1527851029777261E-002
 0558  0.1527851029777261E-002
 0559  0.1527851029777261E-002
 0560  0.1527851029777261E-002
 0561  0.1527851029777261E-002
 0562  0.1527851029777261E-002
 0563  0.1527851029777261E-002
 0564  0.1527851029777261E-002
 0565  0.1527851029777261E-002
 0566  0.1527851029777261E-002
 0567  0.1527851029777261E-002
 0568  0.1527851029777261E-002
 0569  0.1527851029777261E-002
 0570  0.1527851029777261E-002
 0571  0.1527851029777261E-002
 0572  0.1527851029777261E-002
 0573  0.1527851029777261E-002
 0574  0.1527851029777261E-002
 0575  0.1527851029777261E-002
 0576  0.1527851029777261E-002
 0577  0.1527851029777261E-002
 0578  0.1527851029777261E-002
 0579  0.1527851029777261E-002
 0580  0.1527851029777261E-002
 0581  0.1527851029777261E-002
 0582  0.1527851029777261E-002
 0583  0.1527851029777261E-002
 0584  0.1527851029777261E-002
 0585  0.1527851029777261E-002
 0586  0.1527851029777261E-002
 0587  0.1527851029777261E-002
 0588  0.1527851029777261E-002
 0589  0.1527851029777261E-002
 0590  0.1527851029777261E-002
 0591  0.1527851029777261E-002
 0592  0.1527851029777261E-002
 0593  0.1527851029777261E-002
 0594  0.1527851029777261E-002
 0595  0.1527851029777261E-002
 0596  0.1527851029777261E-002
 0597  0.1527851029777261E-002
 0598  0.1527851029777261E-002
 0599  0.1527851029777261E-002
 0600  0.1527851029777261E-002
 0601  0.1527851029777261E-002
 0602  0.1527851029777261E-002
 0603  0.1527851029777261E-002
 0604  0.1527851029777261E-002
 0605  0.1527851029777261E-002
 0606  0.1527851029777261E-002
 0607  0.1527851029777261E-002
 0608  0.1527851029777261E-002
 0609  0.1527851029777261E-002
 0610  0.1527851029777261E-002
 0611  0.1527851029777261E-002
 0612  0.1527851029777261E-002
 0613  0.1527851029777261E-002
 0614  0.1527851029777261E-002
 0615  0.1527851029777261E-002
 0616  0.1527851029777261E-002
 0617  0.1527851029777261E-002
 0618  0.1527851029777261E-002
 0619  0.1527851029777261E-002
 0620  0.1527851029777261E-002
 0621  0.1527851029777261E-002
 0622  0.1527851029777261E-002
 0623  0.1527851029777261E-002
 0624  0.1527851029777261E-002
 0625  0.1527851029777261E-002
 0626  0.1527851029777261E-002
 0627  0.1527851029777261E-002
 0628  0.1527851029777261E-002
 0629  0.1527851029777261E-002
 0630  0.1527851029777261E-002
 0631  0.1527851029777261E-002
 0632  0.1527851029777261E-002
 0633  0.1527851029777261E-002
 0634  0.1527851029777261E-002
 0635  0.1527851029777261E-002
 0636  0.1527851029777261E-002
 0637  0.1527851029777261E-002
 0638  0.1527851029777261E-002
 0639  0.1527851029777261E-002
 0640  0.1527851029777261E-002
 0641  0.1527851029777261E-002
 0642  0.1527851029777261E-002
 0643  0.1527851029777261E-002
 0644  0.1527851029777261E-002
 0645  0.1527851029777261E-002
 0646  0.1527851029777261E-002
 0647  0.1527851029777261E-002
 0648  0.1527851029777261E-002
 0649  0.1527851029777261E-002
 0650  0.1527851029777261E-002
 0651  0.1527851029777261E-002
 0652  0.1527851029777261E-002
 0653  0.1527851029777261E-002
 0654  0.1527851029777261E-002
 0655  0.1527851029777261E-002
 0656  0.1527851029777261E-002
 0657  0.1527851029777261E-002
 0658  0.1527851029777261E-002
 0659  0.1527851029777261E-002
 0660  0.1527851029777261E-002
 0661  0.1527851029777261E-002
 0662  0.1527851029777261E-002
 0663  0.1527851029777261E-002
 0664  0.1527851029777261E-002
 0665  0.1527851029777261E-002
 0666  0.1527851029777261E-002
 0667  0.1527851029777261E-002
 0668  0.1527851029777261E-002
 0669  0.1527851029777261E-002
 0670  0.1527851029777261E-002
 0671  0.1527851029777261E-002
 0672  0.1527851029777261E-002
 0673  0.1527851029777261E-002
 0674  0.1527851029777261E-002
 0675  0.1527851029777261E-002
 0676  0.1527851029777261E-002
 0677  0.1527851029777261E-002
 0678  0.1527851029777261E-002
 0679  0.1527851029777261E-002
 0680  0.1527851029777261E-002
 0681  0.1527851029777261E-002
 0682  0.1527851029777261E-002
 0683  0.1527851029777261E-002
 0684  0.1527851029777261E-002
 0685  0.1527851029777261E-002
 0686  0.1527851029777261E-002
 0687  0.1527851029777261E-002
 0688  0.1527851029777261E-002
 0689  0.1527851029777261E-002
 0690  0.1527851029777261E-002
 0691  0.1527851029777261E-002
 0692  0.1527851029777261E-002
 0693  0.1527851029777261E-002
 0694  0.1527851029777261E-002
 0695  0.1527851029777261E-002
 0696  0.1527851029777261E-002
 0697  0.1527851029777261E-002
 0698  0.1527851029777261E-002
 0699  0.1527851029777261E-002
 0700  0.1527851029777261E-002
 0701  0.1527851029777261E-002
 0702  0.1527851029777261E-002
 0703  0.1527851029777261E-002
 0704  0.1527851029777261E-002
 0705  0.1527851029777261E-002
 0706  0.1527851029777261E-002
 0707  0.1527851029777261E-002
 0708  0.1527851029777261E-002
 0709  0.1527851029777261E-002
 0710  0.1527851029777261E-002
 0711  0.1527851029777261E-002
 0712  0.1527851029777261E-002
 0713  0.1527851029777261E-002
 0714  0.1527851029777261E-002
 0715  0.1527851029777261E-002
 0716  0.1527851029777261E-002
 0717  0.1527851029777261E-002
 0718  0.1527851029777261E-002
 0719  0.1527851029777261E-002
 0720  0.1527851029777261E-002
 0721  0.1527851029777261E-002
 0722  0.1527851029777261E-002
 0723  0.1527851029777261E-002
 0724  0.1527851029777261E-002
 0725  0.1527851029777261E-002
 0726  0.1527851029777261E-002
 0727  0.1527851029777261E-002
 0728  0.1527851029777261E-002
 0729  0.1527851029777261E-002
 0730  0.1527851029777261E-002
 0731  0.1527851029777261E-002
 0732  0.1527851029777261E-002
 0733  0.1527851029777261E-002
 0734  0.1527851029777261E-002
 0735  0.1527851029777261E-002
 0736  0.1527851029777261E-002
 0737  0.1527851029777261E-002
 0738  0.1527851029777261E-002
 0739  0.1527851029777261E-002
 0740  0.1527851029777261E-002
 0741  0.1527851029777261E-002
 0742  0.1527851029777261E-002
 0743  0.1527851029777261E-002
 0744  0.1527851029777261E-002
 0745  0.1527851029777261E-002
 0746  0.1527851029777261E-002
 0747  0.1527851029777261E-002
 0748  0.1527851029777261E-002
 0749  0.1527851029777261E-002
 0750  0.1527851029777261E-002
 0751  0.1527851029777261E-002
 0752  0.1527851029777261E-002
 0753  0.1527851029777261E-002
 0754  0.1527851029777261E-002
 0755  0.1527851029777261E-002
 0756  0.1527851029777261E-002
 0757  0.1527851029777261E-002
 0758  0.1527851029777261E-002
 0759  0.1527851029777261E-002
 0760  0.1527851029777261E-002
 0761  0.1527851029777261E-002
 0762  0.1527851029777261E-002
 0763  0.1527851029777261E-002
 0764  0.1527851029777261E-002
 0765  0.1527851029777261E-002
 0766  0.1527851029777261E-002
 0767  0.1527851029777261E-002
 0768  0.1527851029777261E-002
 0769  0.1527851029777261E-002
 0770  0.1527851029777261E-002
 0771  0.1527851029777261E-002
 0772  0.1527851029777261E-002
 0773  0.1527851029777261E-002
 0774  0.1527851029777261E-002
 0775  0.1527851029777261E-002
 0776  0.1527851029777261E-002
 0777  0.1527851029777261E-002
 0778  0.1527851029777261E-002
 0779  0.1527851029777261E-002
 0780  0.1527851029777261E-002
 0781  0.1527851029777261E-002
 0782  0.1527851029777261E-002
 0783  0.1527851029777261E-002
 0784  0.1527851029777261E-002
 0785  0.1527851029777261E-002
 0786  0.1527851029777261E-002
 0787  0.1527851029777261E-002
 0788  0.1527851029777261E-002
 0789  0.1527851029777261E-002
 0790  0.1527851029777261E-002
 0791  0.1527851029777261E-002
 0792  0.1527851029777261E-002
 0793  0.1527851029777261E-002
 0794  0.1527851029777261E-002
 0795  0.1527851029777261E-002
 0796  0.1527851029777261E-002
 0797  0.1527851029777261E-002
 0798  0.1527851029777261E-002
 0799  0.1527851029777261E-002
 0800  0.1527851029777261E-002
 0801  0.1527851029777261E-002
 0802  0.1527851029777261E-002
 0803  0.1527851029777261E-002
 0804  0.1527851029777261E-002
 0805  0.1527851029777261E-002
 0806  0.1527851029777261E-002
 0807  0.1527851029777261E-002
 0808  0.1527851029777261E-002
 0809  0.1527851029777261E-002
 0810  0.1527851029777261E-002
 0811  0.1527851029777261E-002
 0812  0.1527851029777261E-002
 0813  0.1527851029777261E-002
 0814  0.1527851029777261E-002
 0815  0.1527851029777261E-002
 0816  0.1527851029777261E-002
 0817  0.1527851029777261E-002
 0818  0.1527851029777261E-002
 0819  0.1527851029777261E-002
 0820  0.1527851029777261E-002
 0821  0.1527851029777261E-002
 0822  0.1527851029777261E-002
 0823  0.1527851029777261E-002
 0824  0.1527851029777261E-002
 0825  0.1527851029777261E-002
 0826  0.1527851029777261E-002
 0827  0.1527851029777261E-002
 0828  0.1527851029777261E-002
 0829  0.1527851029777261E-002
 0830  0.1527851029777261E-002
 0831  0.1527851029777261E-002
 0832  0.1527851029777261E-002
 0833  0.1527851029777261E-002
 0834  0.1527851029777261E-002
 0835  0.1527851029777261E-002
 0836  0.1527851029777261E-002
 0837  0.1527851029777261E-002
 0838  0.1527851029777261E-002
 0839  0.1527851029777261E-002
 0840  0.1527851029777261E-002
 0841  0.1527851029777261E-002
 0842  0.1527851029777261E-002
 0843  0.1527851029777261E-002
 0844  0.1527851029777261E-002
 0845  0.1527851029777261E-002
 0846  0.1527851029777261E-002
 0847  0.1527851029777261E-002
 0848  0.1527851029777261E-002
 0849  0.1527851029777261E-002
 0850  0.1527851029777261E-002
 0851  0.1527851029777261E-002
 0852  0.1527851029777261E-002
 0853  0.1527851029777261E-002
 0854  0.1527851029777261E-002
 0855  0.1527851029777261E-002
 0856  0.1527851029777261E-002
 0857  0.1527851029777261E-002
 0858  0.1527851029777261E-002
 0859  0.1527851029777261E-002
 0860  0.1527851029777261E-002
 0861  0.1527851029777261E-002
 0862  0.1527851029777261E-002
 0863  0.1527851029777261E-002
 0864  0.1527851029777261E-002
 0865  0.1527851029777261E-002
 0866  0.1527851029777261E-002
 0867  0.1527851029777261E-002
 0868  0.1527851029777261E-002
 0869  0.1527851029777261E-002
 0870  0.1527851029777261E-002
 0871  0.1527851029777261E-002
 0872  0.1527851029777261E-002
 0873  0.1527851029777261E-002
 0874  0.1527851029777261E-002
 0875  0.1527851029777261E-002
 0876  0.1527851029777261E-002
 0877  0.1527851029777261E-002
 0878  0.1527851029777261E-002
 0879  0.1527851029777261E-002
 0880  0.1527851029777261E-002
 0881  0.1527851029777261E-002
 0882  0.1527851029777261E-002
 0883  0.1527851029777261E-002
 0884  0.1527851029777261E-002
 0885  0.1527851029777261E-002
 0886  0.1527851029777261E-002
 0887  0.1527851029777261E-002
 0888  0.1527851029777261E-002
 0889  0.1527851029777261E-002
 0890  0.1527851029777261E-002
 0891  0.1527851029777261E-002
 0892  0.1527851029777261E-002
 0893  0.1527851029777261E-002
 0894  0.1527851029777261E-002
 0895  0.1527851029777261E-002
 0896  0.1527851029777261E-002
 0897  0.1527851029777261E-002
 0898  0.1527851029777261E-002
 0899  0.1527851029777261E-002
 0900  0.1527851029777261E-002
 0901  0.1527851029777261E-002
 0902  0.1527851029777261E-002
 0903  0.1527851029777261E-002
 0904  0.1527851029777261E-002
 0905  0.1527851029777261E-002
 0906  0.1527851029777261E-002
 0907  0.1527851029777261E-002
 0908  0.1527851029777261E-002
 0909  0.1527851029777261E-002
 0910  0.1527851029777261E-002
 0911  0.1527851029777261E-002
 0912  0.1527851029777261E-002
 0913  0.1527851029777261E-002
 0914  0.1527851029777261E-002
 0915  0.1527851029777261E-002
 0916  0.1527851029777261E-002
 0917  0.1527851029777261E-002
 0918  0.1527851029777261E-002
 0919  0.1527851029777261E-002
 0920  0.1527851029777261E-002
 0921  0.1527851029777261E-002
 0922  0.1527851029777261E-002
 0923  0.1527851029777261E-002
 0924  0.1527851029777261E-002
 0925  0.1527851029777261E-002
 0926  0.1527851029777261E-002
 0927  0.1527851029777261E-002
 0928  0.1527851029777261E-002
 0929  0.1527851029777261E-002
 0930  0.1527851029777261E-002
 0931  0.1527851029777261E-002
 0932  0.1527851029777261E-002
 0933  0.1527851029777261E-002
 0934  0.1527851029777261E-002
 0935  0.1527851029777261E-002
 0936  0.1527851029777261E-002
 0937  0.1527851029777261E-002
 0938  0.1527851029777261E-002
 0939  0.1527851029777261E-002
 0940  0.1527851029777261E-002
 0941  0.1527851029777261E-002
 0942  0.1527851029777261E-002
 0943  0.1527851029777261E-002
 0944  0.1527851029777261E-002
 0945  0.1527851029777261E-002
 0946  0.1527851029777261E-002
 0947  0.1527851029777261E-002
 0948  0.1527851029777261E-002
 0949  0.1527851029777261E-002
 0950  0.1527851029777261E-002
 0951  0.1527851029777261E-002
 0952  0.1527851029777261E-002
 0953  0.1527851029777261E-002
 0954  0.1527851029777261E-002
 0955  0.1527851029777261E-002
 0956  0.1527851029777261E-002
 0957  0.1527851029777261E-002
 0958  0.1527851029777261E-002
 0959  0.1527851029777261E-002
 0960  0.1527851029777261E-002
 0961  0.1527851029777261E-002
 0962  0.1527851029777261E-002
 0963  0.1527851029777261E-002
 0964  0.1527851029777261E-002
 0965  0.1527851029777261E-002
 0966  0.1527851029777261E-002
 0967  0.1527851029777261E-002
 0968  0.1527851029777261E-002
 0969  0.1527851029777261E-002
 0970  0.1527851029777261E-002
 0971  0.1527851029777261E-002
 0972  0.1527851029777261E-002
 0973  0.1527851029777261E-002
 0974  0.1527851029777261E-002
 0975  0.1527851029777261E-002
 0976  0.1527851029777261E-002
 0977  0.1527851029777261E-002
 0978  0.1527851029777261E-002
 0979  0.1527851029777261E-002
 0980  0.1527851029777261E-002
 0981  0.1527851029777261E-002
 0982  0.1527851029777261E-002
 0983  0.1527851029777261E-002
 0984  0.1527851029777261E-002
 0985  0.1527851029777261E-002
 0986  0.1527851029777261E-002
 0987  0.1527851029777261E-002
 0988  0.1527851029777261E-002
 0989  0.1527851029777261E-002
 0990  0.1527851029777261E-002
 0991  0.1527851029777261E-002
 0992  0.1527851029777261E-002
 0993  0.1527851029777261E-002
 0994  0.1527851029777261E-002
 0995  0.1527851029777261E-002
 0996  0.1527851029777261E-002
 0997  0.1527851029777261E-002
 0998  0.1527851029777261E-002
 0999  0.1527851029777261E-002
 1000  0.1527851029777261E-002
