  0.0000000000E+000  0.0000000000E+000
  1.7003551832E+003  2.8943009976E+004
  3.4002462777E+003  2.8773073270E+004
  5.1001857951E+003  2.8598036701E+004
  6.8002324761E+003  2.8420053749E+004
  8.5002114907E+003  2.8240708458E+004
  1.0200349974E+004  2.8061211470E+004
  1.1900257977E+004  2.7882095939E+004
  1.3600267345E+004  2.7702871714E+004
  1.5300295911E+004  2.7522793757E+004
  1.7000301068E+004  2.7341388813E+004
  1.8700214172E+004  2.7158550437E+004
  2.0400220809E+004  2.6974452623E+004
  2.2100312222E+004  2.6789251132E+004
  2.3800278312E+004  2.6603387493E+004
  2.5500329635E+004  2.6416974124E+004
  2.7200178567E+004  2.6230153331E+004
  2.8900208447E+004  2.6042988043E+004
  3.0600234688E+004  2.5855627709E+004
  3.2300305717E+004  2.5668173049E+004
  3.4000226696E+004  2.5480639442E+004
  3.5700205156E+004  2.5293087542E+004
  3.7400325751E+004  2.5105572920E+004
  3.9100328282E+004  2.4918180716E+004
  4.0800191546E+004  2.4730934177E+004
  4.2500188712E+004  2.4543854678E+004
  4.4200327341E+004  2.4357101772E+004
  4.5900188909E+004  2.4170762039E+004
  4.7600221610E+004  2.3984736862E+004
  4.9300303721E+004  2.3798939293E+004
  5.1000298385E+004  2.3613407455E+004
  5.2700192319E+004  2.3428130174E+004
  5.4400247274E+004  2.3242948666E+004
  5.6100204702E+004  2.3057906088E+004
  5.7800349827E+004  2.2872980068E+004
  5.9500189204E+004  2.2688228441E+004
  6.1200193876E+004  2.2503541261E+004
  6.2900281353E+004  2.2319027765E+004
  6.4600284543E+004  2.2134704457E+004
  6.6300277185E+004  2.1950500031E+004
  6.8000276392E+004  2.1766371369E+004
  6.9700289044E+004  2.1582297388E+004
  7.1400290299E+004  2.1398374387E+004
  7.3100293757E+004  2.1214392540E+004
  7.4800200156E+004  2.1030363864E+004
  7.6500268571E+004  2.0846295757E+004
  7.8200223970E+004  2.0662226582E+004
  7.9900298316E+004  2.0478120698E+004
  8.1600192134E+004  2.0294028278E+004
  8.3300280937E+004  2.0109894879E+004
  8.5000338406E+004  1.9925657512E+004
  8.6700205917E+004  1.9741274185E+004
  8.8400244131E+004  1.9556669289E+004
  9.0100200636E+004  1.9371839446E+004
  9.1800284138E+004  1.9186781677E+004
  9.3500256922E+004  1.9001483222E+004
  9.5200216785E+004  1.8815867143E+004
  9.6900235532E+004  1.8629912229E+004
  9.8600303958E+004  1.8443641756E+004
  1.0030034325E+005  1.8257091017E+004
  1.0200031632E+005  1.8070244736E+004
  1.0370025019E+005  1.7883190696E+004
  1.0540018341E+005  1.7695968227E+004
  1.0710027713E+005  1.7508574296E+004
  1.0880034831E+005  1.7321043105E+004
  1.1050031575E+005  1.7133414945E+004
  1.1220024127E+005  1.6945703802E+004
  1.1390028544E+005  1.6757847891E+004
  1.1560028680E+005  1.6569898973E+004
  1.1730023641E+005  1.6381895769E+004
  1.1900035152E+005  1.6193847689E+004
  1.2070033636E+005  1.6005816140E+004
  1.2240023825E+005  1.5817819599E+004
  1.2410029769E+005  1.5629877280E+004
  1.2580032397E+005  1.5442040086E+004
  1.2750027700E+005  1.5254336826E+004
  1.2920031075E+005  1.5066776690E+004
  1.3090023201E+005  1.4879405943E+004
  1.3260024460E+005  1.4692249347E+004
  1.3430029608E+005  1.4505329344E+004
  1.3600019001E+005  1.4318686122E+004
  1.3770027712E+005  1.4132309352E+004
  1.3940020757E+005  1.3946268736E+004
  1.4110033562E+005  1.3760557240E+004
  1.4280027318E+005  1.3575234460E+004
  1.4450033958E+005  1.3390298471E+004
  1.4620018086E+005 -1.5541651777E+004
  1.4790033556E+005 -1.5676078761E+004
  1.4960027900E+005 -1.5809563870E+004
  1.5130017685E+005 -1.5949584217E+004
  1.5300019626E+005 -1.6089690043E+004
  1.5470017653E+005 -1.6229317642E+004
  1.5640031736E+005 -1.6368475712E+004
  1.5810029239E+005 -1.6507133660E+004
  1.5980027275E+005 -1.6645333347E+004
  1.6150027720E+005 -1.6783236013E+004
  1.6320019025E+005 -1.6920779696E+004
  1.6490019821E+005 -1.7057969471E+004
  1.6660028196E+005 -1.7194818954E+004
  1.6830024888E+005 -1.7331325920E+004
  1.7000026922E+005 -1.7467513775E+004
  1.7170018784E+005 -1.7603440131E+004
  1.7340032581E+005 -1.7739044428E+004
  1.7510031954E+005 -1.7874322187E+004
  1.7680031726E+005 -1.8009300536E+004
  1.7850033401E+005 -1.8143989770E+004
  1.8020019403E+005 -1.8278378602E+004
  1.8190022883E+005 -1.8412418658E+004
  1.8360025165E+005 -1.8546277446E+004
  1.8530022626E+005 -1.8679904709E+004
  1.8700018117E+005 -1.8813282213E+004
  1.8870029784E+005 -1.8946414227E+004
  1.9040020894E+005 -1.9079354914E+004
  1.9210025654E+005 -1.9212289697E+004
  1.9380027791E+005 -1.9344970665E+004
  1.9550030333E+005 -1.9478299949E+004
  1.9720034418E+005 -1.9611657979E+004
  1.9890021469E+005 -1.9744861318E+004
  2.0060028088E+005 -1.9877971751E+004
  2.0230022724E+005 -2.0010952913E+004
  2.0400024615E+005 -2.0143773733E+004
  2.0570031965E+005 -2.0276433006E+004
  2.0740025833E+005 -2.0408919735E+004
  2.0910024948E+005 -2.0541253398E+004
  2.1080028822E+005 -2.0673470735E+004
  2.1250020331E+005 -2.0805519004E+004
  2.1420031812E+005 -2.0937428207E+004
  2.1590026562E+005 -2.1069188427E+004
  2.1760023111E+005 -2.1200821468E+004
  2.1930021808E+005 -2.1332331922E+004
  2.2100020379E+005 -2.1463569142E+004
  2.2270035157E+005 -2.1594741446E+004
  2.2440027958E+005 -2.1725881173E+004
  2.2610020119E+005 -2.1856979350E+004
  2.2780029013E+005 -2.1988039694E+004
  2.2950018869E+005 -2.2119029747E+004
  2.3120023166E+005 -2.2249908616E+004
  2.3290026161E+005 -2.2380652956E+004
  2.3460030807E+005 -2.2511295014E+004
  2.3630018928E+005 -2.2641830362E+004
  2.3800026143E+005 -2.2772294424E+004
  2.3970017819E+005 -2.2902666453E+004
  2.4140031562E+005 -2.3032978027E+004
  2.4310033991E+005 -2.3163217281E+004
  2.4480022549E+005 -2.3293383236E+004
  2.4650032587E+005 -2.3423504485E+004
  2.4820028545E+005 -2.3553552388E+004
  2.4990029155E+005 -2.3683540027E+004
  2.5160033863E+005 -2.3813419179E+004
  2.5330023529E+005 -2.3943196430E+004
  2.5500031201E+005 -2.4072930419E+004
  2.5670023028E+005 -2.4202603726E+004
  2.5840034257E+005 -2.4332246672E+004
  2.6010028660E+005 -2.4461827011E+004
  2.6180020917E+005 -2.4591277780E+004
  2.6350028342E+005 -2.4720736469E+004
  2.6520035077E+005 -2.4850192448E+004
  2.6690023687E+005 -2.4979627154E+004
  2.6860028921E+005 -2.5109062811E+004
  2.7030031385E+005 -2.5238502870E+004
  2.7200033733E+005 -2.5368013546E+004
  2.7370020506E+005 -2.5497511610E+004
  2.7540025610E+005 -2.5627017288E+004
  2.7710032806E+005 -2.5756515776E+004
  2.7880023876E+005 -2.5885991661E+004
  2.8050019870E+005 -2.6015480372E+004
  2.8220020650E+005 -2.6145015498E+004
  2.8390025337E+005 -2.6274514657E+004
  2.8560032973E+005 -2.6403967594E+004
  2.8730026185E+005 -2.6533361158E+004
  2.8900023692E+005 -2.6662711585E+004
  2.9070024551E+005 -2.6791939377E+004
  2.9240027187E+005 -2.6921013760E+004
  2.9410030555E+005 -2.7050065912E+004
  2.9580034630E+005 -2.7179106587E+004
  2.9750023423E+005 -2.7308129751E+004
  2.9920030051E+005 -2.7437164183E+004
  3.0090034953E+005 -2.7566141362E+004
  3.0260020820E+005 -2.7695078298E+004
  3.0430024451E+005 -2.7824062714E+004
  3.0600027668E+005 -2.7953076958E+004
  3.0770030369E+005 -2.8082115121E+004
  3.0940030600E+005 -2.8211170633E+004
  3.1110031642E+005 -2.8340204276E+004
  3.1280034023E+005 -2.8469224343E+004
  3.1450020284E+005 -2.8598252129E+004
  3.1620025446E+005 -2.8727312260E+004
  3.1790032664E+005 -2.8856389239E+004
  3.1960026752E+005 -2.8985469868E+004
  3.2130024839E+005 -2.9114589798E+004
  3.2300026967E+005 -2.9243770994E+004
  3.2470031677E+005 -2.9372995631E+004
  3.2640021569E+005 -2.9502247607E+004
  3.2810033334E+005 -2.9631552707E+004
  3.2980029891E+005 -2.9760880586E+004
  3.3150028097E+005 -2.9890253206E+004
  3.3320026654E+005 -3.0019633738E+004
  3.3490026293E+005 -3.0149031540E+004
  3.3660027661E+005 -3.0278453630E+004
  3.3830029198E+005 -3.0407900470E+004
  3.4000029045E+005 -3.0537370627E+004
  3.4170028112E+005 -3.0666881669E+004
  3.4340027512E+005 -3.0796565035E+004
  3.4510027063E+005 -3.0926300980E+004
  3.4680025575E+005 -3.1056061361E+004
  3.4850023017E+005 -3.1185838139E+004
  3.5020021062E+005 -3.1315667825E+004
  3.5190020783E+005 -3.1445638116E+004
  3.5360022204E+005 -3.1575610781E+004
  3.5530024802E+005 -3.1705654705E+004
  3.5700029663E+005 -3.1835780311E+004
  3.5870020998E+005 -3.1965974110E+004
  3.6040033134E+005 -3.2096263215E+004
  3.6210031533E+005 -3.2226890867E+004
  3.6380031831E+005 -3.2357663307E+004
  3.6550035180E+005 -3.2488503477E+004
  3.6720024551E+005 -3.2619390421E+004
  3.6890033911E+005 -3.2750349710E+004
  3.7060026926E+005 -3.2881439266E+004
  3.7230020407E+005 -3.3012351870E+004
  3.7400032888E+005 -3.3143214455E+004
  3.7570029260E+005 -3.3274112137E+004
  3.7740025367E+005 -3.3405070358E+004
  3.7910020246E+005 -3.3536088936E+004
  3.8080031731E+005 -3.3667320111E+004
  3.8250026320E+005 -3.3798772648E+004
  3.8420021042E+005 -3.3930270647E+004
  3.8590032470E+005 -3.4061831301E+004
  3.8760025991E+005 -3.4193433611E+004
  3.8930020470E+005 -3.4325096015E+004
  3.9100034263E+005 -3.4456744771E+004
  3.9270032330E+005 -3.4588695257E+004
  3.9440031594E+005 -3.4720751515E+004
  3.9610033333E+005 -3.4852880410E+004
  3.9780021174E+005 -3.4985066696E+004
  3.9950029504E+005 -3.5117337714E+004
  4.0120023297E+005 -3.5250245236E+004
  4.0290018811E+005 -3.5383057816E+004
  4.0460034978E+005 -3.5515888559E+004
  4.0630018961E+005 -3.5648756676E+004
  4.0800023091E+005 -3.5781715151E+004
  4.0970028319E+005 -3.5914753151E+004
  4.1140033995E+005 -3.6047991495E+004
  4.1310023781E+005 -3.6181309375E+004
  4.1480032149E+005 -3.6314676520E+004
  4.1650022779E+005 -3.6448062339E+004
  4.1820029954E+005 -3.6581506152E+004
  4.1990018688E+005 -3.6714992319E+004
  4.2160025789E+005 -3.6848539877E+004
  4.2330032954E+005 -3.6982425587E+004
  4.2500021737E+005 -3.7116523389E+004
  4.2670028369E+005 -3.7250802723E+004
  4.2840018559E+005 -3.7385205165E+004
  4.3010028162E+005 -3.7519814716E+004
  4.3180021782E+005 -3.7655460547E+004
  4.3350034336E+005 -3.7791078454E+004
  4.3520031791E+005 -3.7926721234E+004
  4.3690032545E+005 -3.8062435569E+004
  4.3860018662E+005 -3.8198216729E+004
  4.4030024890E+005 -3.8333808190E+004
  4.4200032849E+005 -3.8469052849E+004
  4.4370026250E+005 -3.8604754177E+004
  4.4540022095E+005 -3.8740682075E+004
  4.4710020418E+005 -3.8876780390E+004
  4.4880019638E+005 -3.9013021176E+004
  4.5050019310E+005 -3.9149983811E+004
  4.5220020761E+005 -3.9287131422E+004
  4.5390022814E+005 -3.9424082600E+004
  4.5560024926E+005 -3.9561105659E+004
  4.5730026119E+005 -3.9698213381E+004
  4.5900027134E+005 -3.9835406050E+004
  4.6070028779E+005 -3.9972734033E+004
  4.6240030619E+005 -4.0110975976E+004
  4.6410031785E+005 -4.0249493840E+004
  4.6580033251E+005 -4.0388139886E+004
  4.6750018436E+005 -4.0526890252E+004
  4.6920023080E+005 -4.0665765839E+004
  4.7090029105E+005 -4.0804876729E+004
  4.7260019085E+005 -4.0944447312E+004
  4.7430029173E+005 -4.1084204492E+004
  4.7600024787E+005 -4.1224072120E+004
  4.7770023479E+005 -4.1364047642E+004
  4.7940024384E+005 -4.1504136231E+004
  4.8110027059E+005 -4.1643776366E+004
  4.8280032733E+005 -4.1783827915E+004
  4.8450022569E+005 -4.1923925104E+004
  4.8620032382E+005 -4.2064090723E+004
  4.8790025023E+005 -4.2204291101E+004
  4.8960018479E+005 -4.2344555292E+004
  4.9130030984E+005 -4.2488775805E+004
  4.9300026747E+005 -4.2633118493E+004
  4.9470022477E+005 -4.2777255501E+004
  4.9640035239E+005 -4.2921327688E+004
  4.9810030469E+005 -4.3065360867E+004
  4.9980026351E+005 -4.3209394743E+004
  5.0150022404E+005 -4.3352010279E+004
  5.0320017970E+005 -4.3494854428E+004
  5.0490031321E+005 -4.3637927687E+004
  5.0660028526E+005 -4.3781120723E+004
  5.0830027529E+005 -4.3924438794E+004
  5.1000027850E+005 -4.4067866941E+004
  5.1170029769E+005 -4.4212279636E+004
  5.1340034383E+005 -4.4357182502E+004
  5.1510024063E+005 -4.4502194325E+004
  5.1680034524E+005 -4.4647278063E+004
  5.1850029045E+005 -4.4792374489E+004
  5.2020025620E+005 -4.4937767202E+004
  5.2190024638E+005 -4.5083377219E+004
  5.2360025579E+005 -4.5228141033E+004
  5.2530028368E+005 -4.5372858679E+004
  5.2700031718E+005 -4.5517654446E+004
  5.2870018316E+005 -4.5662546588E+004
  5.3040023834E+005 -4.5807844051E+004
  5.3210030204E+005 -4.5955604061E+004
  5.3380019065E+005 -4.6103646431E+004
  5.3550024868E+005 -4.6251721804E+004
  5.3720031146E+005 -4.6399802338E+004
  5.3890020254E+005 -4.6547878610E+004
  5.4060027382E+005 -4.6696737652E+004
  5.4230034140E+005 -4.6846365908E+004
  5.4400023737E+005 -4.6996106774E+004
  5.4570032209E+005 -4.7146006693E+004
  5.4740025243E+005 -4.7295985198E+004
  5.4910019188E+005 -4.7446017277E+004
  5.5080032632E+005 -4.7595840042E+004
  5.5250030812E+005 -4.7746707327E+004
  5.5420031680E+005 -4.7897554203E+004
  5.5590017648E+005 -4.8048154744E+004
  5.5760022988E+005 -4.8198580064E+004
  5.5930030358E+005 -4.8348860119E+004
  5.6100022451E+005 -4.8499032890E+004
  5.6270034174E+005 -4.8646901546E+004
  5.6440029942E+005 -4.8794545910E+004
  5.6610026247E+005 -4.8942510439E+004
  5.6780023706E+005 -4.9091185372E+004
  5.6950021886E+005 -4.9240053956E+004
  5.7120021104E+005 -4.9390653183E+004
  5.7290020183E+005 -4.9544751127E+004
  5.7460018921E+005 -4.9698885475E+004
  5.7630017938E+005 -4.9852789979E+004
  5.7800017833E+005 -5.0006488993E+004
  5.7970017872E+005 -5.0160007775E+004
  5.8140018123E+005 -5.0314260637E+004
  5.8310018700E+005 -5.0467714639E+004
  5.8480020684E+005 -5.0621272729E+004
  5.8650024648E+005 -5.0774806900E+004
  5.8820029491E+005 -5.0928234728E+004
  5.8990018431E+005 -5.1081503510E+004
  5.9160027311E+005 -5.1235997975E+004
  5.9330021142E+005 -5.1389953036E+004
  5.9500035216E+005 -5.1543515963E+004
  5.9670033291E+005 -5.1696815718E+004
  5.9840033709E+005 -5.1849842447E+004
  6.0010018436E+005 -5.2001623403E+004
  6.0180023069E+005 -5.2148348828E+004
  6.0350028782E+005 -5.2258372428E+004
  6.0520017673E+005 -5.2274318872E+004
  6.0690025057E+005 -5.2084500597E+004
  6.0860033287E+005 -5.1604193865E+004
  6.1030024543E+005 -5.1498108817E+004
  6.1200033718E+005 -5.1809400694E+004
  6.1370024902E+005 -5.1727691784E+004
  6.1540034229E+005 -5.1647187438E+004
  6.1710026821E+005 -5.3138147762E+004
  6.1880019660E+005 -5.6094846039E+004
  6.2050030366E+005 -5.8833169883E+004
  6.2220023925E+005 -6.3763439159E+004
  6.2390018720E+005 -6.8677147029E+004
  6.2560033150E+005 -7.3002884514E+004
  6.2730030745E+005 -7.8046537357E+004
  6.2900030267E+005 -8.3075514429E+004
  6.3070031718E+005 -8.7765492912E+004
  6.3240018542E+005 -9.0909545017E+004
  6.3410025032E+005 -9.2251613378E+004
  6.3580033449E+005 -9.0995628796E+004
  6.3750026238E+005 -8.5318743368E+004
  6.3920021009E+005 -3.2205518874E+004
  6.4090017773E+005 -2.7443041835E+004
  6.4260033268E+005 -1.8430414080E+004
  6.4430031854E+005  4.7037123043E+002
  6.4600031443E+005  3.6089195402E+004
  6.4770031954E+005  1.2622020464E+005
  6.4940033036E+005  2.5218097791E+005
  6.5110034462E+005  4.4065559353E+005
  6.5280018074E+005  7.0530263091E+005
  6.5450019644E+005  1.0770051135E+006
  6.5620022174E+005  1.5872050697E+006
  6.5790024743E+005  2.2502103313E+006
  6.5960027858E+005  3.0829264163E+006
  6.6130031275E+005  4.1377969839E+006
  6.6300018623E+005  5.4101660672E+006
  6.6470025150E+005  6.9093472297E+006
  6.6640033009E+005  8.6384699868E+006
  6.6810024757E+005  1.0523954960E+007
  6.6980018463E+005  1.2674106694E+007
  6.7150032578E+005  1.5028256087E+007
  6.7320031022E+005  1.7567920349E+007
  6.7490031142E+005  2.0270945760E+007
  6.7660033289E+005  2.3111500325E+007
  6.7830019703E+005  2.6061068520E+007
  6.8000025743E+005  2.9090866214E+007
  6.8170032897E+005  3.2170690701E+007
  6.8340023215E+005  3.5270848343E+007
  6.8510032116E+005  3.8364557141E+007
  6.8680024536E+005  4.1426202776E+007
  6.8850034743E+005  4.4434346882E+007
  6.9020027912E+005  4.7471170443E+007
  6.9190020703E+005  5.0299316367E+007
  6.9360031828E+005  5.3027221823E+007
  6.9530025892E+005  5.5644796849E+007
  6.9700020467E+005  5.8145850926E+007
  6.9870033088E+005  6.0526941710E+007
  7.0040028704E+005  6.2786119987E+007
  7.0210025721E+005  6.4924076659E+007
  7.0380024251E+005  6.6943027466E+007
  7.0550024113E+005  6.8846600217E+007
  7.0720025441E+005  7.0639799509E+007
  7.0890028485E+005  7.2328350438E+007
  7.1060034244E+005  7.3918623596E+007
  7.1230024265E+005  7.5417187727E+007
  7.1400033655E+005  7.6831018360E+007
  7.1570027226E+005  7.8166240139E+007
  7.1740022972E+005  7.9428959432E+007
  7.1910020308E+005  8.0624514062E+007
  7.2080019079E+005  8.1758310476E+007
  7.2250018191E+005  8.2836033907E+007
  7.2420018511E+005  8.3863325114E+007
  7.2590019632E+005  8.4845632776E+007
  7.2760021199E+005  8.5978552966E+007
  7.2930023085E+005  8.6894253612E+007
  7.3100024975E+005  8.7786586842E+007
  7.3270027595E+005  8.8657806549E+007
  7.3440030783E+005  8.9509904849E+007
  7.3610034551E+005  9.0344604644E+007
  7.3780021102E+005  9.1163501448E+007
  7.3950025892E+005  9.1968485931E+007
  7.4120032063E+005  9.2762289943E+007
  7.4290021860E+005  9.3549266813E+007
  7.4460030763E+005  9.4333021019E+007
  7.4630023371E+005  9.5116364883E+007
  7.4800017893E+005  9.5902009073E+007
  7.4970032352E+005  9.6692247253E+007
  7.5140031507E+005  9.7488922228E+007
  7.5310031986E+005  9.8294102344E+007
  7.5480034496E+005  9.9109693725E+007
  7.5650021168E+005  9.9937402291E+007
  7.5820027153E+005  1.0077863954E+008
  7.5990034430E+005  1.0163438387E+008
  7.6160024523E+005  1.0250552067E+008
  7.6330033344E+005  1.0339306340E+008
  7.6500025470E+005  1.0429713102E+008
  7.6670018137E+005  1.0521678933E+008
  7.6840028699E+005  1.0614934292E+008
  7.7010021743E+005  1.0709235081E+008
  7.7180033239E+005  1.0804501981E+008
  7.7350027488E+005  1.0900605195E+008
  7.7520022377E+005  1.0997437991E+008
  7.7690035143E+005  1.1094944772E+008
  7.7860031135E+005  1.1193069127E+008
  7.8030028283E+005  1.1291926527E+008
  7.8200027011E+005  1.1391488690E+008
  7.8370026864E+005  1.1491726076E+008
  7.8540028527E+005  1.1592636593E+008
  7.8710031796E+005  1.1694172136E+008
  7.8880019656E+005  1.1796254046E+008
  7.9050027308E+005  1.1898859012E+008
  7.9220018715E+005  1.2001946735E+008
  7.9390029584E+005  1.2105516669E+008
  7.9560024574E+005  1.2209511709E+008
  7.9730021239E+005  1.2313916456E+008
  7.9900019238E+005  1.2418731103E+008
  8.0070017805E+005  1.2523960921E+008
  8.0240035064E+005  1.2629597254E+008
  8.0410017896E+005  1.2735566574E+008
  8.0580019120E+005  1.2841874842E+008
  8.0750020330E+005  1.2948519283E+008
  8.0920021875E+005  1.3055533894E+008
  8.1090023937E+005  1.3162948518E+008
  8.1260026803E+005  1.3270764840E+008
  8.1430029959E+005  1.3378921727E+008
  8.1600033770E+005  1.3487412501E+008
  8.1770020550E+005  1.3596237943E+008
  8.1940026317E+005  1.3705079147E+008
  8.2110033518E+005  1.3813219928E+008
  8.2280024079E+005  1.3920401124E+008
  8.2450034055E+005  1.4026817902E+008
  8.2620027937E+005  1.4132611774E+008
  8.2790023899E+005  1.4237720733E+008
  8.2960021949E+005  1.4341950664E+008
  8.3130021505E+005  1.4445250195E+008
  8.3300022899E+005  1.4547799528E+008
  8.3470025949E+005  1.4649814541E+008
  8.3640030778E+005  1.4751348336E+008
  8.3810019012E+005  1.4852238594E+008
  8.3980025796E+005  1.4952290848E+008
  8.4150033144E+005  1.5051401448E+008
  8.4320023963E+005  1.5149649672E+008
  8.4490032941E+005  1.5247233692E+008
  8.4660024701E+005  1.5344248724E+008
  8.4830034220E+005  1.5440713434E+008
  8.5000026806E+005  1.5536510368E+008
  8.5170020251E+005  1.5631552514E+008
  8.5340031691E+005  1.5725823938E+008
  8.5510026071E+005  1.5819341881E+008
  8.5680020992E+005  1.5912152724E+008
  8.5850034834E+005  1.6004248299E+008
  8.6020032467E+005  1.6095536932E+008
  8.6190030979E+005  1.6185954760E+008
  8.6360031243E+005  1.6275487174E+008
  8.6530033150E+005  1.6364202065E+008
  8.6700019563E+005  1.6452213501E+008
  8.6870025470E+005  1.6539641061E+008
  8.7040033132E+005  1.6626511173E+008
  8.7210024607E+005  1.6712787726E+008
  8.7380017920E+005  1.6798400803E+008
  8.7550030237E+005  1.6883278616E+008
  8.7720026182E+005  1.6967359625E+008
  8.7890022895E+005  1.7050649929E+008
  8.8060020446E+005  1.7133169028E+008
  8.8230018997E+005  1.7214933738E+008
  8.8400018163E+005  1.7295944246E+008
  8.8570017939E+005  1.7376189091E+008
  8.8740017750E+005  1.7455662686E+008
  8.8910018213E+005  1.7534383546E+008
  8.9080019423E+005  1.7612398174E+008
  8.9250020984E+005  1.7689769223E+008
  8.9420023120E+005  1.7766551858E+008
  8.9590025778E+005  1.7842771248E+008
  8.9760029713E+005  1.7918412300E+008
  8.9930035034E+005  1.7993426182E+008
  9.0100023915E+005  1.8067744906E+008
  9.0270031732E+005  1.8141337076E+008
  9.0440023899E+005  1.8214168829E+008
  9.0610017818E+005  1.8286257575E+008
  9.0780031358E+005  1.8357639846E+008
  9.0950028674E+005  1.8428335528E+008
  9.1120027543E+005  1.8498381292E+008
  9.1290028191E+005  1.8567794456E+008
  9.1460030230E+005  1.8636580443E+008
  9.1630033584E+005  1.8704738154E+008
  9.1800020104E+005  1.8772258757E+008
  9.1970025272E+005  1.8839158018E+008
  9.2140031331E+005  1.8905434586E+008
  9.2310020293E+005  1.8971089316E+008
  9.2480027583E+005  1.9036142832E+008
  9.2650034957E+005  1.9100591261E+008
  9.2820025323E+005  1.9164425918E+008
  9.2990033943E+005  1.9227652390E+008
  9.3160025549E+005  1.9290237678E+008
  9.3330035158E+005  1.9352207030E+008
  9.3500028018E+005  1.9413573247E+008
  9.3670021701E+005  1.9474378355E+008
  9.3840034706E+005  1.9534671750E+008
  9.4010031058E+005  1.9594487256E+008
  9.4180028672E+005  1.9653878966E+008
  9.4350028074E+005  1.9712889497E+008
  9.4520029284E+005  1.9771552736E+008
  9.4690032446E+005  1.9829894496E+008
  9.4860019388E+005  1.9887932560E+008
  9.5030025508E+005  1.9945720693E+008
  9.5200033368E+005  2.0003112520E+008
  9.5370025005E+005  2.0059178404E+008
  9.5540017861E+005  2.0113245098E+008
  9.5710029044E+005  2.0165205674E+008
  9.5880023613E+005  2.0215272285E+008
  9.6050019009E+005  2.0263785978E+008
  9.6220032844E+005  2.0311081366E+008
  9.6390029404E+005  2.0357430549E+008
  9.6560026531E+005  2.0403062437E+008
  9.6730023956E+005  2.0448145641E+008
  9.6900022276E+005  2.0492765135E+008
  9.7070020900E+005  2.0536923626E+008
  9.7240020048E+005  2.0580581690E+008
  9.7410019977E+005  2.0623652481E+008
  9.7580020651E+005  2.0666030401E+008
  9.7750022841E+005  2.0707625570E+008
  9.7920026213E+005  2.0748385514E+008
  9.8090030899E+005  2.0788304267E+008
  9.8260019598E+005  2.0827413302E+008
  9.8430027808E+005  2.0865786857E+008
  9.8600020237E+005  2.0903501807E+008
  9.8770031721E+005  2.0940659269E+008
  9.8940026994E+005  2.0977344290E+008
  9.9110023706E+005  2.1013650341E+008
  9.9280022083E+005  2.1049651391E+008
  9.9450021468E+005  2.1085382213E+008
  9.9620021936E+005  2.1120844404E+008
  9.9790023126E+005  2.1156019508E+008
  9.9960025646E+005  2.1190876196E+008
  1.0013002878E+006  2.1225358131E+008
  1.0030003246E+006  2.1259397415E+008
  1.0047001887E+006  2.1292926245E+008
  1.0064002328E+006  2.1325901298E+008
  1.0081002847E+006  2.1358289206E+008
  1.0098003399E+006  2.1390082148E+008
  1.0115002229E+006  2.1421289694E+008
  1.0132002911E+006  2.1451945950E+008
  1.0149001916E+006  2.1482079895E+008
  1.0166002823E+006  2.1511745477E+008
  1.0183002090E+006  2.1540988488E+008
  1.0200003257E+006  2.1569867818E+008
  1.0217002803E+006  2.1598428521E+008
  1.0234002534E+006  2.1626722691E+008
  1.0251002413E+006  2.1654797587E+008
  1.0268002463E+006  2.1682685144E+008
  1.0285002624E+006  2.1710399516E+008
  1.0302002956E+006  2.1737940978E+008
  1.0319003431E+006  2.1765300302E+008
  1.0336002280E+006  2.1792460370E+008
  1.0353002989E+006  2.1819406988E+008
  1.0370002010E+006  2.1846102573E+008
  1.0387002907E+006  2.1872515849E+008
  1.0404002111E+006  2.1898604861E+008
  1.0421003127E+006  2.1924342788E+008
  1.0438002412E+006  2.1949699087E+008
  1.0455003503E+006  2.1974662335E+008
  1.0472002898E+006  2.1999219610E+008
  1.0489002352E+006  2.2023374197E+008
  1.0506001843E+006  2.2047134010E+008
  1.0523003177E+006  2.2070515248E+008
  1.0540002860E+006  2.2093531140E+008
  1.0557002639E+006  2.2116205089E+008
  1.0574002565E+006  2.2138559824E+008
  1.0591002583E+006  2.2160618692E+008
  1.0608002774E+006  2.2182405157E+008
  1.0625003121E+006  2.2203941760E+008
  1.0642001869E+006  2.2225247466E+008
  1.0659002529E+006  2.2246345896E+008
  1.0676003332E+006  2.2267251616E+008
  1.0693002522E+006  2.2287976423E+008
  1.0710001856E+006  2.2308533622E+008
  1.0727003091E+006  2.2328932976E+008
  1.0744002661E+006  2.2349173967E+008
  1.0761002311E+006  2.2369259314E+008
  1.0778002061E+006  2.2389186899E+008
  1.0795001899E+006  2.2408951362E+008
  1.0812001789E+006  2.2428544907E+008
  1.0829003477E+006  2.2447960067E+008
  1.0846003449E+006  2.2467182382E+008
  1.0863003464E+006  2.2486203122E+008
  1.0880001809E+006  2.2505010032E+008
  1.0897001931E+006  2.2523597523E+008
  1.0914002139E+006  2.2541955885E+008
  1.0931002435E+006  2.2560079171E+008
  1.0948002857E+006  2.2577963623E+008
  1.0965003396E+006  2.2595607457E+008
  1.0982002290E+006  2.2613009127E+008
  1.0999003087E+006  2.2630175842E+008
  1.1016002291E+006  2.2647108925E+008
  1.1033003413E+006  2.2663817784E+008
  1.1050002906E+006  2.2680306018E+008
  1.1067002543E+006  2.2696583350E+008
  1.1084002328E+006  2.2712658404E+008
  1.1101002273E+006  2.2728540244E+008
  1.1118002340E+006  2.2744238088E+008
  1.1135002515E+006  2.2759761149E+008
  1.1152002790E+006  2.2775118449E+008
  1.1169003144E+006  2.2790318613E+008
  1.1186001834E+006  2.2805368276E+008
  1.1203002314E+006  2.2820278056E+008
  1.1220002854E+006  2.2835053273E+008
  1.1237003418E+006  2.2849699934E+008
  1.1254002277E+006  2.2864221705E+008
  1.1271002977E+006  2.2878625858E+008
  1.1288001968E+006  2.2892912695E+008
  1.1305002782E+006  2.2907087569E+008
  1.1322001930E+006  2.2921149040E+008
  1.1339002955E+006  2.2935100653E+008
  1.1356002328E+006  2.2948939356E+008
  1.1373001818E+006  2.2962665783E+008
  1.1390003178E+006  2.2976279937E+008
  1.1407002939E+006  2.2989777202E+008
  1.1424002858E+006  2.3003156862E+008
  1.1441002922E+006  2.3016416597E+008
  1.1458003134E+006  2.3029554059E+008
  1.1475003489E+006  2.3042567009E+008
  1.1492002252E+006  2.3055452123E+008
  1.1509002897E+006  2.3068210315E+008
  1.1526001887E+006  2.3080837647E+008
  1.1543002721E+006  2.3093335896E+008
  1.1560001886E+006  2.3105702150E+008
  1.1577002890E+006  2.3117939474E+008
  1.1594002186E+006  2.3130047999E+008
  1.1611003279E+006  2.3142031818E+008
  1.1628002683E+006  2.3153890210E+008
  1.1645002140E+006  2.3165626618E+008
  1.1662003435E+006  2.3177244917E+008
  1.1679003029E+006  2.3188745759E+008
  1.1696002666E+006  2.3200133736E+008
  1.1713002402E+006  2.3211412600E+008
  1.1730002231E+006  2.3222586313E+008
  1.1747002168E+006  2.3233658997E+008
  1.1764002224E+006  2.3244634915E+008
  1.1781002388E+006  2.3255518446E+008
  1.1798002721E+006  2.3266314013E+008
  1.1815003212E+006  2.3277026009E+008
  1.1832002103E+006  2.3287657635E+008
  1.1849002886E+006  2.3298215373E+008
  1.1866002057E+006  2.3308701204E+008
  1.1883003129E+006  2.3319121284E+008
  1.1900002583E+006  2.3329477247E+008
  1.1917002121E+006  2.3339773690E+008
  1.1934003523E+006  2.3350017203E+008
  1.1951003241E+006  2.3360216673E+008
  1.1968003059E+006  2.3370375930E+008
  1.1985002948E+006  2.3380496370E+008
  1.2002002869E+006  2.3390579000E+008
  1.2019002860E+006  2.3400624558E+008
  1.2036002904E+006  2.3410633167E+008
  1.2053003010E+006  2.3420604746E+008
  1.2070003171E+006  2.3430538846E+008
  1.2087003380E+006  2.3440434608E+008
  1.2104001910E+006  2.3450289793E+008
  1.2121002311E+006  2.3460104902E+008
  1.2138002811E+006  2.3469877052E+008
  1.2155003419E+006  2.3479604132E+008
  1.2172002397E+006  2.3489282787E+008
  1.2189003268E+006  2.3498912420E+008
  1.2206002558E+006  2.3508488268E+008
  1.2223001972E+006  2.3518008398E+008
  1.2240003303E+006  2.3527470932E+008
  1.2257002996E+006  2.3536870891E+008
  1.2274002838E+006  2.3546206395E+008
  1.2291002819E+006  2.3555474617E+008
  1.2308002904E+006  2.3564672729E+008
  1.2325003083E+006  2.3573798026E+008
  1.2342003346E+006  2.3582847881E+008
  1.2359001936E+006  2.3591818884E+008
  1.2376002379E+006  2.3600710701E+008
  1.2393002861E+006  2.3609520433E+008
  1.2410003393E+006  2.3618246405E+008
  1.2427002221E+006  2.3626886288E+008
  1.2444002885E+006  2.3635440667E+008
  1.2461001834E+006  2.3643906775E+008
  1.2478002611E+006  2.3652285641E+008
  1.2495003438E+006  2.3660575882E+008
  1.2512002627E+006  2.3668776467E+008
  1.2529001891E+006  2.3676888148E+008
  1.2546003045E+006  2.3684911928E+008
  1.2563002541E+006  2.3692846477E+008
  1.2580002187E+006  2.3700693157E+008
  1.2597001989E+006  2.3708452611E+008
  1.2614001938E+006  2.3716125657E+008
  1.2631002017E+006  2.3723713141E+008
  1.2648002238E+006  2.3731216149E+008
  1.2665002600E+006  2.3738635934E+008
  1.2682003083E+006  2.3745973679E+008
  1.2699001913E+006  2.3753229851E+008
  1.2716002600E+006  2.3760407211E+008
  1.2733003390E+006  2.3767506396E+008
  1.2750002506E+006  2.3774528000E+008
  1.2767003471E+006  2.3781474853E+008
  1.2784002735E+006  2.3788346881E+008
  1.2801002027E+006  2.3795146162E+008
  1.2818003166E+006  2.3801874757E+008
  1.2835002576E+006  2.3808532598E+008
  1.2852002058E+006  2.3815121683E+008
  1.2869003348E+006  2.3821643932E+008
  1.2886002933E+006  2.3828099209E+008
  1.2903002619E+006  2.3834489368E+008
  1.2920002429E+006  2.3840815502E+008
  1.2937002333E+006  2.3847078613E+008
  1.2954002362E+006  2.3853279666E+008
  1.2971002519E+006  2.3859419551E+008
  1.2988002825E+006  2.3865502745E+008
  1.3005003283E+006  2.3871537299E+008
  1.3022002081E+006  2.3877523620E+008
  1.3039002785E+006  2.3883463694E+008
  1.3056001862E+006  2.3889356932E+008
  1.3073002846E+006  2.3895205101E+008
  1.3090002190E+006  2.3901007434E+008
  1.3107003391E+006  2.3906765485E+008
  1.3124002940E+006  2.3912478345E+008
  1.3141002572E+006  2.3918146799E+008
  1.3158002290E+006  2.3923770969E+008
  1.3175002045E+006  2.3929350894E+008
  1.3192001854E+006  2.3934886568E+008
  1.3209003473E+006  2.3940378497E+008
  1.3226003399E+006  2.3945825432E+008
  1.3243003369E+006  2.3951227781E+008
  1.3260003419E+006  2.3956585357E+008
  1.3277003528E+006  2.3961897929E+008
  1.3294001962E+006  2.3967164731E+008
  1.3311002281E+006  2.3972386611E+008
  1.3328002687E+006  2.3977562830E+008
  1.3345003202E+006  2.3982693128E+008
  1.3362002064E+006  2.3987776738E+008
  1.3379002831E+006  2.3992814512E+008
  1.3396001989E+006  2.3997805227E+008
  1.3413003042E+006  2.4002749760E+008
  1.3430002459E+006  2.4007646992E+008
  1.3447002019E+006  2.4012497411E+008
  1.3464003499E+006  2.4017301521E+008
  1.3481003327E+006  2.4022058377E+008
  1.3498003259E+006  2.4026768596E+008
  1.3515003260E+006  2.4031432358E+008
  1.3532003374E+006  2.4036049847E+008
  1.3549001785E+006  2.4040620923E+008
  1.3566002034E+006  2.4045146923E+008
  1.3583002320E+006  2.4049627804E+008
  1.3600002673E+006  2.4054064084E+008
  1.3617003104E+006  2.4058456288E+008
  1.3634001818E+006  2.4062804670E+008
  1.3651002360E+006  2.4067110786E+008
  1.3668002959E+006  2.4071374910E+008
  1.3685001872E+006  2.4075597388E+008
  1.3702002650E+006  2.4079779950E+008
  1.3719003527E+006  2.4083923021E+008
  1.3736002726E+006  2.4088026957E+008
  1.3753002061E+006  2.4092093165E+008
  1.3770003298E+006  2.4096123021E+008
  1.3787002912E+006  2.4100116668E+008
  1.3804002678E+006  2.4104075491E+008
  1.3821002552E+006  2.4108000556E+008
  1.3838002579E+006  2.4111892858E+008
  1.3855002733E+006  2.4115753403E+008
  1.3872003018E+006  2.4119583210E+008
  1.3889003402E+006  2.4123383283E+008
  1.3906002104E+006  2.4127154248E+008
  1.3923002670E+006  2.4130897836E+008
  1.3940003334E+006  2.4134614597E+008
  1.3957002299E+006  2.4138305043E+008
  1.3974003079E+006  2.4141970847E+008
  1.3991002147E+006  2.4145612128E+008
  1.4008003047E+006  2.4149230433E+008
  1.4025002254E+006  2.4152825914E+008
  1.4042003269E+006  2.4156400131E+008
  1.4059002581E+006  2.4159953068E+008
  1.4076001961E+006  2.4163485760E+008
  1.4093003211E+006  2.4166999192E+008
  1.4110002799E+006  2.4170493176E+008
  1.4127002459E+006  2.4173968541E+008
  1.4144002255E+006  2.4177425702E+008
  1.4161002178E+006  2.4180864993E+008
  1.4178002248E+006  2.4184286709E+008
  1.4195002448E+006  2.4187691082E+008
  1.4212002779E+006  2.4191078338E+008
  1.4229003239E+006  2.4194448485E+008
  1.4246002082E+006  2.4197801304E+008
  1.4263002804E+006  2.4201137508E+008
  1.4280001861E+006  2.4204456372E+008
  1.4297002785E+006  2.4207758514E+008
  1.4314002022E+006  2.4211043021E+008
  1.4331003139E+006  2.4214310601E+008
  1.4348002549E+006  2.4217560308E+008
  1.4365002024E+006  2.4220792288E+008
  1.4382003318E+006  2.4224006635E+008
  1.4399002914E+006  2.4227202397E+008
  1.4416002575E+006  2.4230379425E+008
  1.4433002290E+006  2.4233532164E+008
  1.4450002051E+006  2.4236658504E+008
  1.4467001878E+006  2.4239758247E+008
  1.4484001802E+006  2.4242831143E+008
  1.4501001827E+006  2.4245876902E+008
  1.4518001954E+006  2.4248895246E+008
  1.4535002173E+006  2.4251885970E+008
  1.4552002542E+006  2.4254848797E+008
  1.4569003044E+006  2.4257783476E+008
  1.4586001919E+006  2.4260689471E+008
  1.4603002682E+006  2.4263567129E+008
  1.4620001784E+006  2.4266415676E+008
  1.4637002811E+006  2.4269235505E+008
  1.4654002187E+006  2.4272025820E+008
  1.4671003444E+006  2.4274787084E+008
  1.4688003032E+006  2.4277518657E+008
  1.4705002722E+006  2.4280220887E+008
  1.4722002509E+006  2.4282893640E+008
  1.4739002386E+006  2.4285536967E+008
  1.4756002307E+006  2.4288150972E+008
  1.4773002287E+006  2.4290736302E+008
  1.4790002324E+006  2.4293293842E+008
  1.4807002414E+006  2.4295823691E+008
  1.4824002568E+006  2.4298326121E+008
  1.4841002764E+006  2.4300801355E+008
  1.4858003050E+006  2.4303249683E+008
  1.4875003414E+006  2.4305671428E+008
  1.4892002119E+006  2.4308066704E+008
  1.4909002685E+006  2.4310436301E+008
  1.4926003347E+006  2.4312780651E+008
  1.4943002360E+006  2.4315099997E+008
  1.4960003270E+006  2.4317395219E+008
  1.4977002544E+006  2.4319666315E+008
  1.4994001940E+006  2.4321914034E+008
  1.5011003229E+006  2.4324139283E+008
  1.5028002884E+006  2.4326341893E+008
  1.5045002698E+006  2.4328522783E+008
  1.5062002614E+006  2.4330682545E+008
  1.5079002635E+006  2.4332821778E+008
  1.5096002743E+006  2.4334941075E+008
  1.5113002943E+006  2.4337040883E+008
  1.5130003235E+006  2.4339122106E+008
  1.5147001802E+006  2.4341185042E+008
  1.5164002186E+006  2.4343230716E+008
  1.5181002638E+006  2.4345259538E+008
  1.5198003168E+006  2.4347272126E+008
  1.5215001989E+006  2.4349268844E+008
  1.5232002638E+006  2.4351250770E+008
  1.5249003342E+006  2.4353218263E+008
  1.5266002364E+006  2.4355171716E+008
  1.5283003242E+006  2.4357112114E+008
  1.5300002433E+006  2.4359039617E+008
  1.5317003491E+006  2.4360955221E+008
  1.5334002881E+006  2.4362859009E+008
  1.5351002426E+006  2.4364751719E+008
  1.5368002089E+006  2.4366633811E+008
  1.5385001898E+006  2.4368505761E+008
  1.5402001827E+006  2.4370368047E+008
  1.5419001890E+006  2.4372221003E+008
  1.5436002085E+006  2.4374065142E+008
  1.5453002395E+006  2.4375900865E+008
  1.5470002797E+006  2.4377728532E+008
  1.5487003297E+006  2.4379548480E+008
  1.5504002116E+006  2.4381360804E+008
  1.5521002799E+006  2.4383166324E+008
  1.5538001798E+006  2.4384964796E+008
  1.5555002605E+006  2.4386756850E+008
  1.5572003485E+006  2.4388542516E+008
  1.5589002663E+006  2.4390321819E+008
  1.5606001898E+006  2.4392095165E+008
  1.5623002959E+006  2.4393862776E+008
  1.5640002290E+006  2.4395624517E+008
  1.5657003473E+006  2.4397380857E+008
  1.5674002977E+006  2.4399131522E+008
  1.5691002581E+006  2.4400876774E+008
  1.5708002266E+006  2.4402616593E+008
  1.5725002067E+006  2.4404351115E+008
  1.5742001993E+006  2.4406080286E+008
  1.5759002065E+006  2.4407804075E+008
  1.5776002246E+006  2.4409522487E+008
  1.5793002549E+006  2.4411235534E+008
  1.5810002977E+006  2.4412943165E+008
  1.5827001770E+006  2.4414645062E+008
  1.5844002461E+006  2.4416341543E+008
  1.5861003241E+006  2.4418032323E+008
  1.5878002360E+006  2.4419717124E+008
  1.5895003345E+006  2.4421396185E+008
  1.5912002652E+006  2.4423069069E+008
  1.5929002039E+006  2.4424735764E+008
  1.5946003247E+006  2.4426396322E+008
  1.5963002741E+006  2.4428050274E+008
  1.5980002305E+006  2.4429697671E+008
  1.5997001929E+006  2.4431338396E+008
  1.6014003372E+006  2.4432972443E+008
  1.6031003117E+006  2.4434599454E+008
  1.6048002909E+006  2.4436219429E+008
  1.6065002811E+006  2.4437832264E+008
  1.6082002790E+006  2.4439437850E+008
  1.6099002870E+006  2.4441036083E+008
  1.6116003040E+006  2.4442626827E+008
  1.6133003334E+006  2.4444210075E+008
  1.6150001990E+006  2.4445785556E+008
  1.6167002544E+006  2.4447353542E+008
  1.6184003207E+006  2.4448913823E+008
  1.6201002224E+006  2.4450466194E+008
  1.6218003146E+006  2.4452010976E+008
  1.6235002429E+006  2.4453547837E+008
  1.6252001819E+006  2.4455076943E+008
  1.6269003066E+006  2.4456598471E+008
  1.6286002648E+006  2.4458112135E+008
  1.6303002333E+006  2.4459618130E+008
  1.6320002094E+006  2.4461116528E+008
  1.6337001924E+006  2.4462607430E+008
  1.6354001787E+006  2.4464090903E+008
  1.6371003507E+006  2.4465567144E+008
  1.6388003510E+006  2.4467035975E+008
  1.6405001804E+006  2.4468496598E+008
  1.6422001915E+006  2.4469942451E+008
  1.6439002102E+006  2.4471372417E+008
  1.6456002362E+006  2.4472786883E+008
  1.6473002729E+006  2.4474186226E+008
  1.6490003169E+006  2.4475570820E+008
  1.6507001938E+006  2.4476940903E+008
  1.6524002588E+006  2.4478297161E+008
  1.6541003352E+006  2.4479639863E+008
  1.6558002482E+006  2.4480969254E+008
  1.6575003491E+006  2.4482285986E+008
  1.6592002855E+006  2.4483590173E+008
  1.6609002352E+006  2.4484882365E+008
  1.6626001980E+006  2.4486162872E+008
  1.6643003502E+006  2.4487432278E+008
  1.6660003345E+006  2.4488690697E+008
  1.6677003286E+006  2.4489938647E+008
  1.6694003318E+006  2.4491176509E+008
  1.6711003439E+006  2.4492404646E+008
  1.6728001847E+006  2.4493623335E+008
  1.6745002089E+006  2.4494833160E+008
  1.6762002378E+006  2.4496034366E+008
  1.6779002766E+006  2.4497227311E+008
  1.6796003200E+006  2.4498412338E+008
  1.6813001926E+006  2.4499589612E+008
  1.6830002475E+006  2.4500759833E+008
  1.6847003099E+006  2.4501923157E+008
  1.6864002045E+006  2.4503079767E+008
  1.6881002836E+006  2.4504230200E+008
  1.6898001933E+006  2.4505374509E+008
  1.6915002913E+006  2.4506513219E+008
  1.6932002253E+006  2.4507646377E+008
  1.6949003493E+006  2.4508774492E+008
  1.6966003086E+006  2.4509897588E+008
  1.6983002790E+006  2.4511016033E+008
  1.7000002625E+006  2.4512130060E+008
  1.7017002596E+006  2.4513239891E+008
  1.7034002664E+006  2.4514345718E+008
  1.7051002840E+006  2.4515447744E+008
  1.7068003094E+006  2.4516546150E+008
  1.7085003464E+006  2.4517641111E+008
  1.7102002147E+006  2.4518732691E+008
  1.7119002691E+006  2.4519821268E+008
  1.7136003289E+006  2.4520906816E+008
  1.7153002185E+006  2.4521989377E+008
  1.7170002910E+006  2.4523069295E+008
  1.7187001935E+006  2.4524146458E+008
  1.7204002771E+006  2.4525221180E+008
  1.7221001889E+006  2.4526293353E+008
  1.7238002844E+006  2.4527363279E+008
  1.7255002111E+006  2.4528430813E+008
  1.7272003256E+006  2.4529496249E+008
  1.7289002706E+006  2.4530559422E+008
  1.7306002260E+006  2.4531620480E+008
  1.7323001935E+006  2.4532679511E+008
  1.7340003498E+006  2.4533736678E+008
  1.7357003413E+006  2.4534791797E+008
  1.7374003428E+006  2.4535845021E+008
  1.7391001791E+006  2.4536896287E+008
  1.7408002059E+006  2.4537945850E+008
  1.7425002460E+006  2.4538993649E+008
  1.7442002954E+006  2.4540039719E+008
  1.7459001795E+006  2.4541083992E+008
  1.7476002495E+006  2.4542126725E+008
  1.7493003308E+006  2.4543167850E+008
  1.7510002416E+006  2.4544207334E+008
  1.7527003351E+006  2.4545245387E+008
  1.7544002572E+006  2.4546281854E+008
  1.7561001858E+006  2.4547316895E+008
  1.7578002987E+006  2.4548350673E+008
  1.7595002396E+006  2.4549383032E+008
  1.7612001865E+006  2.4550414138E+008
  1.7629003174E+006  2.4551444181E+008
  1.7646002798E+006  2.4552473031E+008
  1.7663002503E+006  2.4553500884E+008
  1.7680002289E+006  2.4554527836E+008
  1.7697002153E+006  2.4555553997E+008
  1.7714002127E+006  2.4556579484E+008
  1.7731002224E+006  2.4557604434E+008
  1.7748002432E+006  2.4558628982E+008
  1.7765002775E+006  2.4559653284E+008
