  0.0000000000E+000  0.0000000000E+000
  1.7002693743E+003  2.5568665162E+034
  3.4002980120E+003  2.5569089913E+034
  5.1002433261E+003  2.5569089913E+034
  6.8002443303E+003  2.5569089913E+034
  8.5001828839E+003  2.5569089913E+034
  1.0200227349E+004  2.5569089913E+034
  1.1900197316E+004  2.5569089913E+034
  1.3600268878E+004  2.5569511413E+034
  1.5300210905E+004  2.5569511413E+034
  1.7000199967E+004  2.5569511413E+034
  1.8700196976E+004  2.5569511413E+034
  2.0400174701E+004  2.5569511413E+034
  2.2100309349E+004  2.5569511413E+034
  2.3800287851E+004  2.5569511413E+034
  2.5500218934E+004  2.5569511413E+034
  2.7200287876E+004  2.5569511413E+034
  2.8900194154E+004  2.5569511413E+034
  3.0600214927E+004  2.5569511413E+034
  3.2300270357E+004  2.5569511413E+034
  3.4000292345E+004  2.5569511413E+034
  3.5700260653E+004  2.5569511413E+034
  3.7400270003E+004  2.5569511413E+034
  3.9100316131E+004  2.5569511413E+034
  4.0800241558E+004  2.5569511413E+034
  4.2500305681E+004  2.5569511413E+034
  4.4200222792E+004  2.5569511413E+034
  4.5900212934E+004  2.5569511413E+034
  4.7600222911E+004  2.5569511413E+034
  4.9300200374E+004  2.5569511413E+034
  5.1000218647E+004  2.5569511413E+034
  5.2700315186E+004  2.5569511413E+034
  5.4400264597E+004  2.5569511413E+034
  5.6100222226E+004  2.5569511413E+034
  5.7800218694E+004  2.5569511413E+034
  5.9500220954E+004  2.5569511413E+034
  6.1200317875E+004  2.5569511413E+034
  6.2900250518E+004  2.5569511413E+034
  6.4600237455E+004  2.5569511413E+034
  6.6300212427E+004  2.5569511413E+034
  6.8000222584E+004  2.5569511413E+034
  6.9700252289E+004  2.5569511413E+034
  7.1400179856E+004  2.5569511413E+034
  7.3100275139E+004  2.5569511413E+034
  7.4800230174E+004  2.5569511413E+034
  7.6500335669E+004  2.5569511413E+034
  7.8200260440E+004  2.5569511413E+034
  7.9900271404E+004  2.5569511413E+034
  8.1600289772E+004  2.5569511413E+034
  8.3300199750E+004  2.5569511413E+034
  8.5000241671E+004  2.5569511413E+034
  8.6700194634E+004  2.5569511413E+034
  8.8400335437E+004  2.5569511413E+034
  9.0100265142E+004  2.5569511413E+034
  9.1800181755E+004  2.5569511413E+034
  9.3500256106E+004  2.5569511413E+034
  9.5200218782E+004  2.5569511413E+034
  9.6900339203E+004  2.5569511413E+034
  9.8600277965E+004  2.5569511413E+034
  1.0030020820E+005  2.5569511413E+034
  1.0200030091E+005  2.5569511413E+034
  1.0370030860E+005  2.5569511413E+034
  1.0540019580E+005  2.5569511413E+034
  1.0710017218E+005  2.5569511413E+034
  1.0880031600E+005  2.5569511413E+034
  1.1050020095E+005  2.5569511413E+034
  1.1220032238E+005  2.5569511413E+034
  1.1390017580E+005  2.5569511413E+034
  1.1560033813E+005  2.5569511413E+034
  1.1730026453E+005  2.5569511413E+034
  1.1900025627E+005  2.5569511413E+034
  1.2070022095E+005  2.5569511413E+034
  1.2240018195E+005  2.5569511413E+034
  1.2410029964E+005  2.5569511413E+034
  1.2580020283E+005  2.5569511413E+034
  1.2750021241E+005  2.5569511413E+034
  1.2920029646E+005  2.5569511413E+034
  1.3090017776E+005  2.5569511413E+034
  1.3260024837E+005  2.5569511413E+034
  1.3430022019E+005  2.5569511413E+034
  1.3600025899E+005  2.5569511413E+034
  1.3770020926E+005  2.5569511413E+034
  1.3940026133E+005  2.5569511413E+034
  1.4110022756E+005  2.5569511413E+034
  1.4280022874E+005  2.5569511413E+034
  1.4450021909E+005  2.5569511413E+034
  1.4620018752E+005  2.5569511413E+034
  1.4790031461E+005  2.5569511413E+034
  1.4960021004E+005  2.5569511413E+034
  1.5130022652E+005  2.5569511413E+034
  1.5300018730E+005  2.5569511413E+034
  1.5470029916E+005  2.5569511413E+034
  1.5640027896E+005  2.5569511413E+034
  1.5810031939E+005  2.5569511413E+034
  1.5980027519E+005  2.5569511413E+034
  1.6150030530E+005  2.5569511413E+034
  1.6320024338E+005  2.5569511413E+034
  1.6490022855E+005  2.5569511413E+034
  1.6660024378E+005  2.5569511413E+034
  1.6830024667E+005  2.5569511413E+034
  1.7000022750E+005  2.5569511413E+034
  1.7170019070E+005  2.5569511413E+034
  1.7340026508E+005  2.5569511413E+034
  1.7510028290E+005  2.5569511413E+034
  1.7680028314E+005  2.5569511413E+034
  1.7850028787E+005  2.5569511413E+034
  1.8020033882E+005  2.5569511413E+034
  1.8190027958E+005  2.5569511413E+034
  1.8360029416E+005  2.5569511413E+034
  1.8530021255E+005  2.5569511413E+034
  1.8700018840E+005  2.5569511413E+034
  1.8870020497E+005  2.5569511413E+034
  1.9040022206E+005  2.5569511413E+034
  1.9210023974E+005  2.5569511413E+034
  1.9380022724E+005  2.5569511413E+034
  1.9550018556E+005  2.5569511413E+034
  1.9720026555E+005  2.5569511413E+034
  1.9890030231E+005  2.5569511413E+034
  2.0060017705E+005  2.5569511413E+034
  2.0230024457E+005  2.5569511413E+034
  2.0400018128E+005  2.5569511413E+034
  2.0570017886E+005  2.5569511413E+034
  2.0740025180E+005  2.5569511413E+034
  2.0910021904E+005  2.5569511413E+034
  2.1080022560E+005  2.5569511413E+034
  2.1250024953E+005  2.5569511413E+034
  2.1420027401E+005  2.5569511413E+034
  2.1590028837E+005  2.5569511413E+034
  2.1760028268E+005  2.5569511413E+034
  2.1930023643E+005  2.5569511413E+034
  2.2100033361E+005  2.5569511413E+034
  2.2270022999E+005  2.5569511413E+034
  2.2440031462E+005  2.5569511413E+034
  2.2610026524E+005  2.5569511413E+034
  2.2780025874E+005  2.5569511413E+034
  2.2950031146E+005  2.5569511413E+034
  2.3120025013E+005  2.5569511413E+034
  2.3290024286E+005  2.5569511413E+034
  2.3460025714E+005  2.5569511413E+034
  2.3630028319E+005  2.5569511413E+034
  2.3800030687E+005  2.5569511413E+034
  2.3970031525E+005  2.5569511413E+034
  2.4140030197E+005  2.5569511413E+034
  2.4310025983E+005  2.5569511413E+034
  2.4480019498E+005  2.5569511413E+034
  2.4650030041E+005  2.5569511413E+034
  2.4820025860E+005  2.5569511413E+034
  2.4990026098E+005  2.5569511413E+034
  2.5160030034E+005  2.5569511413E+034
  2.5330021554E+005  2.5569511413E+034
  2.5500017962E+005  2.5569511413E+034
  2.5670018384E+005  2.5569511413E+034
  2.5840020467E+005  2.5569511413E+034
  2.6010022086E+005  2.5569511413E+034
  2.6180023680E+005  2.5569511413E+034
  2.6350023437E+005  2.5569511413E+034
  2.6520021546E+005  2.5569511413E+034
  2.6690018135E+005  2.5569511413E+034
  2.6860031240E+005  2.5569511413E+034
  2.7030028453E+005  2.5569511413E+034
  2.7200028351E+005  2.5569511413E+034
  2.7370031912E+005  2.5569511413E+034
  2.7540022549E+005  2.5569511413E+034
  2.7710017251E+005  2.5569511413E+034
  2.7880032400E+005  2.5569511413E+034
  2.8050032682E+005  2.5569511413E+034
  2.8220034081E+005  2.5569511413E+034
  2.8390017782E+005  2.5569511413E+034
  2.8560018448E+005  2.5569511413E+034
  2.8730018274E+005  2.5569511413E+034
  2.8900033513E+005  2.5569511413E+034
  2.9070031680E+005  2.5569511413E+034
  2.9240030587E+005  2.5569511413E+034
  2.9410030978E+005  2.5569511413E+034
  2.9580017296E+005  2.5569511413E+034
  2.9750024483E+005  2.5569511413E+034
  2.9920017955E+005  2.5569511413E+034
  3.0090031285E+005  2.5569511413E+034
  3.0260029641E+005  2.5569511413E+034
  3.0430029707E+005  2.5569511413E+034
  3.0600030703E+005  2.5569511413E+034
  3.0770031135E+005  2.5569511413E+034
  3.0940031048E+005  2.5569511413E+034
  3.1110030805E+005  2.5569511413E+034
  3.1280029936E+005  2.5569511413E+034
  3.1450029881E+005  2.5569511413E+034
  3.1620031691E+005  2.5569511413E+034
  3.1790018172E+005  2.5569511413E+034
  3.1960024478E+005  2.5569511413E+034
  3.2130033879E+005  2.5569511413E+034
  3.2300028664E+005  2.5569511413E+034
  3.2470025895E+005  2.5569511413E+034
  3.2640024689E+005  2.5569511413E+034
  3.2810024231E+005  2.5569511413E+034
  3.2980024413E+005  2.5569511413E+034
  3.3150024332E+005  2.5569511413E+034
  3.3320024296E+005  2.5569511413E+034
  3.3490024710E+005  2.5569511413E+034
  3.3660025497E+005  2.5569511413E+034
  3.3830027279E+005  2.5569511413E+034
  3.4000031276E+005  2.5569511413E+034
  3.4170020175E+005  2.5569511413E+034
  3.4340028365E+005  2.5569511413E+034
  3.4510022081E+005  2.5569511413E+034
  3.4680018137E+005  2.5569511413E+034
  3.4850032704E+005  2.5569511413E+034
  3.5020031042E+005  2.5569511413E+034
  3.5190030042E+005  2.5569511413E+034
  3.5360030015E+005  2.5569511413E+034
  3.5530030301E+005  2.5569511413E+034
  3.5700030510E+005  2.5569511413E+034
  3.5870031752E+005  2.5569511413E+034
  3.6040033899E+005  2.5569511413E+034
  3.6210020594E+005  2.5569511413E+034
  3.6380026199E+005  2.5569511413E+034
  3.6550034128E+005  2.5569511413E+034
  3.6720026598E+005  2.5569511413E+034
  3.6890020778E+005  2.5569511413E+034
  3.7060034124E+005  2.5569511413E+034
  3.7230031379E+005  2.5569511413E+034
  3.7400029706E+005  2.5569511413E+034
  3.7570028666E+005  2.5569511413E+034
  3.7740028260E+005  2.5569511413E+034
  3.7910028427E+005  2.5569511413E+034
  3.8080029312E+005  2.5569511413E+034
  3.8250031557E+005  2.5569511413E+034
  3.8420017940E+005  2.5569511413E+034
  3.8590022830E+005  2.5569511413E+034
  3.8760029649E+005  2.5569511413E+034
  3.8930020932E+005  2.5569511413E+034
  3.9100031352E+005  2.5569511413E+034
  3.9270025520E+005  2.5569511413E+034
  3.9440021608E+005  2.5569511413E+034
  3.9610018935E+005  2.5569511413E+034
  3.9780033718E+005  2.5569511413E+034
  3.9950032377E+005  2.5569511413E+034
  4.0120031858E+005  2.5569511413E+034
  4.0290032715E+005  2.5569511413E+034
  4.0460034149E+005  2.5569511413E+034
  4.0630019827E+005  2.5569511413E+034
  4.0800023914E+005  2.5569511413E+034
  4.0970029621E+005  2.5569511413E+034
  4.1140019910E+005  2.5569511413E+034
  4.1310028805E+005  2.5569511413E+034
  4.1480022083E+005  2.5569511413E+034
  4.1650033637E+005  2.5569511413E+034
  4.1820028954E+005  2.5569511413E+034
  4.1990025908E+005  2.5569511413E+034
  4.2160023467E+005  2.5569511413E+034
  4.2330022064E+005  2.5569511413E+034
  4.2500021793E+005  2.5569511413E+034
  4.2670022305E+005  2.5569511413E+034
  4.2840024276E+005  2.5569511413E+034
  4.3010027337E+005  2.5569511413E+034
  4.3180032228E+005  2.5569511413E+034
  4.3350020899E+005  2.5569511413E+034
  4.3520028402E+005  2.5569511413E+034
  4.3690019800E+005  2.5569511413E+034
  4.3860029990E+005  2.5569511413E+034
  4.4030024152E+005  2.5569511413E+034
  4.4200019002E+005  2.5569511413E+034
  4.4370032730E+005  2.5569511413E+034
  4.4540030160E+005  2.5569511413E+034
  4.4710028104E+005  2.5569511413E+034
  4.4880027399E+005  2.5569511413E+034
  4.5050028219E+005  2.5569511413E+034
  4.5220030065E+005  2.5569511413E+034
  4.5390033213E+005  2.5569511413E+034
  4.5560020214E+005  2.5569511413E+034
  4.5730026016E+005  2.5569511413E+034
  4.5900032926E+005  2.5569511413E+034
  4.6070024168E+005  2.5569511413E+034
  4.6240033524E+005  2.5569511413E+034
  4.6410027019E+005  2.5569511413E+034
  4.6580021201E+005  2.5569511413E+034
  4.6750033922E+005  2.5569511413E+034
  4.6920030909E+005  2.5569511413E+034
  4.7090028499E+005  2.5569511413E+034
  4.7260027500E+005  2.5569511413E+034
  4.7430027590E+005  2.5569511413E+034
  4.7600028874E+005  2.5569511413E+034
  4.7770031303E+005  2.5569511413E+034
  4.7940018111E+005  2.5569511413E+034
  4.8110023080E+005  2.5569511413E+034
  4.8280029375E+005  2.5569511413E+034
  4.8450019351E+005  2.5548698260E+034
  4.8620027922E+005  2.5550982210E+034
  4.8790020435E+005  2.5552098128E+034
  4.8960031017E+005  2.5553197029E+034
  4.9130025541E+005  2.5554279171E+034
  4.9300021459E+005  2.5555344811E+034
  4.9470018248E+005  2.5555344811E+034
  4.9640033093E+005  2.5555871520E+034
  4.9810032375E+005  2.5555344811E+034
  4.9980032825E+005  2.5555344811E+034
  5.0150034358E+005  2.5554279171E+034
  5.0320019634E+005  2.5553740179E+034
  5.0490023369E+005  2.5553197029E+034
  5.0660028218E+005  2.5553197029E+034
  5.0830017226E+005  2.5554279171E+034
  5.1000024232E+005  2.5556912876E+034
  5.1170032574E+005  2.5557427584E+034
  5.1340024474E+005  2.5557938351E+034
  5.1510017532E+005  2.5557938351E+034
  5.1680029112E+005  2.5557938351E+034
  5.1850024537E+005  2.5557938351E+034
  5.2020021083E+005  2.5557938351E+034
  5.2190018451E+005  2.5558445209E+034
  5.2360017324E+005  2.5557938351E+034
  5.2530034234E+005  2.5557938351E+034
  5.2700017998E+005  2.5558948187E+034
  5.2870020127E+005  2.5558445209E+034
  5.3040023273E+005  2.5557938351E+034
  5.3210027394E+005  2.5557427584E+034
  5.3380032497E+005  2.5558445209E+034
  5.3550021711E+005  2.5558948187E+034
  5.3720029240E+005  2.5557938351E+034
  5.3890020357E+005  2.5557427584E+034
  5.4060029978E+005  2.5556912876E+034
  5.4230023402E+005  2.5556912876E+034
  5.4400018055E+005  2.5556912876E+034
  5.4570030726E+005  2.5558445209E+034
  5.4740027584E+005  2.5557938351E+034
  5.4910025860E+005  2.5557427584E+034
  5.5080024542E+005  2.5556912876E+034
  5.5250024728E+005  2.5556394199E+034
  5.5420025975E+005  2.5555871520E+034
  5.5590028574E+005  2.5555871520E+034
  5.5760032180E+005  2.5555344811E+034
  5.5930019697E+005  2.5554814038E+034
  5.6100025622E+005  2.5554814038E+034
  5.6270032634E+005  2.5554814038E+034
  5.6440023887E+005  2.5555344811E+034
  5.6610033507E+005  2.5556394199E+034
  5.6780027323E+005  2.5555344811E+034
  5.6950022134E+005  2.5554814038E+034
  5.7120018128E+005  2.5554279171E+034
  5.7290033258E+005  2.5553740179E+034
  5.7460032146E+005  2.5553740179E+034
  5.7630032335E+005  2.5553197029E+034
  5.7800034036E+005  2.5552649690E+034
  5.7970019632E+005  2.5552098128E+034
  5.8140023879E+005  2.5552098128E+034
  5.8310029308E+005  2.5551542313E+034
  5.8480018998E+005  2.5551542313E+034
  5.8650027169E+005  2.5551542313E+034
  5.8820019349E+005  2.5550982210E+034
  5.8990029978E+005  2.5550982210E+034
  5.9160024904E+005  2.5550417786E+034
  5.9330021155E+005  2.5550417786E+034
  5.9500018423E+005  2.5549849010E+034
  5.9670017370E+005  2.5549849010E+034
  5.9840017438E+005  2.5549275846E+034
  6.0010018431E+005  2.5549275846E+034
  6.0180021020E+005  2.5548698260E+034
  6.0350024851E+005  2.5548698260E+034
  6.0520029939E+005  2.5549275846E+034
  6.0690018957E+005  2.5549275846E+034
  6.0860026254E+005  2.5548116220E+034
  6.1030017703E+005  2.5547529690E+034
  6.1200027638E+005  2.5546938636E+034
  6.1370021513E+005  2.5546343023E+034
  6.1540033973E+005  2.5546343023E+034
  6.1710030391E+005  2.5545742816E+034
  6.1880027683E+005  2.5545742816E+034
  6.2050026572E+005  2.5545137979E+034
  6.2220026662E+005  2.5544528477E+034
  6.2390027753E+005  2.5544528477E+034
  6.2560029920E+005  2.5543914274E+034
  6.2730033321E+005  2.5543295332E+034
  6.2900020546E+005  2.5543295332E+034
  6.3070026172E+005  2.5542671617E+034
  6.3240032968E+005  2.5542671617E+034
  6.3410023750E+005  2.5542043091E+034
  6.3580032947E+005  2.5542043091E+034
  6.3750025851E+005  2.5541409716E+034
  6.3920020042E+005  2.5540771457E+034
  6.4090032792E+005  2.5540771457E+034
  6.4260029123E+005  2.5540128274E+034
  6.4430026766E+005  2.5540128274E+034
  6.4600025789E+005  2.5539480129E+034
  6.4770025379E+005  2.5539480129E+034
  6.4940026308E+005  2.5538826986E+034
  6.5110028304E+005  2.5538826986E+034
  6.5280031601E+005  2.5538168804E+034
  6.5450018673E+005  2.5538168804E+034
  6.5620023933E+005  2.5537505546E+034
  6.5790030331E+005  2.5537505546E+034
  6.5960020587E+005  2.5536837172E+034
  6.6130029353E+005  2.5536837172E+034
  6.6300021809E+005  2.5536163642E+034
  6.6470032870E+005  2.5536163642E+034
  6.6640027315E+005  2.5535484917E+034
  6.6810022814E+005  2.5535484917E+034
  6.6980019767E+005  2.5534800957E+034
  6.7150017447E+005  2.5534800957E+034
  6.7320033368E+005  2.5534111721E+034
  6.7490033216E+005  2.5534111721E+034
  6.7660033907E+005  2.5533417168E+034
  6.7830018577E+005  2.5533417168E+034
  6.8000021355E+005  2.5532717258E+034
  6.8170025324E+005  2.5532717258E+034
  6.8340030370E+005  2.5532011950E+034
  6.8510018964E+005  2.5532011950E+034
  6.8680025961E+005  2.5531301201E+034
  6.8850033867E+005  2.5531301201E+034
  6.9020025751E+005  2.5530584970E+034
  6.9190018192E+005  2.5530584970E+034
  6.9360029334E+005  2.5529863215E+034
  6.9530024117E+005  2.5529863215E+034
  6.9700019500E+005  2.5529135892E+034
  6.9870033403E+005  2.5529135892E+034
  7.0040030980E+005  2.5528402959E+034
  7.0210029819E+005  2.5528402959E+034
  7.0380029467E+005  2.5527664372E+034
  7.0550030118E+005  2.5527664372E+034
  7.0720031784E+005  2.5526920089E+034
  7.0890017262E+005  2.5526920089E+034
  7.1060020953E+005  2.5526170065E+034
  7.1230025854E+005  2.5526170065E+034
  7.1400031511E+005  2.5525414255E+034
  7.1570020771E+005  2.5525414255E+034
  7.1740028415E+005  2.5525414255E+034
  7.1910020046E+005  2.5524652615E+034
  7.2080029605E+005  2.5524652615E+034
  7.2250023090E+005  2.5523885101E+034
  7.2420017709E+005  2.5523885101E+034
  7.2590030273E+005  2.5523111666E+034
  7.2760026820E+005  2.5523111666E+034
  7.2930024305E+005  2.5522332266E+034
  7.3100023059E+005  2.5522332266E+034
  7.3270022628E+005  2.5521546854E+034
  7.3440023153E+005  2.5521546854E+034
  7.3610024736E+005  2.5520755383E+034
  7.3780027550E+005  2.5520755383E+034
  7.3950031041E+005  2.5520755383E+034
  7.4120018558E+005  2.5519957808E+034
  7.4290024549E+005  2.5519957808E+034
  7.4460031198E+005  2.5519957808E+034
  7.4630021817E+005  2.5519154081E+034
  7.4800030699E+005  2.5519154081E+034
  7.4970023724E+005  2.5519154081E+034
  7.5140017618E+005  2.5518344154E+034
  7.5310029788E+005  2.5518344154E+034
  7.5480025716E+005  2.5517527980E+034
  7.5650022817E+005  2.5516705510E+034
  7.5820021026E+005  2.5516705510E+034
  7.5990020311E+005  2.5515876696E+034
  7.6160020897E+005  2.5515876696E+034
  7.6330022264E+005  2.5515041490E+034
  7.6500024722E+005  2.5515041490E+034
  7.6670028742E+005  2.5514199841E+034
  7.6840033643E+005  2.5514199841E+034
  7.7010022470E+005  2.5513351700E+034
  7.7180029747E+005  2.5513351700E+034
  7.7350020763E+005  2.5512497017E+034
  7.7520030347E+005  2.5512497017E+034
  7.7690023561E+005  2.5511635741E+034
  7.7860018232E+005  2.5511635741E+034
  7.8030031131E+005  2.5510767822E+034
  7.8200027879E+005  2.5510767822E+034
  7.8370025702E+005  2.5510767822E+034
  7.8540024783E+005  2.5509893208E+034
  7.8710025113E+005  2.5509893208E+034
  7.8880026193E+005  2.5509011849E+034
  7.9050028896E+005  2.5509011849E+034
  7.9220032554E+005  2.5508123690E+034
  7.9390019934E+005  2.5508123690E+034
  7.9560025824E+005  2.5507228682E+034
  7.9730032736E+005  2.5507228682E+034
  7.9900023794E+005  2.5506326769E+034
  8.0070032989E+005  2.5506326769E+034
  8.0240025898E+005  2.5505417900E+034
  8.0410020105E+005  2.5505417900E+034
  8.0580032479E+005  2.5504502020E+034
  8.0750028881E+005  2.5504502020E+034
  8.0920026470E+005  2.5504502020E+034
  8.1090025063E+005  2.5503579076E+034
  8.1260024532E+005  2.5503579076E+034
  8.1430025256E+005  2.5502649012E+034
  8.1600027264E+005  2.5502649012E+034
  8.1770030019E+005  2.5501711775E+034
  8.1940033999E+005  2.5501711775E+034
  8.2110021802E+005  2.5500767308E+034
  8.2280027801E+005  2.5500767308E+034
  8.2450017661E+005  2.5499815557E+034
  8.2620025700E+005  2.5499815557E+034
  8.2790017833E+005  2.5499815557E+034
  8.2960028137E+005  2.5498856464E+034
  8.3130022078E+005  2.5498856464E+034
  8.3300017289E+005  2.5497889973E+034
  8.3470030783E+005  2.5497889973E+034
  8.3640027932E+005  2.5496916027E+034
  8.3810026261E+005  2.5496916027E+034
  8.3980025780E+005  2.5495934569E+034
  8.4150026087E+005  2.5495934569E+034
  8.4320027360E+005  2.5494945540E+034
  8.4490029638E+005  2.5494945540E+034
  8.4660033085E+005  2.5494945540E+034
  8.4830020380E+005  2.5493948883E+034
  8.5000025717E+005  2.5493948883E+034
  8.5170032151E+005  2.5492944538E+034
  8.5340022258E+005  2.5492944538E+034
  8.5510030710E+005  2.5491932446E+034
  8.5680023025E+005  2.5491932446E+034
  8.5850033624E+005  2.5490912547E+034
  8.6020027742E+005  2.5490912547E+034
  8.6190022797E+005  2.5490912547E+034
  8.6360019123E+005  2.5489884781E+034
  8.6530033360E+005  2.5489884781E+034
  8.6700031393E+005  2.5488849088E+034
  8.6870030442E+005  2.5488849088E+034
  8.7040030396E+005  2.5487805406E+034
  8.7210031292E+005  2.5487805406E+034
  8.7380033021E+005  2.5486753674E+034
  8.7550018736E+005  2.5486753674E+034
  8.7720022671E+005  2.5486753674E+034
  8.7890027278E+005  2.5485693829E+034
  8.8060033116E+005  2.5485693829E+034
  8.8230022550E+005  2.5484625809E+034
  8.8400030188E+005  2.5484625809E+034
  8.8570021416E+005  2.5483549552E+034
  8.8740030946E+005  2.5483549552E+034
  8.8910024367E+005  2.5482464992E+034
  8.9080018293E+005  2.5482464992E+034
  8.9250030649E+005  2.5482464992E+034
  8.9420026548E+005  2.5481372067E+034
  8.9590023650E+005  2.5481372067E+034
  8.9760021634E+005  2.5480270712E+034
  8.9930020533E+005  2.5480270712E+034
  9.0100020425E+005  2.5479160861E+034
  9.0270021026E+005  2.5479160861E+034
  9.0440022841E+005  2.5478042450E+034
  9.0610025634E+005  2.5478042450E+034
  9.0780029262E+005  2.5478042450E+034
  9.0950033730E+005  2.5476915412E+034
  9.1120021985E+005  2.5476915412E+034
  9.1290028485E+005  2.5475779680E+034
  9.1460018647E+005  2.5475779680E+034
  9.1630026899E+005  2.5474635189E+034
  9.1800019182E+005  2.5474635189E+034
  9.1970029383E+005  2.5473481869E+034
  9.2140023323E+005  2.5473481869E+034
  9.2310018288E+005  2.5473481869E+034
  9.2480031570E+005  2.5472319653E+034
  9.2650028512E+005  2.5472319653E+034
  9.2820026320E+005  2.5471148473E+034
  9.2990025316E+005  2.5471148473E+034
  9.3160025073E+005  2.5469968259E+034
  9.3330025837E+005  2.5469968259E+034
  9.3500027514E+005  2.5468778941E+034
  9.3670030454E+005  2.5468778941E+034
  9.3840034179E+005  2.5468778941E+034
  9.4010021600E+005  2.5467580450E+034
  9.4180027240E+005  2.5467580450E+034
  9.4350034019E+005  2.5466372714E+034
  9.4520024600E+005  2.5466372714E+034
  9.4690033323E+005  2.5465155662E+034
  9.4860025995E+005  2.5465155662E+034
  9.5030019319E+005  2.5465155662E+034
  9.5200031080E+005  2.5463929223E+034
  9.5370026692E+005  2.5463929223E+034
  9.5540023340E+005  2.5462693324E+034
  9.5710020919E+005  2.5462693324E+034
  9.5880019381E+005  2.5461447892E+034
  9.6050019084E+005  2.5461447892E+034
  9.6220019790E+005  2.5461447892E+034
  9.6390021381E+005  2.5460192853E+034
  9.6560024183E+005  2.5460192853E+034
  9.6730027995E+005  2.5458928134E+034
  9.6900032763E+005  2.5458928134E+034
  9.7070021251E+005  2.5457653659E+034
  9.7240028143E+005  2.5457653659E+034
  9.7410018887E+005  2.5456369353E+034
  9.7580027623E+005  2.5456369353E+034
  9.7750020501E+005  2.5456369353E+034
  9.7920031339E+005  2.5455075142E+034
  9.8090026093E+005  2.5455075142E+034
  9.8260021794E+005  2.5453770947E+034
  9.8430018558E+005  2.5453770947E+034
  9.8600033901E+005  2.5452456693E+034
  9.8770032592E+005  2.5452456693E+034
  9.8940032484E+005  2.5451132301E+034
  9.9110033399E+005  2.5451132301E+034
  9.9280018073E+005  2.5451132301E+034
  9.9450021034E+005  2.5449797694E+034
  9.9620025027E+005  2.5449797694E+034
  9.9790029959E+005  2.5448452792E+034
  9.9960018477E+005  2.5448452792E+034
  1.0013002542E+006  2.5447097517E+034
  1.0030003344E+006  2.5447097517E+034
  1.0047002517E+006  2.5447097517E+034
  1.0064001788E+006  2.5445731788E+034
  1.0081002872E+006  2.5445731788E+034
  1.0098002352E+006  2.5444355524E+034
  1.0115001918E+006  2.5444355524E+034
  1.0132003294E+006  2.5442968645E+034
  1.0149003078E+006  2.5442968645E+034
  1.0166002935E+006  2.5442968645E+034
  1.0183002885E+006  2.5441571068E+034
  1.0200002945E+006  2.5441571068E+034
  1.0217003097E+006  2.5440162711E+034
  1.0234003339E+006  2.5440162711E+034
  1.0251001966E+006  2.5438743491E+034
  1.0268002416E+006  2.5438743491E+034
  1.0285002954E+006  2.5438743491E+034
  1.0302001856E+006  2.5437313323E+034
  1.0319002579E+006  2.5437313323E+034
  1.0336003425E+006  2.5435872124E+034
  1.0353002628E+006  2.5435872124E+034
  1.0370001912E+006  2.5434419809E+034
  1.0387003028E+006  2.5434419809E+034
  1.0404002503E+006  2.5434419809E+034
  1.0421002074E+006  2.5432956291E+034
  1.0438001747E+006  2.5432956291E+034
  1.0455003245E+006  2.5431481485E+034
  1.0472003094E+006  2.5431481485E+034
  1.0489003024E+006  2.5429995303E+034
  1.0506003077E+006  2.5429995303E+034
  1.0523003211E+006  2.5429995303E+034
  1.0540003443E+006  2.5428497657E+034
  1.0557002032E+006  2.5428497657E+034
  1.0574002446E+006  2.5426988459E+034
  1.0591002951E+006  2.5426988459E+034
  1.0608001804E+006  2.5425467620E+034
  1.0625002501E+006  2.5425467620E+034
  1.0642003267E+006  2.5425467620E+034
  1.0659002410E+006  2.5423935051E+034
  1.0676003366E+006  2.5423935051E+034
  1.0693002683E+006  2.5422390660E+034
  1.0710002097E+006  2.5422390660E+034
  1.0727003307E+006  2.5422390660E+034
  1.0744002914E+006  2.5420834356E+034
  1.0761002610E+006  2.5420834356E+034
  1.0778002364E+006  2.5419266048E+034
  1.0795002223E+006  2.5419266048E+034
  1.0812002178E+006  2.5417685643E+034
  1.0829002224E+006  2.5417685643E+034
  1.0846002356E+006  2.5417685643E+034
  1.0863002574E+006  2.5416093048E+034
  1.0880002892E+006  2.5416093048E+034
  1.0897003274E+006  2.5414488168E+034
  1.0914002043E+006  2.5414488168E+034
  1.0931002626E+006  2.5414488168E+034
  1.0948003306E+006  2.5412870910E+034
  1.0965002333E+006  2.5412870910E+034
  1.0982003169E+006  2.5411241176E+034
  1.0999002405E+006  2.5411241176E+034
  1.1016003422E+006  2.5409598872E+034
  1.1033002822E+006  2.5409598872E+034
  1.1050002310E+006  2.5409598872E+034
  1.1067001886E+006  2.5407943900E+034
  1.1084003269E+006  2.5407943900E+034
  1.1101003027E+006  2.5406276163E+034
  1.1118002872E+006  2.5406276163E+034
  1.1135002813E+006  2.5406276163E+034
  1.1152002848E+006  2.5404595561E+034
  1.1169002968E+006  2.5404595561E+034
  1.1186003188E+006  2.5402901997E+034
  1.1203001751E+006  2.5402901997E+034
  1.1220002151E+006  2.5401195369E+034
  1.1237002658E+006  2.5401195369E+034
  1.1254003236E+006  2.5401195369E+034
  1.1271002173E+006  2.5399475578E+034
  1.1288002937E+006  2.5399475578E+034
  1.1305002072E+006  2.5397742520E+034
  1.1322003024E+006  2.5397742520E+034
  1.1339002343E+006  2.5397742520E+034
  1.1356001762E+006  2.5395996095E+034
  1.1373002986E+006  2.5395996095E+034
  1.1390002578E+006  2.5394236200E+034
  1.1407002278E+006  2.5394236200E+034
  1.1424002076E+006  2.5394236200E+034
  1.1441001972E+006  2.5392462729E+034
  1.1458001929E+006  2.5392462729E+034
  1.1475002020E+006  2.5390675579E+034
  1.1492002185E+006  2.5390675579E+034
  1.1509002443E+006  2.5390675579E+034
  1.1526002815E+006  2.5388874644E+034
  1.1543003264E+006  2.5388874644E+034
  1.1560002102E+006  2.5387059817E+034
  1.1577002737E+006  2.5387059817E+034
  1.1594001763E+006  2.5387059817E+034
  1.1611002600E+006  2.5385230992E+034
  1.1628001809E+006  2.5385230992E+034
  1.1645002852E+006  2.5383388060E+034
  1.1662002257E+006  2.5383388060E+034
  1.1679001750E+006  2.5383388060E+034
  1.1696003058E+006  2.5381530914E+034
  1.1713002758E+006  2.5381530914E+034
  1.1730002559E+006  2.5379659442E+034
  1.1747002431E+006  2.5379659442E+034
  1.1764002407E+006  2.5379659442E+034
  1.1781002480E+006  2.5377773535E+034
  1.1798002641E+006  2.5377773535E+034
  1.1815002909E+006  2.5375873080E+034
  1.1832003269E+006  2.5375873080E+034
  1.1849002006E+006  2.5375873080E+034
  1.1866002539E+006  2.5373957967E+034
  1.1883003179E+006  2.5373957967E+034
  1.1900002201E+006  2.5373957967E+034
  1.1917003028E+006  2.5372028082E+034
  1.1934002228E+006  2.5372028082E+034
  1.1951003243E+006  2.5370083311E+034
  1.1968002633E+006  2.5370083311E+034
  1.1985002103E+006  2.5370083311E+034
  1.2002003395E+006  2.5368123539E+034
  1.2019003062E+006  2.5368123539E+034
  1.2036002822E+006  2.5366148651E+034
  1.2053002663E+006  2.5366148651E+034
  1.2070002603E+006  2.5366148651E+034
  1.2087002640E+006  2.5364158529E+034
  1.2104002745E+006  2.5364158529E+034
  1.2121002967E+006  2.5364158529E+034
  1.2138003284E+006  2.5362153057E+034
  1.2155001950E+006  2.5362153057E+034
  1.2172002431E+006  2.5360132116E+034
  1.2189002998E+006  2.5360132116E+034
  1.2206001954E+006  2.5360132116E+034
  1.2223002712E+006  2.5358095586E+034
  1.2240001834E+006  2.5358095586E+034
  1.2257002771E+006  2.5358095586E+034
  1.2274002059E+006  2.5356043348E+034
  1.2291003171E+006  2.5356043348E+034
  1.2308002645E+006  2.5353975280E+034
  1.2325002226E+006  2.5353975280E+034
  1.2342001868E+006  2.5353975280E+034
  1.2359003319E+006  2.5351891260E+034
  1.2376003165E+006  2.5351891260E+034
  1.2393003069E+006  2.5351891260E+034
  1.2410003072E+006  2.5349791165E+034
  1.2427003164E+006  2.5349791165E+034
  1.2444003343E+006  2.5347674871E+034
  1.2461001886E+006  2.5347674871E+034
  1.2478002223E+006  2.5347674871E+034
  1.2495002668E+006  2.5345542253E+034
  1.2512003199E+006  2.5345542253E+034
  1.2529002082E+006  2.5345542253E+034
  1.2546002788E+006  2.5343393186E+034
  1.2563001847E+006  2.5343393186E+034
  1.2580002716E+006  2.5341227542E+034
  1.2597001936E+006  2.5341227542E+034
  1.2614002985E+006  2.5341227542E+034
  1.2631002401E+006  2.5339045193E+034
  1.2648001879E+006  2.5339045193E+034
  1.2665003175E+006  2.5339045193E+034
  1.2682002829E+006  2.5336846011E+034
  1.2699002580E+006  2.5336846011E+034
  1.2716002410E+006  2.5336846011E+034
  1.2733002338E+006  2.5334629866E+034
  1.2750002337E+006  2.5334629866E+034
  1.2767002414E+006  2.5334629866E+034
  1.2784002593E+006  2.5332396627E+034
  1.2801002856E+006  2.5332396627E+034
  1.2818003207E+006  2.5330146162E+034
  1.2835001903E+006  2.5330146162E+034
  1.2852002429E+006  2.5330146162E+034
  1.2869003033E+006  2.5327878338E+034
  1.2886001995E+006  2.5327878338E+034
  1.2903002764E+006  2.5327878338E+034
  1.2920001912E+006  2.5325593022E+034
  1.2937002869E+006  2.5325593022E+034
  1.2954002166E+006  2.5325593022E+034
  1.2971003291E+006  2.5323290078E+034
  1.2988002777E+006  2.5323290078E+034
  1.3005002341E+006  2.5323290078E+034
  1.3022002008E+006  2.5320969370E+034
  1.3039001755E+006  2.5320969370E+034
  1.3056003307E+006  2.5320969370E+034
  1.3073003220E+006  2.5318630762E+034
  1.3090003211E+006  2.5318630762E+034
  1.3107003322E+006  2.5318630762E+034
  1.3124001776E+006  2.5316274115E+034
  1.3141002043E+006  2.5316274115E+034
  1.3158002399E+006  2.5316274115E+034
  1.3175002836E+006  2.5313899290E+034
  1.3192003374E+006  2.5313899290E+034
  1.3209002272E+006  2.5313899290E+034
  1.3226003000E+006  2.5311506147E+034
  1.3243002055E+006  2.5311506147E+034
  1.3260002944E+006  2.5311506147E+034
  1.3277002202E+006  2.5309094545E+034
  1.3294003265E+006  2.5309094545E+034
  1.3311002701E+006  2.5306664341E+034
  1.3328002214E+006  2.5306664341E+034
  1.3345001839E+006  2.5306664341E+034
  1.3362003258E+006  2.5304215392E+034
  1.3379003037E+006  2.5304215392E+034
  1.3396002925E+006  2.5304215392E+034
  1.3413002900E+006  2.5301747554E+034
  1.3430002957E+006  2.5301747554E+034
  1.3447003108E+006  2.5301747554E+034
  1.3464003348E+006  2.5299260679E+034
  1.3481001949E+006  2.5299260679E+034
  1.3498002363E+006  2.5299260679E+034
  1.3515002882E+006  2.5296754623E+034
  1.3532001764E+006  2.5296754623E+034
  1.3549002445E+006  2.5296754623E+034
  1.3566003217E+006  2.5296754623E+034
  1.3583002368E+006  2.5294229236E+034
  1.3600003331E+006  2.5294229236E+034
  1.3617002655E+006  2.5294229236E+034
  1.3634002077E+006  2.5291684370E+034
  1.3651003300E+006  2.5291684370E+034
  1.3668002892E+006  2.5291684370E+034
  1.3685002570E+006  2.5289119874E+034
  1.3702002350E+006  2.5289119874E+034
  1.3719002216E+006  2.5289119874E+034
  1.3736002149E+006  2.5286535598E+034
  1.3753002195E+006  2.5286535598E+034
  1.3770002321E+006  2.5286535598E+034
  1.3787002533E+006  2.5283931387E+034
  1.3804002832E+006  2.5283931387E+034
  1.3821003233E+006  2.5283931387E+034
  1.3838001996E+006  2.5281307090E+034
  1.3855002551E+006  2.5281307090E+034
  1.3872003214E+006  2.5281307090E+034
  1.3889002227E+006  2.5278662550E+034
  1.3906003058E+006  2.5278662550E+034
  1.3923002260E+006  2.5278662550E+034
  1.3940003261E+006  2.5275997611E+034
  1.3957002637E+006  2.5275997611E+034
  1.3974002070E+006  2.5275997611E+034
  1.3991003340E+006  2.5273312117E+034
  1.4008002987E+006  2.5273312117E+034
  1.4025002690E+006  2.5273312117E+034
  1.4042002491E+006  2.5270605908E+034
  1.4059002373E+006  2.5270605908E+034
  1.4076002348E+006  2.5270605908E+034
  1.4093002405E+006  2.5270605908E+034
  1.4110002551E+006  2.5267878826E+034
  1.4127002788E+006  2.5267878826E+034
  1.4144003094E+006  2.5267878826E+034
  1.4161001764E+006  2.5265130708E+034
  1.4178002247E+006  2.5265130708E+034
  1.4195002818E+006  2.5265130708E+034
  1.4212001742E+006  2.5262361393E+034
  1.4229002474E+006  2.5262361393E+034
  1.4246003297E+006  2.5262361393E+034
  1.4263002468E+006  2.5259570716E+034
  1.4280003446E+006  2.5259570716E+034
  1.4297002791E+006  2.5259570716E+034
  1.4314002217E+006  2.5256758515E+034
  1.4331003448E+006  2.5256758515E+034
  1.4348003033E+006  2.5256758515E+034
  1.4365002706E+006  2.5256758515E+034
  1.4382002446E+006  2.5253924621E+034
  1.4399002279E+006  2.5253924621E+034
  1.4416002208E+006  2.5253924621E+034
  1.4433002208E+006  2.5251068869E+034
  1.4450002279E+006  2.5251068869E+034
  1.4467002432E+006  2.5251068869E+034
  1.4484002692E+006  2.5248191089E+034
  1.4501003015E+006  2.5248191089E+034
  1.4518003428E+006  2.5248191089E+034
  1.4535002192E+006  2.5245291111E+034
  1.4552002763E+006  2.5245291111E+034
  1.4569003421E+006  2.5245291111E+034
  1.4586002417E+006  2.5245291111E+034
  1.4603003258E+006  2.5242368765E+034
  1.4620002429E+006  2.5242368765E+034
  1.4637003405E+006  2.5242368765E+034
  1.4654002756E+006  2.5239423877E+034
  1.4671002176E+006  2.5239423877E+034
  1.4688003407E+006  2.5239423877E+034
  1.4705002994E+006  2.5236456275E+034
  1.4722002674E+006  2.5236456275E+034
  1.4739002432E+006  2.5236456275E+034
  1.4756002263E+006  2.5233465782E+034
  1.4773002185E+006  2.5233465782E+034
  1.4790002190E+006  2.5233465782E+034
  1.4807002278E+006  2.5233465782E+034
  1.4824002453E+006  2.5230452222E+034
  1.4841002708E+006  2.5230452222E+034
  1.4858003045E+006  2.5230452222E+034
  1.4875003448E+006  2.5227415417E+034
  1.4892002238E+006  2.5227415417E+034
  1.4909002839E+006  2.5227415417E+034
  1.4926001781E+006  2.5224355188E+034
  1.4943002533E+006  2.5224355188E+034
  1.4960003366E+006  2.5224355188E+034
  1.4977002572E+006  2.5224355188E+034
  1.4994001846E+006  2.5221271354E+034
  1.5011002941E+006  2.5221271354E+034
  1.5028002393E+006  2.5221271354E+034
  1.5045001921E+006  2.5218163733E+034
  1.5062003260E+006  2.5218163733E+034
  1.5079002967E+006  2.5218163733E+034
  1.5096002762E+006  2.5218163733E+034
  1.5113002629E+006  2.5215032142E+034
  1.5130002597E+006  2.5215032142E+034
  1.5147002644E+006  2.5215032142E+034
  1.5164002777E+006  2.5211876396E+034
  1.5181002984E+006  2.5211876396E+034
  1.5198003291E+006  2.5211876396E+034
  1.5215001971E+006  2.5208696308E+034
  1.5232002432E+006  2.5208696308E+034
  1.5249002995E+006  2.5208696308E+034
  1.5266001915E+006  2.5208696308E+034
  1.5283002636E+006  2.5205491691E+034
  1.5300001734E+006  2.5205491691E+034
  1.5317002637E+006  2.5205491691E+034
  1.5334001901E+006  2.5202262355E+034
  1.5351002962E+006  2.5202262355E+034
  1.5368002385E+006  2.5202262355E+034
  1.5385001912E+006  2.5202262355E+034
  1.5402003236E+006  2.5199008110E+034
  1.5419002924E+006  2.5199008110E+034
  1.5436002690E+006  2.5199008110E+034
  1.5453002547E+006  2.5195728763E+034
  1.5470002485E+006  2.5195728763E+034
  1.5487002506E+006  2.5195728763E+034
  1.5504002634E+006  2.5195728763E+034
  1.5521002818E+006  2.5192424122E+034
  1.5538003096E+006  2.5192424122E+034
  1.5555001744E+006  2.5192424122E+034
  1.5572002191E+006  2.5189093990E+034
  1.5589002724E+006  2.5189093990E+034
  1.5606003335E+006  2.5189093990E+034
  1.5623002328E+006  2.5189093990E+034
  1.5640003114E+006  2.5185738172E+034
  1.5657002246E+006  2.5185738172E+034
  1.5674003198E+006  2.5185738172E+034
  1.5691002510E+006  2.5182356469E+034
  1.5708001908E+006  2.5182356469E+034
  1.5725003108E+006  2.5182356469E+034
  1.5742002670E+006  2.5182356469E+034
  1.5759002310E+006  2.5178948682E+034
  1.5776002028E+006  2.5178948682E+034
  1.5793001842E+006  2.5178948682E+034
  1.5810001743E+006  2.5175514609E+034
  1.5827003441E+006  2.5175514609E+034
  1.5844001760E+006  2.5175514609E+034
  1.5861001905E+006  2.5175514609E+034
  1.5878002119E+006  2.5172054047E+034
  1.5895002420E+006  2.5172054047E+034
  1.5912002812E+006  2.5172054047E+034
  1.5929003269E+006  2.5172054047E+034
  1.5946002093E+006  2.5168566793E+034
  1.5963002712E+006  2.5168566793E+034
  1.5980003427E+006  2.5168566793E+034
  1.5997002494E+006  2.5165052640E+034
  1.6014003356E+006  2.5165052640E+034
  1.6031002592E+006  2.5165052640E+034
  1.6048001902E+006  2.5165052640E+034
  1.6065003012E+006  2.5161511381E+034
  1.6082002471E+006  2.5161511381E+034
  1.6099002028E+006  2.5161511381E+034
  1.6116003394E+006  2.5157942806E+034
  1.6133003094E+006  2.5157942806E+034
  1.6150002884E+006  2.5157942806E+034
  1.6167002750E+006  2.5157942806E+034
  1.6184002692E+006  2.5154346706E+034
  1.6201002729E+006  2.5154346706E+034
  1.6218002837E+006  2.5154346706E+034
  1.6235003032E+006  2.5154346706E+034
  1.6252003285E+006  2.5150722867E+034
  1.6269001905E+006  2.5150722867E+034
  1.6286002344E+006  2.5150722867E+034
  1.6303002843E+006  2.5147071077E+034
  1.6320003433E+006  2.5147071077E+034
