 0001  0.2578980314103271E-011
 0002  0.2578980314103270E-011
 0003  0.2564292253538946E-011
 0004  0.2564292253538946E-011
 0005  0.2547842795345247E-011
 0006  0.2547842795345248E-011
 0007  0.2531775324658810E-011
 0008  0.2531775324658811E-011
 0009  0.2513694005540379E-011
 0010  0.2513694005540379E-011
 0011  0.2493510359945517E-011
 0012  0.2493510359945517E-011
 0013  0.2473795416746652E-011
 0014  0.2473795416746652E-011
 0015  0.2451953140071277E-011
 0016  0.2451953140071277E-011
 0017  0.2427863895835679E-011
 0018  0.2427863895835679E-011
 0019  0.2404334049377748E-011
 0020  0.2404334049377747E-011
 0021  0.2378197979963750E-011
 0022  0.2350230380394520E-011
 0023  0.2350230380394520E-011
 0024  0.2322912241343547E-011
 0025  0.2322912241343547E-011
 0026  0.2292602026941493E-011
 0027  0.2292602026941493E-011
 0028  0.2259538044280994E-011
 0029  0.2224863899380135E-011
 0030  0.2224863899380135E-011
 0031  0.2190994953654906E-011
 0032  0.2190994953654905E-011
 0033  0.2153866996328348E-011
 0034  0.2114996150662711E-011
 0035  0.2114996150662711E-011
 0036  0.2073167460745555E-011
 0037  0.2034036305750974E-011
 0038  0.2034036305750975E-011
 0039  0.4611081289280956E-011
 0040  0.1172786596163242E-010
 0041  0.1172786596163243E-010
 0042  0.1867938544380564E-010
 0043  0.1323696511939419E-008
 0044  0.1323696511939419E-008
 0045  0.3619788560560791E-007
 0046  0.9891133945405378E-007
 0047  0.9891133945405379E-007
 0048  0.4360601850810653E-006
 0049  0.7468503530379520E-006
 0050  0.2278527385444144E-005
 0051  0.2278527385444144E-005
 0052  0.7694936670117575E-005
 0053  0.1858536044448510E-004
 0054  0.2857359621913546E-004
 0055  0.2857359621913546E-004
 0056  0.5512324253562463E-004
 0057  0.9426145915540677E-004
 0058  0.9426145915540677E-004
 0059  0.3019416260251379E-003
 0060  0.8972301300790793E-003
 0061  0.1436253271304553E-002
 0062  0.2679736149989556E-002
 0063  0.2679736149989556E-002
 0064  0.5047653360208176E-002
 0065  0.8653676906604594E-002
 0066  0.1319130868844428E-001
 0067  0.1319130868844428E-001
 0068  0.1936046334736211E-001
 0069  0.2484546143210147E-001
 0070  0.3200402001078872E-001
 0071  0.4093456496920247E-001
 0072  0.4093456496920247E-001
 0073  0.5273524402153228E-001
 0074  0.6637337526107083E-001
 0075  0.8176101173081236E-001
 0076  0.9527388310049978E-001
 0077  0.1104723082321659E+000
 0078  0.1104723082321659E+000
 0079  0.1292397326913305E+000
 0080  0.1494914381334465E+000
 0081  0.1710448247931693E+000
 0082  0.1936651478731526E+000
 0083  0.2170961793034608E+000
 0084  0.2170961793034608E+000
 0085  0.2399830979014049E+000
 0086  0.2642329379358372E+000
 0087  0.2893257629159953E+000
 0088  0.3148565624760465E+000
 0089  0.3404579188932499E+000
 0090  0.3658970860556417E+000
 0091  0.3658970860556417E+000
 0092  0.3949461117395651E+000
 0093  0.4230290962254789E+000
 0094  0.4503313120935624E+000
 0095  0.4765009272012476E+000
 0096  0.5016422143987352E+000
 0097  0.5258067000407907E+000
 0098  0.5488464727316571E+000
 0099  0.5705238419541847E+000
 0100  0.5904531843039176E+000
 0101  0.6079504734469944E+000
 0102  0.6225350523142383E+000
 0103  0.6339341286061363E+000
 0104  0.6420489480729016E+000
 0105  0.6469202854681660E+000
 0106  0.6481352859435062E+000
 0107  0.6462221840775634E+000
 0108  0.6416621154943056E+000
 0109  0.6348930756372874E+000
 0110  0.6263125521536206E+000
 0111  0.6139136990678328E+000
 0112  0.6012065179821416E+000
 0113  0.5882931561806014E+000
 0114  0.5752760875714610E+000
 0115  0.5622542565506404E+000
 0116  0.5384240932619697E+000
 0117  0.5274788214345196E+000
 0118  0.5165773550035696E+000
 0119  0.5058024498040686E+000
 0120  0.4952261458818314E+000
 0121  0.4849096960576437E+000
 0122  0.4749038773157519E+000
 0123  0.4652495639121719E+000
 0124  0.4559281498919953E+000
 0125  0.4469892995637502E+000
 0126  0.4384667136103524E+000
 0127  0.4303812239936056E+000
 0128  0.4227433668185609E+000
 0129  0.4155555169007264E+000
 0130  0.4083743329987729E+000
 0131  0.4017904501881749E+000
 0132  0.3957521838037102E+000
 0133  0.3902130684813295E+000
 0134  0.3851311762027708E+000
 0135  0.3804685444760030E+000
 0136  0.3727700809561678E+000
 0137  0.3695711932830673E+000
 0138  0.3665781561292331E+000
 0139  0.3637831935718404E+000
 0140  0.3611778398515500E+000
 0141  0.3587531805796245E+000
 0142  0.3565000490613592E+000
 0143  0.3544091847962754E+000
 0144  0.3524713601827553E+000
 0145  0.3506037370482854E+000
 0146  0.3488955162803025E+000
 0147  0.3473327560427872E+000
 0148  0.3459028024982980E+000
 0149  0.3445941597886218E+000
 0150  0.3433963746294376E+000
 0151  0.3422999337095152E+000
 0152  0.3404803078107933E+000
 0153  0.3397224764873634E+000
 0154  0.3390183114143894E+000
 0155  0.3383644798202696E+000
 0156  0.3377577938286455E+000
 0157  0.3371952135532152E+000
 0158  0.3366738482281091E+000
 0159  0.3361764834812872E+000
 0160  0.3357193320680810E+000
 0161  0.3352990867897085E+000
 0162  0.3349127211126194E+000
 0163  0.3345572813544549E+000
 0164  0.3342303005280022E+000
 0165  0.3339295059665165E+000
 0166  0.3336528057905335E+000
 0167  0.3331883715914379E+000
 0168  0.3329929522176411E+000
 0169  0.3328110844642639E+000
 0170  0.3326418886479833E+000
 0171  0.3324807906157198E+000
 0172  0.3323317740254831E+000
 0173  0.3321938747262870E+000
 0174  0.3320662623608570E+000
 0175  0.3319481686607950E+000
 0176  0.3318388827992552E+000
 0177  0.3317377470917627E+000
 0178  0.3316441530190808E+000
 0179  0.3315575375479882E+000
 0180  0.3314102034411407E+000
 0181  0.3313474218486948E+000
 0182  0.3312875876515808E+000
 0183  0.3312318940904835E+000
 0184  0.3311800539839258E+000
 0185  0.3311318001179631E+000
 0186  0.3310868838540372E+000
 0187  0.3310450738341851E+000
 0188  0.3310061547767711E+000
 0189  0.3309699263137304E+000
 0190  0.3309362020076032E+000
 0191  0.3309048083788293E+000
 0192  0.3308503046910176E+000
 0193  0.3308266537553927E+000
 0194  0.3308045207759200E+000
 0195  0.3307838080847522E+000
 0196  0.3307644243183019E+000
 0197  0.3307462840085837E+000
 0198  0.3307293072011983E+000
 0199  0.3307134166433216E+000
 0200  0.3306985430661622E+000
 0201  0.3306846215854141E+000
 0202  0.3306714007322036E+000
 0203  0.3306484569084185E+000
 0204  0.3306384898084351E+000
 0205  0.3306291171473642E+000
 0206  0.3306203023329045E+000
 0207  0.3306120122498794E+000
 0208  0.3306042157377564E+000
 0209  0.3305968834763938E+000
 0210  0.3305898989862983E+000
 0211  0.3305833433618331E+000
 0212  0.3305771897482164E+000
 0213  0.3305663951766448E+000
 0214  0.3305616564217235E+000
 0215  0.3305571807589914E+000
 0216  0.3305529536129801E+000
 0217  0.3305489612106944E+000
 0218  0.3305451466769013E+000
 0219  0.3305415496538135E+000
 0220  0.3305381575515368E+000
 0221  0.3305349585189447E+000
 0222  0.3305292957819744E+000
 0223  0.3305267876994025E+000
 0224  0.3305244098407281E+000
 0225  0.3305221318202198E+000
 0226  0.3305199751455816E+000
 0227  0.3305179332629039E+000
 0228  0.3305159999771394E+000
 0229  0.3305141694318838E+000
 0230  0.3305124359849715E+000
 0231  0.3305093287561908E+000
 0232  0.3305079362208770E+000
 0233  0.3305066131241574E+000
 0234  0.3305053558947717E+000
 0235  0.3305041612187440E+000
 0236  0.3305030259503253E+000
 0237  0.3305019471035258E+000
 0238  0.3305009128265775E+000
 0239  0.3304990568072689E+000
 0240  0.3304982236417742E+000
 0241  0.3304974294396608E+000
 0242  0.3304966723607174E+000
 0243  0.3304959506222165E+000
 0244  0.3304952569387883E+000
 0245  0.3304945962137197E+000
 0246  0.3304934028585925E+000
 0247  0.3304928637180465E+000
 0248  0.3304923483257342E+000
 0249  0.3304918518956482E+000
 0250  0.3304913776971390E+000
 0251  0.3304909247021749E+000
 0252  0.3304904919465544E+000
 0253  0.3304897639484892E+000
 0254  0.3304896395373740E+000
 0255  0.3304896642024182E+000
 0256  0.3304898670994265E+000
 0257  0.3304902816034196E+000
 0258  0.3304909919702696E+000
 0259  0.3304924064150275E+000
 0260  0.3304962660673134E+000
 0261  0.3304987948916021E+000
 0262  0.3305017787109600E+000
 0263  0.3305052344278058E+000
 0264  0.3305098848421197E+000
 0265  0.3305150585598647E+000
 0266  0.3305266768962224E+000
 0267  0.3305331705162358E+000
 0268  0.3305410822594088E+000
 0269  0.3305495104829816E+000
 0270  0.3305585028543306E+000
 0271  0.3305680503656065E+000
 0272  0.3305900647129411E+000
 0273  0.3306015462925751E+000
 0274  0.3306135173512249E+000
 0275  0.3306260071999412E+000
 0276  0.3306399875483410E+000
 0277  0.3306684957649410E+000
 0278  0.3306830401463284E+000
 0279  0.3306989749902168E+000
 0280  0.3307152552238697E+000
 0281  0.3307318663534097E+000
 0282  0.3307488233316890E+000
 0283  0.3307838216916285E+000
 0284  0.3308017975515901E+000
 0285  0.3308200217384408E+000
 0286  0.3308384801497683E+000
 0287  0.3308580868312557E+000
 0288  0.3308968952876906E+000
 0289  0.3309161183824457E+000
 0290  0.3309363437988316E+000
 0291  0.3309566669498261E+000
 0292  0.3309967459475307E+000
 0293  0.3310172780651275E+000
 0294  0.3310378590119116E+000
 0295  0.3310584797435480E+000
 0296  0.3310798743454472E+000
 0297  0.3311217480386589E+000
 0298  0.3311422429776540E+000
 0299  0.3311634073891384E+000
 0300  0.3311845286243295E+000
 0301  0.3312263918714475E+000
 0302  0.3312471137693404E+000
 0303  0.3312677697243335E+000
 0304  0.3312889292086116E+000
 0305  0.3313099765310359E+000
 0306  0.3313509317495661E+000
 0307  0.3313713858938124E+000
 0308  0.3313917182874312E+000
 0309  0.3314119322670242E+000
 0310  0.3314521791719491E+000
 0311  0.3314717233644428E+000
 0312  0.3314915853512806E+000
 0313  0.3315112932671896E+000
 0314  0.3315499566066358E+000
 0315  0.3315689111585420E+000
 0316  0.3315880995049552E+000
 0317  0.3316071151774579E+000
 0318  0.3316443299894089E+000
 0319  0.3316625353627668E+000
 0320  0.3316805779438660E+000
 0321  0.3317161992091341E+000
 0322  0.3317337576228736E+000
 0323  0.3317511446711385E+000
 0324  0.3317683632783479E+000
 0325  0.3318022788838275E+000
 0326  0.3318189610945071E+000
 0327  0.3318354710927741E+000
 0328  0.3318676942953457E+000
 0329  0.3318834178563671E+000
 0330  0.3318992083397916E+000
 0331  0.3319300014524825E+000
 0332  0.3319450137737012E+000
 0333  0.3319598684116737E+000
 0334  0.3319747656645249E+000
 0335  0.3320038021946141E+000
 0336  0.3320179511612790E+000
 0337  0.3320321224204431E+000
 0338  0.3320597322432041E+000
 0339  0.3320731812055567E+000
 0340  0.3320866378474025E+000
 0341  0.3321128491984912E+000
 0342  0.3321256138941107E+000
 0343  0.3321383745343932E+000
 0344  0.3321632277721341E+000
 0345  0.3321753298187152E+000
 0346  0.3321991465802769E+000
 0347  0.3322107424817276E+000
 0348  0.3322223186309406E+000
 0349  0.3322448626252276E+000
 0350  0.3322559378378199E+000
 0351  0.3322668864440926E+000
 0352  0.3322883015193844E+000
 0353  0.3322987702111209E+000
 0354  0.3323192436743749E+000
 0355  0.3323292509700006E+000
 0356  0.3323392222221298E+000
 0357  0.3323586388626619E+000
 0358  0.3323681618131297E+000
 0359  0.3323867097205659E+000
 0360  0.3323958053077167E+000
 0361  0.3324047983581296E+000
 0362  0.3324224360511632E+000
 0363  0.3324310799330545E+000
 0364  0.3324479187790236E+000
 0365  0.3324561712601514E+000
 0366  0.3324723003951142E+000
 0367  0.3324801803315173E+000
 0368  0.3324880189703576E+000
 0369  0.3325033789394800E+000
 0370  0.3325109010354003E+000
 0371  0.3325255987962427E+000
 0372  0.3325327778278652E+000
 0373  0.3325468437172682E+000
 0374  0.3325537317272690E+000
 0375  0.3325672250395642E+000
 0376  0.3325738315834338E+000
 0377  0.3325867705478410E+000
 0378  0.3325931039661431E+000
 0379  0.3326055051305036E+000
 0380  0.3326115741252465E+000
 0381  0.3326234557356932E+000
 0382  0.3326292910067362E+000
 0383  0.3326407110410518E+000
 0384  0.3326462974631166E+000
 0385  0.3326572478553678E+000
 0386  0.3326678252146631E+000
 0387  0.3326729995858360E+000
 0388  0.3326831559490077E+000
 0389  0.3326881238549328E+000
 0390  0.3326978722440336E+000
 0391  0.3327073001150960E+000
 0392  0.3327119234051141E+000
 0393  0.3327209814315337E+000
 0394  0.3327254174498031E+000
 0395  0.3327341273309591E+000
 0396  0.3327425494836973E+000
 0397  0.3327466823777029E+000
 0398  0.3327547866518122E+000
 0399  0.3327626311742541E+000
 0400  0.3327664797356270E+000
 0401  0.3327740322856392E+000
 0402  0.3327813544018661E+000
 0403  0.3327849485630733E+000
 0404  0.3327920002709117E+000
 0405  0.3327988401851252E+000
 0406  0.3328021988923737E+000
 0407  0.3328087916754140E+000
 0408  0.3328151921884693E+000
 0409  0.3328213988053625E+000
 0410  0.3328244502557900E+000
 0411  0.3328304444056045E+000
 0412  0.3328362638334079E+000
 0413  0.3328419182447714E+000
 0414  0.3328446963024407E+000
 0415  0.3328501614828553E+000
 0416  0.3328554720722955E+000
 0417  0.3328606365051064E+000
 0418  0.3328656588447123E+000
 0419  0.3328705454182379E+000
 0420  0.3328752993086694E+000
 0421  0.3328776385653887E+000
 0422  0.3328822421813708E+000
 0423  0.3328867243869029E+000
 0424  0.3328910890486365E+000
 0425  0.3328953414617365E+000
 0426  0.3328994849015996E+000
 0427  0.3329035229551394E+000
 0428  0.3329074509902383E+000
 0429  0.3329112591565848E+000
 0430  0.3329149524269516E+000
 0431  0.3329185355144781E+000
 0432  0.3329220128889164E+000
 0433  0.3329253887916951E+000
 0434  0.3329286672499019E+000
 0435  0.3329318520892717E+000
 0436  0.3329349469462598E+000
 0437  0.3329394122102525E+000
 0438  0.3329422765947378E+000
 0439  0.3329450633378413E+000
 0440  0.3329477753028894E+000
 0441  0.3329504152199466E+000
 0442  0.3329542326416350E+000
 0443  0.3329566868286353E+000
 0444  0.3329590783073476E+000
 0445  0.3329614092576373E+000
 0446  0.3329647855342268E+000
 0447  0.3329669596692008E+000
 0448  0.3329690807788061E+000
 0449  0.3329721568719117E+000
 0450  0.3329741400846509E+000
 0451  0.3329770186672537E+000
 0452  0.3329788761068822E+000
 0453  0.3329815743253987E+000
 0454  0.3329833167733512E+000
 0455  0.3329858498989103E+000
 0456  0.3329874869718604E+000
 0457  0.3329898686454349E+000
 0458  0.3329921597876567E+000
 0459  0.3329936422182901E+000
 0460  0.3329958013665992E+000
 0461  0.3329978813234656E+000
 0462  0.3329998860417632E+000
 0463  0.3330011850822100E+000
 0464  0.3330030798539080E+000
 0465  0.3330049083443704E+000
 0466  0.3330066736974072E+000
 0467  0.3330083788657519E+000
 0468  0.3330100266251670E+000
 0469  0.3330116195873300E+000
 0470  0.3330136587866554E+000
 0471  0.3330151278115984E+000
 0472  0.3330165499664427E+000
 0473  0.3330179272604343E+000
 0474  0.3330196939882472E+000
 0475  0.3330209692595864E+000
 0476  0.3330226068004943E+000
 0477  0.3330237900038637E+000
 0478  0.3330253107813043E+000
 0479  0.3330267676529491E+000
 0480  0.3330281641632490E+000
 0481  0.3330291752048464E+000
 0482  0.3330304771701504E+000
 0483  0.3330320298446801E+000
 0484  0.3330332155734090E+000
 0485  0.3330343552951352E+000
 0486  0.3330354513305424E+000
 0487  0.3330367616528078E+000
 0488  0.3330380081041205E+000
 0489  0.3330389628776105E+000
 0490  0.3330401063824756E+000
 0491  0.3330414068850049E+000
 0492  0.3330424346881412E+000
 0493  0.3330434156915326E+000
 0494  0.3330445338587563E+000
 0495  0.3330455908688063E+000
 0496  0.3330465908736532E+000
 0497  0.3330475376716278E+000
 0498  0.3330485788838741E+000
 0499  0.3330495560455811E+000
 0500  0.3330504739341907E+000
 0501  0.3330513368855354E+000
 0502  0.3330522603243362E+000
 0503  0.3330532244618107E+000
 0504  0.3330541158460515E+000
 0505  0.3330549409036470E+000
 0506  0.3330558667091771E+000
 0507  0.3330566365956185E+000
 0508  0.3330574791169929E+000
 0509  0.3330583013133253E+000
 0510  0.3330591459758494E+000
 0511  0.3330599389874281E+000
 0512  0.3330607156831157E+000
 0513  0.3330614896596384E+000
 0514  0.3330622281577980E+000
 0515  0.3330629731062233E+000
 0516  0.3330635261777431E+000
 0517  0.3330635261777431E+000
 0518  0.3330635261777431E+000
 0519  0.3330635261777431E+000
 0520  0.3330635261777431E+000
 0521  0.3330635261777431E+000
 0522  0.3330635261777431E+000
 0523  0.3330635261777431E+000
 0524  0.3330635261777431E+000
 0525  0.3330635261777431E+000
 0526  0.3330635261777431E+000
 0527  0.3330635261777431E+000
 0528  0.3330635261777431E+000
 0529  0.3330635261777431E+000
 0530  0.3330635261777431E+000
 0531  0.3330635261777431E+000
 0532  0.3330635261777431E+000
 0533  0.3330635261777431E+000
 0534  0.3330635261777431E+000
 0535  0.3330635261777431E+000
 0536  0.3330635261777431E+000
 0537  0.3330635261777431E+000
 0538  0.3330635261777431E+000
 0539  0.3330635261777431E+000
 0540  0.3330635261777431E+000
 0541  0.3330635261777431E+000
 0542  0.3330635261777431E+000
 0543  0.3330635261777431E+000
 0544  0.3330635261777431E+000
 0545  0.3330635261777431E+000
 0546  0.3330635261777431E+000
 0547  0.3330635261777431E+000
 0548  0.3330635261777431E+000
 0549  0.3330635261777431E+000
 0550  0.3330635261777431E+000
 0551  0.3330635261777431E+000
 0552  0.3330635261777431E+000
 0553  0.3330635261777431E+000
 0554  0.3330635261777431E+000
 0555  0.3330635261777431E+000
 0556  0.3330635261777431E+000
 0557  0.3330635261777431E+000
 0558  0.3330635261777431E+000
 0559  0.3330635261777431E+000
 0560  0.3330635261777431E+000
 0561  0.3330635261777431E+000
 0562  0.3330635261777431E+000
 0563  0.3330635261777431E+000
 0564  0.3330635261777431E+000
 0565  0.3330635261777431E+000
 0566  0.3330635261777431E+000
 0567  0.3330635261777431E+000
 0568  0.3330635261777431E+000
 0569  0.3330635261777431E+000
 0570  0.3330635261777431E+000
 0571  0.3330635261777431E+000
 0572  0.3330635261777431E+000
 0573  0.3330635261777431E+000
 0574  0.3330635261777431E+000
 0575  0.3330635261777431E+000
 0576  0.3330635261777431E+000
 0577  0.3330635261777431E+000
 0578  0.3330635261777431E+000
 0579  0.3330635261777431E+000
 0580  0.3330635261777431E+000
 0581  0.3330635261777431E+000
 0582  0.3330635261777431E+000
 0583  0.3330635261777431E+000
 0584  0.3330635261777431E+000
 0585  0.3330635261777431E+000
 0586  0.3330635261777431E+000
 0587  0.3330635261777431E+000
 0588  0.3330635261777431E+000
 0589  0.3330635261777431E+000
 0590  0.3330635261777431E+000
 0591  0.3330635261777431E+000
 0592  0.3330635261777431E+000
 0593  0.3330635261777431E+000
 0594  0.3330635261777431E+000
 0595  0.3330635261777431E+000
 0596  0.3330635261777431E+000
 0597  0.3330635261777431E+000
 0598  0.3330635261777431E+000
 0599  0.3330635261777431E+000
 0600  0.3330635261777431E+000
 0601  0.3330635261777431E+000
 0602  0.3330635261777431E+000
 0603  0.3330635261777431E+000
 0604  0.3330635261777431E+000
 0605  0.3330635261777431E+000
 0606  0.3330635261777431E+000
 0607  0.3330635261777431E+000
 0608  0.3330635261777431E+000
 0609  0.3330635261777431E+000
 0610  0.3330635261777431E+000
 0611  0.3330635261777431E+000
 0612  0.3330635261777431E+000
 0613  0.3330635261777431E+000
 0614  0.3330635261777431E+000
 0615  0.3330635261777431E+000
 0616  0.3330635261777431E+000
 0617  0.3330635261777431E+000
 0618  0.3330635261777431E+000
 0619  0.3330635261777431E+000
 0620  0.3330635261777431E+000
 0621  0.3330635261777431E+000
 0622  0.3330635261777431E+000
 0623  0.3330635261777431E+000
 0624  0.3330635261777431E+000
 0625  0.3330635261777431E+000
 0626  0.3330635261777431E+000
 0627  0.3330635261777431E+000
 0628  0.3330635261777431E+000
 0629  0.3330635261777431E+000
 0630  0.3330635261777431E+000
 0631  0.3330635261777431E+000
 0632  0.3330635261777431E+000
 0633  0.3330635261777431E+000
 0634  0.3330635261777431E+000
 0635  0.3330635261777431E+000
 0636  0.3330635261777431E+000
 0637  0.3330635261777431E+000
 0638  0.3330635261777431E+000
 0639  0.3330635261777431E+000
 0640  0.3330635261777431E+000
 0641  0.3330635261777431E+000
 0642  0.3330635261777431E+000
 0643  0.3330635261777431E+000
 0644  0.3330635261777431E+000
 0645  0.3330635261777431E+000
 0646  0.3330635261777431E+000
 0647  0.3330635261777431E+000
 0648  0.3330635261777431E+000
 0649  0.3330635261777431E+000
 0650  0.3330635261777431E+000
 0651  0.3330635261777431E+000
 0652  0.3330635261777431E+000
 0653  0.3330635261777431E+000
 0654  0.3330635261777431E+000
 0655  0.3330635261777431E+000
 0656  0.3330635261777431E+000
 0657  0.3330635261777431E+000
 0658  0.3330635261777431E+000
 0659  0.3330635261777431E+000
 0660  0.3330635261777431E+000
 0661  0.3330635261777431E+000
 0662  0.3330635261777431E+000
 0663  0.3330635261777431E+000
 0664  0.3330635261777431E+000
 0665  0.3330635261777431E+000
 0666  0.3330635261777431E+000
 0667  0.3330635261777431E+000
 0668  0.3330635261777431E+000
 0669  0.3330635261777431E+000
 0670  0.3330635261777431E+000
 0671  0.3330635261777431E+000
 0672  0.3330635261777431E+000
 0673  0.3330635261777431E+000
 0674  0.3330635261777431E+000
 0675  0.3330635261777431E+000
 0676  0.3330635261777431E+000
 0677  0.3330635261777431E+000
 0678  0.3330635261777431E+000
 0679  0.3330635261777431E+000
 0680  0.3330635261777431E+000
 0681  0.3330635261777431E+000
 0682  0.3330635261777431E+000
 0683  0.3330635261777431E+000
 0684  0.3330635261777431E+000
 0685  0.3330635261777431E+000
 0686  0.3330635261777431E+000
 0687  0.3330635261777431E+000
 0688  0.3330635261777431E+000
 0689  0.3330635261777431E+000
 0690  0.3330635261777431E+000
 0691  0.3330635261777431E+000
 0692  0.3330635261777431E+000
 0693  0.3330635261777431E+000
 0694  0.3330635261777431E+000
 0695  0.3330635261777431E+000
 0696  0.3330635261777431E+000
 0697  0.3330635261777431E+000
 0698  0.3330635261777431E+000
 0699  0.3330635261777431E+000
 0700  0.3330635261777431E+000
 0701  0.3330635261777431E+000
 0702  0.3330635261777431E+000
 0703  0.3330635261777431E+000
 0704  0.3330635261777431E+000
 0705  0.3330635261777431E+000
 0706  0.3330635261777431E+000
 0707  0.3330635261777431E+000
 0708  0.3330635261777431E+000
 0709  0.3330635261777431E+000
 0710  0.3330635261777431E+000
 0711  0.3330635261777431E+000
 0712  0.3330635261777431E+000
 0713  0.3330635261777431E+000
 0714  0.3330635261777431E+000
 0715  0.3330635261777431E+000
 0716  0.3330635261777431E+000
 0717  0.3330635261777431E+000
 0718  0.3330635261777431E+000
 0719  0.3330635261777431E+000
 0720  0.3330635261777431E+000
 0721  0.3330635261777431E+000
 0722  0.3330635261777431E+000
 0723  0.3330635261777431E+000
 0724  0.3330635261777431E+000
 0725  0.3330635261777431E+000
 0726  0.3330635261777431E+000
 0727  0.3330635261777431E+000
 0728  0.3330635261777431E+000
 0729  0.3330635261777431E+000
 0730  0.3330635261777431E+000
 0731  0.3330635261777431E+000
 0732  0.3330635261777431E+000
 0733  0.3330635261777431E+000
 0734  0.3330635261777431E+000
 0735  0.3330635261777431E+000
 0736  0.3330635261777431E+000
 0737  0.3330635261777431E+000
 0738  0.3330635261777431E+000
 0739  0.3330635261777431E+000
 0740  0.3330635261777431E+000
 0741  0.3330635261777431E+000
 0742  0.3330635261777431E+000
 0743  0.3330635261777431E+000
 0744  0.3330635261777431E+000
 0745  0.3330635261777431E+000
 0746  0.3330635261777431E+000
 0747  0.3330635261777431E+000
 0748  0.3330635261777431E+000
 0749  0.3330635261777431E+000
 0750  0.3330635261777431E+000
 0751  0.3330635261777431E+000
 0752  0.3330635261777431E+000
 0753  0.3330635261777431E+000
 0754  0.3330635261777431E+000
 0755  0.3330635261777431E+000
 0756  0.3330635261777431E+000
 0757  0.3330635261777431E+000
 0758  0.3330635261777431E+000
 0759  0.3330635261777431E+000
 0760  0.3330635261777431E+000
 0761  0.3330635261777431E+000
 0762  0.3330635261777431E+000
 0763  0.3330635261777431E+000
 0764  0.3330635261777431E+000
 0765  0.3330635261777431E+000
 0766  0.3330635261777431E+000
 0767  0.3330635261777431E+000
 0768  0.3330635261777431E+000
 0769  0.3330635261777431E+000
 0770  0.3330635261777431E+000
 0771  0.3330635261777431E+000
 0772  0.3330635261777431E+000
 0773  0.3330635261777431E+000
 0774  0.3330635261777431E+000
 0775  0.3330635261777431E+000
 0776  0.3330635261777431E+000
 0777  0.3330635261777431E+000
 0778  0.3330635261777431E+000
 0779  0.3330635261777431E+000
 0780  0.3330635261777431E+000
 0781  0.3330635261777431E+000
 0782  0.3330635261777431E+000
 0783  0.3330635261777431E+000
 0784  0.3330635261777431E+000
 0785  0.3330635261777431E+000
 0786  0.3330635261777431E+000
 0787  0.3330635261777431E+000
 0788  0.3330635261777431E+000
 0789  0.3330635261777431E+000
 0790  0.3330635261777431E+000
 0791  0.3330635261777431E+000
 0792  0.3330635261777431E+000
 0793  0.3330635261777431E+000
 0794  0.3330635261777431E+000
 0795  0.3330635261777431E+000
 0796  0.3330635261777431E+000
 0797  0.3330635261777431E+000
 0798  0.3330635261777431E+000
 0799  0.3330635261777431E+000
 0800  0.3330635261777431E+000
 0801  0.3330635261777431E+000
 0802  0.3330635261777431E+000
 0803  0.3330635261777431E+000
 0804  0.3330635261777431E+000
 0805  0.3330635261777431E+000
 0806  0.3330635261777431E+000
 0807  0.3330635261777431E+000
 0808  0.3330635261777431E+000
 0809  0.3330635261777431E+000
 0810  0.3330635261777431E+000
 0811  0.3330635261777431E+000
 0812  0.3330635261777431E+000
 0813  0.3330635261777431E+000
 0814  0.3330635261777431E+000
 0815  0.3330635261777431E+000
 0816  0.3330635261777431E+000
 0817  0.3330635261777431E+000
 0818  0.3330635261777431E+000
 0819  0.3330635261777431E+000
 0820  0.3330635261777431E+000
 0821  0.3330635261777431E+000
 0822  0.3330635261777431E+000
 0823  0.3330635261777431E+000
 0824  0.3330635261777431E+000
 0825  0.3330635261777431E+000
 0826  0.3330635261777431E+000
 0827  0.3330635261777431E+000
 0828  0.3330635261777431E+000
 0829  0.3330635261777431E+000
 0830  0.3330635261777431E+000
 0831  0.3330635261777431E+000
 0832  0.3330635261777431E+000
 0833  0.3330635261777431E+000
 0834  0.3330635261777431E+000
 0835  0.3330635261777431E+000
 0836  0.3330635261777431E+000
 0837  0.3330635261777431E+000
 0838  0.3330635261777431E+000
 0839  0.3330635261777431E+000
 0840  0.3330635261777431E+000
 0841  0.3330635261777431E+000
 0842  0.3330635261777431E+000
 0843  0.3330635261777431E+000
 0844  0.3330635261777431E+000
 0845  0.3330635261777431E+000
 0846  0.3330635261777431E+000
 0847  0.3330635261777431E+000
 0848  0.3330635261777431E+000
 0849  0.3330635261777431E+000
 0850  0.3330635261777431E+000
 0851  0.3330635261777431E+000
 0852  0.3330635261777431E+000
 0853  0.3330635261777431E+000
 0854  0.3330635261777431E+000
 0855  0.3330635261777431E+000
 0856  0.3330635261777431E+000
 0857  0.3330635261777431E+000
 0858  0.3330635261777431E+000
 0859  0.3330635261777431E+000
 0860  0.3330635261777431E+000
 0861  0.3330635261777431E+000
 0862  0.3330635261777431E+000
 0863  0.3330635261777431E+000
 0864  0.3330635261777431E+000
 0865  0.3330635261777431E+000
 0866  0.3330635261777431E+000
 0867  0.3330635261777431E+000
 0868  0.3330635261777431E+000
 0869  0.3330635261777431E+000
 0870  0.3330635261777431E+000
 0871  0.3330635261777431E+000
 0872  0.3330635261777431E+000
 0873  0.3330635261777431E+000
 0874  0.3330635261777431E+000
 0875  0.3330635261777431E+000
 0876  0.3330635261777431E+000
 0877  0.3330635261777431E+000
 0878  0.3330635261777431E+000
 0879  0.3330635261777431E+000
 0880  0.3330635261777431E+000
 0881  0.3330635261777431E+000
 0882  0.3330635261777431E+000
 0883  0.3330635261777431E+000
 0884  0.3330635261777431E+000
 0885  0.3330635261777431E+000
 0886  0.3330635261777431E+000
 0887  0.3330635261777431E+000
 0888  0.3330635261777431E+000
 0889  0.3330635261777431E+000
 0890  0.3330635261777431E+000
 0891  0.3330635261777431E+000
 0892  0.3330635261777431E+000
 0893  0.3330635261777431E+000
 0894  0.3330635261777431E+000
 0895  0.3330635261777431E+000
 0896  0.3330635261777431E+000
 0897  0.3330635261777431E+000
 0898  0.3330635261777431E+000
 0899  0.3330635261777431E+000
 0900  0.3330635261777431E+000
 0901  0.3330635261777431E+000
 0902  0.3330635261777431E+000
 0903  0.3330635261777431E+000
 0904  0.3330635261777431E+000
 0905  0.3330635261777431E+000
 0906  0.3330635261777431E+000
 0907  0.3330635261777431E+000
 0908  0.3330635261777431E+000
 0909  0.3330635261777431E+000
 0910  0.3330635261777431E+000
 0911  0.3330635261777431E+000
 0912  0.3330635261777431E+000
 0913  0.3330635261777431E+000
 0914  0.3330635261777431E+000
 0915  0.3330635261777431E+000
 0916  0.3330635261777431E+000
 0917  0.3330635261777431E+000
 0918  0.3330635261777431E+000
 0919  0.3330635261777431E+000
 0920  0.3330635261777431E+000
 0921  0.3330635261777431E+000
 0922  0.3330635261777431E+000
 0923  0.3330635261777431E+000
 0924  0.3330635261777431E+000
 0925  0.3330635261777431E+000
 0926  0.3330635261777431E+000
 0927  0.3330635261777431E+000
 0928  0.3330635261777431E+000
 0929  0.3330635261777431E+000
 0930  0.3330635261777431E+000
 0931  0.3330635261777431E+000
 0932  0.3330635261777431E+000
 0933  0.3330635261777431E+000
 0934  0.3330635261777431E+000
 0935  0.3330635261777431E+000
 0936  0.3330635261777431E+000
 0937  0.3330635261777431E+000
 0938  0.3330635261777431E+000
 0939  0.3330635261777431E+000
 0940  0.3330635261777431E+000
 0941  0.3330635261777431E+000
 0942  0.3330635261777431E+000
 0943  0.3330635261777431E+000
 0944  0.3330635261777431E+000
 0945  0.3330635261777431E+000
 0946  0.3330635261777431E+000
 0947  0.3330635261777431E+000
 0948  0.3330635261777431E+000
 0949  0.3330635261777431E+000
 0950  0.3330635261777431E+000
 0951  0.3330635261777431E+000
 0952  0.3330635261777431E+000
 0953  0.3330635261777431E+000
 0954  0.3330635261777431E+000
 0955  0.3330635261777431E+000
 0956  0.3330635261777431E+000
 0957  0.3330635261777431E+000
 0958  0.3330635261777431E+000
 0959  0.3330635261777431E+000
 0960  0.3330635261777431E+000
 0961  0.3330635261777431E+000
 0962  0.3330635261777431E+000
 0963  0.3330635261777431E+000
 0964  0.3330635261777431E+000
 0965  0.3330635261777431E+000
 0966  0.3330635261777431E+000
 0967  0.3330635261777431E+000
 0968  0.3330635261777431E+000
 0969  0.3330635261777431E+000
 0970  0.3330635261777431E+000
 0971  0.3330635261777431E+000
 0972  0.3330635261777431E+000
 0973  0.3330635261777431E+000
 0974  0.3330635261777431E+000
 0975  0.3330635261777431E+000
 0976  0.3330635261777431E+000
 0977  0.3330635261777431E+000
 0978  0.3330635261777431E+000
 0979  0.3330635261777431E+000
 0980  0.3330635261777431E+000
 0981  0.3330635261777431E+000
 0982  0.3330635261777431E+000
 0983  0.3330635261777431E+000
 0984  0.3330635261777431E+000
 0985  0.3330635261777431E+000
 0986  0.3330635261777431E+000
 0987  0.3330635261777431E+000
 0988  0.3330635261777431E+000
 0989  0.3330635261777431E+000
 0990  0.3330635261777431E+000
 0991  0.3330635261777431E+000
 0992  0.3330635261777431E+000
 0993  0.3330635261777431E+000
 0994  0.3330635261777431E+000
 0995  0.3330635261777431E+000
 0996  0.3330635261777431E+000
 0997  0.3330635261777431E+000
 0998  0.3330635261777431E+000
 0999  0.3330635261777431E+000
 1000  0.3330635261777431E+000
