  0.0000000000E+000  0.0000000000E+000
  1.7001667876E+003  1.0576601174E+014
  3.4002881226E+003  1.0573256403E+014
  5.1003185929E+003  1.0570405570E+014
  6.8001843830E+003  1.0568465471E+014
  8.5002812569E+003  1.0569163610E+014
  1.0200228299E+004  1.0579625744E+014
  1.1900206829E+004  1.0620174100E+014
  1.3600229156E+004  1.0685967804E+014
  1.5300312615E+004  1.0749979160E+014
  1.7000244720E+004  1.0823834241E+014
  1.8700256335E+004  1.0933222077E+014
  2.0400230411E+004  1.1873723091E+014
  2.2100162459E+004  1.3577844979E+014
  2.3800275620E+004  1.5848014173E+014
  2.5500273295E+004  1.5313005403E+014
  2.7200180887E+004  1.5271796518E+014
  2.8900271498E+004  1.5302947633E+014
  3.0600166303E+004  1.5267094054E+014
  3.2300301586E+004  1.5187095676E+014
  3.4000187986E+004  1.5071678327E+014
  3.5700188667E+004  1.4939459932E+014
  3.7400246719E+004  1.4789683069E+014
  3.9100287941E+004  1.4551788316E+014
  4.0800267820E+004  1.4186310114E+014
  4.2500173743E+004  1.3700200685E+014
  4.4200236187E+004  1.3565451082E+014
  4.5900231069E+004  1.3487545203E+014
  4.7600205484E+004  1.3385165426E+014
  4.9300274553E+004  1.3297624215E+014
  5.1000300533E+004  1.3233308880E+014
  5.2700190009E+004  1.3191622051E+014
  5.4400285839E+004  1.3170067523E+014
  5.6100183086E+004  1.3162847787E+014
  5.7800284870E+004  1.3163498673E+014
  5.9500271593E+004  1.3146166352E+014
  6.1200237613E+004  1.3147915691E+014
  6.2900309379E+004  1.3210238774E+014
  6.4600297699E+004  1.3337161383E+014
  6.6300248961E+004  1.3487888444E+014
  6.8000267004E+004  1.3588393747E+014
  6.9700311383E+004  1.4248223143E+014
  7.1400263197E+004  1.4855548953E+014
  7.3100309432E+004  1.5301871916E+014
  7.4800240033E+004  1.5663197301E+014
  7.6500275376E+004  1.5973833310E+014
  7.8200249451E+004  1.6255414797E+014
  7.9900218584E+004  1.6524364847E+014
  8.1600164248E+004  1.6778619180E+014
  8.3300226026E+004  1.7014201326E+014
  8.5000256463E+004  1.7230474693E+014
  8.6700175565E+004  1.7428632529E+014
  8.8400178357E+004  1.7610637764E+014
  9.0100197366E+004  1.7778508975E+014
  9.1800218780E+004  1.7934063445E+014
  9.3500257758E+004  1.8078846200E+014
  9.5200264153E+004  1.8214138892E+014
  9.6900290413E+004  1.8341543258E+014
  9.8600203150E+004  1.8463570029E+014
  1.0030016699E+005  1.8579976834E+014
  1.0200017267E+005  1.8690797980E+014
  1.0370025249E+005  1.8796344028E+014
  1.0540030314E+005  1.8898266065E+014
  1.0710023452E+005  1.8999061265E+014
  1.0880025123E+005  1.9100479458E+014
  1.1050021432E+005  1.9202422172E+014
  1.1220022021E+005  1.9301344487E+014
  1.1390027521E+005  1.9395666813E+014
  1.1560020378E+005  1.9485108570E+014
  1.1730029433E+005  1.9569908553E+014
  1.1900021676E+005  1.9650420586E+014
  1.2070030143E+005  1.9727046230E+014
  1.2240020116E+005  1.9800127539E+014
  1.2410030611E+005  1.9870000047E+014
  1.2580026875E+005  1.9936929033E+014
  1.2750027506E+005  2.0001167438E+014
  1.2920026506E+005  2.0062928322E+014
  1.3090017894E+005  2.0122395808E+014
  1.3260026887E+005  2.0179728935E+014
  1.3430025472E+005  2.0235046669E+014
  1.3600017825E+005  2.0288600059E+014
  1.3770023138E+005  2.0341187662E+014
  1.3940031943E+005  2.0393340218E+014
  1.4110023990E+005  2.0444919616E+014
  1.4280025261E+005  2.0495591315E+014
  1.4450024166E+005  2.0545070311E+014
  1.4620019907E+005  2.0593190688E+014
  1.4790031682E+005  2.0639886678E+014
  1.4960024249E+005  2.0685139797E+014
  1.5130027937E+005  2.0728984354E+014
  1.5300016350E+005  2.0771457668E+014
  1.5470017498E+005  2.0812624194E+014
  1.5640031820E+005  2.0852539709E+014
  1.5810024947E+005  2.0891254316E+014
  1.5980029682E+005  2.0928838625E+014
  1.6150022107E+005  2.0965346970E+014
  1.6320029213E+005  2.1000841165E+014
  1.6490029821E+005  2.1035369346E+014
  1.6660021945E+005  2.1068980404E+014
  1.6830026861E+005  2.1101722055E+014
  1.7000023334E+005  2.1133642468E+014
  1.7170017156E+005  2.1164942105E+014
  1.7340018421E+005  2.1195909336E+014
  1.7510025953E+005  2.1226655694E+014
  1.7680030336E+005  2.1257125524E+014
  1.7850027099E+005  2.1287207960E+014
  1.8020023244E+005  2.1316803040E+014
  1.8190024979E+005  2.1345839203E+014
  1.8360029833E+005  2.1374271802E+014
  1.8530032131E+005  2.1402078084E+014
  1.8700030702E+005  2.1429252012E+014
  1.8870028321E+005  2.1455798868E+014
  1.9040028762E+005  2.1481730918E+014
  1.9210032155E+005  2.1507063993E+014
  1.9380018177E+005  2.1531812512E+014
  1.9550016964E+005  2.1555997911E+014
  1.9720031378E+005  2.1579637404E+014
  1.9890031790E+005  2.1602744311E+014
  2.0060017498E+005  2.1625336610E+014
  2.0230017853E+005  2.1647436338E+014
  2.0400032347E+005  2.1669061315E+014
  2.0570028976E+005  2.1690225324E+014
  2.0740025472E+005  2.1710962325E+014
  2.0910022702E+005  2.1731364041E+014
  2.1080019549E+005  2.1751544746E+014
  2.1250030620E+005  2.1771568075E+014
  2.1420023533E+005  2.1791432545E+014
  2.1590017174E+005  2.1811110095E+014
  2.1760028053E+005  2.1830562976E+014
  2.1930022130E+005  2.1849750630E+014
  2.2100030315E+005  2.1868647464E+014
  2.2270020922E+005  2.1887229162E+014
  2.2440028299E+005  2.1905488529E+014
  2.2610019935E+005  2.1923426829E+014
  2.2780026457E+005  2.1941044264E+014
  2.2950031058E+005  2.1958335732E+014
  2.3120018880E+005  2.1975301620E+014
  2.3290022811E+005  2.1992056842E+014
  2.3460025569E+005  2.2008762265E+014
  2.3630026822E+005  2.2025367432E+014
  2.3800026519E+005  2.2041773826E+014
  2.3970025189E+005  2.2057912383E+014
  2.4140023111E+005  2.2073745785E+014
  2.4310019679E+005  2.2089257803E+014
  2.4480030344E+005  2.2104445700E+014
  2.4650023180E+005  2.2119309276E+014
  2.4820031305E+005  2.2133861878E+014
  2.4990021106E+005  2.2148132270E+014
  2.5160024035E+005  2.2162172663E+014
  2.5330025210E+005  2.2176023407E+014
  2.5500024705E+005  2.2189706359E+014
  2.5670020894E+005  2.2203227064E+014
  2.5840030123E+005  2.2216581762E+014
  2.6010020898E+005  2.2229666266E+014
  2.6180025565E+005  2.2242417996E+014
  2.6350026608E+005  2.2254860299E+014
  2.6520024887E+005  2.2267003341E+014
  2.6690020742E+005  2.2278849969E+014
  2.6860030809E+005  2.2290400354E+014
  2.7030022748E+005  2.2301649437E+014
  2.7200030034E+005  2.2312595923E+014
  2.7370019649E+005  2.2323234216E+014
  2.7540025323E+005  2.2333563221E+014
  2.7710016476E+005  2.2343578145E+014
  2.7880025438E+005  2.2353278127E+014
  2.8050018025E+005  2.2362658511E+014
  2.8220027474E+005  2.2371718361E+014
  2.8390022217E+005  2.2380453020E+014
  2.8560017729E+005  2.2388860042E+014
  2.8730028876E+005  2.2396936488E+014
  2.8900023668E+005  2.2404676902E+014
  2.9070018633E+005  2.2412077889E+014
  2.9240029441E+005  2.2419135838E+014
  2.9410023073E+005  2.2425846561E+014
  2.9580032347E+005  2.2432211651E+014
  2.9750024023E+005  2.2438231484E+014
  2.9920030749E+005  2.2443907210E+014
  3.0090019795E+005  2.2449235024E+014
  3.0260023368E+005  2.2454211220E+014
  3.0430025417E+005  2.2458830044E+014
  3.0600025486E+005  2.2463087392E+014
  3.0770023066E+005  2.2466981955E+014
  3.0940018236E+005  2.2470516847E+014
  3.1110028023E+005  2.2473701464E+014
  3.1280018650E+005  2.2476551774E+014
  3.1450022359E+005  2.2479093934E+014
  3.1620023210E+005  2.2481363679E+014
  3.1790021541E+005  2.2483408629E+014
  3.1960016878E+005  2.2485288792E+014
  3.2130025036E+005  2.2487076922E+014
  3.2300029872E+005  2.2488857281E+014
  3.2470031557E+005  2.2490724246E+014
  3.2640030222E+005  2.2492778811E+014
  3.2810025332E+005  2.2495123830E+014
  3.2980017269E+005  2.2497858018E+014
  3.3150022611E+005  2.2501069473E+014
  3.3320024720E+005  2.2504827931E+014
  3.3490023646E+005  2.2509179670E+014
  3.3660020570E+005  2.2514143268E+014
  3.3830031379E+005  2.2519708732E+014
  3.4000022674E+005  2.2525836955E+014
  3.4170028060E+005  2.2532468099E+014
  3.4340031802E+005  2.2539524044E+014
  3.4510016792E+005  2.2546917612E+014
  3.4680032191E+005  2.2554564112E+014
  3.4850029741E+005  2.2562381643E+014
  3.5020026456E+005  2.2570302868E+014
  3.5190021817E+005  2.2578272824E+014
  3.5360032171E+005  2.2586249987E+014
  3.5530024409E+005  2.2594201664E+014
  3.5700032052E+005  2.2602107536E+014
  3.5870022716E+005  2.2609951511E+014
  3.6040028192E+005  2.2617725946E+014
  3.6210031370E+005  2.2625424845E+014
  3.6380017038E+005  2.2633044987E+014
  3.6550017906E+005  2.2640587007E+014
  3.6720032528E+005  2.2648051018E+014
  3.6890028961E+005  2.2655436363E+014
  3.7060023911E+005  2.2662744749E+014
  3.7230032266E+005  2.2669977798E+014
  3.7400020713E+005  2.2677134985E+014
  3.7570023607E+005  2.2684218658E+014
  3.7740023555E+005  2.2691228283E+014
  3.7910019712E+005  2.2698163011E+014
  3.8080029378E+005  2.2705020531E+014
  3.8250019390E+005  2.2711795791E+014
  3.8420022227E+005  2.2718491363E+014
  3.8590021490E+005  2.2725109071E+014
  3.8760017074E+005  2.2731650781E+014
  3.8930024955E+005  2.2738118431E+014
  3.9100029451E+005  2.2744512362E+014
  3.9270030121E+005  2.2750833220E+014
  3.9440026596E+005  2.2757081473E+014
  3.9610019339E+005  2.2763256928E+014
  3.9780024562E+005  2.2769356766E+014
  3.9950025674E+005  2.2775380630E+014
  4.0120023348E+005  2.2781329468E+014
  4.0290017130E+005  2.2787204103E+014
  4.0460022373E+005  2.2793005825E+014
  4.0630023996E+005  2.2798734840E+014
  4.0800022660E+005  2.2804396476E+014
  4.0970017181E+005  2.2810018066E+014
  4.1140023854E+005  2.2815623595E+014
  4.1310027842E+005  2.2821215993E+014
  4.1480028765E+005  2.2826789241E+014
  4.1650025986E+005  2.2832335416E+014
  4.1820020355E+005  2.2837847370E+014
  4.1990028787E+005  2.2843319700E+014
  4.2160017737E+005  2.2848746477E+014
  4.2330019985E+005  2.2854124764E+014
  4.2500019525E+005  2.2859450726E+014
  4.2670032786E+005  2.2864722078E+014
  4.2840026747E+005  2.2869935435E+014
  4.3010017708E+005  2.2875089316E+014
  4.3180022182E+005  2.2880182539E+014
  4.3350023965E+005  2.2885213192E+014
  4.3520022492E+005  2.2890180064E+014
  4.3690017557E+005  2.2895082160E+014
  4.3860026182E+005  2.2899919165E+014
  4.4030031572E+005  2.2904689968E+014
  4.4200032980E+005  2.2909394087E+014
  4.4370031010E+005  2.2914031212E+014
  4.4540025251E+005  2.2918601128E+014
  4.4710031685E+005  2.2923104152E+014
  4.4880017885E+005  2.2927539407E+014
  4.5050017055E+005  2.2931907816E+014
  4.5220028496E+005  2.2936209457E+014
  4.5390019395E+005  2.2940443666E+014
  4.5560023635E+005  2.2944611491E+014
  4.5730023947E+005  2.2948712741E+014
  4.5900019736E+005  2.2952747669E+014
  4.6070028195E+005  2.2956716963E+014
  4.6240032628E+005  2.2960620530E+014
  4.6410032374E+005  2.2964458676E+014
  4.6580027289E+005  2.2968231729E+014
  4.6750017957E+005  2.2971940039E+014
  4.6920020791E+005  2.2975584300E+014
  4.7090018684E+005  2.2979164481E+014
  4.7260028237E+005  2.2982681270E+014
  4.7430016796E+005  2.2986134335E+014
  4.7600016915E+005  2.2989524666E+014
  4.7770028613E+005  2.2992852561E+014
  4.7940019395E+005  2.2996117687E+014
  4.8110022160E+005  2.2999320978E+014
  4.8280019799E+005  2.3002462403E+014
  4.8450029415E+005  2.3005542570E+014
  4.8620017914E+005  2.3008561186E+014
  4.8790018041E+005  2.3011519138E+014
  4.8960030499E+005  2.3014416727E+014
  4.9130022540E+005  2.3017253699E+014
  4.9300026946E+005  2.3020030906E+014
  4.9470027355E+005  2.3022748369E+014
  4.9640024506E+005  2.3025406391E+014
  4.9810018205E+005  2.3028005257E+014
  4.9980024499E+005  2.3030545484E+014
  5.0150026910E+005  2.3033027096E+014
  5.0320025767E+005  2.3035450372E+014
  5.0490020637E+005  2.3037815575E+014
  5.0660027557E+005  2.3040123185E+014
  5.0830030671E+005  2.3042373239E+014
  5.1000029896E+005  2.3044565988E+014
  5.1170024455E+005  2.3046701671E+014
  5.1340031394E+005  2.3048780736E+014
  5.1510017820E+005  2.3050803018E+014
  5.1680032577E+005  2.3052769318E+014
  5.1850026254E+005  2.3054679283E+014
  5.2020032408E+005  2.3056533507E+014
  5.2190017187E+005  2.3058331834E+014
  5.2360030584E+005  2.3060074990E+014
  5.2530023384E+005  2.3061762664E+014
  5.2700027749E+005  2.3063395369E+014
  5.2870027140E+005  2.3064973128E+014
  5.3040022367E+005  2.3066496128E+014
  5.3210028843E+005  2.3067964676E+014
  5.3380029412E+005  2.3069378784E+014
  5.3550024808E+005  2.3070738627E+014
  5.3720031454E+005  2.3072044489E+014
  5.3890032380E+005  2.3073296391E+014
  5.4060027654E+005  2.3074494489E+014
  5.4230017901E+005  2.3075638937E+014
  5.4400019685E+005  2.3076729988E+014
  5.4570032816E+005  2.3077767768E+014
  5.4740024153E+005  2.3078752216E+014
  5.4910027238E+005  2.3079683661E+014
  5.5080025219E+005  2.3080562137E+014
  5.5250017996E+005  2.3081387772E+014
  5.5420022533E+005  2.3082160764E+014
  5.5590021997E+005  2.3082881152E+014
  5.5760033004E+005  2.3083549114E+014
  5.5930023072E+005  2.3084164636E+014
  5.6100024843E+005  2.3084727947E+014
  5.6270021262E+005  2.3085239087E+014
  5.6440030201E+005  2.3085698207E+014
  5.6610017830E+005  2.3086105311E+014
  5.6780016780E+005  2.3086460574E+014
  5.6950028310E+005  2.3086764076E+014
  5.7120018896E+005  2.3087015842E+014
  5.7290020713E+005  2.3087216006E+014
  5.7460018308E+005  2.3087364623E+014
  5.7630028213E+005  2.3087461775E+014
  5.7800032947E+005  2.3087507517E+014
  5.7970016628E+005  2.3087501920E+014
  5.8140028938E+005  2.3087445031E+014
  5.8310019493E+005  2.3087336904E+014
  5.8480021951E+005  2.3087177524E+014
  5.8650019418E+005  2.3086966739E+014
  5.8820028077E+005  2.3086703646E+014
  5.8990031984E+005  2.3086387642E+014
  5.9160030894E+005  2.3086019435E+014
  5.9330024104E+005  2.3085599703E+014
  5.9500028557E+005  2.3085128800E+014
  5.9670027774E+005  2.3084607000E+014
  5.9840021672E+005  2.3084034449E+014
  6.0010026429E+005  2.3083411186E+014
  6.0180025436E+005  2.3082737340E+014
  6.0350018957E+005  2.3082012973E+014
  6.0520023189E+005  2.3081238064E+014
  6.0690021287E+005  2.3080412734E+014
  6.0860030513E+005  2.3079536938E+014
  6.1030017136E+005  2.3078610896E+014
  6.1200030691E+005  2.3077634374E+014
  6.1370022215E+005  2.3076607687E+014
  6.1540024259E+005  2.3075530678E+014
  6.1710020216E+005  2.3074403483E+014
  6.1880027365E+005  2.3073226017E+014
  6.2050028325E+005  2.3071998429E+014
  6.2220023113E+005  2.3070720753E+014
  6.2390029410E+005  2.3069392882E+014
  6.2560029455E+005  2.3068014979E+014
  6.2730023272E+005  2.3066587077E+014
  6.2900028780E+005  2.3065109047E+014
  6.3070028272E+005  2.3063581065E+014
  6.3240021566E+005  2.3062003163E+014
  6.3410026289E+005  2.3060375198E+014
  6.3580025208E+005  2.3058697355E+014
  6.3750018156E+005  2.3056969663E+014
  6.3920022635E+005  2.3055191963E+014
  6.4090021355E+005  2.3053364455E+014
  6.4260031066E+005  2.3051486978E+014
  6.4430018982E+005  2.3049559920E+014
  6.4600017595E+005  2.3047582938E+014
  6.4770027299E+005  2.3045556041E+014
  6.4940031935E+005  2.3043479445E+014
  6.5110030871E+005  2.3041353189E+014
  6.5280023885E+005  2.3039177308E+014
  6.5450028209E+005  2.3036951606E+014
  6.5620027026E+005  2.3034676328E+014
  6.5790020104E+005  2.3032351515E+014
  6.5960023942E+005  2.3029976985E+014
  6.6130022221E+005  2.3027553021E+014
  6.6300031431E+005  2.3025079455E+014
  6.6470017834E+005  2.3022556854E+014
  6.6640031848E+005  2.3019984541E+014
  6.6810023256E+005  2.3017363343E+014
  6.6980025129E+005  2.3014692826E+014
  6.7150021143E+005  2.3011973308E+014
  6.7320027502E+005  2.3009204594E+014
  6.7490027548E+005  2.3006387015E+014
  6.7660021871E+005  2.3003520628E+014
  6.7830026085E+005  2.3000605230E+014
  6.8000023826E+005  2.2997641162E+014
  6.8170032419E+005  2.2994628182E+014
  6.8340017326E+005  2.2991566971E+014
  6.8510028701E+005  2.2988456691E+014
  6.8680017247E+005  2.2985298309E+014
  6.8850032032E+005  2.2982090981E+014
  6.9020023475E+005  2.2978835711E+014
  6.9190025411E+005  2.2975531923E+014
  6.9360020180E+005  2.2972180013E+014
  6.9530025357E+005  2.2968779642E+014
  6.9700024234E+005  2.2965330982E+014
  6.9870032718E+005  2.2961832924E+014
  7.0040018515E+005  2.2958282885E+014
  7.0210031082E+005  2.2954666438E+014
  7.0380019458E+005  2.2950924660E+014
  7.0550018118E+005  2.2946744447E+014
  7.0720026909E+005  2.2940256231E+014
  7.0890028513E+005  2.2918883556E+014
  7.1060023767E+005  2.2785909095E+014
  7.1230029300E+005  2.2289904077E+014
  7.1400028402E+005  1.3151598397E+014
  7.1570021502E+005  1.5112925796E+014
  7.1740025030E+005  1.1166908050E+014
  7.1910022258E+005  1.1202560791E+014
  7.2080030243E+005  1.1258823351E+014
  7.2250032119E+005  1.1321066842E+014
  7.2420027896E+005  1.1394250383E+014
  7.2590017889E+005  1.1483648717E+014
  7.2760018462E+005  1.1590802568E+014
  7.2930029546E+005  1.1703932404E+014
  7.3100017856E+005  1.1779469304E+014
  7.3270016755E+005  1.2020331264E+014
  7.3440025738E+005  1.2261403394E+014
  7.3610028133E+005  1.2458104867E+014
  7.3780024306E+005  1.2822821128E+014
  7.3950030548E+005  1.3507852466E+014
  7.4120030146E+005  1.3487051972E+014
  7.4290023065E+005  1.3485586837E+014
  7.4460025638E+005  1.3494927314E+014
  7.4630021472E+005  1.3558861392E+014
  7.4800027121E+005  2.1570801616E+014
  7.4970025423E+005  2.3768111836E+014
  7.5140017182E+005  2.3797922506E+014
  7.5310018450E+005  2.3700103722E+014
  7.5480028740E+005  2.3699254403E+014
  7.5650032423E+005  2.3840917759E+014
  7.5820028964E+005  2.4622936433E+014
  7.5990017809E+005  2.3968416968E+014
  7.6160033250E+005  2.3998694951E+014
  7.6330024589E+005  2.3996626181E+014
  7.6500025312E+005  2.3982362297E+014
  7.6670019143E+005  2.3966079644E+014
  7.6840022026E+005  2.3955454954E+014
  7.7010017912E+005  2.3949502713E+014
  7.7180023361E+005  2.3946815554E+014
  7.7350020850E+005  2.3943736673E+014
  7.7520027888E+005  2.3945326171E+014
  7.7690027859E+005  2.4259957155E+014
  7.7860019839E+005  2.4257461222E+014
  7.8030021505E+005  2.4255279558E+014
  7.8200032905E+005  2.4253319418E+014
  7.8370020153E+005  2.4251558147E+014
  7.8540017334E+005  2.4250003676E+014
  7.8710024051E+005  2.4248676352E+014
  7.8880023718E+005  2.4247481502E+014
  7.9050016783E+005  2.4246499472E+014
  7.9220019266E+005  2.4245856706E+014
  7.9390031120E+005  2.4245614762E+014
  7.9560019596E+005  2.4245796339E+014
  7.9730017381E+005  2.4246402256E+014
  7.9900024673E+005  2.4247421997E+014
  8.0070025259E+005  2.4248839417E+014
  8.0240018591E+005  2.4250635792E+014
  8.0410021513E+005  2.4252790857E+014
  8.0580017488E+005  2.4255281839E+014
  8.0750023056E+005  2.4258082976E+014
  8.0920021682E+005  2.4261162341E+014
  8.1090029832E+005  2.4264480675E+014
  8.1260030475E+005  2.4267987999E+014
  8.1430024320E+005  2.4271622416E+014
  8.1600027518E+005  2.4275323006E+014
  8.1770023094E+005  2.4279142517E+014
  8.1940028425E+005  2.4283088399E+014
  8.2110026276E+005  2.4287149832E+014
  8.2280032940E+005  2.4291319591E+014
  8.2450032249E+005  2.4295592872E+014
  8.2620023831E+005  2.4299969463E+014
  8.2790024319E+005  2.4304454603E+014
  8.2960017120E+005  2.4309058326E+014
  8.3130018705E+005  2.4313798335E+014
  8.3300029715E+005  2.4318699434E+014
  8.3470032946E+005  2.4323793380E+014
  8.3640028150E+005  2.4329098687E+014
  8.3810032691E+005  2.4334582706E+014
  8.3980029524E+005  2.4340203654E+014
  8.4150018361E+005  2.4345922102E+014
  8.4320033192E+005  2.4351702657E+014
  8.4490023513E+005  2.4357509955E+014
  8.4660022714E+005  2.4363314718E+014
  8.4830031072E+005  2.4369090230E+014
  8.5000031676E+005  2.4374813973E+014
  8.5170024684E+005  2.4380465384E+014
  8.5340026517E+005  2.4386037505E+014
  8.5510020368E+005  2.4391569552E+014
  8.5680023410E+005  2.4397108048E+014
  8.5850018809E+005  2.4402700583E+014
  8.6020023009E+005  2.4408350089E+014
  8.6190019698E+005  2.4414067407E+014
  8.6360025715E+005  2.4419904489E+014
  8.6530024027E+005  2.4425914885E+014
  8.6700031719E+005  2.4432156151E+014
  8.6870032046E+005  2.4438621035E+014
  8.7040024836E+005  2.4445265754E+014
  8.7210026954E+005  2.4452148130E+014
  8.7380021641E+005  2.4459308809E+014
  8.7550025600E+005  2.4466768372E+014
  8.7720022377E+005  2.4474521212E+014
  8.7890028097E+005  2.4482539059E+014
  8.8060026409E+005  2.4490777534E+014
  8.8230017342E+005  2.4499190427E+014
  8.8400016983E+005  2.4507733433E+014
  8.8570025831E+005  2.4516362300E+014
  8.8740027015E+005  2.4525093103E+014
  8.8910020093E+005  2.4534174262E+014
  8.9080022495E+005  2.4543530934E+014
  8.9250016872E+005  2.4553057603E+014
  8.9420020117E+005  2.4562673707E+014
  8.9590032633E+005  2.4572315442E+014
  8.9760019843E+005  2.4581928728E+014
  8.9930033014E+005  2.4591471549E+014
  9.0100021612E+005  2.4600900579E+014
  9.0270018407E+005  2.4610180740E+014
  9.0440024210E+005  2.4619279115E+014
  9.0610021719E+005  2.4628165427E+014
  9.0780027695E+005  2.4636813678E+014
  9.0950025896E+005  2.4645195839E+014
  9.1120032110E+005  2.4653281954E+014
  9.1290030404E+005  2.4269586632E+014
  9.1460020505E+005  2.4272223572E+014
  9.1630018436E+005  2.4276408473E+014
  9.1800025607E+005  2.4281869040E+014
  9.1970024211E+005  2.4288351991E+014
  9.2140031049E+005  2.4295627025E+014
  9.2310030044E+005  2.4303484262E+014
  9.2480020418E+005  2.4311735501E+014
  9.2650019694E+005  2.4320214231E+014
  9.2820027556E+005  2.4328774179E+014
  9.2990026795E+005  2.4337289846E+014
  9.3160018431E+005  2.4345657828E+014
  9.3330018063E+005  2.4353869915E+014
  9.3500025964E+005  2.4362218859E+014
  9.3670026159E+005  2.4370723702E+014
  9.3840017434E+005  2.4379366121E+014
  9.4010017429E+005  2.4388131939E+014
  9.4180026225E+005  2.4397008904E+014
  9.4350026756E+005  2.4405986349E+014
  9.4520019597E+005  2.4415056693E+014
  9.4690020836E+005  2.4424215045E+014
  9.4860031024E+005  2.4433457172E+014
  9.5030016816E+005  2.4442778061E+014
  9.5200027410E+005  2.4452177954E+014
  9.5370030120E+005  2.4461653067E+014
  9.5540024580E+005  2.4471201673E+014
  9.5710027070E+005  2.4480823216E+014
  9.5880021675E+005  2.4490515583E+014
  9.6050024573E+005  2.4500278876E+014
  9.6220019258E+005  2.4510111990E+014
  9.6390022419E+005  2.4520035739E+014
  9.6560016987E+005  2.4530057608E+014
  9.6730020416E+005  2.4540172157E+014
  9.6900032135E+005  2.4550373801E+014
  9.7070018356E+005  2.4560655563E+014
  9.7240030087E+005  2.4571015997E+014
  9.7410032928E+005  2.4581448747E+014
  9.7580027170E+005  2.4591949769E+014
  9.7750029778E+005  2.4602516340E+014
  9.7920023557E+005  2.4613144026E+014
  9.8090025592E+005  2.4623831088E+014
  9.8260018697E+005  2.4634574265E+014
  9.8430019891E+005  2.4645373055E+014
  9.8600029368E+005  2.4656226308E+014
  9.8770029741E+005  2.4667132021E+014
  9.8940021312E+005  2.4678089644E+014
  9.9110021095E+005  2.4689099910E+014
  9.9280028516E+005  2.4700162513E+014
  9.9450027247E+005  2.4711276146E+014
  9.9620017017E+005  2.4722440510E+014
  9.9790031494E+005  2.4733657533E+014
  9.9960020382E+005  2.4744923688E+014
  1.0013001698E+006  2.4756241095E+014
  1.0030002196E+006  2.4767609847E+014
  1.0047001825E+006  2.4779028893E+014
  1.0064002226E+006  2.4790499315E+014
  1.0081001795E+006  2.4802019753E+014
  1.0098002180E+006  2.4813590541E+014
  1.0115003358E+006  2.4825209999E+014
  1.0132001989E+006  2.4836873095E+014
  1.0149003084E+006  2.4848579326E+014
  1.0166003323E+006  2.4860321256E+014
  1.0183002666E+006  2.4872092753E+014
  1.0200002815E+006  2.4883908971E+014
  1.0217002139E+006  2.4895779469E+014
  1.0234002238E+006  2.4907696985E+014
  1.0251003182E+006  2.4919656766E+014
  1.0268003292E+006  2.4931656539E+014
  1.0285002518E+006  2.4943697826E+014
  1.0302002598E+006  2.4955784862E+014
  1.0319001812E+006  2.4967919896E+014
  1.0336001864E+006  2.4980107345E+014
  1.0353002765E+006  2.4992349620E+014
  1.0370002776E+006  2.5004646875E+014
  1.0387001988E+006  2.5016999724E+014
  1.0404001997E+006  2.5029409439E+014
  1.0421002790E+006  2.5041876250E+014
  1.0438002725E+006  2.5054399756E+014
  1.0455001727E+006  2.5066981351E+014
  1.0472003217E+006  2.5079625420E+014
  1.0489002104E+006  2.5092330027E+014
  1.0506001759E+006  2.5105099143E+014
  1.0523002234E+006  2.5117933596E+014
  1.0540001768E+006  2.5130831586E+014
  1.0557002115E+006  2.5143793428E+014
  1.0574003249E+006  2.5156817723E+014
  1.0591001750E+006  2.5169900103E+014
  1.0608002755E+006  2.5183042694E+014
  1.0625002824E+006  2.5196241178E+014
  1.0642001997E+006  2.5209494284E+014
  1.0659001926E+006  2.5222802557E+014
  1.0676002607E+006  2.5236165859E+014
  1.0693002415E+006  2.5249583243E+014
  1.0710002951E+006  2.5263056488E+014
  1.0727002567E+006  2.5276584756E+014
  1.0744002969E+006  2.5290169675E+014
  1.0761002404E+006  2.5303809832E+014
  1.0778002621E+006  2.5317506309E+014
  1.0795001914E+006  2.5331257123E+014
  1.0812001967E+006  2.5345062803E+014
  1.0829002765E+006  2.5358922373E+014
  1.0846002597E+006  2.5372833437E+014
  1.0863003223E+006  2.5386796500E+014
  1.0880002887E+006  2.5400809326E+014
  1.0897003298E+006  2.5414872707E+014
  1.0914002802E+006  2.5428984851E+014
  1.0931003036E+006  2.5443146861E+014
  1.0948002351E+006  2.5457357223E+014
  1.0965002428E+006  2.5471617266E+014
  1.0982003268E+006  2.5485926925E+014
  1.0999003196E+006  2.5500284701E+014
  1.1016002183E+006  2.5514690440E+014
  1.1033001976E+006  2.5529145501E+014
  1.1050002561E+006  2.5543649781E+014
  1.1067002216E+006  2.5558201767E+014
  1.1084002682E+006  2.5572802983E+014
  1.1101002231E+006  2.5587452069E+014
  1.1118002558E+006  2.5602150698E+014
  1.1135001960E+006  2.5616897700E+014
  1.1152002117E+006  2.5631694879E+014
  1.1169003056E+006  2.5646542547E+014
  1.1186003036E+006  2.5661439326E+014
  1.1203002095E+006  2.5676385174E+014
  1.1220001940E+006  2.5691381296E+014
  1.1237002504E+006  2.5706427107E+014
  1.1254002154E+006  2.5721520426E+014
  1.1271002560E+006  2.5736661827E+014
  1.1288002013E+006  2.5751848774E+014
  1.1305002234E+006  2.5767081765E+014
  1.1322003170E+006  2.5782359762E+014
  1.1339003179E+006  2.5797680394E+014
  1.1356002196E+006  2.5813042860E+014
  1.1373001942E+006  2.5828448135E+014
  1.1390002444E+006  2.5843895543E+014
  1.1407001940E+006  2.5859383520E+014
  1.1424002184E+006  2.5874914049E+014
  1.1441003150E+006  2.5890487644E+014
  1.1458003139E+006  2.5906103360E+014
  1.1475002190E+006  2.5921761860E+014
  1.1492001926E+006  2.5937465218E+014
  1.1509002423E+006  2.5953213970E+014
  1.1526001925E+006  2.5969006805E+014
  1.1543002113E+006  2.5984845500E+014
  1.1560003064E+006  2.6000730266E+014
  1.1577002988E+006  2.6016659506E+014
  1.1594001965E+006  2.6032633333E+014
  1.1611003330E+006  2.6048654946E+014
  1.1628002038E+006  2.6064719754E+014
  1.1645003179E+006  2.6080832775E+014
  1.1662003307E+006  2.6096990945E+014
  1.1679002526E+006  2.6113194512E+014
  1.1696002443E+006  2.6129445117E+014
  1.1713003071E+006  2.6145742832E+014
  1.1730002773E+006  2.6162086054E+014
  1.1747003153E+006  2.6178476173E+014
  1.1764002598E+006  2.6194911334E+014
  1.1781002749E+006  2.6211392677E+014
  1.1798001939E+006  2.6227918005E+014
  1.1815001881E+006  2.6244488459E+014
  1.1832002492E+006  2.6261103423E+014
  1.1849002195E+006  2.6277760784E+014
  1.1866002585E+006  2.6294461553E+014
  1.1883002007E+006  2.6311203526E+014
  1.1900002180E+006  2.6327987884E+014
  1.1917003044E+006  2.6344814166E+014
  1.1934002978E+006  2.6361680490E+014
  1.1951001896E+006  2.6378586640E+014
  1.1968003255E+006  2.6395536134E+014
  1.1985001961E+006  2.6412524139E+014
  1.2002003032E+006  2.6429556006E+014
  1.2019003185E+006  2.6446628879E+014
  1.2036002336E+006  2.6463743162E+014
  1.2053002212E+006  2.6480901128E+014
  1.2070002818E+006  2.6498103322E+014
  1.2087002435E+006  2.6515348505E+014
  1.2104002798E+006  2.6532638870E+014
  1.2121002125E+006  2.6549972935E+014
  1.2138002200E+006  2.6567352729E+014
  1.2155002967E+006  2.6584778292E+014
  1.2172002718E+006  2.6602247855E+014
  1.2189003202E+006  2.6619763105E+014
  1.2206002660E+006  2.6637322047E+014
  1.2223002841E+006  2.6654926261E+014
  1.2240002016E+006  2.6672573709E+014
  1.2257001902E+006  2.6690265947E+014
  1.2274002503E+006  2.6708002803E+014
  1.2291002074E+006  2.6725782304E+014
  1.2308002375E+006  2.6743606184E+014
  1.2325003362E+006  2.6761474350E+014
  1.2342003332E+006  2.6779385022E+014
  1.2359002313E+006  2.6797338286E+014
  1.2376001972E+006  2.6815336011E+014
  1.2393002338E+006  2.6833378377E+014
  1.2410003372E+006  2.6851465515E+014
  1.2427001726E+006  2.6869594049E+014
  1.2444002460E+006  2.6887769763E+014
  1.2461002162E+006  2.6905989468E+014
  1.2478002579E+006  2.6924255395E+014
  1.2495001986E+006  2.6942565965E+014
  1.2512002088E+006  2.6960923206E+014
  1.2529002898E+006  2.6979327239E+014
  1.2546002720E+006  2.6997776238E+014
  1.2563003255E+006  2.7016271970E+014
  1.2580002798E+006  2.7034812425E+014
  1.2597003065E+006  2.7053399244E+014
  1.2614002357E+006  2.7072030268E+014
  1.2631002343E+006  2.7090706969E+014
  1.2648003058E+006  2.7109428976E+014
  1.2665002794E+006  2.7128193947E+014
  1.2682003247E+006  2.7147004063E+014
  1.2699002713E+006  2.7165860406E+014
  1.2716002895E+006  2.7184764131E+014
  1.2733002074E+006  2.7203712058E+014
  1.2750001927E+006  2.7222704737E+014
  1.2767002492E+006  2.7241740849E+014
  1.2784002048E+006  2.7260817068E+014
  1.2801002279E+006  2.7279933852E+014
  1.2818003202E+006  2.7299089786E+014
  1.2835003126E+006  2.7318281346E+014
  1.2852002024E+006  2.7337506846E+014
  1.2869003301E+006  2.7356768797E+014
  1.2886001871E+006  2.7376060407E+014
  1.2903002811E+006  2.7395386793E+014
  1.2920002714E+006  2.7414743931E+014
  1.2937003285E+006  2.7434134225E+014
  1.2954002824E+006  2.7453556977E+014
  1.2971003007E+006  2.7473016312E+014
  1.2988002142E+006  2.7492513671E+014
  1.3005001949E+006  2.7512055715E+014
  1.3022002401E+006  2.7531648409E+014
  1.3039001814E+006  2.7551297048E+014
  1.3056001890E+006  2.7571011989E+014
  1.3073002617E+006  2.7590802495E+014
  1.3090002302E+006  2.7610676340E+014
  1.3107002638E+006  2.7630645157E+014
  1.3124001947E+006  2.7650715784E+014
  1.3141001874E+006  2.7670896607E+014
  1.3158002463E+006  2.7691190245E+014
  1.3175002011E+006  2.7711592789E+014
  1.3192002190E+006  2.7732100203E+014
  1.3209003038E+006  2.7752703320E+014
  1.3226002828E+006  2.7773389222E+014
  1.3243003291E+006  2.7794148836E+014
  1.3260002699E+006  2.7814969330E+014
  1.3277002768E+006  2.7835843121E+014
  1.3294001829E+006  2.7856759772E+014
  1.3311003206E+006  2.7877716099E+014
  1.3328001873E+006  2.7898699626E+014
  1.3345002884E+006  2.7919711209E+014
  1.3362002852E+006  2.7940742075E+014
  1.3379001789E+006  2.7961788371E+014
  1.3396003068E+006  2.7982851066E+014
  1.3413003348E+006  2.8003923531E+014
  1.3430002554E+006  2.8025004030E+014
  1.3447002481E+006  2.8046093998E+014
  1.3464003075E+006  2.8067193389E+014
  1.3481002631E+006  2.8088300954E+014
  1.3498002889E+006  2.8109420388E+014
  1.3515002090E+006  2.8130551518E+014
  1.3532001988E+006  2.8151698888E+014
  1.3549002505E+006  2.8172864919E+014
  1.3566002010E+006  2.8194050101E+014
  1.3583002173E+006  2.8215259004E+014
  1.3600002957E+006  2.8236493892E+014
  1.3617002738E+006  2.8257754663E+014
  1.3634003141E+006  2.8279044705E+014
  1.3651002510E+006  2.8300362639E+014
  1.3668002506E+006  2.8321710587E+014
  1.3685003158E+006  2.8343087916E+014
  1.3702002762E+006  2.8364491174E+014
  1.3719002980E+006  2.8385920647E+014
  1.3736002192E+006  2.8407372166E+014
  1.3753002002E+006  2.8428845468E+014
  1.3770002476E+006  2.8450338342E+014
  1.3787001885E+006  2.8471846415E+014
  1.3804001936E+006  2.8493369854E+014
  1.3821002628E+006  2.8514906968E+014
  1.3838002230E+006  2.8536454170E+014
  1.3855002502E+006  2.8558012539E+014
  1.3872003369E+006  2.8579581064E+014
  1.3889003189E+006  2.8601156911E+014
  1.3906001942E+006  2.8622739547E+014
  1.3923003019E+006  2.8644333070E+014
  1.3940003022E+006  2.8665933271E+014
  1.3957001962E+006  2.8687540594E+014
  1.3974003247E+006  2.8709160157E+014
  1.3991001738E+006  2.8730786512E+014
  1.4008002581E+006  2.8752427564E+014
  1.4025002351E+006  2.8774080560E+014
  1.4042002751E+006  2.8795749484E+014
  1.4059002085E+006  2.8817434161E+014
  1.4076002059E+006  2.8839138876E+014
  1.4093002675E+006  2.8860865809E+014
  1.4110002203E+006  2.8882614936E+014
  1.4127002402E+006  2.8904390621E+014
  1.4144003225E+006  2.8926194749E+014
  1.4161002997E+006  2.8948026779E+014
  1.4178001704E+006  2.8969887746E+014
  1.4195002768E+006  2.8991782513E+014
  1.4212002774E+006  2.9013706543E+014
  1.4229003396E+006  2.9035661231E+014
  1.4246002994E+006  2.9057643115E+014
  1.4263003176E+006  2.9079652431E+014
  1.4280002328E+006  2.9101684809E+014
  1.4297002102E+006  2.9123735498E+014
  1.4314002515E+006  2.9145787043E+014
  1.4331001854E+006  2.9167833419E+014
  1.4348001793E+006  2.9189874183E+014
  1.4365002396E+006  2.9211906817E+014
  1.4382001869E+006  2.9233926534E+014
  1.4399002006E+006  2.9255933413E+014
  1.4416002751E+006  2.9277925356E+014
  1.4433002423E+006  2.9299898404E+014
  1.4450002730E+006  2.9321853306E+014
  1.4467001953E+006  2.9343786733E+014
  1.4484001833E+006  2.9365700118E+014
  1.4501002293E+006  2.9387592857E+014
  1.4518001720E+006  2.9409462805E+014
  1.4535001738E+006  2.9431312444E+014
  1.4552002372E+006  2.9453142668E+014
  1.4569001939E+006  2.9474952668E+014
  1.4586002096E+006  2.9496746376E+014
  1.4603002896E+006  2.9518526115E+014
  1.4620002556E+006  2.9540292303E+014
  1.4637002869E+006  2.9562050342E+014
  1.4654002053E+006  2.9583801392E+014
  1.4671001845E+006  2.9605551429E+014
  1.4688002254E+006  2.9627304468E+014
  1.4705003243E+006  2.9649064649E+014
  1.4722003141E+006  2.9670834122E+014
  1.4739001915E+006  2.9692617165E+014
  1.4756003014E+006  2.9714422469E+014
  1.4773002971E+006  2.9736249733E+014
  1.4790001844E+006  2.9758102952E+014
  1.4807003008E+006  2.9779990085E+014
  1.4824003051E+006  2.9801909950E+014
  1.4841001980E+006  2.9823865224E+014
  1.4858003202E+006  2.9845862378E+014
  1.4875003310E+006  2.9867898428E+014
  1.4892002286E+006  2.9889974117E+014
  1.4909001879E+006  2.9912091861E+014
  1.4926002065E+006  2.9934251206E+014
  1.4943002859E+006  2.9956451257E+014
  1.4960002556E+006  2.9978688467E+014
  1.4977002876E+006  3.0000963450E+014
  1.4994002090E+006  3.0023272136E+014
  1.5011001918E+006  3.0045614936E+014
  1.5028002371E+006  3.0067990062E+014
  1.5045003398E+006  3.0090395771E+014
  1.5062003353E+006  3.0112828386E+014
  1.5079002193E+006  3.0135286572E+014
  1.5096003366E+006  3.0157773884E+014
  1.5113001718E+006  3.0180282800E+014
  1.5130002388E+006  3.0202819720E+014
  1.5147001971E+006  3.0225380037E+014
  1.5164002120E+006  3.0247966150E+014
  1.5181002920E+006  3.0270578686E+014
  1.5198002583E+006  3.0293216050E+014
  1.5215002871E+006  3.0315881600E+014
  1.5232002023E+006  3.0338574238E+014
  1.5249001793E+006  3.0361297760E+014
  1.5266002145E+006  3.0384053711E+014
  1.5283003074E+006  3.0406843885E+014
  1.5300002925E+006  3.0429668079E+014
  1.5317003324E+006  3.0452530691E+014
  1.5334002643E+006  3.0475431913E+014
  1.5351002529E+006  3.0498376469E+014
  1.5368003032E+006  3.0521367012E+014
  1.5385002394E+006  3.0544403781E+014
  1.5402002349E+006  3.0567491733E+014
  1.5419002904E+006  3.0590633450E+014
  1.5436002296E+006  3.0613829017E+014
  1.5453002295E+006  3.0637083221E+014
  1.5470002854E+006  3.0660398236E+014
  1.5487002286E+006  3.0683773815E+014
  1.5504002281E+006  3.0707214151E+014
  1.5521002862E+006  3.0730720936E+014
  1.5538002309E+006  3.0754293220E+014
  1.5555002312E+006  3.0777934520E+014
  1.5572002908E+006  3.0801645823E+014
  1.5589002356E+006  3.0825425386E+014
  1.5606002379E+006  3.0849276068E+014
  1.5623002976E+006  3.0873198106E+014
  1.5640002455E+006  3.0897189137E+014
  1.5657002487E+006  3.0921251362E+014
  1.5674003111E+006  3.0945384539E+014
  1.5691002609E+006  3.0969585809E+014
  1.5708002679E+006  3.0993857093E+014
  1.5725003327E+006  3.1018197849E+014
  1.5742002846E+006  3.1042605046E+014
  1.5759002946E+006  3.1067080596E+014
  1.5776001898E+006  3.1091621524E+014
  1.5793003170E+006  3.1116232432E+014
  1.5810003293E+006  3.1140907944E+014
  1.5827002321E+006  3.1165647847E+014
  1.5844001929E+006  3.1190454409E+014
  1.5861002162E+006  3.1215327639E+014
  1.5878002974E+006  3.1240267504E+014
  1.5895002687E+006  3.1265271653E+014
  1.5912003015E+006  3.1290342787E+014
  1.5929002177E+006  3.1315475883E+014
  1.5946001962E+006  3.1340666971E+014
  1.5963002294E+006  3.1365915014E+014
  1.5980003237E+006  3.1391219505E+014
  1.5997003022E+006  3.1416577236E+014
  1.6014003411E+006  3.1441990288E+014
  1.6031002657E+006  3.1467455514E+014
  1.6048002460E+006  3.1492974928E+014
  1.6065002866E+006  3.1518548086E+014
  1.6082002106E+006  3.1544171802E+014
  1.6099001933E+006  3.1569847911E+014
  1.6116002312E+006  3.1595575414E+014
  1.6133003285E+006  3.1621353818E+014
  1.6150003095E+006  3.1647179878E+014
  1.6167001773E+006  3.1673053026E+014
  1.6184002730E+006  3.1698977834E+014
  1.6201002526E+006  3.1724948406E+014
  1.6218002898E+006  3.1750966710E+014
  1.6235002117E+006  3.1777029392E+014
  1.6252001904E+006  3.1803138354E+014
  1.6269002230E+006  3.1829292806E+014
  1.6286003134E+006  3.1855492048E+014
  1.6303002877E+006  3.1881732621E+014
  1.6320003175E+006  3.1908016384E+014
  1.6337002325E+006  3.1934339915E+014
  1.6354002031E+006  3.1960705057E+014
  1.6371002279E+006  3.1987111008E+014
  1.6388003091E+006  3.2013557033E+014
  1.6405002755E+006  3.2040039708E+014
  1.6422002948E+006  3.2066560909E+014
  1.6439001986E+006  3.2093117308E+014
  1.6456003269E+006  3.2119713549E+014
  1.6473003399E+006  3.2146343695E+014
  1.6490002339E+006  3.2173007095E+014
  1.6507001864E+006  3.2199705997E+014
