  0.0000000000E+000  0.0000000000E+000
  1.7002356187E+003  6.9437379127E+013
  3.4001771814E+003  6.9404900387E+013
  5.1001801207E+003  6.9389374827E+013
  6.8003061137E+003  6.9414527443E+013
  8.5002450719E+003  6.9517528945E+013
  1.0200205887E+004  6.9685114603E+013
  1.1900197879E+004  6.9893851416E+013
  1.3600317626E+004  7.0189817850E+013
  1.5300284842E+004  7.0837457722E+013
  1.7000225621E+004  7.3144219266E+013
  1.8700223326E+004  7.4708312596E+013
  2.0400297151E+004  7.4753618595E+013
  2.2100230066E+004  7.4713170125E+013
  2.3800302674E+004  7.4466566521E+013
  2.5500190127E+004  7.4443273080E+013
  2.7200234547E+004  7.4424363900E+013
  2.8900219238E+004  7.7896474175E+013
  3.0600317647E+004  8.5051146385E+013
  3.2300302379E+004  8.7635241869E+013
  3.4000253404E+004  8.9361862738E+013
  3.5700274283E+004  9.0322074145E+013
  3.7400233622E+004  9.0742171703E+013
  3.9100177967E+004  1.0399188263E+014
  4.0800280986E+004  1.1117058191E+014
  4.2500270082E+004  1.1470284672E+014
  4.4200197169E+004  1.1752047168E+014
  4.5900243744E+004  1.1851290335E+014
  4.7600237756E+004  1.1802369324E+014
  4.9300288508E+004  1.1676261653E+014
  5.1000228515E+004  1.1536035855E+014
  5.2700314548E+004  1.1432565540E+014
  5.4400327049E+004  1.1368490747E+014
  5.6100219402E+004  1.1294633250E+014
  5.7800244293E+004  1.1220568777E+014
  5.9500175157E+004  1.1154453714E+014
  6.1200249500E+004  1.1101659876E+014
  6.2900168835E+004  1.1065511334E+014
  6.4600186473E+004  1.1047683544E+014
  6.6300255597E+004  1.1049907275E+014
  6.8000320665E+004  1.1120649420E+014
  6.9700249417E+004  1.1239744044E+014
  7.1400221846E+004  1.1359424352E+014
  7.3100219194E+004  1.1449393928E+014
  7.4800323174E+004  1.1480826344E+014
  7.6500173743E+004  1.1460548697E+014
  7.8200267821E+004  1.1437032169E+014
  7.9900172505E+004  1.1411728455E+014
  8.1600190866E+004  1.1385015082E+014
  8.3300315414E+004  1.1357202956E+014
  8.5000208843E+004  1.1328555168E+014
  8.6700280411E+004  1.1299288136E+014
  8.8400262546E+004  1.1269541215E+014
  9.0100324818E+004  1.1239464644E+014
  9.1800308582E+004  1.1209234360E+014
  9.3500173204E+004  1.1179026658E+014
  9.5200290548E+004  1.1148948335E+014
  9.6900294329E+004  1.1119105646E+014
  9.8600189038E+004  1.1089597971E+014
  1.0030026757E+005  1.1060495383E+014
  1.0200016721E+005  1.1031857452E+014
  1.0370021844E+005  1.1003731010E+014
  1.0540025297E+005  1.0976163150E+014
  1.0710024221E+005  1.0949169421E+014
  1.0880019474E+005  1.0922721944E+014
  1.1050026090E+005  1.0896762120E+014
  1.1220028084E+005  1.0871256048E+014
  1.1390027869E+005  1.0846163691E+014
  1.1560025472E+005  1.0821452638E+014
  1.1730025027E+005  1.0797126385E+014
  1.1900028379E+005  1.0773324713E+014
  1.2070023580E+005  1.0750148244E+014
  1.2240024918E+005  1.0727599286E+014
  1.2410032083E+005  1.0705668957E+014
  1.2580026006E+005  1.0684351642E+014
  1.2750023293E+005  1.0663630827E+014
  1.2920024953E+005  1.0643486672E+014
  1.3090029019E+005  1.0623901473E+014
  1.3260032620E+005  1.0604852015E+014
  1.3430017217E+005  1.0586303096E+014
  1.3600030910E+005  1.0568226802E+014
  1.3770025706E+005  1.0550617733E+014
  1.3940018595E+005  1.0533470381E+014
  1.4110024262E+005  1.0516783373E+014
  1.4280027381E+005  1.0500568778E+014
  1.4450026937E+005  1.0484839993E+014
  1.4620028399E+005  1.0469600894E+014
  1.4790032457E+005  1.0454805607E+014
  1.4960024696E+005  1.0440058960E+014
  1.5130022347E+005  1.0425420119E+014
  1.5300024144E+005  1.0411081757E+014
  1.5470030985E+005  1.0397158002E+014
  1.5640024476E+005  1.0383712121E+014
  1.5810020569E+005  1.0370774891E+014
  1.5980019142E+005  1.0358359975E+014
  1.6150018905E+005  1.0346461615E+014
  1.6320018515E+005  1.0335049865E+014
  1.6490032479E+005  1.0324099853E+014
  1.6660026280E+005  1.0313597888E+014
  1.6830017387E+005  1.0303529260E+014
  1.7000022802E+005  1.0293875350E+014
  1.7170027589E+005  1.0284616573E+014
  1.7340030136E+005  1.0275734962E+014
  1.7510031629E+005  1.0267213684E+014
  1.7680017861E+005  1.0259038208E+014
  1.7850023486E+005  1.0251193287E+014
  1.8020018395E+005  1.0243668083E+014
  1.8190017221E+005  1.0236450687E+014
  1.8360019887E+005  1.0229530727E+014
  1.8530025615E+005  1.0222898268E+014
  1.8700017489E+005  1.0216543591E+014
  1.8870028782E+005  1.0210454707E+014
  1.9040024800E+005  1.0204622603E+014
  1.9210020798E+005  1.0199037553E+014
  1.9380032483E+005  1.0193691089E+014
  1.9550025203E+005  1.0188577314E+014
  1.9720032497E+005  1.0183689027E+014
  1.9890021098E+005  1.0179021594E+014
  2.0060024043E+005  1.0174568981E+014
  2.0230026736E+005  1.0170326843E+014
  2.0400028039E+005  1.0166290752E+014
  2.0570030292E+005  1.0162456459E+014
  2.0740017361E+005  1.0158820341E+014
  2.0910024446E+005  1.0155377911E+014
  2.1080019735E+005  1.0152126296E+014
  2.1250019138E+005  1.0149061849E+014
  2.1420021879E+005  1.0146181464E+014
  2.1590026248E+005  1.0143482192E+014
  2.1760032828E+005  1.0140961088E+014
  2.1930024626E+005  1.0138615702E+014
  2.2100017478E+005  1.0136443354E+014
  2.2270027143E+005  1.0134441687E+014
  2.2440018344E+005  1.0132609206E+014
  2.2610023623E+005  1.0130943916E+014
  2.2780027414E+005  1.0129444558E+014
  2.2950028977E+005  1.0128109791E+014
  2.3120030444E+005  1.0126938250E+014
  2.3290030758E+005  1.0125928612E+014
  2.3460031615E+005  1.0125079591E+014
  2.3630017233E+005  1.0124390056E+014
  2.3800021487E+005  1.0123858776E+014
  2.3970029592E+005  1.0123484824E+014
  2.4140024308E+005  1.0123267306E+014
  2.4310022963E+005  1.0123205346E+014
  2.4480024117E+005  1.0123298181E+014
  2.4650027227E+005  1.0123545102E+014
  2.4820031894E+005  1.0123945452E+014
  2.4990020879E+005  1.0124498658E+014
  2.5160026597E+005  1.0125204507E+014
  2.5330032401E+005  1.0126062591E+014
  2.5500019718E+005  1.0127072393E+014
  2.5670021838E+005  1.0128233699E+014
  2.5840021855E+005  1.0129546007E+014
  2.6010020976E+005  1.0131008923E+014
  2.6180020070E+005  1.0132622068E+014
  2.6350019241E+005  1.0134384962E+014
  2.6520019530E+005  1.0136296450E+014
  2.6690020652E+005  1.0138354400E+014
  2.6860024995E+005  1.0140556350E+014
  2.7030032587E+005  1.0142900087E+014
  2.7200027024E+005  1.0145383708E+014
  2.7370024579E+005  1.0148006335E+014
  2.7540023907E+005  1.0150767320E+014
  2.7710024824E+005  1.0153666376E+014
  2.7880027040E+005  1.0156703466E+014
  2.8050029141E+005  1.0159878716E+014
  2.8220031637E+005  1.0163192312E+014
  2.8390032958E+005  1.0166643473E+014
  2.8560016790E+005  1.0170229538E+014
  2.8730032205E+005  1.0173948718E+014
  2.8900029203E+005  1.0177797667E+014
  2.9070025959E+005  1.0181775511E+014
  2.9240022218E+005  1.0185881961E+014
  2.9410020092E+005  1.0190117567E+014
  2.9580019246E+005  1.0194483387E+014
  2.9750020314E+005  1.0198980858E+014
  2.9920024107E+005  1.0203610820E+014
  3.0090030690E+005  1.0208371941E+014
  3.0260023958E+005  1.0213261794E+014
  3.0430019735E+005  1.0218282333E+014
  3.0600017049E+005  1.0223434551E+014
  3.0770032054E+005  1.0228719322E+014
  3.0940030825E+005  1.0234132796E+014
  3.1110029943E+005  1.0239668249E+014
  3.1280028660E+005  1.0245324625E+014
  3.1450026248E+005  1.0251103284E+014
  3.1620023077E+005  1.0257003937E+014
  3.1790018052E+005  1.0263025761E+014
  3.1960028950E+005  1.0269169721E+014
  3.2130023073E+005  1.0275436403E+014
  3.2300017542E+005  1.0281829340E+014
  3.2470030347E+005  1.0288352886E+014
  3.2640028375E+005  1.0295009761E+014
  3.2810028833E+005  1.0301803135E+014
  3.2980031646E+005  1.0308731504E+014
  3.3150020219E+005  1.0315758519E+014
  3.3320028169E+005  1.0322687830E+014
  3.3490021608E+005  1.0329531409E+014
  3.3660016862E+005  1.0336370394E+014
  3.3830029156E+005  1.0343262779E+014
  3.4000024521E+005  1.0350245225E+014
  3.4170019919E+005  1.0357342762E+014
  3.4340030850E+005  1.0364566147E+014
  3.4510024925E+005  1.0371912851E+014
  3.4680018132E+005  1.0379380543E+014
  3.4850026677E+005  1.0386968315E+014
  3.5020018432E+005  1.0394676673E+014
  3.5190026494E+005  1.0402510117E+014
  3.5360019453E+005  1.0410471094E+014
  3.5530030396E+005  1.0418564680E+014
  3.5700027180E+005  1.0426787524E+014
  3.5870026474E+005  1.0435122716E+014
  3.6040027715E+005  1.0443555434E+014
  3.6210031499E+005  1.0452082013E+014
  3.6380020589E+005  1.0460703117E+014
  3.6550027918E+005  1.0469423763E+014
  3.6720020299E+005  1.0478245848E+014
  3.6890029186E+005  1.0487174035E+014
  3.7060021439E+005  1.0496206171E+014
  3.7230029458E+005  1.0505336685E+014
  3.7400020067E+005  1.0514554195E+014
  3.7570027050E+005  1.0523853035E+014
  3.7740016693E+005  1.0533226714E+014
  3.7910022585E+005  1.0542674479E+014
  3.8080027936E+005  1.0552193812E+014
  3.8250017239E+005  1.0561783312E+014
  3.8420024665E+005  1.0571447693E+014
  3.8590017592E+005  1.0581180546E+014
  3.8760029695E+005  1.0590968912E+014
  3.8930027363E+005  1.0600772131E+014
  3.9100026875E+005  1.0610562465E+014
  3.9270028409E+005  1.0620335843E+014
  3.9440031465E+005  1.0630096165E+014
  3.9610019549E+005  1.0639849401E+014
  3.9780025127E+005  1.0649605532E+014
  3.9950030653E+005  1.0659371718E+014
  4.0120019511E+005  1.0669150121E+014
  4.0290023606E+005  1.0678937566E+014
  4.0460027242E+005  1.0688725197E+014
  4.0630030176E+005  1.0698493964E+014
  4.0800032971E+005  1.0708237347E+014
  4.0970019565E+005  1.0717960555E+014
  4.1140022419E+005  1.0727673296E+014
  4.1310026386E+005  1.0737380615E+014
  4.1480031706E+005  1.0747085764E+014
  4.1650022767E+005  1.0756788243E+014
  4.1820016590E+005  1.0766480954E+014
  4.1990028859E+005  1.0776147330E+014
  4.2160026497E+005  1.0785771038E+014
  4.2330025509E+005  1.0795345266E+014
  4.2500025778E+005  1.0804866838E+014
  4.2670027454E+005  1.0814334934E+014
  4.2840029348E+005  1.0823749671E+014
  4.3010031521E+005  1.0833111544E+014
  4.3180032725E+005  1.0842420951E+014
  4.3350016607E+005  1.0851677262E+014
  4.3520016587E+005  1.0860881160E+014
  4.3690032468E+005  1.0870021358E+014
  4.3860032271E+005  1.0879079378E+014
  4.4030032280E+005  1.0888047288E+014
  4.4200032946E+005  1.0896923553E+014
  4.4370018199E+005  1.0905709337E+014
  4.4540021533E+005  1.0914409676E+014
  4.4710027207E+005  1.0923027198E+014
  4.4880018755E+005  1.0931564184E+014
  4.5050028965E+005  1.0940024898E+014
  4.5220024424E+005  1.0948409797E+014
  4.5390020604E+005  1.0956720571E+014
  4.5560017891E+005  1.0964954968E+014
  4.5730032321E+005  1.0973104434E+014
  4.5900030543E+005  1.0981152839E+014
  4.6070029056E+005  1.0989095295E+014
  4.6240026487E+005  1.0996933039E+014
  4.6410023363E+005  1.1004670210E+014
  4.6580019555E+005  1.1012311659E+014
  4.6750032077E+005  1.1019862830E+014
  4.6920028658E+005  1.1027326353E+014
  4.7090025774E+005  1.1034696389E+014
  4.7260024147E+005  1.1041960978E+014
  4.7430023726E+005  1.1049128337E+014
  4.7600025116E+005  1.1056207159E+014
  4.7770028720E+005  1.1063203543E+014
  4.7940017721E+005  1.1070119897E+014
  4.8110025436E+005  1.1076949277E+014
  4.8280017952E+005  1.1083678404E+014
  4.8450027859E+005  1.1090305693E+014
  4.8620022044E+005  1.1096832546E+014
  4.8790032704E+005  1.1103264719E+014
  4.8960027326E+005  1.1109605635E+014
  4.9130021560E+005  1.1115860031E+014
  4.9300031944E+005  1.1122032025E+014
  4.9470025157E+005  1.1128123339E+014
  4.9640017625E+005  1.1134137061E+014
  4.9810026966E+005  1.1140076750E+014
  4.9980020246E+005  1.1145952894E+014
  5.0150031383E+005  1.1151901625E+014
  5.0320027404E+005  1.1160821987E+014
  5.0490024711E+005  1.1234422437E+014
  5.0660023869E+005  9.0543129613E+013
  5.0830024975E+005  7.2764152886E+013
  5.1000027881E+005  7.3800227266E+013
  5.1170032879E+005  7.5987119067E+013
  5.1340022376E+005  8.0823038342E+013
  5.1510029331E+005  8.5337540013E+013
  5.1680019896E+005  8.5755160229E+013
  5.1850026914E+005  8.7225983139E+013
  5.2020017459E+005  8.9025046121E+013
  5.2190024044E+005  8.9614151941E+013
  5.2360030702E+005  8.9624101386E+013
  5.2530020255E+005  8.9651743016E+013
  5.2700026077E+005  8.9646058881E+013
  5.2870032126E+005  8.9676550319E+013
  5.3040022365E+005  8.9708766671E+013
  5.3210030652E+005  8.9750313329E+013
  5.3380024164E+005  8.9799740300E+013
  5.3550019234E+005  8.9857218378E+013
  5.3720032699E+005  8.9923922799E+013
  5.3890031069E+005  9.0001458278E+013
  5.4060031417E+005  9.0091370921E+013
  5.4230016608E+005  9.0194658020E+013
  5.4400019452E+005  9.0291191050E+013
  5.4570023014E+005  9.0423881713E+013
  5.4740026199E+005  9.0564325274E+013
  5.4910029578E+005  9.0712393378E+013
  5.5080032435E+005  9.0865737778E+013
  5.5250018717E+005  9.1021104755E+013
  5.5420021476E+005  9.1109354133E+013
  5.5590023906E+005  9.1276190447E+013
  5.5760026467E+005  9.1450932156E+013
  5.5930029343E+005  9.1623603537E+013
  5.6100016719E+005  9.1788574555E+013
  5.6270022299E+005  9.1945170569E+013
  5.6440029617E+005  9.2098673182E+013
  5.6610022474E+005  9.2252859022E+013
  5.6780016700E+005  9.2409462121E+013
  5.6950028858E+005  9.2570862030E+013
  5.7120026019E+005  9.2737325733E+013
  5.7290024215E+005  9.2906719839E+013
  5.7460023736E+005  9.3077915384E+013
  5.7630023507E+005  9.3250084641E+013
  5.7800023188E+005  9.3422440498E+013
  5.7970022493E+005  9.3595897918E+013
  5.8140021311E+005  9.3770334848E+013
  5.8310020130E+005  9.3945111683E+013
  5.8480018929E+005  9.4119816614E+013
  5.8650017917E+005  9.4294970273E+013
  5.8820017312E+005  9.4470633249E+013
  5.8990017161E+005  9.4646843062E+013
  5.9160018315E+005  9.4823774941E+013
  5.9330021038E+005  9.5006238336E+013
  5.9500025553E+005  9.5195222251E+013
  5.9670032202E+005  9.5388210138E+013
  5.9840023519E+005  9.5584964444E+013
  6.0010032905E+005  9.5786027981E+013
  6.0180026757E+005  9.5992016501E+013
  6.0350021499E+005  9.6202730534E+013
  6.0520017190E+005  9.6418071965E+013
  6.0690029503E+005  9.6637878804E+013
  6.0860025378E+005  9.6862636478E+013
  6.1030020570E+005  9.7092323404E+013
  6.1200031967E+005  9.7326794437E+013
  6.1370026836E+005  9.7566179284E+013
  6.1540021812E+005  9.7810594915E+013
  6.1710017451E+005  9.8060127210E+013
  6.1880030084E+005  9.8314678168E+013
  6.2050026972E+005  9.8573752361E+013
  6.2220025245E+005  9.8837270749E+013
  6.2390024986E+005  9.9105166269E+013
  6.2560026834E+005  9.9377324223E+013
  6.2730030366E+005  9.9653632820E+013
  6.2900018910E+005  9.9933937711E+013
  6.3070025147E+005  1.0021833211E+014
  6.3240031972E+005  1.0050670561E+014
  6.3410023181E+005  1.0079892400E+014
  6.3580031161E+005  1.0109493637E+014
  6.3750022999E+005  1.0139457079E+014
  6.3920031319E+005  1.0169788201E+014
  6.4090022601E+005  1.0200470965E+014
  6.4260030143E+005  1.0231493254E+014
  6.4430021071E+005  1.0262838662E+014
  6.4600028748E+005  1.0294509635E+014
  6.4770020852E+005  1.0326500500E+014
  6.4940030246E+005  1.0358814717E+014
  6.5110024371E+005  1.0391435116E+014
  6.5280019757E+005  1.0424355053E+014
  6.5450016670E+005  1.0457571226E+014
  6.5620032016E+005  1.0491081942E+014
  6.5790032268E+005  1.0524874165E+014
  6.5960017707E+005  1.0558943847E+014
  6.6130020431E+005  1.0593293540E+014
  6.6300023779E+005  1.0627915529E+014
  6.6470027638E+005  1.0662808075E+014
  6.6640031570E+005  1.0697968957E+014
  6.6810019280E+005  1.0733390916E+014
  6.6980023386E+005  1.0769066392E+014
  6.7150027155E+005  1.0804954565E+014
  6.7320030840E+005  1.0841020346E+014
  6.7490017851E+005  1.0877297812E+014
  6.7660022032E+005  1.0913810242E+014
  6.7830027063E+005  1.0950536990E+014
  6.8000016807E+005  1.0987452421E+014
  6.8170024593E+005  1.1024549051E+014
  6.8340016884E+005  1.1061812878E+014
  6.8510027430E+005  1.1099240669E+014
  6.8680022835E+005  1.1136815890E+014
  6.8850019830E+005  1.1174536515E+014
  6.9020018311E+005  1.1212398170E+014
  6.9190017492E+005  1.1250398365E+014
  6.9360017247E+005  1.1288531639E+014
  6.9530016998E+005  1.1326789703E+014
  6.9700016833E+005  1.1365165909E+014
  6.9870016718E+005  1.1403655462E+014
  7.0040016533E+005  1.1442254901E+014
  7.0210032969E+005  1.1480967009E+014
  7.0380032774E+005  1.1519782278E+014
  7.0550032689E+005  1.1558699552E+014
  7.0720016783E+005  1.1597709155E+014
  7.0890018253E+005  1.1636815409E+014
  7.1060021318E+005  1.1676012469E+014
  7.1230025839E+005  1.1715297657E+014
  7.1400031757E+005  1.1754668987E+014
  7.1570022664E+005  1.1794120949E+014
  7.1740031263E+005  1.1833658770E+014
  7.1910024847E+005  1.1873271619E+014
  7.2080019470E+005  1.1912960059E+014
  7.2250031435E+005  1.1952725482E+014
  7.2420027287E+005  1.1992558018E+014
  7.2590022927E+005  1.2032459625E+014
  7.2760018614E+005  1.2072428712E+014
  7.2930030763E+005  1.2112467443E+014
  7.3100026356E+005  1.2152566088E+014
  7.3270022339E+005  1.2192726613E+014
  7.3440018204E+005  1.2232947061E+014
  7.3610031065E+005  1.2273230201E+014
  7.3780028078E+005  1.2313567619E+014
  7.3950026146E+005  1.2353963124E+014
  7.4120025957E+005  1.2394416860E+014
  7.4290027147E+005  1.2434928555E+014
  7.4460030123E+005  1.2475497681E+014
  7.4630017647E+005  1.2516118862E+014
  7.4800022861E+005  1.2556798325E+014
  7.4970029225E+005  1.2597530380E+014
  7.5140019862E+005  1.2638309466E+014
  7.5310027929E+005  1.2679142448E+014
  7.5480019693E+005  1.2720020600E+014
  7.5650027823E+005  1.2760951591E+014
  7.5820019311E+005  1.2801927507E+014
  7.5990027075E+005  1.2842956325E+014
  7.6160018534E+005  1.2884029937E+014
  7.6330026808E+005  1.2925155607E+014
  7.6500018955E+005  1.2966324936E+014
  7.6670028346E+005  1.3007545438E+014
  7.6840021818E+005  1.3048808439E+014
  7.7010016718E+005  1.3090117560E+014
  7.7180029515E+005  1.3131476315E+014
  7.7350027423E+005  1.3172876309E+014
  7.7520026976E+005  1.3214321174E+014
  7.7690027578E+005  1.3255810327E+014
  7.7860029309E+005  1.3297343236E+014
  7.8030031850E+005  1.3338918486E+014
  7.8200018539E+005  1.3380528373E+014
  7.8370022373E+005  1.3422179935E+014
  7.8540026355E+005  1.3463868327E+014
  7.8710030297E+005  1.3505592901E+014
  7.8880017506E+005  1.3547349083E+014
  7.9050021038E+005  1.3589144686E+014
  7.9220024898E+005  1.3630975650E+014
  7.9390029039E+005  1.3672841951E+014
  7.9560017540E+005  1.3714739683E+014
  7.9730023305E+005  1.3756676931E+014
  7.9900029926E+005  1.3798649528E+014
  8.0070021422E+005  1.3840653252E+014
  8.0240030686E+005  1.3882695809E+014
  8.0410025231E+005  1.3924768591E+014
  8.0580021189E+005  1.3966874917E+014
  8.0750018306E+005  1.4009014013E+014
  8.0920032898E+005  1.4051189241E+014
  8.1090031386E+005  1.4093391647E+014
  8.1260030534E+005  1.4135624857E+014
  8.1430029937E+005  1.4177888326E+014
  8.1600029474E+005  1.4220181638E+014
  8.1770029248E+005  1.4262504466E+014
  8.1940028673E+005  1.4304856288E+014
  8.2110028197E+005  1.4347236793E+014
  8.2280027869E+005  1.4389645501E+014
  8.2450027978E+005  1.4432081908E+014
  8.2620029163E+005  1.4474545528E+014
  8.2790031227E+005  1.4517035622E+014
  8.2960018094E+005  1.4559547461E+014
  8.3130022615E+005  1.4602088570E+014
  8.3300028520E+005  1.4644654217E+014
  8.3470019420E+005  1.4687239670E+014
  8.3640028109E+005  1.4729852491E+014
  8.3810021533E+005  1.4772482723E+014
  8.3980032189E+005  1.4815137650E+014
  8.4150026705E+005  1.4857808501E+014
  8.4320021613E+005  1.4900499028E+014
  8.4490016633E+005  1.4943208765E+014
  8.4660028357E+005  1.4985941491E+014
  8.4830023687E+005  1.5028688515E+014
  8.5000018875E+005  1.5071453577E+014
  8.5170030813E+005  1.5114240630E+014
  8.5340026330E+005  1.5157041086E+014
  8.5510022628E+005  1.5199859102E+014
  8.5680019892E+005  1.5242694624E+014
  8.5850018351E+005  1.5285547676E+014
  8.6020018310E+005  1.5328418357E+014
  8.6190019326E+005  1.5371306612E+014
  8.6360021700E+005  1.5414212592E+014
  8.6530025321E+005  1.5457136345E+014
  8.6700030096E+005  1.5500077909E+014
  8.6870019586E+005  1.5543033162E+014
  8.7040026219E+005  1.5586010301E+014
  8.7210016690E+005  1.5629000877E+014
  8.7380023810E+005  1.5672013130E+014
  8.7550030850E+005  1.5715042762E+014
  8.7720021624E+005  1.5758085532E+014
  8.7890028894E+005  1.5801149658E+014
  8.8060019976E+005  1.5844226886E+014
  8.8230027774E+005  1.5887325626E+014
  8.8400019350E+005  1.5930437651E+014
  8.8570028363E+005  1.5973571679E+014
  8.8740021725E+005  1.6016719553E+014
  8.8910016567E+005  1.6059885919E+014
  8.9080029317E+005  1.6103075307E+014
  8.9250026820E+005  1.6264483923E+014
  8.9420025612E+005  1.7103160480E+014
  8.9590025381E+005  1.7936791782E+014
  8.9760026288E+005  1.8760328102E+014
  8.9930028046E+005  1.9567427676E+014
  9.0100030387E+005  2.0350347456E+014
  9.0270016641E+005  2.1099868456E+014
  9.0440019284E+005  2.1807706536E+014
  9.0610021959E+005  2.2463106982E+014
  9.0780024717E+005  2.3052575143E+014
  9.0950027563E+005  2.3562171352E+014
  9.1120030967E+005  2.3978183408E+014
  9.1290018102E+005  2.4287836087E+014
  9.1460022362E+005  2.4480089769E+014
  9.1630027447E+005  2.4545918945E+014
  9.1800017057E+005  2.4480092424E+014
  9.1970024711E+005  2.4292619357E+014
  9.2140017210E+005  2.4013214696E+014
  9.2310027636E+005  2.3681599037E+014
  9.2480022665E+005  2.3337313185E+014
  9.2650018506E+005  2.3012833189E+014
  9.2820031850E+005  2.2731272507E+014
  9.2990029266E+005  2.2506896340E+014
  9.3160027195E+005  2.2346598936E+014
  9.3330025566E+005  2.2251772729E+014
  9.3500023765E+005  2.2219737259E+014
  9.3670022115E+005  2.2244731174E+014
  9.3840020323E+005  2.2317946553E+014
  9.4010018817E+005  2.2426929124E+014
  9.4180017795E+005  2.2557185374E+014
  9.4350017314E+005  2.2694231141E+014
  9.4520017828E+005  2.2825039095E+014
  9.4690019063E+005  2.2938832773E+014
  9.4860021554E+005  2.3027435226E+014
  9.5030025371E+005  2.3085334090E+014
  9.5200030502E+005  2.3109626025E+014
  9.5370020591E+005  2.3100258240E+014
  9.5540028178E+005  2.3060955589E+014
  9.5710020075E+005  2.2998830559E+014
  9.5880029238E+005  2.2922961378E+014
  9.6050022276E+005  2.2842982543E+014
  9.6220032377E+005  2.2767892186E+014
  9.6390026048E+005  2.2705374038E+014
  9.6560019856E+005  2.2661298997E+014
  9.6730030211E+005  2.2639253807E+014
  9.6900023973E+005  2.2641788004E+014
  9.7070018192E+005  2.2669988116E+014
  9.7240029340E+005  2.2723273665E+014
  9.7410024852E+005  2.2798882075E+014
  9.7580021364E+005  2.2891966815E+014
  9.7750018847E+005  2.2996197164E+014
  9.7920017552E+005  2.3104489425E+014
  9.8090017452E+005  2.3209692310E+014
  9.8260018673E+005  2.3305141332E+014
  9.8430021218E+005  2.3385043140E+014
  9.8600024750E+005  2.3444736250E+014
  9.8770029175E+005  2.3480833052E+014
  9.8940017467E+005  2.3491379389E+014
  9.9110022620E+005  2.3476354356E+014
  9.9280028127E+005  2.3437839493E+014
  9.9450017093E+005  2.3379737016E+014
  9.9620022963E+005  2.3307284828E+014
  9.9790028815E+005  2.3226543904E+014
  9.9960018302E+005  2.3143846929E+014
  1.0013002475E+006  2.3065316640E+014
  1.0030003165E+006  2.2996538843E+014
  1.0047002306E+006  2.2942262527E+014
  1.0064003202E+006  2.2906232902E+014
  1.0081002568E+006  2.2891146789E+014
  1.0098002063E+006  2.2898606224E+014
  1.0115001662E+006  2.2929131576E+014
  1.0132003047E+006  2.2982109417E+014
  1.0149002881E+006  2.3055514832E+014
  1.0166002807E+006  2.3145970884E+014
  1.0183002822E+006  2.3249079245E+014
  1.0200002857E+006  2.3359837621E+014
  1.0217002934E+006  2.3473041034E+014
  1.0234003012E+006  2.3583632368E+014
  1.0251003108E+006  2.3686971890E+014
  1.0268003229E+006  2.3779027561E+014
  1.0285001709E+006  2.3856486306E+014
  1.0302001886E+006  2.3916848316E+014
  1.0319002092E+006  2.3958417489E+014
  1.0336002373E+006  2.3980380284E+014
  1.0353002755E+006  2.3983044910E+014
  1.0370003249E+006  2.3967942812E+014
  1.0387002231E+006  2.3937675126E+014
  1.0404002987E+006  2.3895649095E+014
  1.0421002194E+006  2.3845805996E+014
  1.0438003172E+006  2.3792282683E+014
  1.0455002576E+006  2.3739166539E+014
  1.0472002074E+006  2.3690232584E+014
  1.0489003286E+006  2.3648788243E+014
  1.0506002882E+006  2.3617566868E+014
  1.0523002504E+006  2.3598635969E+014
  1.0540002116E+006  2.3593506613E+014
  1.0557001749E+006  2.3603184115E+014
  1.0574003048E+006  2.3627622012E+014
  1.0591002728E+006  2.3666183127E+014
  1.0608002467E+006  2.3717690985E+014
  1.0625002258E+006  2.3780391101E+014
  1.0642002131E+006  2.3852023874E+014
  1.0659002107E+006  2.3929988124E+014
  1.0676002195E+006  2.4011518567E+014
  1.0693002425E+006  2.4093848173E+014
  1.0710002770E+006  2.4174349485E+014
  1.0727003235E+006  2.4250648318E+014
  1.0744002138E+006  2.4320703693E+014
  1.0761002770E+006  2.4382897273E+014
  1.0778001829E+006  2.4436023200E+014
  1.0795002573E+006  2.4479356267E+014
  1.0812001716E+006  2.4512652403E+014
  1.0829002519E+006  2.4536262785E+014
  1.0846001672E+006  2.4551084405E+014
  1.0863002499E+006  2.4558485018E+014
  1.0880001681E+006  2.4560170441E+014
  1.0897002570E+006  2.4558061032E+014
  1.0914001866E+006  2.4554156068E+014
  1.0931002891E+006  2.4550416461E+014
  1.0948002358E+006  2.4548671972E+014
  1.0965001917E+006  2.4550545674E+014
  1.0982003257E+006  2.4557403498E+014
  1.0999003069E+006  2.4570319036E+014
  1.1016002998E+006  2.4590055191E+014
  1.1033003055E+006  2.4617053128E+014
  1.1050003179E+006  2.4651416353E+014
  1.1067001729E+006  2.4692886121E+014
  1.1084001975E+006  2.4740860781E+014
  1.1101002256E+006  2.4794376012E+014
  1.1118002575E+006  2.4852158525E+014
  1.1135002905E+006  2.4912691095E+014
  1.1152003259E+006  2.4974298334E+014
  1.1169001970E+006  2.5035227215E+014
  1.1186002355E+006  2.5093753744E+014
  1.1203002794E+006  2.5148215854E+014
  1.1220003298E+006  2.5197100784E+014
  1.1237002244E+006  2.5239085684E+014
  1.1254002957E+006  2.5273107025E+014
  1.1271002111E+006  2.5298409575E+014
  1.1288003051E+006  2.5314618264E+014
  1.1305002437E+006  2.5321738472E+014
  1.1322001945E+006  2.5320158452E+014
  1.1339003214E+006  2.5310614197E+014
  1.1356002900E+006  2.5294147233E+014
  1.1373002660E+006  2.5272040047E+014
  1.1390002442E+006  2.5245754615E+014
  1.1407002259E+006  2.5216863067E+014
  1.1424002097E+006  2.5186980155E+014
  1.1441001946E+006  2.5157716931E+014
  1.1458001833E+006  2.5130619657E+014
  1.1475001732E+006  2.5107128271E+014
  1.1492001667E+006  2.5088543136E+014
  1.1509001664E+006  2.5075995772E+014
  1.1526001725E+006  2.5070431157E+014
  1.1543001905E+006  2.5072592913E+014
  1.1560002193E+006  2.5083020439E+014
  1.1577002604E+006  2.5102036155E+014
  1.1594003126E+006  2.5129744901E+014
  1.1611002087E+006  2.5166031812E+014
  1.1628002820E+006  2.5210647563E+014
  1.1645001976E+006  2.5263324789E+014
  1.1662002877E+006  2.5323164945E+014
  1.1679002177E+006  2.5388997033E+014
  1.1696003151E+006  2.5459530554E+014
  1.1713002497E+006  2.5533351086E+014
  1.1730001847E+006  2.5609017764E+014
  1.1747002872E+006  2.5685093164E+014
  1.1764002279E+006  2.5760164215E+014
  1.1781001719E+006  2.5832923188E+014
  1.1798002869E+006  2.5902173752E+014
  1.1815002421E+006  2.5966836748E+014
  1.1832002056E+006  2.6026008779E+014
  1.1849001802E+006  2.6078947668E+014
  1.1866001656E+006  2.6125084926E+014
  1.1883003307E+006  2.6164033453E+014
  1.1900001750E+006  2.6195571269E+014
  1.1917001949E+006  2.6219709644E+014
  1.1934002239E+006  2.6236674900E+014
  1.1951002595E+006  2.6246907168E+014
  1.1968003028E+006  2.6251032339E+014
  1.1985001852E+006  2.6249830737E+014
  1.2002002358E+006  2.6244197453E+014
  1.2019002880E+006  2.6235108443E+014
  1.2036001749E+006  2.6223584158E+014
  1.2053002301E+006  2.6210645141E+014
  1.2070002884E+006  2.6197283912E+014
  1.2087001864E+006  2.6184431940E+014
  1.2104002574E+006  2.6172933657E+014
  1.2121001681E+006  2.6163538224E+014
  1.2138002550E+006  2.6156871903E+014
  1.2155001858E+006  2.6153441680E+014
  1.2172002942E+006  2.6153622730E+014
  1.2189002505E+006  2.6157657540E+014
  1.2206002169E+006  2.6165658936E+014
  1.2223001942E+006  2.6177615330E+014
  1.2240001776E+006  2.6193396815E+014
  1.2257001673E+006  2.6212761750E+014
  1.2274003280E+006  2.6235373694E+014
  1.2291003267E+006  2.6260804726E+014
  1.2308003299E+006  2.6288560864E+014
  1.2325001688E+006  2.6318085132E+014
  1.2342001737E+006  2.6348787999E+014
  1.2359001816E+006  2.6380046560E+014
  1.2376001916E+006  2.6411232935E+014
  1.2393002091E+006  2.6441728329E+014
  1.2410002343E+006  2.6470939970E+014
  1.2427002681E+006  2.6498318735E+014
  1.2444003123E+006  2.6523371439E+014
  1.2461002002E+006  2.6545673551E+014
  1.2478002660E+006  2.6564885891E+014
  1.2495001771E+006  2.6580752389E+014
  1.2512002650E+006  2.6593119744E+014
  1.2529001973E+006  2.6601927107E+014
  1.2546003008E+006  2.6607215345E+014
  1.2563002444E+006  2.6609118957E+014
  1.2580001917E+006  2.6607864266E+014
  1.2597003071E+006  2.6603758518E+014
  1.2614002609E+006  2.6597182779E+014
  1.2631002164E+006  2.6588578948E+014
  1.2648001742E+006  2.6578440675E+014
  1.2665002998E+006  2.6567303095E+014
  1.2682002632E+006  2.6555734644E+014
  1.2699002347E+006  2.6544317293E+014
  1.2716002137E+006  2.6533634222E+014
  1.2733002046E+006  2.6524260567E+014
  1.2750002054E+006  2.6516744433E+014
  1.2767002158E+006  2.6511580842E+014
  1.2784002377E+006  2.6509220704E+014
  1.2801002690E+006  2.6510056225E+014
  1.2818003116E+006  2.6514413892E+014
  1.2835001978E+006  2.6522545366E+014
  1.2852002554E+006  2.6534625497E+014
  1.2869003176E+006  2.6551086345E+014
  1.2886002159E+006  2.6572580874E+014
  1.2903002825E+006  2.6598896290E+014
  1.2920001863E+006  2.6629687201E+014
  1.2937002578E+006  2.6664527342E+014
  1.2954001689E+006  2.6702895072E+014
  1.2971002471E+006  2.6744212380E+014
  1.2988001655E+006  2.6787829853E+014
  1.3005002559E+006  2.6833071869E+014
  1.3022001897E+006  2.6879217895E+014
  1.3039003010E+006  2.6925554255E+014
  1.3056002574E+006  2.6971350800E+014
  1.3073002256E+006  2.7015905461E+014
  1.3090002031E+006  2.7058537847E+014
  1.3107001897E+006  2.7098604130E+014
  1.3124001859E+006  2.7135506241E+014
  1.3141001894E+006  2.7168700187E+014
  1.3158001996E+006  2.7197703309E+014
  1.3175002138E+006  2.7222099493E+014
  1.3192002287E+006  2.7241543429E+014
  1.3209002466E+006  2.7255764106E+014
  1.3226002656E+006  2.7277696421E+014
  1.3243002884E+006  2.7321978728E+014
  1.3260003161E+006  2.7366262975E+014
  1.3277001822E+006  2.7410544806E+014
  1.3294002205E+006  2.7454832885E+014
  1.3311002651E+006  2.7499122857E+014
  1.3328003199E+006  2.7543414783E+014
  1.3345002205E+006  2.7587704338E+014
  1.3362002981E+006  2.7632000106E+014
  1.3379002225E+006  2.7676293439E+014
  1.3396003209E+006  2.7720592812E+014
  1.3413002620E+006  2.7764889543E+014
  1.3430002111E+006  2.7809187900E+014
  1.3447001658E+006  2.7853487770E+014
  1.3464002927E+006  2.7897793460E+014
  1.3481002576E+006  2.7942096220E+014
  1.3498002245E+006  2.7986400289E+014
  1.3515001934E+006  2.8030705636E+014
  1.3532003279E+006  2.8075016502E+014
  1.3549003022E+006  2.8119324365E+014
  1.3566002799E+006  2.8163633475E+014
  1.3583002649E+006  2.8207943914E+014
  1.3600002576E+006  2.8252255677E+014
  1.3617002572E+006  2.8296568731E+014
  1.3634002678E+006  2.8340883170E+014
  1.3651002882E+006  2.8385198954E+014
  1.3668003204E+006  2.8429516126E+014
  1.3685001988E+006  2.8473830362E+014
  1.3702002516E+006  2.8518150200E+014
  1.3719003127E+006  2.8562471308E+014
  1.3736002142E+006  2.8606789288E+014
  1.3753002861E+006  2.8651112734E+014
  1.3770001979E+006  2.8695433011E+014
  1.3787002775E+006  2.8739758643E+014
  1.3804001957E+006  2.8784081024E+014
  1.3821002800E+006  2.8828408663E+014
  1.3838002010E+006  2.8872732939E+014
  1.3855002916E+006  2.8917062493E+014
  1.3872002212E+006  2.8961388663E+014
  1.3889003248E+006  2.9005720129E+014
  1.3906002709E+006  2.9050048195E+014
  1.3923002263E+006  2.9094377140E+014
  1.3940001916E+006  2.9138706906E+014
  1.3957001666E+006  2.9183037410E+014
  1.3974003185E+006  2.9227372906E+014
  1.3991003154E+006  2.9271704628E+014
  1.4008003215E+006  2.9316036729E+014
  1.4025001708E+006  2.9360364728E+014
  1.4042001894E+006  2.9404696954E+014
  1.4059002128E+006  2.9449028995E+014
  1.4076002392E+006  2.9493360889E+014
  1.4093002681E+006  2.9537692498E+014
  1.4110003013E+006  2.9582023707E+014
  1.4127001707E+006  2.9626349956E+014
  1.4144002093E+006  2.9670679722E+014
  1.4161002512E+006  2.9715008439E+014
  1.4178002987E+006  2.9759335879E+014
  1.4195001892E+006  2.9803657449E+014
  1.4212002538E+006  2.9847981323E+014
  1.4229003295E+006  2.9892302646E+014
  1.4246002499E+006  2.9936616242E+014
  1.4263001798E+006  2.9980925192E+014
  1.4280002862E+006  3.0025231993E+014
  1.4297002354E+006  3.0069524885E+014
  1.4314001940E+006  3.0113802663E+014
  1.4331003252E+006  3.0158058071E+014
  1.4348002952E+006  3.0202252228E+014
  1.4365002699E+006  3.0246270996E+014
  1.4382002456E+006  3.0288736471E+014
  1.4399002250E+006  3.0327774244E+014
  1.4416002066E+006  3.0370107355E+014
  1.4433001917E+006  3.0413202767E+014
  1.4450001815E+006  3.0456523815E+014
  1.4467001750E+006  3.0499937956E+014
  1.4484001754E+006  3.0543400270E+014
  1.4501001838E+006  3.0586877034E+014
  1.4518002017E+006  3.0630408640E+014
  1.4535002315E+006  3.0673989267E+014
  1.4552002714E+006  3.0717594411E+014
  1.4569003216E+006  3.0761205128E+014
  1.4586002156E+006  3.0804808024E+014
  1.4603002826E+006  3.0848406549E+014
  1.4620001930E+006  3.0891987208E+014
  1.4637002739E+006  3.0935555146E+014
  1.4654001952E+006  3.0979109072E+014
  1.4671002852E+006  3.1022699443E+014
  1.4688002111E+006  3.1066306217E+014
  1.4705003055E+006  3.1109928277E+014
  1.4722002361E+006  3.1153545727E+014
  1.4739001709E+006  3.1197157637E+014
  1.4756002768E+006  3.1240762932E+014
  1.4773002228E+006  3.1284348304E+014
  1.4790001767E+006  3.1327914078E+014
  1.4807003041E+006  3.1371461485E+014
  1.4824002756E+006  3.1414979140E+014
  1.4841002584E+006  3.1458491908E+014
  1.4858002509E+006  3.1502023293E+014
  1.4875002552E+006  3.1545552931E+014
  1.4892002672E+006  3.1589078174E+014
  1.4909002869E+006  3.1632595564E+014
  1.4926003136E+006  3.1676099362E+014
  1.4943001785E+006  3.1719578851E+014
  1.4960002148E+006  3.1763037152E+014
  1.4977002534E+006  3.1806465462E+014
  1.4994002947E+006  3.1849860106E+014
  1.5011001730E+006  3.1893208107E+014
  1.5028002187E+006  3.1936490414E+014
  1.5045002696E+006  3.1979748449E+014
  1.5062003256E+006  3.2023002481E+014
  1.5079002235E+006  3.2066244290E+014
  1.5096002960E+006  3.2109477964E+014
  1.5113002109E+006  3.2152689506E+014
  1.5130003021E+006  3.2195879147E+014
  1.5147002375E+006  3.2239029604E+014
  1.5164001831E+006  3.2282137351E+014
  1.5181003050E+006  3.2325201357E+014
  1.5198002692E+006  3.2368220116E+014
  1.5215002414E+006  3.2411242594E+014
  1.5232002176E+006  3.2454263057E+014
  1.5249001982E+006  3.2497277117E+014
  1.5266001825E+006  3.2540278492E+014
  1.5283001693E+006  3.2583254806E+014
  1.5300003258E+006  3.2626202775E+014
  1.5317003193E+006  3.2669106964E+014
  1.5334003156E+006  3.2711965231E+014
  1.5351003169E+006  3.2754771109E+014
  1.5368003234E+006  3.2797451978E+014
  1.5385001728E+006  3.2840068931E+014
  1.5402001973E+006  3.2882683323E+014
  1.5419002314E+006  3.2925282071E+014
  1.5436002764E+006  3.2967858210E+014
  1.5453003299E+006  3.3010406179E+014
  1.5470002284E+006  3.3052915683E+014
  1.5487003008E+006  3.3095384271E+014
  1.5504002158E+006  3.3137795358E+014
  1.5521003040E+006  3.3180104241E+014
  1.5538002305E+006  3.3222264853E+014
  1.5555003264E+006  3.3264416730E+014
  1.5572002593E+006  3.3306543559E+014
  1.5589001943E+006  3.3348641415E+014
  1.5606002992E+006  3.3390709955E+014
  1.5623002418E+006  3.3432734593E+014
