  0.0000000000E+000  0.0000000000E+000
  1.7002190055E+003  1.6600752271E+039
  3.4003226070E+003  1.2442649203E+039
  5.1002126579E+003  9.7668867411E+038
  6.8003056062E+003  7.9626803166E+038
  8.5002383117E+003  6.6965769735E+038
  1.0200242122E+004  5.7763226725E+038
  1.1900201964E+004  5.0866431654E+038
  1.3600253202E+004  4.5555158914E+038
  1.5300221489E+004  4.1366163240E+038
  1.7000245053E+004  3.7991933307E+038
  1.8700339722E+004  3.5223481398E+038
  2.0400313837E+004  3.2914937592E+038
  2.2100229942E+004  3.0961807930E+038
  2.3800182664E+004  2.9287985050E+038
  2.5500187725E+004  2.7837116184E+038
  2.7200330001E+004  2.6566668323E+038
  2.8900226290E+004  2.5444347418E+038
  3.0600257590E+004  2.4444610900E+038
  3.2300298945E+004  2.3547761938E+038
  3.4000255561E+004  2.2736872772E+038
  3.5700326001E+004  2.1968506253E+038
  3.7400302091E+004  2.1258675578E+038
  3.9100354450E+004  1.9324653645E+038
  4.0800342796E+004  1.7427807043E+038
  4.2500254567E+004  1.6875085770E+038
  4.4200220583E+004  1.6537817670E+038
  4.5900223479E+004  1.6213544408E+038
  4.7600255437E+004  1.5897844959E+038
  4.9300207325E+004  1.5597322685E+038
  5.1000350695E+004  1.5313266251E+038
  5.2700310462E+004  1.5044696595E+038
  5.4400267475E+004  1.4789989820E+038
  5.6100251705E+004  1.4547639656E+038
  5.7800272469E+004  1.4317849272E+038
  5.9500210025E+004  1.4100489785E+038
  6.1200203773E+004  1.3894212020E+038
  6.2900225820E+004  1.3697739370E+038
  6.4600287107E+004  1.3496602990E+038
  6.6300331303E+004  1.3285245727E+038
  6.8000349409E+004  1.3071827663E+038
  6.9700354062E+004  1.2852977836E+038
  7.1400354805E+004  1.2642913957E+038
  7.3100307406E+004  1.2446280510E+038
  7.4800188836E+004  1.2262961065E+038
  7.6500294924E+004  1.2091559822E+038
  7.8200229064E+004  1.1930625399E+038
  7.9900192105E+004  1.1778809069E+038
  8.1600187318E+004  1.1634993798E+038
  8.3300192564E+004  1.1498256163E+038
  8.5000327168E+004  1.1376812458E+038
  8.6700296427E+004  1.1219170541E+038
  8.8400277705E+004  1.1096323242E+038
  9.0100193077E+004  1.0983164768E+038
  9.1800206811E+004  1.0874785900E+038
  9.3500214212E+004  1.0770275372E+038
  9.5200213491E+004  1.0669372729E+038
  9.6900240861E+004  1.0571825997E+038
  9.8600202728E+004  1.0477405330E+038
  1.0030033025E+005  1.0385881836E+038
  1.0200029161E+005  1.0297076460E+038
  1.0370023891E+005  1.0210802576E+038
  1.0540023905E+005  1.0126895554E+038
  1.0710030387E+005  1.0045208985E+038
  1.0880028671E+005  9.9656173728E+037
  1.1050035499E+005  9.8879925684E+037
  1.1220033434E+005  9.8122323492E+037
  1.1390028555E+005  9.7364290731E+037
  1.1560034085E+005  9.6582229183E+037
  1.1730022296E+005  9.5785499307E+037
  1.1900035302E+005  9.4989455486E+037
  1.2070032453E+005  9.4205605715E+037
  1.2240025061E+005  9.3440353938E+037
  1.2410033081E+005  9.2696714992E+037
  1.2580026410E+005  9.1975921023E+037
  1.2750023140E+005  9.1277874813E+037
  1.2920018619E+005  9.0601981364E+037
  1.3090028799E+005  8.9947267409E+037
  1.3260020890E+005  8.9312814852E+037
  1.3430031970E+005  8.8697406150E+037
  1.3600025103E+005  8.8100111092E+037
  1.3770034277E+005  8.7519788651E+037
  1.3940024006E+005  8.6955594686E+037
  1.4110031085E+005  8.6406503999E+037
  1.4280019195E+005  8.5871841528E+037
  1.4450022485E+005  8.5350956038E+037
  1.4620021812E+005  8.4843369136E+037
  1.4790034843E+005  8.4348429942E+037
  1.4960026669E+005  8.3865621362E+037
  1.5130031922E+005  8.3394242034E+037
  1.5300032333E+005  8.2933839701E+037
  1.5470027803E+005  8.2484048563E+037
  1.5640018997E+005  8.2044527018E+037
  1.5810025988E+005  8.1614863021E+037
  1.5980033777E+005  8.1194712676E+037
  1.6150027060E+005  8.0783719664E+037
  1.6320029165E+005  8.0381434102E+037
  1.6490025041E+005  7.9987508733E+037
  1.6660030017E+005  7.9601538287E+037
  1.6830024619E+005  7.9223212860E+037
  1.7000026536E+005  7.8852155820E+037
  1.7170035408E+005  7.8487651414E+037
  1.7340031841E+005  7.8125670700E+037
  1.7510030479E+005  7.7761999239E+037
  1.7680032065E+005  7.7395487814E+037
  1.7850019199E+005  7.7027027581E+037
  1.8020025571E+005  7.6658130223E+037
  1.8190032028E+005  7.6290446715E+037
  1.8360019358E+005  7.5925373987E+037
  1.8530023636E+005  7.5563911443E+037
  1.8700026021E+005  7.5206916368E+037
  1.8870024385E+005  7.4854930215E+037
  1.9040019025E+005  7.4508269436E+037
  1.9210027815E+005  7.4167096410E+037
  1.9380033013E+005  7.3831596551E+037
  1.9550034541E+005  7.3501835047E+037
  1.9720033138E+005  7.3177787144E+037
  1.9890030167E+005  7.2859355176E+037
  2.0060026023E+005  7.2546391640E+037
  2.0230021423E+005  7.2238712461E+037
  2.0400018197E+005  7.1936111137E+037
  2.0570018466E+005  7.1638368943E+037
  2.0740023974E+005  7.1345263751E+037
  2.0910035238E+005  7.1056576717E+037
  2.1080034023E+005  7.0772125118E+037
  2.1250020906E+005  7.0491701108E+037
  2.1420031112E+005  7.0215050744E+037
  2.1590027234E+005  6.9942049779E+037
  2.1760026291E+005  6.9672496890E+037
  2.1930027837E+005  6.9406234874E+037
  2.2100032167E+005  6.9143129725E+037
  2.2270020795E+005  6.8883096700E+037
  2.2440027480E+005  6.8625726172E+037
  2.2610034456E+005  6.8365519427E+037
  2.2780022850E+005  6.8101781840E+037
  2.2950027435E+005  6.7836398890E+037
  2.3120030159E+005  6.7570955660E+037
  2.3290030423E+005  6.7307797928E+037
  2.3460028800E+005  6.7051426749E+037
  2.3630025161E+005  6.6801451604E+037
  2.3800018889E+005  6.6557153011E+037
  2.3970028538E+005  6.6317263832E+037
  2.4140019436E+005  6.6080466366E+037
  2.4310027771E+005  6.5845803514E+037
  2.4480018680E+005  6.5612930751E+037
  2.4650028670E+005  6.5381767971E+037
  2.4820023760E+005  6.5152535027E+037
  2.4990022924E+005  6.4925469089E+037
  2.5160026039E+005  6.4700853157E+037
  2.5330033033E+005  6.4478950409E+037
  2.5500026325E+005  6.4260011310E+037
  2.5670023600E+005  6.4044198056E+037
  2.5840024708E+005  6.3831654665E+037
  2.6010028857E+005  6.3622488223E+037
  2.6180035032E+005  6.3416771885E+037
  2.6350025171E+005  6.3214573302E+037
  2.6520034099E+005  6.3015898110E+037
  2.6690026072E+005  6.2820793599E+037
  2.6860018841E+005  6.2629219614E+037
  2.7030029101E+005  6.2441126657E+037
  2.7200020476E+005  6.2256515618E+037
  2.7370028087E+005  6.2075308713E+037
  2.7540034109E+005  6.1897482709E+037
  2.7710020911E+005  6.1723006175E+037
  2.7880023614E+005  6.1551785312E+037
  2.8050024622E+005  6.1383771942E+037
  2.8220024818E+005  6.1218890871E+037
  2.8390024767E+005  6.1057061162E+037
  2.8560024991E+005  6.0898195434E+037
  2.8730025947E+005  6.0742199299E+037
  2.8900028488E+005  6.0588970324E+037
  2.9070033557E+005  6.0438398228E+037
  2.9240023889E+005  6.0290380308E+037
  2.9410017847E+005  6.0144778739E+037
  2.9580033261E+005  6.0001449415E+037
  2.9750034326E+005  5.9860283851E+037
  2.9920020554E+005  5.9721133523E+037
  3.0090026823E+005  5.9583812545E+037
  3.0260035495E+005  5.9448168989E+037
  3.0430029046E+005  5.9314042795E+037
  3.0600024295E+005  5.9181239617E+037
  3.0770020695E+005  5.9049573284E+037
  3.0940035094E+005  5.8918839917E+037
  3.1110031716E+005  5.8788872639E+037
  3.1280028345E+005  5.8659426849E+037
  3.1450024078E+005  5.8530157872E+037
  3.1620018734E+005  5.8400654609E+037
  3.1790030145E+005  5.8270522336E+037
  3.1960022475E+005  5.8139474897E+037
  3.2130031745E+005  5.8007233174E+037
  3.2300022447E+005  5.7873626315E+037
  3.2470030100E+005  5.7738483450E+037
  3.2640019957E+005  5.7601711963E+037
  3.2810028031E+005  5.7463192049E+037
  3.2980019848E+005  5.7322890144E+037
  3.3150031713E+005  5.7181082577E+037
  3.3320027921E+005  5.7041745328E+037
  3.3490026758E+005  5.6905745811E+037
  3.3660028174E+005  5.6772815908E+037
  3.3830032327E+005  5.6642740812E+037
  3.4000021985E+005  5.6515357320E+037
  3.4170032344E+005  5.6390491040E+037
  3.4340027412E+005  5.6268040535E+037
  3.4510024512E+005  5.6147879540E+037
  3.4680023086E+005  5.6029905396E+037
  3.4850022998E+005  5.5914023082E+037
  3.5020023980E+005  5.5800144043E+037
  3.5190025549E+005  5.5688184176E+037
  3.5360027108E+005  5.5578061794E+037
  3.5530028165E+005  5.5469695920E+037
  3.5700028765E+005  5.5363005226E+037
  3.5870028728E+005  5.5257909143E+037
  3.6040027811E+005  5.5154326802E+037
  3.6210025881E+005  5.5052173765E+037
  3.6380022978E+005  5.4951364206E+037
  3.6550019874E+005  5.4851808950E+037
  3.6720034871E+005  5.4753406389E+037
  3.6890032430E+005  5.4656083840E+037
  3.7060030535E+005  5.4559735555E+037
  3.7230029621E+005  5.4464264547E+037
  3.7400030567E+005  5.4369571961E+037
  3.7570034164E+005  5.4275557999E+037
  3.7740022791E+005  5.4182132147E+037
  3.7910031837E+005  5.4089174123E+037
  3.8080025580E+005  5.3996601963E+037
  3.8250021601E+005  5.3904299270E+037
  3.8420020006E+005  5.3812139966E+037
  3.8590020782E+005  5.3719904259E+037
  3.8760023371E+005  5.3627508691E+037
  3.8930027598E+005  5.3535033828E+037
  3.9100032819E+005  5.3442418202E+037
  3.9270020862E+005  5.3349595046E+037
  3.9440027163E+005  5.3256472043E+037
  3.9610033303E+005  5.3162979050E+037
  3.9780021264E+005  5.3069022695E+037
  3.9950026489E+005  5.2943278656E+037
  4.0120031256E+005  5.2627006469E+037
  4.0290017999E+005  5.2397104127E+037
  4.0460021964E+005  5.2182577647E+037
  4.0630025459E+005  5.1971340710E+037
  4.0800028616E+005  5.1761868469E+037
  4.0970031709E+005  5.1554559589E+037
  4.1140035534E+005  5.1350153310E+037
  4.1310023026E+005  5.1149425473E+037
  4.1480029857E+005  5.0953024150E+037
  4.1650020671E+005  5.0761590586E+037
  4.1820031191E+005  5.0575595273E+037
  4.1990026053E+005  5.0395502088E+037
  4.2160023683E+005  5.0221643754E+037
  4.2330023883E+005  5.0054312341E+037
  4.2500026306E+005  4.9893760517E+037
  4.2670030766E+005  4.9740215143E+037
  4.2840019038E+005  4.9593913924E+037
  4.3010026871E+005  4.9455062052E+037
  4.3180018136E+005  4.9323960409E+037
  4.3350027935E+005  4.9200911537E+037
  4.3520020573E+005  4.9086355785E+037
  4.3690031343E+005  4.8979196984E+037
  4.3860024628E+005  4.8876867064E+037
  4.4030035588E+005  4.8779519979E+037
  4.4200028133E+005  4.8687424658E+037
  4.4370020101E+005  4.8600841972E+037
  4.4540029214E+005  4.8520066270E+037
  4.4710020357E+005  4.8445133905E+037
  4.4880029442E+005  4.8375918572E+037
  4.5050020902E+005  4.8313271999E+037
  4.5220030589E+005  4.8258023853E+037
  4.5390023016E+005  4.8210950178E+037
  4.5560034216E+005  4.8172815869E+037
  4.5730029356E+005  4.8144464168E+037
  4.5900026479E+005  4.8126814987E+037
  4.6070025983E+005  4.8120890988E+037
  4.6240027733E+005  4.8127812755E+037
  4.6410031476E+005  4.8150172953E+037
  4.6580019673E+005  4.8194382221E+037
  4.6750027686E+005  4.8262297902E+037
  4.6920019699E+005  4.8355183595E+037
  4.7090031099E+005  4.8473859776E+037
  4.7260025906E+005  4.8618037285E+037
  4.7430022035E+005  4.8785495132E+037
  4.7600019183E+005  4.8970721524E+037
  4.7770034502E+005  4.9163184688E+037
  4.7940032124E+005  4.9405956519E+037
  4.8110029437E+005  4.9749073763E+037
  4.8280026620E+005  5.0094937391E+037
  4.8450023921E+005  5.0287224471E+037
  4.8620020887E+005  5.0141660525E+037
  4.8790035171E+005  4.9567942283E+037
  4.8960031447E+005  4.8798262572E+037
  4.9130027664E+005  4.8062604327E+037
  4.9300024464E+005  4.7459266771E+037
  4.9470022101E+005  4.7012557647E+037
  4.9640020723E+005  4.6739221833E+037
  4.9810020809E+005  4.6655165042E+037
  4.9980022377E+005  4.6671906023E+037
  5.0150025744E+005  4.6704486362E+037
  5.0320031009E+005  4.6650830245E+037
  5.0490020533E+005  4.6403441258E+037
  5.0660030058E+005  4.5908832420E+037
  5.0830023834E+005  4.5233467143E+037
  5.1000019529E+005  4.4572455481E+037
  5.1170034701E+005  4.4045354764E+037
  5.1340033414E+005  4.3664172477E+037
  5.1510033183E+005  4.3400170309E+037
  5.1680033772E+005  4.3217360145E+037
  5.1850035032E+005  4.3086372802E+037
  5.2020019165E+005  4.2986911123E+037
  5.2190021447E+005  4.2906038306E+037
  5.2360023666E+005  4.2835926248E+037
  5.2530025519E+005  4.2771953211E+037
  5.2700026900E+005  4.2711450863E+037
  5.2870028131E+005  4.2652906922E+037
  5.3040029500E+005  4.2595482613E+037
  5.3210031096E+005  4.2538724406E+037
  5.3380033060E+005  4.2482399741E+037
  5.3550035456E+005  4.2426398447E+037
  5.3720020901E+005  4.2370683538E+037
  5.3890025308E+005  4.2315236604E+037
  5.4060030928E+005  4.2260074952E+037
  5.4230020346E+005  4.2205225255E+037
  5.4400029496E+005  4.2150699663E+037
  5.4570022830E+005  4.2096534201E+037
  5.4740018346E+005  4.2042746713E+037
  5.4910033453E+005  4.1989353638E+037
  5.5080032364E+005  4.1936386497E+037
  5.5250033079E+005  4.1883857254E+037
  5.5420035274E+005  4.1831782647E+037
  5.5590021122E+005  4.1780182543E+037
  5.5760025892E+005  4.1729058873E+037
  5.5930031247E+005  4.1678428150E+037
  5.6100019350E+005  4.1628304896E+037
  5.6270025346E+005  4.1578686791E+037
  5.6440031446E+005  4.1529585759E+037
  5.6610019974E+005  4.1481012449E+037
  5.6780026159E+005  4.1432961479E+037
  5.6950032439E+005  4.1385441754E+037
  5.7120020801E+005  4.1338461519E+037
  5.7290026873E+005  4.1292013139E+037
  5.7460033169E+005  4.1246103594E+037
  5.7630022125E+005  4.1200739039E+037
  5.7800029600E+005  4.1155910968E+037
  5.7970020318E+005  4.1111629393E+037
  5.8140030113E+005  4.1067885749E+037
  5.8310023718E+005  4.1024688406E+037
  5.8480019032E+005  4.0982032938E+037
  5.8650033658E+005  4.0939914521E+037
  5.8820032242E+005  4.0898335014E+037
  5.8990032799E+005  4.0857270095E+037
  5.9160035385E+005  4.0816735626E+037
  5.9330022134E+005  4.0776761445E+037
  5.9500027997E+005  4.0737333526E+037
  5.9670034929E+005  4.0698449805E+037
  5.9840025102E+005  4.0660109389E+037
  6.0010033943E+005  4.0622300249E+037
  6.0180025860E+005  4.0585028440E+037
  6.0350018145E+005  4.0548287481E+037
  6.0520028545E+005  4.0512071744E+037
  6.0690021279E+005  4.0476387136E+037
  6.0860031813E+005  4.0441224564E+037
  6.1030024543E+005  4.0406590313E+037
  6.1200034925E+005  4.0372474454E+037
  6.1370027544E+005  4.0338883006E+037
  6.1540020508E+005  4.0305810679E+037
  6.1710031726E+005  4.0273252433E+037
  6.1880025759E+005  4.0241213408E+037
  6.2050020532E+005  4.0209688545E+037
  6.2220033935E+005  4.0178672881E+037
  6.2390030859E+005  4.0148171227E+037
  6.2560029415E+005  4.0118178627E+037
  6.2730029832E+005  4.0088693428E+037
  6.2900032263E+005  4.0059714006E+037
  6.3070018604E+005  4.0031241927E+037
  6.3240024287E+005  4.0003269381E+037
  6.3410031488E+005  3.9975797972E+037
  6.3580022343E+005  3.9948828960E+037
  6.3750032627E+005  3.9922355154E+037
  6.3920026473E+005  3.9896380631E+037
  6.4090021234E+005  3.9870901164E+037
  6.4260034551E+005  3.9845912739E+037
  6.4430030567E+005  3.9821419172E+037
  6.4600026981E+005  3.9797416401E+037
  6.4770023650E+005  3.9773903044E+037
  6.4940020233E+005  3.9750877758E+037
  6.5110034705E+005  3.9728336875E+037
  6.5280031635E+005  3.9706283646E+037
  6.5450028670E+005  3.9684714444E+037
  6.5620025899E+005  3.9663627959E+037
  6.5790023183E+005  3.9643022940E+037
  6.5960020776E+005  3.9622898108E+037
  6.6130019245E+005  3.9603251960E+037
  6.6300018800E+005  3.9584083705E+037
  6.6470019767E+005  3.9565391922E+037
  6.6640022083E+005  3.9547175468E+037
  6.6810025720E+005  3.9529433227E+037
  6.6980031056E+005  3.9512164052E+037
  6.7150020242E+005  3.9495368945E+037
  6.7320029087E+005  3.9479042637E+037
  6.7490021908E+005  3.9463187853E+037
  6.7660033944E+005  3.9447800295E+037
  6.7830029543E+005  3.9432882197E+037
  6.8000026367E+005  3.9418431124E+037
  6.8170024219E+005  3.9404445801E+037
  6.8340023057E+005  3.9390925458E+037
  6.8510022541E+005  3.9377869203E+037
  6.8680022534E+005  3.9365276145E+037
  6.8850022938E+005  3.9353145406E+037
  6.9020023501E+005  3.9341476216E+037
  6.9190024248E+005  3.9330267563E+037
  6.9360024848E+005  3.9319518720E+037
  6.9530025392E+005  3.9309228857E+037
  6.9700026184E+005  3.9299397165E+037
  6.9870027459E+005  3.9290022849E+037
  7.0040029455E+005  3.9281105169E+037
  7.0210032104E+005  3.9272643327E+037
  7.0380035249E+005  3.9264636630E+037
  7.0550021490E+005  3.9257085118E+037
  7.0720026731E+005  3.9249986506E+037
  7.0890033643E+005  3.9243340919E+037
  7.1060024501E+005  3.9237148078E+037
  7.1230034701E+005  3.9231406535E+037
  7.1400028703E+005  3.9226116630E+037
  7.1570024245E+005  3.9221277133E+037
  7.1740021316E+005  3.9216887464E+037
  7.1910019912E+005  3.9212947098E+037
  7.2080019711E+005  3.9209455610E+037
  7.2250020609E+005  3.9206412953E+037
  7.2420022740E+005  3.9203820043E+037
  7.2590025653E+005  3.9201681198E+037
  7.2760029229E+005  3.9200012476E+037
  7.2930033086E+005  3.9198872659E+037
  7.3100019126E+005  3.9198482389E+037
  7.3270023234E+005  3.9199704595E+037
  7.3440027607E+005  3.9206105543E+037
  7.3610032314E+005  3.9233092091E+037
  7.3780019482E+005  3.9352389074E+037
  7.3950024485E+005  3.9928497313E+037
  7.4120029762E+005  4.2898811083E+037
  7.4290035568E+005  6.5081828569E+037
  7.4460024365E+005  8.0847567583E+037
  7.4630032090E+005  1.1353168887E+038
  7.4800023150E+005  3.8086934841E+039
  7.4970033170E+005  4.5241036278E+039
  7.5140026759E+005  5.0444717574E+039
  7.5310021877E+005  5.6837642851E+039
  7.5480018640E+005  6.3202203865E+039
  7.5650034926E+005  6.4861482262E+039
  7.5820034930E+005  8.7761769256E+039
  7.5990018579E+005  8.3609796869E+039
  7.6160021409E+005  1.1779981590E+040
  7.6330025438E+005  1.1068590491E+040
  7.6500030428E+005  1.3289288056E+040
  7.6670018216E+005  1.5448002806E+040
  7.6840024484E+005  1.5221473602E+040
  7.7010031467E+005  1.5526452253E+040
  7.7180021209E+005  2.9619384038E+040
  7.7350029135E+005  1.9529908630E+040
  7.7520019250E+005  1.3643923534E+040
  7.7690027095E+005  2.0468939470E+040
  7.7860035137E+005  4.4134461042E+040
  7.8030025743E+005  7.7798507072E+040
  7.8200034725E+005  5.2441768027E+040
  7.8370026398E+005  2.1825459803E+040
  7.8540018581E+005  1.7851360517E+040
  7.8710029415E+005  3.2109335998E+040
  7.8880023369E+005  5.5247505457E+040
  7.9050018531E+005  8.0482292073E+040
  7.9220032956E+005  1.0908474884E+041
  7.9390030959E+005  1.3562743535E+041
  7.9560030606E+005  1.8234904401E+041
  7.9730031840E+005  2.4524014402E+041
  7.9900034510E+005  3.2873125332E+041
  8.0070020822E+005  4.3111118859E+041
  8.0240026134E+005  5.5395693601E+041
  8.0410032602E+005  7.0088462906E+041
  8.0580022506E+005  8.7210047086E+041
  8.0750031215E+005  1.1259552022E+042
  8.0920023035E+005  1.4429003153E+042
  8.1090033175E+005  1.8131034399E+042
  8.1260025706E+005  1.8359800859E+042
  8.1430018618E+005  2.1193990649E+042
  8.1600029615E+005  2.4466000273E+042
  8.1770023242E+005  2.8071915047E+042
  8.1940034999E+005  3.1886907354E+042
  8.2110028996E+005  3.5878701525E+042
  8.2280023225E+005  4.0145189388E+042
  8.2450035607E+005  4.4789311179E+042
  8.2620030744E+005  4.9882372187E+042
  8.2790026812E+005  5.5354830761E+042
  8.2960023734E+005  6.1086509307E+042
  8.3130021829E+005  6.6957752790E+042
  8.3300021310E+005  7.2862606320E+042
  8.3470022148E+005  7.8798313662E+042
  8.3640024351E+005  8.4760426848E+042
  8.3810027844E+005  9.0730442716E+042
  8.3980032743E+005  9.6689668405E+042
  8.4150021504E+005  1.0261885656E+043
  8.4320029610E+005  1.0850083183E+043
  8.4490021224E+005  1.1430175043E+043
  8.4660031703E+005  1.1578644157E+043
  8.4830025140E+005  1.2109506161E+043
  8.5000019434E+005  1.2625288744E+043
  8.5170032253E+005  1.3124124798E+043
  8.5340027870E+005  1.3604134721E+043
  8.5510023995E+005  1.4063745601E+043
  8.5680020391E+005  1.4501485380E+043
  8.5850034807E+005  1.4916084443E+043
  8.6020031559E+005  1.5306308877E+043
  8.6190028494E+005  1.5671225457E+043
  8.6360025830E+005  1.6010027823E+043
  8.6530023581E+005  1.6322080489E+043
  8.6700021937E+005  1.6606912744E+043
  8.6870021032E+005  1.6864210822E+043
  8.7040020876E+005  1.7093814620E+043
  8.7210021746E+005  1.7295713108E+043
  8.7380023698E+005  1.7470037168E+043
  8.7550026864E+005  1.7617052663E+043
  8.7720031547E+005  1.7737152665E+043
  8.7890019926E+005  1.7830840496E+043
  8.8060027648E+005  1.7898757541E+043
  8.8230018931E+005  1.7941612831E+043
  8.8400029139E+005  1.7960233501E+043
  8.8570022795E+005  1.7955522078E+043
  8.8740035614E+005  1.7928466144E+043
  8.8910031842E+005  1.7880071226E+043
  8.9080029084E+005  1.7809792506E+043
  8.9250026946E+005  1.7718516613E+043
  8.9420025271E+005  1.7608309311E+043
  8.9590024084E+005  1.7480992744E+043
  8.9760023168E+005  1.7338351684E+043
  8.9930022563E+005  1.7182133432E+043
  9.0100022324E+005  1.7014020298E+043
  9.0270022381E+005  1.6835607855E+043
  9.0440022930E+005  1.6648389197E+043
  9.0610023829E+005  1.6453745889E+043
  9.0780024993E+005  1.6252942347E+043
  9.0950026716E+005  1.6047123901E+043
  9.1120029107E+005  1.5837319091E+043
  9.1290032535E+005  1.5624441055E+043
  9.1460019382E+005  1.5409316573E+043
  9.1630025219E+005  1.5192166540E+043
  9.1800032356E+005  1.4972299528E+043
  9.1970022858E+005  1.4750058667E+043
  9.2140032547E+005  1.4525789002E+043
  9.2310025959E+005  1.4299930099E+043
  9.2480020790E+005  1.4072851075E+043
  9.2650034897E+005  1.3844918753E+043
  9.2820032433E+005  1.3616569627E+043
  9.2990030904E+005  1.3388163397E+043
  9.3160030328E+005  1.3160075250E+043
  9.3330030537E+005  1.2932670256E+043
  9.3500031439E+005  1.2706300558E+043
  9.3670032936E+005  1.2481302990E+043
  9.3840034813E+005  1.2257996599E+043
  9.4010019339E+005  1.2036702002E+043
  9.4180022035E+005  1.2694239196E+043
  9.4350024924E+005  1.2438185330E+043
  9.4520028054E+005  1.2185344407E+043
  9.4690031410E+005  1.1935850853E+043
  9.4860035323E+005  1.1689811130E+043
  9.5030022232E+005  1.1447333541E+043
  9.5200027605E+005  1.1208431105E+043
  9.5370033702E+005  1.0973211405E+043
  9.5540022747E+005  1.0742085883E+043
  9.5710030672E+005  1.0515039016E+043
  9.5880022199E+005  1.0292038139E+043
  9.6050032969E+005  1.0072956160E+043
  9.6220027379E+005  9.8577591212E+042
  9.6390023150E+005  9.6463457756E+042
  9.6560020178E+005  9.4386415393E+042
  9.6730018529E+005  9.2345790693E+042
  9.6900018063E+005  9.0340955105E+042
  9.7070018646E+005  8.8371348379E+042
  9.7240020329E+005  8.6436496739E+042
  9.7410022894E+005  8.4536089431E+042
  9.7580026341E+005  8.2669959083E+042
  9.7750030491E+005  8.0837983016E+042
  9.7920034962E+005  7.9040117765E+042
  9.8090021988E+005  7.7276563111E+042
  9.8260027097E+005  7.5547010928E+042
  9.8430032571E+005  7.3851718176E+042
  9.8600020796E+005  7.2188744201E+042
  9.8770027180E+005  7.0554124444E+042
  9.8940033932E+005  6.8950339675E+042
  9.9110023222E+005  6.7379702388E+042
  9.9280030775E+005  6.5843652672E+042
  9.9450021419E+005  6.4343925752E+042
  9.9620030908E+005  6.2881303131E+042
  9.9790023693E+005  6.1456900100E+042
  9.9960035424E+005  6.0070973025E+042
  1.0013003046E+006  5.8724145467E+042
  1.0030002675E+006  5.7416410865E+042
  1.0047002447E+006  5.6147743663E+042
  1.0064002352E+006  5.4917968383E+042
  1.0081002390E+006  5.3726813091E+042
  1.0098002554E+006  5.2573924309E+042
  1.0115002838E+006  5.1458872157E+042
  1.0132003237E+006  5.0381157520E+042
  1.0149001939E+006  4.9340327805E+042
  1.0166002488E+006  4.8335516202E+042
  1.0183003103E+006  4.7365051217E+042
  1.0200001998E+006  4.6426481423E+042
  1.0217002746E+006  4.5517301066E+042
  1.0234003539E+006  4.4635464903E+042
  1.0251002571E+006  4.3779064599E+042
  1.0268003400E+006  4.2946060610E+042
  1.0285002463E+006  4.2134897436E+042
  1.0302003357E+006  4.1343796191E+042
  1.0319002536E+006  4.0571432560E+042
  1.0336003561E+006  3.9816268140E+042
  1.0353002877E+006  3.9077193039E+042
  1.0370002267E+006  3.8352964662E+042
  1.0387003529E+006  3.7642450588E+042
  1.0404003123E+006  3.6944861618E+042
  1.0421002827E+006  3.6259196465E+042
  1.0438002662E+006  3.5584661751E+042
  1.0455002632E+006  3.4920596924E+042
  1.0472002737E+006  3.4266606380E+042
  1.0489002986E+006  3.3622501180E+042
  1.0506003355E+006  3.2988551431E+042
  1.0523002048E+006  3.2365762665E+042
  1.0540002629E+006  3.1754832451E+042
  1.0557003303E+006  3.1156612801E+042
  1.0574002301E+006  3.0571911376E+042
  1.0591003165E+006  3.0001319198E+042
  1.0608002300E+006  2.9445637153E+042
  1.0625003258E+006  2.8905395361E+042
  1.0642002460E+006  2.8381312656E+042
  1.0659003489E+006  2.7873829816E+042
  1.0676002789E+006  2.7383530225E+042
  1.0693002129E+006  2.6910719008E+042
  1.0710003289E+006  2.6455516648E+042
  1.0727002700E+006  2.6017949995E+042
  1.0744002153E+006  2.5597668235E+042
  1.0761003462E+006  2.5194137964E+042
  1.0778003064E+006  2.4806825883E+042
  1.0795002754E+006  2.4434998691E+042
  1.0812002553E+006  2.4077941692E+042
  1.0829002458E+006  2.3734952633E+042
  1.0846002497E+006  2.3405515149E+042
  1.0863002658E+006  2.3089332175E+042
  1.0880002931E+006  2.2785271767E+042
  1.0897003333E+006  2.2492239407E+042
  1.0914002083E+006  2.2209279956E+042
  1.0931002759E+006  2.1935451600E+042
  1.0948003560E+006  2.1669997913E+042
  1.0965002669E+006  2.1412246274E+042
  1.0982001853E+006  2.1161547004E+042
  1.0999002886E+006  2.0917322227E+042
  1.1016002201E+006  2.0679130663E+042
  1.1033003376E+006  2.0446481548E+042
  1.1050002826E+006  2.0219027066E+042
  1.1067002319E+006  1.9996380556E+042
  1.1084001849E+006  1.9778205660E+042
  1.1101003185E+006  1.9564162484E+042
  1.1118002771E+006  1.9353991152E+042
  1.1135002399E+006  1.9147373389E+042
  1.1152002075E+006  1.8944030311E+042
  1.1169001818E+006  1.8743697890E+042
  1.1186003413E+006  1.8546103930E+042
  1.1203003313E+006  1.8351058808E+042
  1.1220003308E+006  1.8158335599E+042
  1.1237003398E+006  1.7967756400E+042
  1.1254001818E+006  1.7779193271E+042
  1.1271002144E+006  1.7592574633E+042
  1.1288002609E+006  1.7408840841E+042
  1.1305003217E+006  1.7228243383E+042
  1.1322002165E+006  1.7050773517E+042
  1.1339003006E+006  1.6876384705E+042
  1.1356002161E+006  1.6705121607E+042
  1.1373003203E+006  1.6537011870E+042
  1.1390002578E+006  1.6372176226E+042
  1.1407002049E+006  1.6210651791E+042
  1.1424003370E+006  1.6052480317E+042
  1.1441002969E+006  1.5897752809E+042
  1.1458002609E+006  1.5746506940E+042
  1.1475002296E+006  1.5598793512E+042
  1.1492002029E+006  1.5454657429E+042
  1.1509001789E+006  1.5314135256E+042
  1.1526003383E+006  1.5177238383E+042
  1.1543003238E+006  1.5044008629E+042
  1.1560003140E+006  1.4914429782E+042
  1.1577003096E+006  1.4788482590E+042
  1.1594003098E+006  1.4666127871E+042
  1.1611003172E+006  1.4547304931E+042
  1.1628003346E+006  1.4431932954E+042
  1.1645001843E+006  1.4319924689E+042
  1.1662002249E+006  1.4211142118E+042
  1.1679002768E+006  1.4105470434E+042
  1.1696003395E+006  1.4002773891E+042
  1.1713002359E+006  1.3902921520E+042
  1.1730003224E+006  1.3805748952E+042
  1.1747002436E+006  1.3711133698E+042
  1.1764003560E+006  1.3618916031E+042
  1.1781003009E+006  1.3528980044E+042
  1.1798002563E+006  1.3441186522E+042
  1.1815002196E+006  1.3355413320E+042
  1.1832001901E+006  1.3271545959E+042
  1.1849003468E+006  1.3189469420E+042
  1.1866003304E+006  1.3109053279E+042
  1.1883003195E+006  1.3030023660E+042
  1.1900003135E+006  1.2952304570E+042
  1.1917003111E+006  1.2875843554E+042
  1.1934003129E+006  1.2800592981E+042
  1.1951003174E+006  1.2726510045E+042
  1.1968003253E+006  1.2653556491E+042
  1.1985003393E+006  1.2581698384E+042
  1.2002001820E+006  1.2510913223E+042
  1.2019002119E+006  1.2441160119E+042
  1.2036002495E+006  1.2372428564E+042
  1.2053002943E+006  1.2304698558E+042
  1.2070003487E+006  1.2237949815E+042
  1.2087002360E+006  1.2172169930E+042
  1.2104003148E+006  1.2107327751E+042
  1.2121002286E+006  1.2043435733E+042
  1.2138003326E+006  1.1980475044E+042
  1.2155002706E+006  1.1918445507E+042
  1.2172002199E+006  1.1857322363E+042
  1.2189001798E+006  1.1797079693E+042
  1.2206003282E+006  1.1737681360E+042
  1.2223003073E+006  1.1679104088E+042
  1.2240002957E+006  1.1621293582E+042
  1.2257002927E+006  1.1564205328E+042
  1.2274002959E+006  1.1507795304E+042
  1.2291003039E+006  1.1452019392E+042
  1.2308003151E+006  1.1396833614E+042
  1.2325003293E+006  1.1342194370E+042
  1.2342003484E+006  1.1288058742E+042
  1.2359001943E+006  1.1234390556E+042
  1.2376002241E+006  1.1181138128E+042
  1.2393002594E+006  1.1128268211E+042
  1.2410002990E+006  1.1075743398E+042
  1.2427003444E+006  1.1023528207E+042
  1.2444002186E+006  1.0971601903E+042
  1.2461002804E+006  1.0919960439E+042
  1.2478003534E+006  1.0868597174E+042
  1.2495002583E+006  1.0817504692E+042
  1.2512003527E+006  1.0766659939E+042
  1.2529002807E+006  1.0716061992E+042
  1.2546002203E+006  1.0665694960E+042
  1.2563003512E+006  1.0615544147E+042
  1.2580003151E+006  1.0565611928E+042
  1.2597002899E+006  1.0515886060E+042
  1.2614002764E+006  1.0466360511E+042
  1.2631002732E+006  1.0417030294E+042
  1.2648002781E+006  1.0367891508E+042
  1.2665002898E+006  1.0318941259E+042
  1.2682003069E+006  1.0270177618E+042
  1.2699003305E+006  1.0221598912E+042
  1.2716001824E+006  1.0173194602E+042
  1.2733002183E+006  1.0124950304E+042
  1.2750002583E+006  1.0076875274E+042
  1.2767003005E+006  1.0028974371E+042
  1.2784003459E+006  9.9812501626E+041
  1.2801002182E+006  9.9337126899E+041
  1.2818002747E+006  9.8863608236E+041
  1.2835003384E+006  9.8392124388E+041
  1.2852002310E+006  9.7922902914E+041
  1.2869003091E+006  9.7456083864E+041
  1.2886002184E+006  9.6992070021E+041
  1.2903003154E+006  9.6531171190E+041
  1.2920002447E+006  9.6074059585E+041
  1.2937001860E+006  9.5621404555E+041
  1.2954003176E+006  9.5174025062E+041
  1.2971002844E+006  9.4733032710E+041
  1.2988002638E+006  9.4299555944E+041
  1.3005002537E+006  9.3874931205E+041
  1.3022002538E+006  9.3460654473E+041
  1.3039002620E+006  9.3058375756E+041
  1.3056002794E+006  9.2669884490E+041
  1.3073003067E+006  9.2297088189E+041
  1.3090003424E+006  9.1941980754E+041
  1.3107002068E+006  9.1606633259E+041
  1.3124002533E+006  9.1293002682E+041
  1.3141003034E+006  9.1003081028E+041
  1.3158001794E+006  9.0738698325E+041
  1.3175002384E+006  9.0501375401E+041
  1.3192003028E+006  9.0292415622E+041
  1.3209001932E+006  9.0112496178E+041
  1.3226002663E+006  8.9961379664E+041
  1.3243003455E+006  8.9837961585E+041
  1.3260002525E+006  8.9740250990E+041
  1.3277003457E+006  8.9665617695E+041
  1.3294002694E+006  8.9611067595E+041
  1.3311002020E+006  8.9573149829E+041
  1.3328003248E+006  8.9548260186E+041
  1.3345002810E+006  8.9532832799E+041
  1.3362002484E+006  8.9523473175E+041
  1.3379002271E+006  8.9517093761E+041
  1.3396002158E+006  8.9511525172E+041
  1.3413002162E+006  8.9505002787E+041
  1.3430002295E+006  8.9495947919E+041
  1.3447002539E+006  8.9483062674E+041
  1.3464002884E+006  8.9465304256E+041
  1.3481003301E+006  8.9441855487E+041
  1.3498001994E+006  8.9412097558E+041
  1.3515002543E+006  8.9375567753E+041
  1.3532003158E+006  8.9331952349E+041
  1.3549002047E+006  8.9281058809E+041
  1.3566002775E+006  8.9222776068E+041
  1.3583003537E+006  8.9157083005E+041
  1.3600002557E+006  8.9084034862E+041
  1.3617003404E+006  8.9003735975E+041
  1.3634002507E+006  8.8916405533E+041
  1.3651003454E+006  8.8822385741E+041
  1.3668002678E+006  8.8722108026E+041
  1.3685001979E+006  8.8616008598E+041
  1.3702003156E+006  8.8504563470E+041
  1.3719002633E+006  8.8388323692E+041
  1.3736002204E+006  8.8267839474E+041
  1.3753001868E+006  8.8143695673E+041
  1.3770003423E+006  8.8016476623E+041
  1.3787003326E+006  8.7886816618E+041
  1.3804003356E+006  8.7755313023E+041
  1.3821003507E+006  8.7622570693E+041
  1.3838001980E+006  8.7489193956E+041
  1.3855002327E+006  8.7355721585E+041
  1.3872002769E+006  8.7222702368E+041
  1.3889003310E+006  8.7090629020E+041
  1.3906002155E+006  8.6959661139E+041
  1.3923002863E+006  8.6830010479E+041
  1.3940001839E+006  8.6702088655E+041
  1.3957002650E+006  8.6576154971E+041
  1.3974003512E+006  8.6452399276E+041
  1.3991002631E+006  8.6330930325E+041
  1.4008001796E+006  8.6211723297E+041
  1.4025002791E+006  8.6094738015E+041
  1.4042002052E+006  8.5980024448E+041
  1.4059003164E+006  8.5867442999E+041
  1.4076002546E+006  8.5756816891E+041
  1.4093001981E+006  8.5647868674E+041
  1.4110003266E+006  8.5540275572E+041
  1.4127002847E+006  8.5433721648E+041
  1.4144002542E+006  8.5327846937E+041
  1.4161002352E+006  8.5222307500E+041
  1.4178002272E+006  8.5116775889E+041
  1.4195002303E+006  8.5010950519E+041
  1.4212002433E+006  8.4904562782E+041
  1.4229002673E+006  8.4797381185E+041
  1.4246003032E+006  8.4689217716E+041
  1.4263003499E+006  8.4579926715E+041
  1.4280002294E+006  8.4469407436E+041
  1.4297002965E+006  8.4357557026E+041
  1.4314001929E+006  8.4244320223E+041
  1.4331002755E+006  8.4129522681E+041
  1.4348001852E+006  8.4013119089E+041
  1.4365002795E+006  8.3895059624E+041
  1.4382002012E+006  8.3775376556E+041
  1.4399003063E+006  8.3654078706E+041
  1.4416002387E+006  8.3531247139E+041
  1.4433003538E+006  8.3406929387E+041
  1.4450002943E+006  8.3281238737E+041
  1.4467002392E+006  8.3154260501E+041
  1.4484001885E+006  8.3026102257E+041
  1.4501003236E+006  8.2896864482E+041
  1.4518002889E+006  8.2766760204E+041
  1.4535002621E+006  8.2636040647E+041
  1.4552002441E+006  8.2504941130E+041
  1.4569002346E+006  8.2373683495E+041
  1.4586002350E+006  8.2242479805E+041
  1.4603002479E+006  8.2111534382E+041
  1.4620002723E+006  8.1981045511E+041
  1.4637003082E+006  8.1851205896E+041
  1.4654003553E+006  8.1722203089E+041
  1.4671002339E+006  8.1594232870E+041
  1.4688003016E+006  8.1467445180E+041
  1.4705001998E+006  8.1342037545E+041
  1.4722002849E+006  8.1218147074E+041
  1.4739002003E+006  8.1095954741E+041
  1.4756003020E+006  8.0975580861E+041
  1.4773002327E+006  8.0857186717E+041
  1.4790003472E+006  8.0740872859E+041
  1.4807002866E+006  8.0626777417E+041
  1.4824002298E+006  8.0514988922E+041
  1.4841003558E+006  8.0405583302E+041
  1.4858003089E+006  8.0298656127E+041
  1.4875002680E+006  8.0194250083E+041
  1.4892002325E+006  8.0092397104E+041
  1.4909002023E+006  7.9993119684E+041
  1.4926003567E+006  7.9896473966E+041
  1.4943003392E+006  7.9802517137E+041
  1.4960003308E+006  7.9711231860E+041
  1.4977003322E+006  7.9622572663E+041
  1.4994003443E+006  7.9536459113E+041
  1.5011001894E+006  7.9452788244E+041
  1.5028002232E+006  7.9371403759E+041
  1.5045002682E+006  7.9292152702E+041
  1.5062003239E+006  7.9214854534E+041
  1.5079002112E+006  7.9139322157E+041
  1.5096002880E+006  7.9065316979E+041
  1.5113001967E+006  7.8992566183E+041
  1.5130002941E+006  7.8920798435E+041
  1.5147002221E+006  7.8849768703E+041
  1.5164003348E+006  7.8779176658E+041
  1.5181002748E+006  7.8708786954E+041
  1.5198002200E+006  7.8638364243E+041
  1.5215003498E+006  7.8567693645E+041
  1.5232003078E+006  7.8496630338E+041
  1.5249002702E+006  7.8425060693E+041
  1.5266002363E+006  7.8352889572E+041
  1.5283002067E+006  7.8280031410E+041
  1.5300001816E+006  7.8206410931E+041
  1.5317003418E+006  7.8131955521E+041
  1.5334003302E+006  7.8056595656E+041
  1.5351003254E+006  7.7980230662E+041
  1.5368003294E+006  7.7902824934E+041
  1.5385003416E+006  7.7824353384E+041
  1.5402001851E+006  7.7744808659E+041
  1.5419002170E+006  7.7664169843E+041
  1.5436002583E+006  7.7582447314E+041
  1.5453003115E+006  7.7499647449E+041
  1.5470001981E+006  7.7415772626E+041
  1.5487002750E+006  7.7330809081E+041
  1.5504001848E+006  7.7244810462E+041
  1.5521002815E+006  7.7157811447E+041
  1.5538002081E+006  7.7069884631E+041
  1.5555003219E+006  7.6981065572E+041
  1.5572002656E+006  7.6891425951E+041
  1.5589002182E+006  7.6801008257E+041
  1.5606003560E+006  7.6709842839E+041
  1.5623003200E+006  7.6617968102E+041
  1.5640002886E+006  7.6525403051E+041
  1.5657002611E+006  7.6432181337E+041
  1.5674002386E+006  7.6338339733E+041
  1.5691002217E+006  7.6243917267E+041
  1.5708002096E+006  7.6148954594E+041
  1.5725002034E+006  7.6053493739E+041
  1.5742002030E+006  7.5957585495E+041
  1.5759002091E+006  7.5861292276E+041
  1.5776002227E+006  7.5764678292E+041
  1.5793002436E+006  7.5667806688E+041
  1.5810002735E+006  7.5570738992E+041
  1.5827003143E+006  7.5473535068E+041
  1.5844001879E+006  7.5376263398E+041
  1.5861002515E+006  7.5278960237E+041
  1.5878003253E+006  7.5181691155E+041
  1.5895002298E+006  7.5084520290E+041
  1.5912003236E+006  7.4987479723E+041
  1.5929002496E+006  7.4890641104E+041
  1.5946001868E+006  7.4794044170E+041
  1.5963003120E+006  7.4697728954E+041
  1.5980002658E+006  7.4601771567E+041
  1.5997002264E+006  7.4506220401E+041
  1.6014001931E+006  7.4411133303E+041
  1.6031003446E+006  7.4316550766E+041
  1.6048003242E+006  7.4222551134E+041
  1.6065003084E+006  7.4129213296E+041
  1.6082002978E+006  7.4036567869E+041
  1.6099002920E+006  7.3944642091E+041
  1.6116002907E+006  7.3853463064E+041
  1.6133002944E+006  7.3763056988E+041
  1.6150003028E+006  7.3673448697E+041
  1.6167003172E+006  7.3584661148E+041
  1.6184003403E+006  7.3496716503E+041
  1.6201001939E+006  7.3409647813E+041
  1.6218002353E+006  7.3323460797E+041
  1.6235002855E+006  7.3238186281E+041
  1.6252003439E+006  7.3153841910E+041
  1.6269002343E+006  7.3070449204E+041
  1.6286003143E+006  7.2987998458E+041
  1.6303002276E+006  7.2906505929E+041
  1.6320003314E+006  7.2825940295E+041
  1.6337002662E+006  7.2746303891E+041
  1.6354002102E+006  7.2667570639E+041
  1.6371003418E+006  7.2589711489E+041
  1.6388003028E+006  7.2512718281E+041
  1.6405002728E+006  7.2436554606E+041
  1.6422002499E+006  7.2361191525E+041
  1.6439002334E+006  7.2286598773E+041
  1.6456002233E+006  7.2212740858E+041
  1.6473002176E+006  7.2139570857E+041
  1.6490002170E+006  7.2067046295E+041
  1.6507002206E+006  7.1995124813E+041
  1.6524002281E+006  7.1923763630E+041
  1.6541002418E+006  7.1852919418E+041
  1.6558002615E+006  7.1782548659E+041
  1.6575002878E+006  7.1712608010E+041
  1.6592003210E+006  7.1643055302E+041
  1.6609001812E+006  7.1573857283E+041
  1.6626002280E+006  7.1504960260E+041
  1.6643002848E+006  7.1436333719E+041
  1.6660003522E+006  7.1367941235E+041
  1.6677002523E+006  7.1299754889E+041
  1.6694003406E+006  7.1231728569E+041
  1.6711002599E+006  7.1163850376E+041
  1.6728001900E+006  7.1096088447E+041
  1.6745003090E+006  7.1028409017E+041
  1.6762002607E+006  7.0960802968E+041
  1.6779002220E+006  7.0893256297E+041
  1.6796001925E+006  7.0825745797E+041
  1.6813003504E+006  7.0758216386E+041
  1.6830003363E+006  7.0690657774E+041
  1.6847003281E+006  7.0623046347E+041
  1.6864003250E+006  7.0555370900E+041
  1.6881003269E+006  7.0487621488E+041
  1.6898003352E+006  7.0419782665E+041
  1.6915003494E+006  7.0351843871E+041
  1.6932001901E+006  7.0283805699E+041
  1.6949002140E+006  7.0215650190E+041
  1.6966002417E+006  7.0147384768E+041
  1.6983002749E+006  7.0079014860E+041
  1.7000003147E+006  7.0010548374E+041
  1.7017001837E+006  6.9942001393E+041
  1.7034002403E+006  6.9873368929E+041
  1.7051003056E+006  6.9804667907E+041
  1.7068002007E+006  6.9735915352E+041
  1.7085002840E+006  6.9667106551E+041
  1.7102001987E+006  6.9598265654E+041
  1.7119003031E+006  6.9529387772E+041
  1.7136002401E+006  6.9460496993E+041
  1.7153001878E+006  6.9391595902E+041
  1.7170003248E+006  6.9322687328E+041
  1.7187002928E+006  6.9253796128E+041
  1.7204002694E+006  6.9184925677E+041
  1.7221002542E+006  6.9116088005E+041
  1.7238002457E+006  6.9047297739E+041
  1.7255002451E+006  6.8978570143E+041
  1.7272002521E+006  6.8909920238E+041
  1.7289002652E+006  6.8841362460E+041
