 0001  0.7636542858763556E+000
 0002  0.7636542858763556E+000
 0003  0.7640719625950281E+000
 0004  0.7640719625950281E+000
 0005  0.7645324556625378E+000
 0006  0.7645324556625379E+000
 0007  0.7649822552107295E+000
 0008  0.7649822552107296E+000
 0009  0.7654796547107290E+000
 0010  0.7654796547107290E+000
 0011  0.7660253558090051E+000
 0012  0.7660253558090051E+000
 0013  0.7665583846964529E+000
 0014  0.7665583846964528E+000
 0015  0.7671403814374698E+000
 0016  0.7671403814374697E+000
 0017  0.7677726031405239E+000
 0018  0.7677726031405240E+000
 0019  0.7683901434607909E+000
 0020  0.7683901434607910E+000
 0021  0.7690647432832536E+000
 0022  0.7697752255843632E+000
 0023  0.7697752255843631E+000
 0024  0.7704692091436929E+000
 0025  0.7704692091436929E+000
 0026  0.7712265260210528E+000
 0027  0.7712265260210527E+000
 0028  0.7720420068426521E+000
 0029  0.7728863975897757E+000
 0030  0.7728863975897758E+000
 0031  0.7737111799879284E+000
 0032  0.7737111799879284E+000
 0033  0.7746032223568958E+000
 0034  0.7755258524656301E+000
 0035  0.7755258524656303E+000
 0036  0.7765090309960112E+000
 0037  0.7774288042792737E+000
 0038  0.7774288042792737E+000
 0039  0.7784190742969779E+000
 0040  0.7794337541006278E+000
 0041  0.7794337541006277E+000
 0042  0.7804248711215825E+000
 0043  0.7814476998588001E+000
 0044  0.7814476998588001E+000
 0045  0.7825525107372758E+000
 0046  0.7836711864678380E+000
 0047  0.7836711864678380E+000
 0048  0.7848660289734096E+000
 0049  0.7859674573419335E+000
 0050  0.7870937988015304E+000
 0051  0.7870937988015304E+000
 0052  0.7883099809550400E+000
 0053  0.7895386685374959E+000
 0054  0.7906655687868543E+000
 0055  0.7906655687868543E+000
 0056  0.7918865458898730E+000
 0057  0.7931067096060407E+000
 0058  0.7931067096060406E+000
 0059  0.7942729459371225E+000
 0060  0.7950856853747780E+000
 0061  0.7958216064646351E+000
 0062  0.7959381721138463E+000
 0063  0.7959381721138462E+000
 0064  0.7951461265121930E+000
 0065  0.7932267432601081E+000
 0066  0.7904421548307241E+000
 0067  0.7904421548307241E+000
 0068  0.7862705820359303E+000
 0069  0.7825616348535608E+000
 0070  0.7773266395871159E+000
 0071  0.7704695166610157E+000
 0072  0.7704695166610157E+000
 0073  0.7611086555257980E+000
 0074  0.7500376316828049E+000
 0075  0.7373333552610517E+000
 0076  0.7261769146036655E+000
 0077  0.7134668781848799E+000
 0078  0.7134668781848799E+000
 0079  0.6976082344810949E+000
 0080  0.6803511939201654E+000
 0081  0.6618609604665723E+000
 0082  0.6423507360814962E+000
 0083  0.6220541591998326E+000
 0084  0.6220541591998326E+000
 0085  0.6022289071920751E+000
 0086  0.5811302804631615E+000
 0087  0.5592308431649671E+000
 0088  0.5369045324866826E+000
 0089  0.5144966650765586E+000
 0090  0.4922394552216199E+000
 0091  0.4922394552216200E+000
 0092  0.4668734127427971E+000
 0093  0.4424445922304985E+000
 0094  0.4188287369568399E+000
 0095  0.3963469531563980E+000
 0096  0.3748589589124346E+000
 0097  0.3541176158193980E+000
 0098  0.3339579335873227E+000
 0099  0.3142734027958241E+000
 0100  0.2950006647215737E+000
 0101  0.2761658551351073E+000
 0102  0.2578387292014556E+000
 0103  0.2400914812673152E+000
 0104  0.2229917799674971E+000
 0105  0.2065984757169363E+000
 0106  0.1908260360565290E+000
 0107  0.1757899607062537E+000
 0108  0.1615637797274546E+000
 0109  0.1481885617645741E+000
 0110  0.1356805085091756E+000
 0111  0.1231357449110178E+000
 0112  0.1118144997385625E+000
 0113  0.1015861185354737E+000
 0114  0.9233677540849348E-001
 0115  0.8396681458898288E-001
 0116  0.7052785803437522E-001
 0117  0.6507819030644559E-001
 0118  0.6001953389350464E-001
 0119  0.5533182070146908E-001
 0120  0.5099505286578409E-001
 0121  0.4698941935616521E-001
 0122  0.4329540979542425E-001
 0123  0.3989392019127407E-001
 0124  0.3675952542738241E-001
 0125  0.3387782359936149E-001
 0126  0.3123386765232172E-001
 0127  0.2881253331554943E-001
 0128  0.2659880127634995E-001
 0129  0.2457796978497595E-001
 0130  0.2265552868776290E-001
 0131  0.2092847399532275E-001
 0132  0.1937619738254345E-001
 0133  0.1798039969411233E-001
 0134  0.1672481080717702E-001
 0135  0.1559494643294648E-001
 0136  0.1377971300927641E-001
 0137  0.1304654571731809E-001
 0138  0.1237286424693147E-001
 0139  0.1175443874188750E-001
 0140  0.1118724643890137E-001
 0141  0.1066747836426891E-001
 0142  0.1019154184814260E-001
 0143  0.9756059728672661E-002
 0144  0.9357866971943966E-002
 0145  0.8982755879387232E-002
 0146  0.8643007635270768E-002
 0147  0.8335210405831649E-002
 0148  0.8056292925296183E-002
 0149  0.7803488966730351E-002
 0150  0.7574305710344872E-002
 0151  0.7366495559848599E-002
 0152  0.7026417654215206E-002
 0153  0.6886819645746504E-002
 0154  0.6758255293343773E-002
 0155  0.6639903265146112E-002
 0156  0.6530996885722251E-002
 0157  0.6430821376402314E-002
 0158  0.6338711102227021E-002
 0159  0.6252029674915479E-002
 0160  0.6172831045279779E-002
 0161  0.6100458454017659E-002
 0162  0.6034314137316215E-002
 0163  0.5973833477199110E-002
 0164  0.5918528775727485E-002
 0165  0.5867954444398586E-002
 0166  0.5821703495424040E-002
 0167  0.5744720758426670E-002
 0168  0.5712610756704960E-002
 0169  0.5682890431486291E-002
 0170  0.5655388359982727E-002
 0171  0.5629448605447549E-002
 0172  0.5605554790661360E-002
 0173  0.5583538388805528E-002
 0174  0.5563251008462299E-002
 0175  0.5544556061264238E-002
 0176  0.5527327816807390E-002
 0177  0.5511450533769992E-002
 0178  0.5496817661047008E-002
 0179  0.5483331103217361E-002
 0180  0.5460524918116796E-002
 0181  0.5450866284993409E-002
 0182  0.5441726583554422E-002
 0183  0.5433246875913493E-002
 0184  0.5425379245578461E-002
 0185  0.5418079274854629E-002
 0186  0.5411305787812688E-002
 0187  0.5405020612259915E-002
 0188  0.5399188359300218E-002
 0189  0.5393776215267376E-002
 0190  0.5388753758025900E-002
 0191  0.5384092781496053E-002
 0192  0.5376046995027053E-002
 0193  0.5372575164595764E-002
 0194  0.5369334428730993E-002
 0195  0.5366309331414972E-002
 0196  0.5363485455865977E-002
 0197  0.5360849354243681E-002
 0198  0.5358388482141363E-002
 0199  0.5356090877134589E-002
 0200  0.5353945697787011E-002
 0201  0.5351942821706038E-002
 0202  0.5350049389727626E-002
 0203  0.5346773532633433E-002
 0204  0.5345355035745587E-002
 0205  0.5344023913494175E-002
 0206  0.5342774649856404E-002
 0207  0.5341602206684922E-002
 0208  0.5340501855662086E-002
 0209  0.5339469159298475E-002
 0210  0.5338489183697693E-002
 0211  0.5337571001227022E-002
 0212  0.5336710646280059E-002
 0213  0.5335205388162982E-002
 0214  0.5334546400594877E-002
 0215  0.5333925102999829E-002
 0216  0.5333339338153015E-002
 0217  0.5332787072100736E-002
 0218  0.5332261136625738E-002
 0219  0.5331765950188289E-002
 0220  0.5331299689543200E-002
 0221  0.5330860640956078E-002
 0222  0.5330085210033488E-002
 0223  0.5329742568076939E-002
 0224  0.5329418215375423E-002
 0225  0.5329108368933972E-002
 0226  0.5328815418789253E-002
 0227  0.5328538431492592E-002
 0228  0.5328276525818483E-002
 0229  0.5328028869779598E-002
 0230  0.5327794666867803E-002
 0231  0.5327375921767756E-002
 0232  0.5327188731030425E-002
 0233  0.5327011085841569E-002
 0234  0.5326842486872175E-002
 0235  0.5326682468594011E-002
 0236  0.5326530589656129E-002
 0237  0.5326386431631506E-002
 0238  0.5326248540882326E-002
 0239  0.5326001486524999E-002
 0240  0.5325890766879534E-002
 0241  0.5325785338771327E-002
 0242  0.5325684946812260E-002
 0243  0.5325589344933711E-002
 0244  0.5325497647447512E-002
 0245  0.5325410391380084E-002
 0246  0.5325253021344493E-002
 0247  0.5325182030179221E-002
 0248  0.5325114232576626E-002
 0249  0.5325049050649832E-002
 0250  0.5324986842647528E-002
 0251  0.5324927469163193E-002
 0252  0.5324870799015691E-002
 0253  0.5324768508946021E-002
 0254  0.5324723685885766E-002
 0255  0.5324682092654114E-002
 0256  0.5324643909875839E-002
 0257  0.5324609359904873E-002
 0258  0.5324579126968577E-002
 0259  0.5324556618830846E-002
 0260  0.5324527172248311E-002
 0261  0.5324520698969593E-002
 0262  0.5324519524969745E-002
 0263  0.5324523753495579E-002
 0264  0.5324539717113424E-002
 0265  0.5324561472654143E-002
 0266  0.5324620661415944E-002
 0267  0.5324658352258919E-002
 0268  0.5324709542812763E-002
 0269  0.5324766182816969E-002
 0270  0.5324828670793291E-002
 0271  0.5324896895409846E-002
 0272  0.5325062414755513E-002
 0273  0.5325150791919087E-002
 0274  0.5325244150767542E-002
 0275  0.5325342734330290E-002
 0276  0.5325455226950267E-002
 0277  0.5325687263054195E-002
 0278  0.5325806871057466E-002
 0279  0.5325939386995954E-002
 0280  0.5326075421092261E-002
 0281  0.5326214827987489E-002
 0282  0.5326357728479169E-002
 0283  0.5326654768918733E-002
 0284  0.5326808264633486E-002
 0285  0.5326964296857927E-002
 0286  0.5327122728117103E-002
 0287  0.5327291764576851E-002
 0288  0.5327627304688426E-002
 0289  0.5327793959485155E-002
 0290  0.5327969853836585E-002
 0291  0.5328146845983587E-002
 0292  0.5328496583131712E-002
 0293  0.5328676281446565E-002
 0294  0.5328856594664684E-002
 0295  0.5329037435618698E-002
 0296  0.5329225404950694E-002
 0297  0.5329593751723591E-002
 0298  0.5329774249431968E-002
 0299  0.5329960906293550E-002
 0300  0.5330147303718159E-002
 0301  0.5330517194686432E-002
 0302  0.5330700490491286E-002
 0303  0.5330883297918981E-002
 0304  0.5331070741495900E-002
 0305  0.5331257274386396E-002
 0306  0.5331620473181639E-002
 0307  0.5331802045938432E-002
 0308  0.5331982603720365E-002
 0309  0.5332162174237992E-002
 0310  0.5332520000251526E-002
 0311  0.5332693844199178E-002
 0312  0.5332870616267867E-002
 0313  0.5333046064241694E-002
 0314  0.5333390436900141E-002
 0315  0.5333559346150245E-002
 0316  0.5333730414807629E-002
 0317  0.5333899979542470E-002
 0318  0.5334231960489383E-002
 0319  0.5334394426906101E-002
 0320  0.5334555469865197E-002
 0321  0.5334873550817172E-002
 0322  0.5335030401437795E-002
 0323  0.5335185744425828E-002
 0324  0.5335339605201455E-002
 0325  0.5335642770749502E-002
 0326  0.5335791938462737E-002
 0327  0.5335939584422290E-002
 0328  0.5336227818484198E-002
 0329  0.5336368496716382E-002
 0330  0.5336509803740286E-002
 0331  0.5336785422223168E-002
 0332  0.5336919818355186E-002
 0333  0.5337052815268983E-002
 0334  0.5337186217732056E-002
 0335  0.5337446279035924E-002
 0336  0.5337573023023187E-002
 0337  0.5337699986377995E-002
 0338  0.5337947384853617E-002
 0339  0.5338067911875726E-002
 0340  0.5338188524025650E-002
 0341  0.5338423486898533E-002
 0342  0.5338537926095391E-002
 0343  0.5338652342506406E-002
 0344  0.5338875210535178E-002
 0345  0.5338983746022690E-002
 0346  0.5339197376210638E-002
 0347  0.5339301398738241E-002
 0348  0.5339405253855591E-002
 0349  0.5339607524825634E-002
 0350  0.5339706907625453E-002
 0351  0.5339805158390156E-002
 0352  0.5339997352468581E-002
 0353  0.5340091315002959E-002
 0354  0.5340275092750389E-002
 0355  0.5340364930002686E-002
 0356  0.5340454449644023E-002
 0357  0.5340628778972880E-002
 0358  0.5340714287301034E-002
 0359  0.5340880842145417E-002
 0360  0.5340962524891762E-002
 0361  0.5341043289028504E-002
 0362  0.5341201700915114E-002
 0363  0.5341279341335024E-002
 0364  0.5341430597216136E-002
 0365  0.5341504730827497E-002
 0366  0.5341649629949646E-002
 0367  0.5341720424683416E-002
 0368  0.5341790851323360E-002
 0369  0.5341928861928278E-002
 0370  0.5341996452470854E-002
 0371  0.5342128526652135E-002
 0372  0.5342193040354213E-002
 0373  0.5342319448577706E-002
 0374  0.5342381353228132E-002
 0375  0.5342502627378229E-002
 0376  0.5342562007838795E-002
 0377  0.5342678309815350E-002
 0378  0.5342735240115512E-002
 0379  0.5342846716892508E-002
 0380  0.5342901274437887E-002
 0381  0.5343008088529386E-002
 0382  0.5343060549177425E-002
 0383  0.5343163221541166E-002
 0384  0.5343213448059548E-002
 0385  0.5343311904345185E-002
 0386  0.5343407010526297E-002
 0387  0.5343453537022974E-002
 0388  0.5343544863170779E-002
 0389  0.5343589535699094E-002
 0390  0.5343677198009181E-002
 0391  0.5343761981039948E-002
 0392  0.5343803558504487E-002
 0393  0.5343885019545955E-002
 0394  0.5343924914593542E-002
 0395  0.5344003248371373E-002
 0396  0.5344078996475861E-002
 0397  0.5344116168229072E-002
 0398  0.5344189060476286E-002
 0399  0.5344259618237613E-002
 0400  0.5344294234910772E-002
 0401  0.5344362169133041E-002
 0402  0.5344428032308544E-002
 0403  0.5344460362750974E-002
 0404  0.5344523795742012E-002
 0405  0.5344585324980893E-002
 0406  0.5344615539135093E-002
 0407  0.5344674847146411E-002
 0408  0.5344732426775537E-002
 0409  0.5344788263088056E-002
 0410  0.5344815715174438E-002
 0411  0.5344869641691633E-002
 0412  0.5344921997239726E-002
 0413  0.5344972869108851E-002
 0414  0.5344997863176774E-002
 0415  0.5345047033855429E-002
 0416  0.5345094814419684E-002
 0417  0.5345141280737724E-002
 0418  0.5345186469277996E-002
 0419  0.5345230436929769E-002
 0420  0.5345273211340767E-002
 0421  0.5345294259669313E-002
 0422  0.5345335682830837E-002
 0423  0.5345376014092611E-002
 0424  0.5345415288193739E-002
 0425  0.5345453552760558E-002
 0426  0.5345490837214577E-002
 0427  0.5345527173792187E-002
 0428  0.5345562520628203E-002
 0429  0.5345596788812677E-002
 0430  0.5345630023093616E-002
 0431  0.5345662265882708E-002
 0432  0.5345693557401481E-002
 0433  0.5345723935816880E-002
 0434  0.5345753437367071E-002
 0435  0.5345782096478335E-002
 0436  0.5345809945873695E-002
 0437  0.5345850127020288E-002
 0438  0.5345875902484644E-002
 0439  0.5345900979284882E-002
 0440  0.5345925383186944E-002
 0441  0.5345949138757597E-002
 0442  0.5345983490227235E-002
 0443  0.5346005574486484E-002
 0444  0.5346027094458620E-002
 0445  0.5346048069759396E-002
 0446  0.5346078451538568E-002
 0447  0.5346098015720268E-002
 0448  0.5346117102747628E-002
 0449  0.5346144783294223E-002
 0450  0.5346162629442163E-002
 0451  0.5346188532669769E-002
 0452  0.5346205247035172E-002
 0453  0.5346229527237620E-002
 0454  0.5346245206838363E-002
 0455  0.5346268001434515E-002
 0456  0.5346282732807242E-002
 0457  0.5346304164546817E-002
 0458  0.5346324781630515E-002
 0459  0.5346338121438129E-002
 0460  0.5346357550760752E-002
 0461  0.5346376267470871E-002
 0462  0.5346394307138835E-002
 0463  0.5346405996690606E-002
 0464  0.5346423046992553E-002
 0465  0.5346439500855845E-002
 0466  0.5346455386570391E-002
 0467  0.5346470730706671E-002
 0468  0.5346485558242672E-002
 0469  0.5346499892679851E-002
 0470  0.5346518242628964E-002
 0471  0.5346531461804062E-002
 0472  0.5346544259213660E-002
 0473  0.5346556652938169E-002
 0474  0.5346572551023778E-002
 0475  0.5346584026686744E-002
 0476  0.5346598762270434E-002
 0477  0.5346609409450114E-002
 0478  0.5346623094325494E-002
 0479  0.5346636204137865E-002
 0480  0.5346648770782337E-002
 0481  0.5346657868746241E-002
 0482  0.5346669584617650E-002
 0483  0.5346683556522330E-002
 0484  0.5346694226426721E-002
 0485  0.5346704482332268E-002
 0486  0.5346714345121891E-002
 0487  0.5346726136194296E-002
 0488  0.5346737352517230E-002
 0489  0.5346745944146670E-002
 0490  0.5346756234095191E-002
 0491  0.5346767936803669E-002
 0492  0.5346777185598038E-002
 0493  0.5346786013259997E-002
 0494  0.5346796075205091E-002
 0495  0.5346805586820939E-002
 0496  0.5346814585469488E-002
 0497  0.5346823105330408E-002
 0498  0.5346832474788061E-002
 0499  0.5346841267880209E-002
 0500  0.5346849527597185E-002
 0501  0.5346857292955406E-002
 0502  0.5346865602616354E-002
 0503  0.5346874278508587E-002
 0504  0.5346882299723224E-002
 0505  0.5346889724090572E-002
 0506  0.5346898055048786E-002
 0507  0.5346904982952714E-002
 0508  0.5346912564469709E-002
 0509  0.5346919963089685E-002
 0510  0.5346927563874039E-002
 0511  0.5346934699871944E-002
 0512  0.5346941689049594E-002
 0513  0.5346948653758547E-002
 0514  0.5346955299211733E-002
 0515  0.5346962002708304E-002
 0516  0.5346966979580411E-002
 0517  0.5346966979580411E-002
 0518  0.5346966979580411E-002
 0519  0.5346966979580411E-002
 0520  0.5346966979580411E-002
 0521  0.5346966979580411E-002
 0522  0.5346966979580411E-002
 0523  0.5346966979580411E-002
 0524  0.5346966979580411E-002
 0525  0.5346966979580411E-002
 0526  0.5346966979580411E-002
 0527  0.5346966979580411E-002
 0528  0.5346966979580411E-002
 0529  0.5346966979580411E-002
 0530  0.5346966979580411E-002
 0531  0.5346966979580411E-002
 0532  0.5346966979580411E-002
 0533  0.5346966979580411E-002
 0534  0.5346966979580411E-002
 0535  0.5346966979580411E-002
 0536  0.5346966979580411E-002
 0537  0.5346966979580411E-002
 0538  0.5346966979580411E-002
 0539  0.5346966979580411E-002
 0540  0.5346966979580411E-002
 0541  0.5346966979580411E-002
 0542  0.5346966979580411E-002
 0543  0.5346966979580411E-002
 0544  0.5346966979580411E-002
 0545  0.5346966979580411E-002
 0546  0.5346966979580411E-002
 0547  0.5346966979580411E-002
 0548  0.5346966979580411E-002
 0549  0.5346966979580411E-002
 0550  0.5346966979580411E-002
 0551  0.5346966979580411E-002
 0552  0.5346966979580411E-002
 0553  0.5346966979580411E-002
 0554  0.5346966979580411E-002
 0555  0.5346966979580411E-002
 0556  0.5346966979580411E-002
 0557  0.5346966979580411E-002
 0558  0.5346966979580411E-002
 0559  0.5346966979580411E-002
 0560  0.5346966979580411E-002
 0561  0.5346966979580411E-002
 0562  0.5346966979580411E-002
 0563  0.5346966979580411E-002
 0564  0.5346966979580411E-002
 0565  0.5346966979580411E-002
 0566  0.5346966979580411E-002
 0567  0.5346966979580411E-002
 0568  0.5346966979580411E-002
 0569  0.5346966979580411E-002
 0570  0.5346966979580411E-002
 0571  0.5346966979580411E-002
 0572  0.5346966979580411E-002
 0573  0.5346966979580411E-002
 0574  0.5346966979580411E-002
 0575  0.5346966979580411E-002
 0576  0.5346966979580411E-002
 0577  0.5346966979580411E-002
 0578  0.5346966979580411E-002
 0579  0.5346966979580411E-002
 0580  0.5346966979580411E-002
 0581  0.5346966979580411E-002
 0582  0.5346966979580411E-002
 0583  0.5346966979580411E-002
 0584  0.5346966979580411E-002
 0585  0.5346966979580411E-002
 0586  0.5346966979580411E-002
 0587  0.5346966979580411E-002
 0588  0.5346966979580411E-002
 0589  0.5346966979580411E-002
 0590  0.5346966979580411E-002
 0591  0.5346966979580411E-002
 0592  0.5346966979580411E-002
 0593  0.5346966979580411E-002
 0594  0.5346966979580411E-002
 0595  0.5346966979580411E-002
 0596  0.5346966979580411E-002
 0597  0.5346966979580411E-002
 0598  0.5346966979580411E-002
 0599  0.5346966979580411E-002
 0600  0.5346966979580411E-002
 0601  0.5346966979580411E-002
 0602  0.5346966979580411E-002
 0603  0.5346966979580411E-002
 0604  0.5346966979580411E-002
 0605  0.5346966979580411E-002
 0606  0.5346966979580411E-002
 0607  0.5346966979580411E-002
 0608  0.5346966979580411E-002
 0609  0.5346966979580411E-002
 0610  0.5346966979580411E-002
 0611  0.5346966979580411E-002
 0612  0.5346966979580411E-002
 0613  0.5346966979580411E-002
 0614  0.5346966979580411E-002
 0615  0.5346966979580411E-002
 0616  0.5346966979580411E-002
 0617  0.5346966979580411E-002
 0618  0.5346966979580411E-002
 0619  0.5346966979580411E-002
 0620  0.5346966979580411E-002
 0621  0.5346966979580411E-002
 0622  0.5346966979580411E-002
 0623  0.5346966979580411E-002
 0624  0.5346966979580411E-002
 0625  0.5346966979580411E-002
 0626  0.5346966979580411E-002
 0627  0.5346966979580411E-002
 0628  0.5346966979580411E-002
 0629  0.5346966979580411E-002
 0630  0.5346966979580411E-002
 0631  0.5346966979580411E-002
 0632  0.5346966979580411E-002
 0633  0.5346966979580411E-002
 0634  0.5346966979580411E-002
 0635  0.5346966979580411E-002
 0636  0.5346966979580411E-002
 0637  0.5346966979580411E-002
 0638  0.5346966979580411E-002
 0639  0.5346966979580411E-002
 0640  0.5346966979580411E-002
 0641  0.5346966979580411E-002
 0642  0.5346966979580411E-002
 0643  0.5346966979580411E-002
 0644  0.5346966979580411E-002
 0645  0.5346966979580411E-002
 0646  0.5346966979580411E-002
 0647  0.5346966979580411E-002
 0648  0.5346966979580411E-002
 0649  0.5346966979580411E-002
 0650  0.5346966979580411E-002
 0651  0.5346966979580411E-002
 0652  0.5346966979580411E-002
 0653  0.5346966979580411E-002
 0654  0.5346966979580411E-002
 0655  0.5346966979580411E-002
 0656  0.5346966979580411E-002
 0657  0.5346966979580411E-002
 0658  0.5346966979580411E-002
 0659  0.5346966979580411E-002
 0660  0.5346966979580411E-002
 0661  0.5346966979580411E-002
 0662  0.5346966979580411E-002
 0663  0.5346966979580411E-002
 0664  0.5346966979580411E-002
 0665  0.5346966979580411E-002
 0666  0.5346966979580411E-002
 0667  0.5346966979580411E-002
 0668  0.5346966979580411E-002
 0669  0.5346966979580411E-002
 0670  0.5346966979580411E-002
 0671  0.5346966979580411E-002
 0672  0.5346966979580411E-002
 0673  0.5346966979580411E-002
 0674  0.5346966979580411E-002
 0675  0.5346966979580411E-002
 0676  0.5346966979580411E-002
 0677  0.5346966979580411E-002
 0678  0.5346966979580411E-002
 0679  0.5346966979580411E-002
 0680  0.5346966979580411E-002
 0681  0.5346966979580411E-002
 0682  0.5346966979580411E-002
 0683  0.5346966979580411E-002
 0684  0.5346966979580411E-002
 0685  0.5346966979580411E-002
 0686  0.5346966979580411E-002
 0687  0.5346966979580411E-002
 0688  0.5346966979580411E-002
 0689  0.5346966979580411E-002
 0690  0.5346966979580411E-002
 0691  0.5346966979580411E-002
 0692  0.5346966979580411E-002
 0693  0.5346966979580411E-002
 0694  0.5346966979580411E-002
 0695  0.5346966979580411E-002
 0696  0.5346966979580411E-002
 0697  0.5346966979580411E-002
 0698  0.5346966979580411E-002
 0699  0.5346966979580411E-002
 0700  0.5346966979580411E-002
 0701  0.5346966979580411E-002
 0702  0.5346966979580411E-002
 0703  0.5346966979580411E-002
 0704  0.5346966979580411E-002
 0705  0.5346966979580411E-002
 0706  0.5346966979580411E-002
 0707  0.5346966979580411E-002
 0708  0.5346966979580411E-002
 0709  0.5346966979580411E-002
 0710  0.5346966979580411E-002
 0711  0.5346966979580411E-002
 0712  0.5346966979580411E-002
 0713  0.5346966979580411E-002
 0714  0.5346966979580411E-002
 0715  0.5346966979580411E-002
 0716  0.5346966979580411E-002
 0717  0.5346966979580411E-002
 0718  0.5346966979580411E-002
 0719  0.5346966979580411E-002
 0720  0.5346966979580411E-002
 0721  0.5346966979580411E-002
 0722  0.5346966979580411E-002
 0723  0.5346966979580411E-002
 0724  0.5346966979580411E-002
 0725  0.5346966979580411E-002
 0726  0.5346966979580411E-002
 0727  0.5346966979580411E-002
 0728  0.5346966979580411E-002
 0729  0.5346966979580411E-002
 0730  0.5346966979580411E-002
 0731  0.5346966979580411E-002
 0732  0.5346966979580411E-002
 0733  0.5346966979580411E-002
 0734  0.5346966979580411E-002
 0735  0.5346966979580411E-002
 0736  0.5346966979580411E-002
 0737  0.5346966979580411E-002
 0738  0.5346966979580411E-002
 0739  0.5346966979580411E-002
 0740  0.5346966979580411E-002
 0741  0.5346966979580411E-002
 0742  0.5346966979580411E-002
 0743  0.5346966979580411E-002
 0744  0.5346966979580411E-002
 0745  0.5346966979580411E-002
 0746  0.5346966979580411E-002
 0747  0.5346966979580411E-002
 0748  0.5346966979580411E-002
 0749  0.5346966979580411E-002
 0750  0.5346966979580411E-002
 0751  0.5346966979580411E-002
 0752  0.5346966979580411E-002
 0753  0.5346966979580411E-002
 0754  0.5346966979580411E-002
 0755  0.5346966979580411E-002
 0756  0.5346966979580411E-002
 0757  0.5346966979580411E-002
 0758  0.5346966979580411E-002
 0759  0.5346966979580411E-002
 0760  0.5346966979580411E-002
 0761  0.5346966979580411E-002
 0762  0.5346966979580411E-002
 0763  0.5346966979580411E-002
 0764  0.5346966979580411E-002
 0765  0.5346966979580411E-002
 0766  0.5346966979580411E-002
 0767  0.5346966979580411E-002
 0768  0.5346966979580411E-002
 0769  0.5346966979580411E-002
 0770  0.5346966979580411E-002
 0771  0.5346966979580411E-002
 0772  0.5346966979580411E-002
 0773  0.5346966979580411E-002
 0774  0.5346966979580411E-002
 0775  0.5346966979580411E-002
 0776  0.5346966979580411E-002
 0777  0.5346966979580411E-002
 0778  0.5346966979580411E-002
 0779  0.5346966979580411E-002
 0780  0.5346966979580411E-002
 0781  0.5346966979580411E-002
 0782  0.5346966979580411E-002
 0783  0.5346966979580411E-002
 0784  0.5346966979580411E-002
 0785  0.5346966979580411E-002
 0786  0.5346966979580411E-002
 0787  0.5346966979580411E-002
 0788  0.5346966979580411E-002
 0789  0.5346966979580411E-002
 0790  0.5346966979580411E-002
 0791  0.5346966979580411E-002
 0792  0.5346966979580411E-002
 0793  0.5346966979580411E-002
 0794  0.5346966979580411E-002
 0795  0.5346966979580411E-002
 0796  0.5346966979580411E-002
 0797  0.5346966979580411E-002
 0798  0.5346966979580411E-002
 0799  0.5346966979580411E-002
 0800  0.5346966979580411E-002
 0801  0.5346966979580411E-002
 0802  0.5346966979580411E-002
 0803  0.5346966979580411E-002
 0804  0.5346966979580411E-002
 0805  0.5346966979580411E-002
 0806  0.5346966979580411E-002
 0807  0.5346966979580411E-002
 0808  0.5346966979580411E-002
 0809  0.5346966979580411E-002
 0810  0.5346966979580411E-002
 0811  0.5346966979580411E-002
 0812  0.5346966979580411E-002
 0813  0.5346966979580411E-002
 0814  0.5346966979580411E-002
 0815  0.5346966979580411E-002
 0816  0.5346966979580411E-002
 0817  0.5346966979580411E-002
 0818  0.5346966979580411E-002
 0819  0.5346966979580411E-002
 0820  0.5346966979580411E-002
 0821  0.5346966979580411E-002
 0822  0.5346966979580411E-002
 0823  0.5346966979580411E-002
 0824  0.5346966979580411E-002
 0825  0.5346966979580411E-002
 0826  0.5346966979580411E-002
 0827  0.5346966979580411E-002
 0828  0.5346966979580411E-002
 0829  0.5346966979580411E-002
 0830  0.5346966979580411E-002
 0831  0.5346966979580411E-002
 0832  0.5346966979580411E-002
 0833  0.5346966979580411E-002
 0834  0.5346966979580411E-002
 0835  0.5346966979580411E-002
 0836  0.5346966979580411E-002
 0837  0.5346966979580411E-002
 0838  0.5346966979580411E-002
 0839  0.5346966979580411E-002
 0840  0.5346966979580411E-002
 0841  0.5346966979580411E-002
 0842  0.5346966979580411E-002
 0843  0.5346966979580411E-002
 0844  0.5346966979580411E-002
 0845  0.5346966979580411E-002
 0846  0.5346966979580411E-002
 0847  0.5346966979580411E-002
 0848  0.5346966979580411E-002
 0849  0.5346966979580411E-002
 0850  0.5346966979580411E-002
 0851  0.5346966979580411E-002
 0852  0.5346966979580411E-002
 0853  0.5346966979580411E-002
 0854  0.5346966979580411E-002
 0855  0.5346966979580411E-002
 0856  0.5346966979580411E-002
 0857  0.5346966979580411E-002
 0858  0.5346966979580411E-002
 0859  0.5346966979580411E-002
 0860  0.5346966979580411E-002
 0861  0.5346966979580411E-002
 0862  0.5346966979580411E-002
 0863  0.5346966979580411E-002
 0864  0.5346966979580411E-002
 0865  0.5346966979580411E-002
 0866  0.5346966979580411E-002
 0867  0.5346966979580411E-002
 0868  0.5346966979580411E-002
 0869  0.5346966979580411E-002
 0870  0.5346966979580411E-002
 0871  0.5346966979580411E-002
 0872  0.5346966979580411E-002
 0873  0.5346966979580411E-002
 0874  0.5346966979580411E-002
 0875  0.5346966979580411E-002
 0876  0.5346966979580411E-002
 0877  0.5346966979580411E-002
 0878  0.5346966979580411E-002
 0879  0.5346966979580411E-002
 0880  0.5346966979580411E-002
 0881  0.5346966979580411E-002
 0882  0.5346966979580411E-002
 0883  0.5346966979580411E-002
 0884  0.5346966979580411E-002
 0885  0.5346966979580411E-002
 0886  0.5346966979580411E-002
 0887  0.5346966979580411E-002
 0888  0.5346966979580411E-002
 0889  0.5346966979580411E-002
 0890  0.5346966979580411E-002
 0891  0.5346966979580411E-002
 0892  0.5346966979580411E-002
 0893  0.5346966979580411E-002
 0894  0.5346966979580411E-002
 0895  0.5346966979580411E-002
 0896  0.5346966979580411E-002
 0897  0.5346966979580411E-002
 0898  0.5346966979580411E-002
 0899  0.5346966979580411E-002
 0900  0.5346966979580411E-002
 0901  0.5346966979580411E-002
 0902  0.5346966979580411E-002
 0903  0.5346966979580411E-002
 0904  0.5346966979580411E-002
 0905  0.5346966979580411E-002
 0906  0.5346966979580411E-002
 0907  0.5346966979580411E-002
 0908  0.5346966979580411E-002
 0909  0.5346966979580411E-002
 0910  0.5346966979580411E-002
 0911  0.5346966979580411E-002
 0912  0.5346966979580411E-002
 0913  0.5346966979580411E-002
 0914  0.5346966979580411E-002
 0915  0.5346966979580411E-002
 0916  0.5346966979580411E-002
 0917  0.5346966979580411E-002
 0918  0.5346966979580411E-002
 0919  0.5346966979580411E-002
 0920  0.5346966979580411E-002
 0921  0.5346966979580411E-002
 0922  0.5346966979580411E-002
 0923  0.5346966979580411E-002
 0924  0.5346966979580411E-002
 0925  0.5346966979580411E-002
 0926  0.5346966979580411E-002
 0927  0.5346966979580411E-002
 0928  0.5346966979580411E-002
 0929  0.5346966979580411E-002
 0930  0.5346966979580411E-002
 0931  0.5346966979580411E-002
 0932  0.5346966979580411E-002
 0933  0.5346966979580411E-002
 0934  0.5346966979580411E-002
 0935  0.5346966979580411E-002
 0936  0.5346966979580411E-002
 0937  0.5346966979580411E-002
 0938  0.5346966979580411E-002
 0939  0.5346966979580411E-002
 0940  0.5346966979580411E-002
 0941  0.5346966979580411E-002
 0942  0.5346966979580411E-002
 0943  0.5346966979580411E-002
 0944  0.5346966979580411E-002
 0945  0.5346966979580411E-002
 0946  0.5346966979580411E-002
 0947  0.5346966979580411E-002
 0948  0.5346966979580411E-002
 0949  0.5346966979580411E-002
 0950  0.5346966979580411E-002
 0951  0.5346966979580411E-002
 0952  0.5346966979580411E-002
 0953  0.5346966979580411E-002
 0954  0.5346966979580411E-002
 0955  0.5346966979580411E-002
 0956  0.5346966979580411E-002
 0957  0.5346966979580411E-002
 0958  0.5346966979580411E-002
 0959  0.5346966979580411E-002
 0960  0.5346966979580411E-002
 0961  0.5346966979580411E-002
 0962  0.5346966979580411E-002
 0963  0.5346966979580411E-002
 0964  0.5346966979580411E-002
 0965  0.5346966979580411E-002
 0966  0.5346966979580411E-002
 0967  0.5346966979580411E-002
 0968  0.5346966979580411E-002
 0969  0.5346966979580411E-002
 0970  0.5346966979580411E-002
 0971  0.5346966979580411E-002
 0972  0.5346966979580411E-002
 0973  0.5346966979580411E-002
 0974  0.5346966979580411E-002
 0975  0.5346966979580411E-002
 0976  0.5346966979580411E-002
 0977  0.5346966979580411E-002
 0978  0.5346966979580411E-002
 0979  0.5346966979580411E-002
 0980  0.5346966979580411E-002
 0981  0.5346966979580411E-002
 0982  0.5346966979580411E-002
 0983  0.5346966979580411E-002
 0984  0.5346966979580411E-002
 0985  0.5346966979580411E-002
 0986  0.5346966979580411E-002
 0987  0.5346966979580411E-002
 0988  0.5346966979580411E-002
 0989  0.5346966979580411E-002
 0990  0.5346966979580411E-002
 0991  0.5346966979580411E-002
 0992  0.5346966979580411E-002
 0993  0.5346966979580411E-002
 0994  0.5346966979580411E-002
 0995  0.5346966979580411E-002
 0996  0.5346966979580411E-002
 0997  0.5346966979580411E-002
 0998  0.5346966979580411E-002
 0999  0.5346966979580411E-002
 1000  0.5346966979580411E-002
