  0.0000000000E+000 0000
  0.1700274928E+004 0000
  0.3400197691E+004 0000
  0.5100179611E+004 0000
  0.6800300403E+004 0000
  0.8500203306E+004 0000
  0.1020015444E+005 0000
  0.1190023851E+005 0000
  0.1360027899E+005 0000
  0.1530015497E+005 0000
  0.1700019636E+005 0000
  0.1870020780E+005 0000
  0.2040017192E+005 0000
  0.2210018498E+005 0000
  0.2380029872E+005 0000
  0.2550028498E+005 0000
  0.2720020628E+005 0000
  0.2890021456E+005 0000
  0.3060028677E+005 0000
  0.3230018790E+005 0000
  0.3400022812E+005 0000
  0.3570028475E+005 0000
  0.3740024794E+005 0000
  0.3910028537E+005 0000
  0.4080028650E+005 0000
  0.4250017072E+005 0000
  0.4420021544E+005 0000
  0.4590017639E+005 0000
  0.4760018363E+005 0000
  0.4930020924E+005 0000
  0.5100020071E+005 0000
  0.5270024658E+005 0000
  0.5440020259E+005 0000
  0.5610016905E+005 0000
  0.5780028439E+005 0000
  0.5950026344E+005 0000
  0.6120023748E+005 0000
  0.6290018594E+005 0000
  0.6460021626E+005 0000
  0.6630017175E+005 0000
  0.6800019060E+005 0000
  0.6970016074E+005 0000
  0.7140025429E+005 0000
  0.7310029310E+005 0000
  0.7480015961E+005 0000
  0.7650027539E+005 0000
  0.7820024108E+005 0000
  0.7990016055E+005 0000
  0.8160023851E+005 0000
  0.8330029986E+005 0000
  0.8500015406E+005 0000
  0.8670025199E+005 0000
  0.8840028572E+005 0000
  0.9010020899E+005 0000
  0.9180026197E+005 0000
  0.9350019431E+005 0000
  0.9520028267E+005 0000
  0.9690018180E+005 0000
  0.9860027858E+005 0000
  0.1003001672E+006 0000
  0.1020001551E+006 0000
  0.1037001950E+006 0000
  0.1054001591E+006 0000
  0.1071002906E+006 0000
  0.1088001787E+006 0000
  0.1105002599E+006 0000
  0.1122002548E+006 0000
  0.1139002629E+006 0000
  0.1156002141E+006 0000
  0.1173002218E+006 0000
  0.1190002822E+006 0000
  0.1207001612E+006 0000
  0.1224002237E+006 0000
  0.1241002041E+006 0000
  0.1258002494E+006 0000
  0.1275001907E+006 0000
  0.1292002685E+006 0000
  0.1309002689E+006 0000
  0.1326001541E+006 0000
  0.1343002482E+006 0000
  0.1360001854E+006 0000
  0.1377001699E+006 0000
  0.1394002513E+006 0000
  0.1411002533E+006 0000
  0.1428002741E+006 0000
  0.1445002642E+006 0000
  0.1462001840E+006 0000
  0.1479002650E+006 0000
  0.1496002355E+006 0000
  0.1513002334E+006 0000
  0.1530002969E+006 0000
  0.1547001736E+006 0000
  0.1564002737E+006 0000
  0.1581002228E+006 0000
  0.1598002872E+006 0000
  0.1615002620E+006 0000
  0.1632002307E+006 0000
  0.1649002482E+006 0000
  0.1666003034E+006 0000
  0.1683002865E+006 0000
  0.1700002491E+006 0000
  0.1717002993E+006 0000
  0.1734001791E+006 0000
  0.1751003023E+006 0000
  0.1768001780E+006 0000
  0.1785001968E+006 0000
  0.1802002655E+006 0000
  0.1819002278E+006 0000
  0.1836002837E+006 0000
  0.1853001812E+006 0000
  0.1870001696E+006 0000
  0.1887002806E+006 0000
  0.1904001689E+006 0000
  0.1921002544E+006 0000
  0.1938001627E+006 0000
  0.1955002824E+006 0000
  0.1972001614E+006 0000
  0.1989002869E+006 0000
  0.2006002619E+006 0000
  0.2023001833E+006 0000
  0.2040002247E+006 0000
  0.2057001800E+006 0000
  0.2074001643E+006 0000
  0.2091002718E+006 0000
  0.2108002913E+006 0000
  0.2125002343E+006 0000
  0.2142002810E+006 0000
  0.2159001912E+006 0000
  0.2176001991E+006 0000
  0.2193001554E+006 0000
  0.2210001761E+006 0000
  0.2227002249E+006 0000
  0.2244002285E+006 0000
  0.2261002976E+006 0000
  0.2278003036E+006 0000
  0.2295002747E+006 0000
  0.2312002714E+006 0000
  0.2329002063E+006 0000
  0.2346002310E+006 0000
  0.2363001640E+006 0000
  0.2380002690E+006 0000
  0.2397001732E+006 0000
  0.2414003015E+006 0000
  0.2431002156E+006 0000
  0.2448002555E+006 0000
  0.2465001827E+006 0000
  0.2482002029E+006 0000
  0.2499002992E+006 0000
  0.2516002914E+006 0000
  0.2533002993E+006 0000
  0.2550002582E+006 0000
  0.2567002915E+006 0000
  0.2584002682E+006 0000
  0.2601002284E+006 0000
  0.2618002373E+006 0000
  0.2635001807E+006 0000
  0.2652001943E+006 0000
  0.2669002524E+006 0000
  0.2686001607E+006 0000
  0.2703001686E+006 0000
  0.2720002610E+006 0000
  0.2737001547E+006 0000
  0.2754001888E+006 0000
  0.2771002718E+006 0000
  0.2788002893E+006 0000
  0.2805002220E+006 0000
  0.2822001914E+006 0000
  0.2839001530E+006 0000
  0.2856002140E+006 0000
  0.2873002142E+006 0000
  0.2890001737E+006 0000
  0.2907002827E+006 0000
  0.2924002921E+006 0000
  0.2941002293E+006 0000
  0.2958002294E+006 0000
  0.2975002634E+006 0000
  0.2992002855E+006 0000
  0.3009002462E+006 0000
  0.3026003027E+006 0000
  0.3043001783E+006 0000
  0.3060002115E+006 0000
  0.3077003000E+006 0000
  0.3094001564E+006 0000
  0.3111002233E+006 0000
  0.3128001657E+006 0000
  0.3145002412E+006 0000
  0.3162002601E+006 0000
  0.3179002267E+006 0000
  0.3196001666E+006 0000
  0.3213002711E+006 0000
  0.3230002846E+006 0000
  0.3247002166E+006 0000
  0.3264001949E+006 0000
  0.3281001936E+006 0000
  0.3298001724E+006 0000
  0.3315002505E+006 0000
  0.3332002802E+006 0000
  0.3349002852E+006 0000
  0.3366001572E+006 0000
  0.3383002448E+006 0000
  0.3400002478E+006 0000
  0.3417002931E+006 0000
  0.3434002004E+006 0000
  0.3451002324E+006 0000
  0.3468002123E+006 0000
  0.3485001532E+006 0000
  0.3502002265E+006 0000
  0.3519001698E+006 0000
  0.3536001773E+006 0000
  0.3553002487E+006 0000
  0.3570002082E+006 0000
  0.3587001737E+006 0000
  0.3604002590E+006 0000
  0.3621002978E+006 0000
  0.3638003001E+006 0000
  0.3655002895E+006 0000
  0.3672001560E+006 0000
  0.3689002375E+006 0000
  0.3706002238E+006 0000
  0.3723002459E+006 0000
  0.3740002728E+006 0000
  0.3757002650E+006 0000
  0.3774002083E+006 0000
  0.3791002711E+006 0000
  0.3808001779E+006 0000
  0.3825002721E+006 0000
  0.3842002724E+006 0000
  0.3859001710E+006 0000
  0.3876002557E+006 0000
  0.3893001895E+006 0000
  0.3910002384E+006 0000
  0.3927002413E+006 0000
  0.3944002142E+006 0000
  0.3961001871E+006 0000
  0.3978002018E+006 0000
  0.3995002757E+006 0000
  0.4012002440E+006 0000
  0.4029002377E+006 0000
  0.4046002268E+006 0000
  0.4063001816E+006 0000
  0.4080002460E+006 0000
  0.4097002828E+006 0000
  0.4114001721E+006 0000
  0.4131002578E+006 0000
  0.4148002493E+006 0000
  0.4165002841E+006 0000
  0.4182001881E+006 0000
  0.4199002342E+006 0000
  0.4216002423E+006 0000
  0.4233002131E+006 0000
  0.4250001645E+006 0000
  0.4267002762E+006 0000
  0.4284002780E+006 0000
  0.4301001835E+006 0000
  0.4318002849E+006 0000
  0.4335002522E+006 0000
  0.4352002035E+006 0000
  0.4369002673E+006 0000
  0.4386002985E+006 0000
  0.4403001619E+006 0000
  0.4420001907E+006 0000
  0.4437002649E+006 0000
  0.4454002382E+006 0000
  0.4471002508E+006 0000
  0.4488002790E+006 0000
  0.4505002887E+006 0000
  0.4522002586E+006 0000
  0.4539001957E+006 0000
  0.4556002752E+006 0000
  0.4573002221E+006 0000
  0.4590002156E+006 0000
  0.4607002570E+006 0000
  0.4624001803E+006 0000
  0.4641002685E+006 0000
  0.4658001826E+006 0000
  0.4675002111E+006 0000
  0.4692002115E+006 0000
  0.4709002031E+006 0000
  0.4726002179E+006 0000
  0.4743002813E+006 0000
  0.4760002398E+006 0000
  0.4777002271E+006 0000
  0.4794002195E+006 0000
  0.4811001904E+006 0000
  0.4828002797E+006 0000
  0.4845001910E+006 0000
  0.4862002465E+006 0000
  0.4879001762E+006 0000
  0.4896001570E+006 0000
  0.4913001816E+006 0000
  0.4930002334E+006 0000
  0.4947002853E+006 0000
  0.4964001595E+006 0000
  0.4981001537E+006 0000
  0.4998002778E+006 0000
  0.5015002491E+006 0000
  0.5032002480E+006 0000
  0.5049002947E+006 0000
  0.5066002321E+006 0000
  0.5083001943E+006 0000
  0.5100001535E+006 0000
  0.5117002361E+006 0000
  0.5134002880E+006 0000
  0.5151001694E+006 0000
  0.5168002065E+006 0000
  0.5185002758E+006 0000
  0.5202002390E+006 0000
  0.5219002403E+006 0000
  0.5236002625E+006 0000
  0.5253002809E+006 0000
  0.5270002710E+006 0000
  0.5287002298E+006 0000
  0.5304001716E+006 0000
  0.5321002742E+006 0000
  0.5338002614E+006 0000
  0.5355002919E+006 0000
  0.5372002043E+006 0000
  0.5389002875E+006 0000
  0.5406002115E+006 0000
  0.5423002597E+006 0000
  0.5440002782E+006 0000
  0.5457002829E+006 0000
  0.5474002996E+006 0000
  0.5491002015E+006 0000
  0.5508003003E+006 0000
  0.5525002788E+006 0000
  0.5542002704E+006 0000
  0.5559002514E+006 0000
  0.5576002049E+006 0000
  0.5593002853E+006 0000
  0.5610002013E+006 0000
  0.5627002839E+006 0000
  0.5644002537E+006 0000
  0.5661002663E+006 0000
  0.5678001563E+006 0000
  0.5695002083E+006 0000
  0.5712002462E+006 0000
  0.5729002561E+006 0000
  0.5746002435E+006 0000
  0.5763002243E+006 0000
  0.5780002220E+006 0000
  0.5797002572E+006 0000
  0.5814001808E+006 0000
  0.5831002867E+006 0000
  0.5848002487E+006 0000
  0.5865001918E+006 0000
  0.5882002586E+006 0000
  0.5899001536E+006 0000
  0.5916001984E+006 0000
  0.5933002636E+006 0000
  0.5950002144E+006 0000
  0.5967002032E+006 0000
  0.5984002188E+006 0000
  0.6001002395E+006 0000
  0.6018002414E+006 0000
  0.6035002150E+006 0000
  0.6052001693E+006 0000
  0.6069002765E+006 0000
  0.6086002565E+006 0000
  0.6103002759E+006 0000
  0.6120001774E+006 0000
  0.6137002536E+006 0000
  0.6154001799E+006 0000
  0.6171002395E+006 0000
  0.6188002729E+006 0000
  0.6205002895E+006 0000
  0.6222001557E+006 0000
  0.6239002012E+006 0000
  0.6256002868E+006 0000
  0.6273002542E+006 0000
  0.6290002410E+006 0000
  0.6307002247E+006 0000
  0.6324001884E+006 0000
  0.6341002820E+006 0000
  0.6358002086E+006 0000
  0.6375002911E+006 0000
  0.6392002492E+006 0000
  0.6409002480E+006 0000
  0.6426002803E+006 0000
  0.6443001757E+006 0000
  0.6460002179E+006 0000
  0.6477002389E+006 0000
  0.6494002379E+006 0000
  0.6511002257E+006 0000
  0.6528002214E+006 0000
  0.6545002467E+006 0000
  0.6562001574E+006 0000
  0.6579002520E+006 0000
  0.6596002089E+006 0000
  0.6613001581E+006 0000
  0.6630002360E+006 0000
  0.6647002931E+006 0000
  0.6664001902E+006 0000
  0.6681002516E+006 0000
  0.6698001913E+006 0000
  0.6715001670E+006 0000
  0.6732001709E+006 0000
  0.6749001871E+006 0000
  0.6766001949E+006 0000
  0.6783001800E+006 0000
  0.6800002968E+006 0000
  0.6817002540E+006 0000
  0.6834002268E+006 0000
  0.6851002335E+006 0000
  0.6868002749E+006 0000
  0.6885001876E+006 0000
  0.6902002627E+006 0000
  0.6919001760E+006 0000
  0.6936002195E+006 0000
  0.6953002434E+006 0000
  0.6970002628E+006 0000
  0.6987002999E+006 0000
  0.7004002194E+006 0000
  0.7021001730E+006 0000
  0.7038003020E+006 0000
  0.7055002844E+006 0000
  0.7072002538E+006 0000
  0.7089002026E+006 0000
  0.7106002876E+006 0000
  0.7123002183E+006 0000
  0.7140001675E+006 0000
  0.7157003039E+006 0000
  0.7174001693E+006 0000
  0.7191002078E+006 0000
  0.7208002495E+006 0000
  0.7225002762E+006 0000
  0.7242002823E+006 0000
  0.7259002749E+006 0000
  0.7276002686E+006 0000
  0.7293002835E+006 0000
  0.7310001790E+006 0000
  0.7327002585E+006 0000
  0.7344002065E+006 0000
  0.7361001555E+006 0000
  0.7378002404E+006 0000
  0.7395003037E+006 0000
  0.7412002035E+006 0000
  0.7429002612E+006 0000
  0.7446001888E+006 0000
  0.7463003017E+006 0000
  0.7480002918E+006 0000
  0.7497003005E+006 0000
  0.7514001557E+006 0000
  0.7531002984E+006 0000
  0.7548002682E+006 0000
  0.7565002272E+006 0000
  0.7582001941E+006 0000
  0.7599001866E+006 0000
  0.7616002128E+006 0000
  0.7633002657E+006 0000
  0.7650001803E+006 0000
  0.7667002456E+006 0000
  0.7684002937E+006 0000
  0.7701001708E+006 0000
  0.7718001911E+006 0000
  0.7735002204E+006 0000
  0.7752002776E+006 0000
  0.7769002150E+006 0000
  0.7786001790E+006 0000
  0.7803001544E+006 0000
  0.7820002765E+006 0000
  0.7837002295E+006 0000
  0.7854001660E+006 0000
  0.7871002489E+006 0000
  0.7888001887E+006 0000
  0.7905001563E+006 0000
  0.7922001577E+006 0000
  0.7939001844E+006 0000
  0.7956002203E+006 0000
  0.7973002475E+006 0000
  0.7990002575E+006 0000
  0.8007002529E+006 0000
  0.8024002440E+006 0000
  0.8041002482E+006 0000
  0.8058002808E+006 0000
  0.8075001925E+006 0000
  0.8092002801E+006 0000
  0.8109002232E+006 0000
  0.8126001568E+006 0000
  0.8143002240E+006 0000
  0.8160002775E+006 0000
  0.8177001778E+006 0000
  0.8194002465E+006 0000
  0.8211001912E+006 0000
  0.8228001653E+006 0000
  0.8245001608E+006 0000
  0.8262001632E+006 0000
  0.8279001548E+006 0000
  0.8296002809E+006 0000
  0.8313002409E+006 0000
  0.8330002013E+006 0000
  0.8347001806E+006 0000
  0.8364001902E+006 0000
  0.8381002278E+006 0000
  0.8398002832E+006 0000
  0.8415001904E+006 0000
  0.8432002402E+006 0000
  0.8449002723E+006 0000
  0.8466002916E+006 0000
  0.8483001601E+006 0000
  0.8500002025E+006 0000
  0.8517002760E+006 0000
  0.8534002240E+006 0000
  0.8551001881E+006 0000
  0.8568001539E+006 0000
  0.8585002599E+006 0000
  0.8602001972E+006 0000
  0.8619002778E+006 0000
  0.8636002095E+006 0000
  0.8653001620E+006 0000
  0.8670002981E+006 0000
  0.8687001559E+006 0000
  0.8704001816E+006 0000
  0.8721002055E+006 0000
  0.8738002154E+006 0000
  0.8755002106E+006 0000
  0.8772001982E+006 0000
  0.8789001927E+006 0000
  0.8806002092E+006 0000
  0.8823002547E+006 0000
  0.8840001736E+006 0000
  0.8857002589E+006 0000
  0.8874001898E+006 0000
  0.8891002574E+006 0000
  0.8908001571E+006 0000
  0.8925002046E+006 0000
  0.8942002617E+006 0000
  0.8959001896E+006 0000
  0.8976002982E+006 0000
  0.8993002781E+006 0000
  0.9010002708E+006 0000
  0.9027002592E+006 0000
  0.9044002319E+006 0000
  0.9061001901E+006 0000
  0.9078002972E+006 0000
  0.9095002633E+006 0000
  0.9112002545E+006 0000
  0.9129002742E+006 0000
  0.9146001623E+006 0000
  0.9163002128E+006 0000
  0.9180002584E+006 0000
  0.9197002893E+006 0000
  0.9214001542E+006 0000
  0.9231001683E+006 0000
  0.9248001961E+006 0000
  0.9265002504E+006 0000
  0.9282001803E+006 0000
  0.9299002824E+006 0000
  0.9316002388E+006 0000
  0.9333001886E+006 0000
  0.9350002768E+006 0000
  0.9367002014E+006 0000
  0.9384002772E+006 0000
  0.9401002138E+006 0000
  0.9418001775E+006 0000
  0.9435001697E+006 0000
  0.9452001811E+006 0000
  0.9469001969E+006 0000
  0.9486002032E+006 0000
  0.9503001960E+006 0000
  0.9520001793E+006 0000
  0.9537001636E+006 0000
  0.9554001629E+006 0000
  0.9571001895E+006 0000
  0.9588002429E+006 0000
  0.9605001613E+006 0000
  0.9622002360E+006 0000
  0.9639003001E+006 0000
  0.9656001972E+006 0000
  0.9673002387E+006 0000
  0.9690002840E+006 0000
  0.9707001945E+006 0000
  0.9724002839E+006 0000
  0.9741002453E+006 0000
  0.9758002234E+006 0000
  0.9775002039E+006 0000
  0.9792001736E+006 0000
  0.9809002813E+006 0000
  0.9826002290E+006 0000
  0.9843001822E+006 0000
  0.9860001551E+006 0000
  0.9877001550E+006 0000
  0.9894001779E+006 0000
  0.9911002146E+006 0000
  0.9928002523E+006 0000
  0.9945002797E+006 0000
  0.9962002933E+006 0000
  0.9979002993E+006 0000
  0.9996001597E+006 0000
  0.1001300195E+007 0000
  0.1003000258E+007 0000
  0.1004700189E+007 0000
  0.1006400285E+007 0000
  0.1008100228E+007 0000
  0.1009800159E+007 0000
  0.1011500231E+007 0000
  0.1013200298E+007 0000
  0.1014900220E+007 0000
  0.1016600164E+007 0000
  0.1018300288E+007 0000
  0.1020000281E+007 0000
  0.1021700285E+007 0000
  0.1023400284E+007 0000
  0.1025100272E+007 0000
  0.1026800249E+007 0000
  0.1028500223E+007 0000
  0.1030200207E+007 0000
  0.1031900213E+007 0000
  0.1033600245E+007 0000
  0.1035300298E+007 0000
  0.1037000209E+007 0000
  0.1038700266E+007 0000
  0.1040400158E+007 0000
  0.1042100193E+007 0000
  0.1043800226E+007 0000
  0.1045500272E+007 0000
  0.1047200189E+007 0000
  0.1048900282E+007 0000
  0.1050600242E+007 0000
  0.1052300211E+007 0000
  0.1054000174E+007 0000
  0.1055700276E+007 0000
  0.1057400215E+007 0000
  0.1059100156E+007 0000
  0.1060800263E+007 0000
  0.1062500241E+007 0000
  0.1064200244E+007 0000
  0.1065900264E+007 0000
  0.1067600290E+007 0000
  0.1069300157E+007 0000
  0.1071000164E+007 0000
  0.1072700162E+007 0000
  0.1074400162E+007 0000
  0.1076100177E+007 0000
  0.1077800217E+007 0000
  0.1079500281E+007 0000
  0.1081200207E+007 0000
  0.1082900291E+007 0000
  0.1084600214E+007 0000
  0.1086300279E+007 0000
  0.1088000183E+007 0000
  0.1089700243E+007 0000
  0.1091400166E+007 0000
  0.1093100268E+007 0000
  0.1094800240E+007 0000
  0.1096500227E+007 0000
  0.1098200216E+007 0000
  0.1099900195E+007 0000
  0.1101600165E+007 0000
  0.1103300281E+007 0000
  0.1105000249E+007 0000
  0.1106700233E+007 0000
  0.1108400243E+007 0000
  0.1110100276E+007 0000
  0.1111800169E+007 0000
  0.1113500216E+007 0000
  0.1115200252E+007 0000
  0.1116900278E+007 0000
  0.1118600300E+007 0000
  0.1120300175E+007 0000
  0.1122000222E+007 0000
  0.1123700293E+007 0000
  0.1125400233E+007 0000
  0.1127100185E+007 0000
  0.1128800290E+007 0000
  0.1130500231E+007 0000
  0.1132200162E+007 0000
  0.1133900242E+007 0000
  0.1135600178E+007 0000
  0.1137300287E+007 0000
  0.1139000267E+007 0000
  0.1140700266E+007 0000
  0.1142400277E+007 0000
  0.1144100285E+007 0000
  0.1145800284E+007 0000
  0.1147500272E+007 0000
  0.1149200258E+007 0000
  0.1150900254E+007 0000
  0.1152600271E+007 0000
  0.1154300160E+007 0000
  0.1156000219E+007 0000
  0.1157700287E+007 0000
  0.1159400200E+007 0000
  0.1161100255E+007 0000
  0.1162800302E+007 0000
  0.1164500194E+007 0000
  0.1166200250E+007 0000
  0.1167900175E+007 0000
  0.1169600277E+007 0000
  0.1171300244E+007 0000
  0.1173000218E+007 0000
  0.1174700186E+007 0000
  0.1176400298E+007 0000
  0.1178100250E+007 0000
  0.1179800202E+007 0000
  0.1181500166E+007 0000
  0.1183200305E+007 0000
  0.1184900162E+007 0000
  0.1186600188E+007 0000
  0.1188300220E+007 0000
  0.1190000246E+007 0000
  0.1191700262E+007 0000
  0.1193400271E+007 0000
  0.1195100282E+007 0000
  0.1196800154E+007 0000
  0.1198500201E+007 0000
  0.1200200270E+007 0000
  0.1201900203E+007 0000
  0.1203600293E+007 0000
  0.1205300224E+007 0000
  0.1207000296E+007 0000
  0.1208700210E+007 0000
  0.1210400280E+007 0000
  0.1212100214E+007 0000
  0.1213800170E+007 0000
  0.1215500299E+007 0000
  0.1217200290E+007 0000
  0.1218900285E+007 0000
  0.1220600273E+007 0000
  0.1222300250E+007 0000
  0.1224000221E+007 0000
  0.1225700198E+007 0000
  0.1227400192E+007 0000
  0.1229100209E+007 0000
  0.1230800246E+007 0000
  0.1232500295E+007 0000
  0.1234200194E+007 0000
  0.1235900238E+007 0000
  0.1237600272E+007 0000
  0.1239300302E+007 0000
  0.1241000185E+007 0000
  0.1242700240E+007 0000
  0.1244400164E+007 0000
  0.1246100261E+007 0000
  0.1247800216E+007 0000
  0.1249500172E+007 0000
  0.1251200272E+007 0000
  0.1252900211E+007 0000
  0.1254600300E+007 0000
  0.1256300243E+007 0000
  0.1258000204E+007 0000
  0.1259700189E+007 0000
  0.1261400193E+007 0000
  0.1263100207E+007 0000
  0.1264800218E+007 0000
  0.1266500222E+007 0000
  0.1268200218E+007 0000
  0.1269900212E+007 0000
  0.1271600215E+007 0000
  0.1273300237E+007 0000
  0.1275000281E+007 0000
  0.1276700191E+007 0000
  0.1278400263E+007 0000
  0.1280100180E+007 0000
  0.1281800239E+007 0000
  0.1283500292E+007 0000
  0.1285200192E+007 0000
  0.1286900256E+007 0000
  0.1288600185E+007 0000
  0.1290300289E+007 0000
  0.1292000258E+007 0000
  0.1293700235E+007 0000
  0.1295400208E+007 0000
  0.1297100173E+007 0000
  0.1298800282E+007 0000
  0.1300500241E+007 0000
  0.1302200211E+007 0000
  0.1303900202E+007 0000
  0.1305600214E+007 0000
  0.1307300241E+007 0000
  0.1309000275E+007 0000
  0.1310700305E+007 0000
  0.1312400173E+007 0000
  0.1314100188E+007 0000
  0.1315800204E+007 0000
  0.1317500234E+007 0000
  0.1319200285E+007 0000
  0.1320900204E+007 0000
  0.1322600290E+007 0000
  0.1324300227E+007 0000
  0.1326000161E+007 0000
  0.1327700239E+007 0000
  0.1329400158E+007 0000
  0.1331100234E+007 0000
  0.1332800170E+007 0000
  0.1334500281E+007 0000
  0.1336200260E+007 0000
  0.1337900252E+007 0000
  0.1339600247E+007 0000
  0.1341300236E+007 0000
  0.1343000218E+007 0000
  0.1344700195E+007 0000
  0.1346400176E+007 0000
  0.1348100173E+007 0000
  0.1349800190E+007 0000
  0.1351500228E+007 0000
  0.1353200278E+007 0000
  0.1354900178E+007 0000
  0.1356600223E+007 0000
  0.1358300260E+007 0000
  0.1360000294E+007 0000
  0.1361700183E+007 0000
  0.1363400240E+007 0000
  0.1365100164E+007 0000
  0.1366800260E+007 0000
  0.1368500216E+007 0000
  0.1370200173E+007 0000
  0.1371900275E+007 0000
  0.1373600216E+007 0000
  0.1375300155E+007 0000
  0.1377000255E+007 0000
  0.1378700219E+007 0000
  0.1380400204E+007 0000
  0.1382100206E+007 0000
  0.1383800219E+007 0000
  0.1385500232E+007 0000
  0.1387200238E+007 0000
  0.1388900236E+007 0000
  0.1390600232E+007 0000
  0.1392300238E+007 0000
  0.1394000262E+007 0000
  0.1395700154E+007 0000
  0.1397400215E+007 0000
  0.1399100285E+007 0000
  0.1400800201E+007 0000
  0.1402500263E+007 0000
  0.1404200166E+007 0000
  0.1405900220E+007 0000
  0.1407600285E+007 0000
  0.1409300215E+007 0000
  0.1411000167E+007 0000
  0.1412700287E+007 0000
  0.1414400262E+007 0000
  0.1416100234E+007 0000
  0.1417800199E+007 0000
  0.1419500159E+007 0000
  0.1421200272E+007 0000
  0.1422900242E+007 0000
  0.1424600232E+007 0000
  0.1426300243E+007 0000
  0.1428000269E+007 0000
  0.1429700300E+007 0000
  0.1431400176E+007 0000
  0.1433100197E+007 0000
  0.1434800213E+007 0000
  0.1436500232E+007 0000
  0.1438200262E+007 0000
  0.1439900158E+007 0000
  0.1441600227E+007 0000
  0.1443300158E+007 0000
  0.1445000247E+007 0000
  0.1446700179E+007 0000
  0.1448400256E+007 0000
  0.1450100176E+007 0000
  0.1451800253E+007 0000
  0.1453500190E+007 0000
  0.1455200299E+007 0000
  0.1456900274E+007 0000
  0.1458600263E+007 0000
  0.1460300256E+007 0000
  0.1462000244E+007 0000
