 0001  0.9043540895872138E-008
 0002  0.1597211815186296E-007
 0003  0.1597211815186296E-007
 0004  0.2878682870710881E-007
 0005  0.2878682870710881E-007
 0006  0.4130395746460567E-007
 0007  0.4130395746460568E-007
 0008  0.7345245422525336E-007
 0009  0.7345245422525336E-007
 0010  0.1646884783874253E-006
 0011  0.1646884783874253E-006
 0012  0.2538058296406310E-006
 0013  0.2538058296406310E-006
 0014  0.4021809696773321E-006
 0015  0.4021809696773321E-006
 0016  0.7201239378534210E-006
 0017  0.7201239378534211E-006
 0018  0.1030683669424702E-005
 0019  0.1030683669424702E-005
 0020  0.1769064963953487E-005
 0021  0.1769064963953487E-005
 0022  0.3144660662744091E-005
 0023  0.4446142814035364E-005
 0024  0.4446142814035363E-005
 0025  0.6377277349505247E-005
 0026  0.6377277349505247E-005
 0027  0.9477251987687272E-005
 0028  0.1453190323825535E-004
 0029  0.1453190323825535E-004
 0030  0.1946917593394677E-004
 0031  0.1946917593394677E-004
 0032  0.2840033263096374E-004
 0033  0.4359690490253475E-004
 0034  0.4359690490253475E-004
 0035  0.5844058404579777E-004
 0036  0.7926206784619547E-004
 0037  0.7926206784619546E-004
 0038  0.1135333264260852E-003
 0039  0.1647190443609425E-003
 0040  0.1647190443609424E-003
 0041  0.2147161331889251E-003
 0042  0.3068024724191754E-003
 0043  0.3068024724191754E-003
 0044  0.5261248309566909E-003
 0045  0.8463398545960760E-003
 0046  0.8463398545960760E-003
 0047  0.1159118880208821E-002
 0048  0.1736084829987290E-002
 0049  0.2737220572472603E-002
 0050  0.2737220572472603E-002
 0051  0.4414490900061617E-002
 0052  0.6802909583802837E-002
 0053  0.6802909583802837E-002
 0054  0.9135864671809988E-002
 0055  0.1243810578186880E-001
 0056  0.1649379523514113E-001
 0057  0.1649379523514113E-001
 0058  0.2182030406158836E-001
 0059  0.2823226924918529E-001
 0060  0.3403818956061416E-001
 0061  0.3403818956061416E-001
 0062  0.4182379218233813E-001
 0063  0.5110040133527515E-001
 0064  0.6184771204708695E-001
 0065  0.7362135004226546E-001
 0066  0.7362135004226544E-001
 0067  0.8758423709922203E-001
 0068  0.9999864604164166E-001
 0069  0.1139058992281981E+000
 0070  0.1291890126447406E+000
 0071  0.1291890126447406E+000
 0072  0.1473361259166342E+000
 0073  0.1664674292937160E+000
 0074  0.1864068518746366E+000
 0075  0.2039169388234446E+000
 0076  0.2223597737448867E+000
 0077  0.2223597737448867E+000
 0078  0.2437581897058658E+000
 0079  0.2655587337839999E+000
 0080  0.2875854678561874E+000
 0081  0.3096606109242495E+000
 0082  0.3316118647629661E+000
 0083  0.3316118647629662E+000
 0084  0.3530533690016424E+000
 0085  0.3747283411133700E+000
 0086  0.3963132971483620E+000
 0087  0.4175854243944617E+000
 0088  0.4384150191090369E+000
 0089  0.4587028410733204E+000
 0090  0.4587028410733203E+000
 0091  0.4814578625682636E+000
 0092  0.5031061508904850E+000
 0093  0.5238898220585623E+000
 0094  0.5440545829075021E+000
 0095  0.5634259145104473E+000
 0096  0.5821294288843352E+000
 0097  0.6002276394673078E+000
 0098  0.6176057871533881E+000
 0099  0.6340698383734732E+000
 0100  0.6494099249570561E+000
 0101  0.6632630754510180E+000
 0102  0.6751966647852613E+000
 0103  0.6848307911372952E+000
 0104  0.6918880624126905E+000
 0105  0.6961052676211625E+000
 0106  0.6974217109140533E+000
 0107  0.6959249667759883E+000
 0108  0.6918063771287546E+000
 0109  0.6853252246530406E+000
 0110  0.6763269564632768E+000
 0111  0.6653860349989245E+000
 0112  0.6529880871673857E+000
 0113  0.6395429594816605E+000
 0114  0.6253954388609848E+000
 0115  0.6086533979970336E+000
 0116  0.5925602838376125E+000
 0117  0.5771099159747560E+000
 0118  0.5623018244052114E+000
 0119  0.5481381869807000E+000
 0120  0.5236345320877291E+000
 0121  0.5129352875720857E+000
 0122  0.5025700027344340E+000
 0123  0.4925763522819715E+000
 0124  0.4829838877537282E+000
 0125  0.4738145628657608E+000
 0126  0.4650833827300134E+000
 0127  0.4567624495900717E+000
 0128  0.4488742674870137E+000
 0129  0.4414303198473292E+000
 0130  0.4344334053224170E+000
 0131  0.4278795616372086E+000
 0132  0.4217596452512404E+000
 0133  0.4157202827981694E+000
 0134  0.4102112046431149E+000
 0135  0.4051840566979704E+000
 0136  0.4005951953857765E+000
 0137  0.3964054040939163E+000
 0138  0.3925793484352015E+000
 0139  0.3863035264269222E+000
 0140  0.3837132797488889E+000
 0141  0.3813039968203523E+000
 0142  0.3790620060535692E+000
 0143  0.3769790684832997E+000
 0144  0.3750467721241102E+000
 0145  0.3732566687884447E+000
 0146  0.3716003825783787E+000
 0147  0.3700696947165173E+000
 0148  0.3686566086811551E+000
 0149  0.3673036793367724E+000
 0150  0.3660697180968826E+000
 0151  0.3649440024315399E+000
 0152  0.3639168234699133E+000
 0153  0.3629793829860840E+000
 0154  0.3621237018038737E+000
 0155  0.3613425382467105E+000
 0156  0.3600513122503783E+000
 0157  0.3595157521585854E+000
 0158  0.3590193667184344E+000
 0159  0.3585595788429891E+000
 0160  0.3581339431622911E+000
 0161  0.3577401448014214E+000
 0162  0.3573759971367261E+000
 0163  0.3570299294893545E+000
 0164  0.3567123705724753E+000
 0165  0.3564209312461228E+000
 0166  0.3561534284615694E+000
 0167  0.3559077533754957E+000
 0168  0.3556821252167296E+000
 0169  0.3554749074923036E+000
 0170  0.3552845972930645E+000
 0171  0.3549659042818837E+000
 0172  0.3548321301068819E+000
 0173  0.3547078193392124E+000
 0174  0.3545923394049063E+000
 0175  0.3544826698427850E+000
 0176  0.3543813411902898E+000
 0177  0.3542876821839242E+000
 0178  0.3542011106776870E+000
 0179  0.3541210888439039E+000
 0180  0.3540471197886282E+000
 0181  0.3539787444263848E+000
 0182  0.3539155385943159E+000
 0183  0.3538571103873270E+000
 0184  0.3537578815860706E+000
 0185  0.3537156686212607E+000
 0186  0.3536755149498220E+000
 0187  0.3536381726588701E+000
 0188  0.3536034442606281E+000
 0189  0.3535711461901745E+000
 0190  0.3535411078199981E+000
 0191  0.3535131705446017E+000
 0192  0.3534871869301541E+000
 0193  0.3534630198994230E+000
 0194  0.3534405420325793E+000
 0195  0.3534196348832756E+000
 0196  0.3533833930166174E+000
 0197  0.3533676900366321E+000
 0198  0.3533530049071839E+000
 0199  0.3533392714387723E+000
 0200  0.3533264277629838E+000
 0201  0.3533144160490237E+000
 0202  0.3533031822389566E+000
 0203  0.3532926742993539E+000
 0204  0.3532828454246846E+000
 0205  0.3532736518060304E+000
 0206  0.3532649314452553E+000
 0207  0.3532498102176583E+000
 0208  0.3532432469753384E+000
 0209  0.3532370785763479E+000
 0210  0.3532312805528272E+000
 0211  0.3532258307010304E+000
 0212  0.3532207081427429E+000
 0213  0.3532158932467439E+000
 0214  0.3532113113478562E+000
 0215  0.3532070127959949E+000
 0216  0.3532029793710313E+000
 0217  0.3531959090582960E+000
 0218  0.3531928075433328E+000
 0219  0.3531898796293721E+000
 0220  0.3531871156094792E+000
 0221  0.3531845063178358E+000
 0222  0.3531820154728642E+000
 0223  0.3531796676264655E+000
 0224  0.3531774544461946E+000
 0225  0.3531753680917822E+000
 0226  0.3531716771739162E+000
 0227  0.3531700434525660E+000
 0228  0.3531684794847281E+000
 0229  0.3531669993385094E+000
 0230  0.3531655984600089E+000
 0231  0.3531642725460627E+000
 0232  0.3531630175302578E+000
 0233  0.3531618295017314E+000
 0234  0.3531607048434682E+000
 0235  0.3531587072028265E+000
 0236  0.3531578699781388E+000
 0237  0.3531571678060952E+000
 0238  0.3531567167752531E+000
 0239  0.3531565821984487E+000
 0240  0.3531568292245710E+000
 0241  0.3531575218784819E+000
 0242  0.3531618951634492E+000
 0243  0.3531650485450887E+000
 0244  0.3531689426847102E+000
 0245  0.3531736128596349E+000
 0246  0.3531790963843888E+000
 0247  0.3531868105650998E+000
 0248  0.3531954235289343E+000
 0249  0.3532049455028802E+000
 0250  0.3532261752197338E+000
 0251  0.3532379619088305E+000
 0252  0.3532507271468264E+000
 0253  0.3532660235342259E+000
 0254  0.3532822234356418E+000
 0255  0.3532992997904126E+000
 0256  0.3533172268316041E+000
 0257  0.3533561026682808E+000
 0258  0.3533769260142776E+000
 0259  0.3533984186720191E+000
 0260  0.3534205514297550E+000
 0261  0.3534432962908695E+000
 0262  0.3534666937691080E+000
 0263  0.3535170726162937E+000
 0264  0.3535422495832642E+000
 0265  0.3535678776937546E+000
 0266  0.3535939248993050E+000
 0267  0.3536219219238027E+000
 0268  0.3536501671774817E+000
 0269  0.3536786357555662E+000
 0270  0.3537346659158915E+000
 0271  0.3537636538872811E+000
 0272  0.3537927262617689E+000
 0273  0.3538218986030393E+000
 0274  0.3538511491694177E+000
 0275  0.3539095800555880E+000
 0276  0.3539386886289522E+000
 0277  0.3539677675386363E+000
 0278  0.3539968023250613E+000
 0279  0.3540258030744121E+000
 0280  0.3540558536765508E+000
 0281  0.3541140814452736E+000
 0282  0.3541423031280658E+000
 0283  0.3541713749168039E+000
 0284  0.3542002415032328E+000
 0285  0.3542288967683109E+000
 0286  0.3542851480762598E+000
 0287  0.3543127241781842E+000
 0288  0.3543400737659579E+000
 0289  0.3543671923396294E+000
 0290  0.3543940873936878E+000
 0291  0.3544474463510791E+000
 0292  0.3544731478074575E+000
 0293  0.3544992766224822E+000
 0294  0.3545251110346006E+000
 0295  0.3545506512385465E+000
 0296  0.3546003934202323E+000
 0297  0.3546246004172980E+000
 0298  0.3546485268862934E+000
 0299  0.3546721796095275E+000
 0300  0.3546960823248804E+000
 0301  0.3547420002202044E+000
 0302  0.3547645289524131E+000
 0303  0.3547867608562790E+000
 0304  0.3548087029622950E+000
 0305  0.3548512910145910E+000
 0306  0.3548719505227761E+000
 0307  0.3548923420720917E+000
 0308  0.3549128420571769E+000
 0309  0.3549522137352865E+000
 0310  0.3549714619150237E+000
 0311  0.3549904424673328E+000
 0312  0.3550091585542113E+000
 0313  0.3550279206783541E+000
 0314  0.3550639399120603E+000
 0315  0.3550815085965812E+000
 0316  0.3550988239781869E+000
 0317  0.3551323500863267E+000
 0318  0.3551485771183208E+000
 0319  0.3551645768933810E+000
 0320  0.3551805780525585E+000
 0321  0.3552113303015519E+000
 0322  0.3552263144546650E+000
 0323  0.3552410839619745E+000
 0324  0.3552558317171528E+000
 0325  0.3552841817333319E+000
 0326  0.3552979821258965E+000
 0327  0.3553115823314973E+000
 0328  0.3553379100896462E+000
 0329  0.3553506522550757E+000
 0330  0.3553633598966187E+000
 0331  0.3553758825977343E+000
 0332  0.3554002518637462E+000
 0333  0.3554119758126664E+000
 0334  0.3554236585313253E+000
 0335  0.3554462718273603E+000
 0336  0.3554572157093177E+000
 0337  0.3554681125751872E+000
 0338  0.3554892072120617E+000
 0339  0.3554994173033308E+000
 0340  0.3555094845311294E+000
 0341  0.3555290805290804E+000
 0342  0.3555386124007078E+000
 0343  0.3555480116260352E+000
 0344  0.3555663054990346E+000
 0345  0.3555752037050701E+000
 0346  0.3555840510311703E+000
 0347  0.3556011920199603E+000
 0348  0.3556094951041138E+000
 0349  0.3556177481550269E+000
 0350  0.3556337437325224E+000
 0351  0.3556414949324460E+000
 0352  0.3556491976214960E+000
 0353  0.3556641326534800E+000
 0354  0.3556714226122635E+000
 0355  0.3556855624007126E+000
 0356  0.3556924640813779E+000
 0357  0.3556992740052152E+000
 0358  0.3557125296897999E+000
 0359  0.3557189791338921E+000
 0360  0.3557253827185308E+000
 0361  0.3557378096245988E+000
 0362  0.3557438737285584E+000
 0363  0.3557556469252926E+000
 0364  0.3557613930029889E+000
 0365  0.3557725829194461E+000
 0366  0.3557780300917518E+000
 0367  0.3557834362644573E+000
 0368  0.3557939645181896E+000
 0369  0.3557990898384121E+000
 0370  0.3558090977125739E+000
 0371  0.3558139818196389E+000
 0372  0.3558234764996942E+000
 0373  0.3558281115611162E+000
 0374  0.3558371641205874E+000
 0375  0.3558415832044024E+000
 0376  0.3558459669635299E+000
 0377  0.3558545103505250E+000
 0378  0.3558586726412119E+000
 0379  0.3558668028276056E+000
 0380  0.3558707722409253E+000
 0381  0.3558785256679367E+000
 0382  0.3558823110560398E+000
 0383  0.3558897050430598E+000
 0384  0.3558968384290119E+000
 0385  0.3559003213066672E+000
 0386  0.3559071251038249E+000
 0387  0.3559104474312975E+000
 0388  0.3559169470076329E+000
 0389  0.3559201251674333E+000
 0390  0.3559263343279082E+000
 0391  0.3559293741461150E+000
 0392  0.3559353132073848E+000
 0393  0.3559382204449122E+000
 0394  0.3559439069822586E+000
 0395  0.3559493933998777E+000
 0396  0.3559520763143846E+000
 0397  0.3559573303318747E+000
 0398  0.3559624011353375E+000
 0399  0.3559648835248881E+000
 0400  0.3559697492342039E+000
 0401  0.3559721290281152E+000
 0402  0.3559767932781917E+000
 0403  0.3559813035254402E+000
 0404  0.3559835131264521E+000
 0405  0.3559878435424975E+000
 0406  0.3559920315370292E+000
 0407  0.3559940833360198E+000
 0408  0.3559981095875739E+000
 0409  0.3560020062602910E+000
 0410  0.3560057822970216E+000
 0411  0.3560076343036552E+000
 0412  0.3560112678933843E+000
 0413  0.3560147886395840E+000
 0414  0.3560182047697424E+000
 0415  0.3560198807676592E+000
 0416  0.3560231724997479E+000
 0417  0.3560263665602809E+000
 0418  0.3560294667950277E+000
 0419  0.3560324767013281E+000
 0420  0.3560339548421017E+000
 0421  0.3560368598387149E+000
 0422  0.3560396824954494E+000
 0423  0.3560424257451666E+000
 0424  0.3560450927396450E+000
 0425  0.3560476861566548E+000
 0426  0.3560502089524051E+000
 0427  0.3560526639936591E+000
 0428  0.3560538714209965E+000
 0429  0.3560562475929317E+000
 0430  0.3560585607373430E+000
 0431  0.3560608133218451E+000
 0432  0.3560630012422714E+000
 0433  0.3560651223956541E+000
 0434  0.3560671795518331E+000
 0435  0.3560691753360335E+000
 0436  0.3560711122379125E+000
 0437  0.3560729926199512E+000
 0438  0.3560757022973035E+000
 0439  0.3560774384107819E+000
 0440  0.3560791259871443E+000
 0441  0.3560807668724345E+000
 0442  0.3560823628241523E+000
 0443  0.3560839155163507E+000
 0444  0.3560854265443916E+000
 0445  0.3560876107747044E+000
 0446  0.3560890145095562E+000
 0447  0.3560903820310840E+000
 0448  0.3560917146103134E+000
 0449  0.3560936441720776E+000
 0450  0.3560948863119091E+000
 0451  0.3560960978791277E+000
 0452  0.3560978544060557E+000
 0453  0.3560989865404273E+000
 0454  0.3561006293428212E+000
 0455  0.3561016890881673E+000
 0456  0.3561032281227725E+000
 0457  0.3561042217365262E+000
 0458  0.3561056658621471E+000
 0459  0.3561065989202176E+000
 0460  0.3561079560423836E+000
 0461  0.3561088335278809E+000
 0462  0.3561101107215099E+000
 0463  0.3561113400655742E+000
 0464  0.3561125240033650E+000
 0465  0.3561132907114251E+000
 0466  0.3561144083583000E+000
 0467  0.3561154861219397E+000
 0468  0.3561165259352784E+000
 0469  0.3561175296112350E+000
 0470  0.3561184988517609E+000
 0471  0.3561194352560886E+000
 0472  0.3561203403282624E+000
 0473  0.3561212154840223E+000
 0474  0.3561220620571069E+000
 0475  0.3561228813050265E+000
 0476  0.3561239312767678E+000
 0477  0.3561246885289535E+000
 0478  0.3561254222903077E+000
 0479  0.3561263641137762E+000
 0480  0.3561272649752993E+000
 0481  0.3561279160166869E+000
 0482  0.3561287529577101E+000
 0483  0.3561295548956220E+000
 0484  0.3561301352842275E+000
 0485  0.3561308824348070E+000
 0486  0.3561315994607301E+000
 0487  0.3561324547336190E+000
 0488  0.3561331080072788E+000
 0489  0.3561337360370982E+000
 0490  0.3561344865873742E+000
 0491  0.3561350609281968E+000
 0492  0.3561357481427940E+000
 0493  0.3561364024593917E+000
 0494  0.3561370258865662E+000
 0495  0.3561376202773164E+000
 0496  0.3561381873437685E+000
 0497  0.3561388333850734E+000
 0498  0.3561393448065645E+000
 0499  0.3561399282715163E+000
 0500  0.3561404803561256E+000
 0501  0.3561410871141624E+000
 0502  0.3561415773921224E+000
 0503  0.3561421171187214E+000
 0504  0.3561426937369732E+000
 0505  0.3561431657809542E+000
 0506  0.3561437314651330E+000
 0507  0.3561441982233683E+000
 0508  0.3561446862470518E+000
 0509  0.3561451859579931E+000
 0510  0.3561456448200256E+000
 0511  0.3561461465017183E+000
 0512  0.3561465999833781E+000
 0513  0.3561470427601452E+000
 0514  0.3561474978786703E+000
 0515  0.3561479501977030E+000
 0516  0.3561483655618840E+000
 0517  0.3561487976887234E+000
 0518  0.3561492191405856E+000
 0519  0.3561496313084091E+000
 0520  0.3561497817572626E+000
 0521  0.3561497817572626E+000
 0522  0.3561497817572626E+000
 0523  0.3561497817572626E+000
 0524  0.3561497817572626E+000
 0525  0.3561497817572626E+000
 0526  0.3561497817572626E+000
 0527  0.3561497817572626E+000
 0528  0.3561497817572626E+000
 0529  0.3561497817572626E+000
 0530  0.3561497817572626E+000
 0531  0.3561497817572626E+000
 0532  0.3561497817572626E+000
 0533  0.3561497817572626E+000
 0534  0.3561497817572626E+000
 0535  0.3561497817572626E+000
 0536  0.3561497817572626E+000
 0537  0.3561497817572626E+000
 0538  0.3561497817572626E+000
 0539  0.3561497817572626E+000
 0540  0.3561497817572626E+000
 0541  0.3561497817572626E+000
 0542  0.3561497817572626E+000
 0543  0.3561497817572626E+000
 0544  0.3561497817572626E+000
 0545  0.3561497817572626E+000
 0546  0.3561497817572626E+000
 0547  0.3561497817572626E+000
 0548  0.3561497817572626E+000
 0549  0.3561497817572626E+000
 0550  0.3561497817572626E+000
 0551  0.3561497817572626E+000
 0552  0.3561497817572626E+000
 0553  0.3561497817572626E+000
 0554  0.3561497817572626E+000
 0555  0.3561497817572626E+000
 0556  0.3561497817572626E+000
 0557  0.3561497817572626E+000
 0558  0.3561497817572626E+000
 0559  0.3561497817572626E+000
 0560  0.3561497817572626E+000
 0561  0.3561497817572626E+000
 0562  0.3561497817572626E+000
 0563  0.3561497817572626E+000
 0564  0.3561497817572626E+000
 0565  0.3561497817572626E+000
 0566  0.3561497817572626E+000
 0567  0.3561497817572626E+000
 0568  0.3561497817572626E+000
 0569  0.3561497817572626E+000
 0570  0.3561497817572626E+000
 0571  0.3561497817572626E+000
 0572  0.3561497817572626E+000
 0573  0.3561497817572626E+000
 0574  0.3561497817572626E+000
 0575  0.3561497817572626E+000
 0576  0.3561497817572626E+000
 0577  0.3561497817572626E+000
 0578  0.3561497817572626E+000
 0579  0.3561497817572626E+000
 0580  0.3561497817572626E+000
 0581  0.3561497817572626E+000
 0582  0.3561497817572626E+000
 0583  0.3561497817572626E+000
 0584  0.3561497817572626E+000
 0585  0.3561497817572626E+000
 0586  0.3561497817572626E+000
 0587  0.3561497817572626E+000
 0588  0.3561497817572626E+000
 0589  0.3561497817572626E+000
 0590  0.3561497817572626E+000
 0591  0.3561497817572626E+000
 0592  0.3561497817572626E+000
 0593  0.3561497817572626E+000
 0594  0.3561497817572626E+000
 0595  0.3561497817572626E+000
 0596  0.3561497817572626E+000
 0597  0.3561497817572626E+000
 0598  0.3561497817572626E+000
 0599  0.3561497817572626E+000
 0600  0.3561497817572626E+000
 0601  0.3561497817572626E+000
 0602  0.3561497817572626E+000
 0603  0.3561497817572626E+000
 0604  0.3561497817572626E+000
 0605  0.3561497817572626E+000
 0606  0.3561497817572626E+000
 0607  0.3561497817572626E+000
 0608  0.3561497817572626E+000
 0609  0.3561497817572626E+000
 0610  0.3561497817572626E+000
 0611  0.3561497817572626E+000
 0612  0.3561497817572626E+000
 0613  0.3561497817572626E+000
 0614  0.3561497817572626E+000
 0615  0.3561497817572626E+000
 0616  0.3561497817572626E+000
 0617  0.3561497817572626E+000
 0618  0.3561497817572626E+000
 0619  0.3561497817572626E+000
 0620  0.3561497817572626E+000
 0621  0.3561497817572626E+000
 0622  0.3561497817572626E+000
 0623  0.3561497817572626E+000
 0624  0.3561497817572626E+000
 0625  0.3561497817572626E+000
 0626  0.3561497817572626E+000
 0627  0.3561497817572626E+000
 0628  0.3561497817572626E+000
 0629  0.3561497817572626E+000
 0630  0.3561497817572626E+000
 0631  0.3561497817572626E+000
 0632  0.3561497817572626E+000
 0633  0.3561497817572626E+000
 0634  0.3561497817572626E+000
 0635  0.3561497817572626E+000
 0636  0.3561497817572626E+000
 0637  0.3561497817572626E+000
 0638  0.3561497817572626E+000
 0639  0.3561497817572626E+000
 0640  0.3561497817572626E+000
 0641  0.3561497817572626E+000
 0642  0.3561497817572626E+000
 0643  0.3561497817572626E+000
 0644  0.3561497817572626E+000
 0645  0.3561497817572626E+000
 0646  0.3561497817572626E+000
 0647  0.3561497817572626E+000
 0648  0.3561497817572626E+000
 0649  0.3561497817572626E+000
 0650  0.3561497817572626E+000
 0651  0.3561497817572626E+000
 0652  0.3561497817572626E+000
 0653  0.3561497817572626E+000
 0654  0.3561497817572626E+000
 0655  0.3561497817572626E+000
 0656  0.3561497817572626E+000
 0657  0.3561497817572626E+000
 0658  0.3561497817572626E+000
 0659  0.3561497817572626E+000
 0660  0.3561497817572626E+000
 0661  0.3561497817572626E+000
 0662  0.3561497817572626E+000
 0663  0.3561497817572626E+000
 0664  0.3561497817572626E+000
 0665  0.3561497817572626E+000
 0666  0.3561497817572626E+000
 0667  0.3561497817572626E+000
 0668  0.3561497817572626E+000
 0669  0.3561497817572626E+000
 0670  0.3561497817572626E+000
 0671  0.3561497817572626E+000
 0672  0.3561497817572626E+000
 0673  0.3561497817572626E+000
 0674  0.3561497817572626E+000
 0675  0.3561497817572626E+000
 0676  0.3561497817572626E+000
 0677  0.3561497817572626E+000
 0678  0.3561497817572626E+000
 0679  0.3561497817572626E+000
 0680  0.3561497817572626E+000
 0681  0.3561497817572626E+000
 0682  0.3561497817572626E+000
 0683  0.3561497817572626E+000
 0684  0.3561497817572626E+000
 0685  0.3561497817572626E+000
 0686  0.3561497817572626E+000
 0687  0.3561497817572626E+000
 0688  0.3561497817572626E+000
 0689  0.3561497817572626E+000
 0690  0.3561497817572626E+000
 0691  0.3561497817572626E+000
 0692  0.3561497817572626E+000
 0693  0.3561497817572626E+000
 0694  0.3561497817572626E+000
 0695  0.3561497817572626E+000
 0696  0.3561497817572626E+000
 0697  0.3561497817572626E+000
 0698  0.3561497817572626E+000
 0699  0.3561497817572626E+000
 0700  0.3561497817572626E+000
 0701  0.3561497817572626E+000
 0702  0.3561497817572626E+000
 0703  0.3561497817572626E+000
 0704  0.3561497817572626E+000
 0705  0.3561497817572626E+000
 0706  0.3561497817572626E+000
 0707  0.3561497817572626E+000
 0708  0.3561497817572626E+000
 0709  0.3561497817572626E+000
 0710  0.3561497817572626E+000
 0711  0.3561497817572626E+000
 0712  0.3561497817572626E+000
 0713  0.3561497817572626E+000
 0714  0.3561497817572626E+000
 0715  0.3561497817572626E+000
 0716  0.3561497817572626E+000
 0717  0.3561497817572626E+000
 0718  0.3561497817572626E+000
 0719  0.3561497817572626E+000
 0720  0.3561497817572626E+000
 0721  0.3561497817572626E+000
 0722  0.3561497817572626E+000
 0723  0.3561497817572626E+000
 0724  0.3561497817572626E+000
 0725  0.3561497817572626E+000
 0726  0.3561497817572626E+000
 0727  0.3561497817572626E+000
 0728  0.3561497817572626E+000
 0729  0.3561497817572626E+000
 0730  0.3561497817572626E+000
 0731  0.3561497817572626E+000
 0732  0.3561497817572626E+000
 0733  0.3561497817572626E+000
 0734  0.3561497817572626E+000
 0735  0.3561497817572626E+000
 0736  0.3561497817572626E+000
 0737  0.3561497817572626E+000
 0738  0.3561497817572626E+000
 0739  0.3561497817572626E+000
 0740  0.3561497817572626E+000
 0741  0.3561497817572626E+000
 0742  0.3561497817572626E+000
 0743  0.3561497817572626E+000
 0744  0.3561497817572626E+000
 0745  0.3561497817572626E+000
 0746  0.3561497817572626E+000
 0747  0.3561497817572626E+000
 0748  0.3561497817572626E+000
 0749  0.3561497817572626E+000
 0750  0.3561497817572626E+000
 0751  0.3561497817572626E+000
 0752  0.3561497817572626E+000
 0753  0.3561497817572626E+000
 0754  0.3561497817572626E+000
 0755  0.3561497817572626E+000
 0756  0.3561497817572626E+000
 0757  0.3561497817572626E+000
 0758  0.3561497817572626E+000
 0759  0.3561497817572626E+000
 0760  0.3561497817572626E+000
 0761  0.3561497817572626E+000
 0762  0.3561497817572626E+000
 0763  0.3561497817572626E+000
 0764  0.3561497817572626E+000
 0765  0.3561497817572626E+000
 0766  0.3561497817572626E+000
 0767  0.3561497817572626E+000
 0768  0.3561497817572626E+000
 0769  0.3561497817572626E+000
 0770  0.3561497817572626E+000
 0771  0.3561497817572626E+000
 0772  0.3561497817572626E+000
 0773  0.3561497817572626E+000
 0774  0.3561497817572626E+000
 0775  0.3561497817572626E+000
 0776  0.3561497817572626E+000
 0777  0.3561497817572626E+000
 0778  0.3561497817572626E+000
 0779  0.3561497817572626E+000
 0780  0.3561497817572626E+000
 0781  0.3561497817572626E+000
 0782  0.3561497817572626E+000
 0783  0.3561497817572626E+000
 0784  0.3561497817572626E+000
 0785  0.3561497817572626E+000
 0786  0.3561497817572626E+000
 0787  0.3561497817572626E+000
 0788  0.3561497817572626E+000
 0789  0.3561497817572626E+000
 0790  0.3561497817572626E+000
 0791  0.3561497817572626E+000
 0792  0.3561497817572626E+000
 0793  0.3561497817572626E+000
 0794  0.3561497817572626E+000
 0795  0.3561497817572626E+000
 0796  0.3561497817572626E+000
 0797  0.3561497817572626E+000
 0798  0.3561497817572626E+000
 0799  0.3561497817572626E+000
 0800  0.3561497817572626E+000
 0801  0.3561497817572626E+000
 0802  0.3561497817572626E+000
 0803  0.3561497817572626E+000
 0804  0.3561497817572626E+000
 0805  0.3561497817572626E+000
 0806  0.3561497817572626E+000
 0807  0.3561497817572626E+000
 0808  0.3561497817572626E+000
 0809  0.3561497817572626E+000
 0810  0.3561497817572626E+000
 0811  0.3561497817572626E+000
 0812  0.3561497817572626E+000
 0813  0.3561497817572626E+000
 0814  0.3561497817572626E+000
 0815  0.3561497817572626E+000
 0816  0.3561497817572626E+000
 0817  0.3561497817572626E+000
 0818  0.3561497817572626E+000
 0819  0.3561497817572626E+000
 0820  0.3561497817572626E+000
 0821  0.3561497817572626E+000
 0822  0.3561497817572626E+000
 0823  0.3561497817572626E+000
 0824  0.3561497817572626E+000
 0825  0.3561497817572626E+000
 0826  0.3561497817572626E+000
 0827  0.3561497817572626E+000
 0828  0.3561497817572626E+000
 0829  0.3561497817572626E+000
 0830  0.3561497817572626E+000
 0831  0.3561497817572626E+000
 0832  0.3561497817572626E+000
 0833  0.3561497817572626E+000
 0834  0.3561497817572626E+000
 0835  0.3561497817572626E+000
 0836  0.3561497817572626E+000
 0837  0.3561497817572626E+000
 0838  0.3561497817572626E+000
 0839  0.3561497817572626E+000
 0840  0.3561497817572626E+000
 0841  0.3561497817572626E+000
 0842  0.3561497817572626E+000
 0843  0.3561497817572626E+000
 0844  0.3561497817572626E+000
 0845  0.3561497817572626E+000
 0846  0.3561497817572626E+000
 0847  0.3561497817572626E+000
 0848  0.3561497817572626E+000
 0849  0.3561497817572626E+000
 0850  0.3561497817572626E+000
 0851  0.3561497817572626E+000
 0852  0.3561497817572626E+000
 0853  0.3561497817572626E+000
 0854  0.3561497817572626E+000
 0855  0.3561497817572626E+000
 0856  0.3561497817572626E+000
 0857  0.3561497817572626E+000
 0858  0.3561497817572626E+000
 0859  0.3561497817572626E+000
 0860  0.3561497817572626E+000
 0861  0.3561497817572626E+000
 0862  0.3561497817572626E+000
 0863  0.3561497817572626E+000
 0864  0.3561497817572626E+000
 0865  0.3561497817572626E+000
 0866  0.3561497817572626E+000
 0867  0.3561497817572626E+000
 0868  0.3561497817572626E+000
 0869  0.3561497817572626E+000
 0870  0.3561497817572626E+000
 0871  0.3561497817572626E+000
 0872  0.3561497817572626E+000
 0873  0.3561497817572626E+000
 0874  0.3561497817572626E+000
 0875  0.3561497817572626E+000
 0876  0.3561497817572626E+000
 0877  0.3561497817572626E+000
 0878  0.3561497817572626E+000
 0879  0.3561497817572626E+000
 0880  0.3561497817572626E+000
 0881  0.3561497817572626E+000
 0882  0.3561497817572626E+000
 0883  0.3561497817572626E+000
 0884  0.3561497817572626E+000
 0885  0.3561497817572626E+000
 0886  0.3561497817572626E+000
 0887  0.3561497817572626E+000
 0888  0.3561497817572626E+000
 0889  0.3561497817572626E+000
 0890  0.3561497817572626E+000
 0891  0.3561497817572626E+000
 0892  0.3561497817572626E+000
 0893  0.3561497817572626E+000
 0894  0.3561497817572626E+000
 0895  0.3561497817572626E+000
 0896  0.3561497817572626E+000
 0897  0.3561497817572626E+000
 0898  0.3561497817572626E+000
 0899  0.3561497817572626E+000
 0900  0.3561497817572626E+000
 0901  0.3561497817572626E+000
 0902  0.3561497817572626E+000
 0903  0.3561497817572626E+000
 0904  0.3561497817572626E+000
 0905  0.3561497817572626E+000
 0906  0.3561497817572626E+000
 0907  0.3561497817572626E+000
 0908  0.3561497817572626E+000
 0909  0.3561497817572626E+000
 0910  0.3561497817572626E+000
 0911  0.3561497817572626E+000
 0912  0.3561497817572626E+000
 0913  0.3561497817572626E+000
 0914  0.3561497817572626E+000
 0915  0.3561497817572626E+000
 0916  0.3561497817572626E+000
 0917  0.3561497817572626E+000
 0918  0.3561497817572626E+000
 0919  0.3561497817572626E+000
 0920  0.3561497817572626E+000
 0921  0.3561497817572626E+000
 0922  0.3561497817572626E+000
 0923  0.3561497817572626E+000
 0924  0.3561497817572626E+000
 0925  0.3561497817572626E+000
 0926  0.3561497817572626E+000
 0927  0.3561497817572626E+000
 0928  0.3561497817572626E+000
 0929  0.3561497817572626E+000
 0930  0.3561497817572626E+000
 0931  0.3561497817572626E+000
 0932  0.3561497817572626E+000
 0933  0.3561497817572626E+000
 0934  0.3561497817572626E+000
 0935  0.3561497817572626E+000
 0936  0.3561497817572626E+000
 0937  0.3561497817572626E+000
 0938  0.3561497817572626E+000
 0939  0.3561497817572626E+000
 0940  0.3561497817572626E+000
 0941  0.3561497817572626E+000
 0942  0.3561497817572626E+000
 0943  0.3561497817572626E+000
 0944  0.3561497817572626E+000
 0945  0.3561497817572626E+000
 0946  0.3561497817572626E+000
 0947  0.3561497817572626E+000
 0948  0.3561497817572626E+000
 0949  0.3561497817572626E+000
 0950  0.3561497817572626E+000
 0951  0.3561497817572626E+000
 0952  0.3561497817572626E+000
 0953  0.3561497817572626E+000
 0954  0.3561497817572626E+000
 0955  0.3561497817572626E+000
 0956  0.3561497817572626E+000
 0957  0.3561497817572626E+000
 0958  0.3561497817572626E+000
 0959  0.3561497817572626E+000
 0960  0.3561497817572626E+000
 0961  0.3561497817572626E+000
 0962  0.3561497817572626E+000
 0963  0.3561497817572626E+000
 0964  0.3561497817572626E+000
 0965  0.3561497817572626E+000
 0966  0.3561497817572626E+000
 0967  0.3561497817572626E+000
 0968  0.3561497817572626E+000
 0969  0.3561497817572626E+000
 0970  0.3561497817572626E+000
 0971  0.3561497817572626E+000
 0972  0.3561497817572626E+000
 0973  0.3561497817572626E+000
 0974  0.3561497817572626E+000
 0975  0.3561497817572626E+000
 0976  0.3561497817572626E+000
 0977  0.3561497817572626E+000
 0978  0.3561497817572626E+000
 0979  0.3561497817572626E+000
 0980  0.3561497817572626E+000
 0981  0.3561497817572626E+000
 0982  0.3561497817572626E+000
 0983  0.3561497817572626E+000
 0984  0.3561497817572626E+000
 0985  0.3561497817572626E+000
 0986  0.3561497817572626E+000
 0987  0.3561497817572626E+000
 0988  0.3561497817572626E+000
 0989  0.3561497817572626E+000
 0990  0.3561497817572626E+000
 0991  0.3561497817572626E+000
 0992  0.3561497817572626E+000
 0993  0.3561497817572626E+000
 0994  0.3561497817572626E+000
 0995  0.3561497817572626E+000
 0996  0.3561497817572626E+000
 0997  0.3561497817572626E+000
 0998  0.3561497817572626E+000
 0999  0.3561497817572626E+000
 1000  0.3561497817572626E+000
