  0.0000000000E+000  0.0000000000E+000
  1.7001682189E+003  1.6789574398E+037
  3.4001467313E+003  1.7060556539E+037
  5.1002210436E+003  1.7104225761E+037
  6.8001551688E+003  1.7199192793E+037
  8.5001486071E+003  1.7058901531E+037
  1.0200183606E+004  1.6859389619E+037
  1.1900181155E+004  1.9180014461E+037
  1.3600259045E+004  2.5762877531E+037
  1.5300184700E+004  3.8214434132E+037
  1.7000143885E+004  6.5790292217E+037
  1.8700258583E+004  1.2687150590E+038
  2.0400146679E+004  1.2906847228E+038
  2.2100212903E+004  1.2608360397E+038
  2.3800148751E+004  1.2244465027E+038
  2.5500194269E+004  1.1899398757E+038
  2.7200252373E+004  1.1583399264E+038
  2.8900209558E+004  1.1303659594E+038
  3.0600151642E+004  1.1061970329E+038
  3.2300191600E+004  1.0819391194E+038
  3.4000144248E+004  1.0575325844E+038
  3.5700159673E+004  1.0371829419E+038
  3.7400140690E+004  1.0179247148E+038
  3.9100186596E+004  9.9977081381E+037
  4.0800140040E+004  9.8163127368E+037
  4.2500150825E+004  9.6598269032E+037
  4.4200239839E+004  9.4962289845E+037
  4.5900164681E+004  9.3324928052E+037
  4.7600143025E+004  9.1818090419E+037
  4.9300208673E+004  9.0437307741E+037
  5.1000168379E+004  8.9080357493E+037
  5.2700180612E+004  8.7798966687E+037
  5.4400168650E+004  8.6662506182E+037
  5.6100229122E+004  8.4696930847E+037
  5.7800207387E+004  8.3055033662E+037
  5.9500170117E+004  8.1601130023E+037
  6.1200245164E+004  8.0374142634E+037
  6.2900156212E+004  7.9265773061E+037
  6.4600245689E+004  7.8233875107E+037
  6.6300258656E+004  7.7241968837E+037
  6.8000221478E+004  7.6304355494E+037
  6.9700188777E+004  7.5421503096E+037
  7.1400198145E+004  7.4583996371E+037
  7.3100137434E+004  7.3788868403E+037
  7.4800140837E+004  7.3014142688E+037
  7.6500234010E+004  7.2270445116E+037
  7.8200217970E+004  7.1627743617E+037
  7.9900155779E+004  7.0952570368E+037
  8.1600236114E+004  7.0304099719E+037
  8.3300169618E+004  6.9681131943E+037
  8.5000245420E+004  6.9060502877E+037
  8.6700238928E+004  6.8450255715E+037
  8.8400251331E+004  6.7866973900E+037
  9.0100244362E+004  6.7308384604E+037
  9.1800230313E+004  6.6772644153E+037
  9.3500191040E+004  6.6257433968E+037
  9.5200256833E+004  6.5752405654E+037
  9.6900162249E+004  6.5261325435E+037
  9.8600188815E+004  6.4787750734E+037
  1.0030025285E+005  6.4331064932E+037
  1.0200016098E+005  6.3890706852E+037
  1.0370014203E+005  6.3467182501E+037
  1.0540021613E+005  6.3058308229E+037
  1.0710021749E+005  6.2657438930E+037
  1.0880025317E+005  6.2266520424E+037
  1.1050024013E+005  6.1884640259E+037
  1.1220016246E+005  6.1515972416E+037
  1.1390018875E+005  6.1160705727E+037
  1.1560021799E+005  6.0817414414E+037
  1.1730020497E+005  6.0485358106E+037
  1.1900021509E+005  6.0162548795E+037
  1.2070020771E+005  5.9842767194E+037
  1.2240022551E+005  5.9528645101E+037
  1.2410019724E+005  5.9222715236E+037
  1.2580014670E+005  5.8925088724E+037
  1.2750014877E+005  5.8629308327E+037
  1.2920018519E+005  5.8342141504E+037
  1.3090013280E+005  5.8060696449E+037
  1.3260017660E+005  5.7791145804E+037
  1.3430017938E+005  5.7529654268E+037
  1.3600016632E+005  5.7273022969E+037
  1.3770025121E+005  5.7021650695E+037
  1.3940014680E+005  5.6776701087E+037
  1.4110024791E+005  5.6536489198E+037
  1.4280013271E+005  5.6303534523E+037
  1.4450017040E+005  5.6077596252E+037
  1.4620022371E+005  5.5858072184E+037
  1.4790020275E+005  5.5644947369E+037
  1.4960018124E+005  5.5438089440E+037
  1.5130015651E+005  5.5234347634E+037
  1.5300025583E+005  5.5035379540E+037
  1.5470021702E+005  5.4840105438E+037
  1.5640020456E+005  5.4648988891E+037
  1.5810014266E+005  5.4462582646E+037
  1.5980019706E+005  5.4281177929E+037
  1.6150017042E+005  5.4100991799E+037
  1.6320013112E+005  5.3928404698E+037
  1.6490014766E+005  5.3760947044E+037
  1.6660022432E+005  5.3598519948E+037
  1.6830015178E+005  5.3441064827E+037
  1.7000020024E+005  5.3287038406E+037
  1.7170016843E+005  5.3137277861E+037
  1.7340021745E+005  5.2992004213E+037
  1.7510016701E+005  5.2849934926E+037
  1.7680014995E+005  5.2711080736E+037
  1.7850024017E+005  5.2575788044E+037
  1.8020014483E+005  5.2441969739E+037
  1.8190016286E+005  5.2312302224E+037
  1.8360025542E+005  5.2187179918E+037
  1.8530022246E+005  5.2066318302E+037
  1.8700013529E+005  5.1948673726E+037
  1.8870021470E+005  5.1833206290E+037
  1.9040023076E+005  5.1654396866E+037
  1.9210014532E+005  5.1482671150E+037
  1.9380013835E+005  5.1345738482E+037
  1.9550021227E+005  5.1223138860E+037
  1.9720020131E+005  5.1110173991E+037
  1.9890017457E+005  5.1004982542E+037
  2.0060020383E+005  5.0902846331E+037
  2.0230016822E+005  5.0807712125E+037
  2.0400025420E+005  5.0719024268E+037
  2.0570024308E+005  5.0635371854E+037
  2.0740017356E+005  5.0556019923E+037
  2.0910017152E+005  5.0481002316E+037
  2.1080017305E+005  5.0406141433E+037
  2.1250013727E+005  5.0337162615E+037
  2.1420018432E+005  5.0273200479E+037
  2.1590019056E+005  5.0213903190E+037
  2.1760020619E+005  5.0159114172E+037
  2.1930014619E+005  5.0108742484E+037
  2.2100013971E+005  5.0059591008E+037
  2.2270016165E+005  5.0015995180E+037
  2.2440017704E+005  4.9976801540E+037
  2.2610015307E+005  4.9941754582E+037
  2.2780021855E+005  4.9910802120E+037
  2.2950014687E+005  4.9883916902E+037
  2.3120023391E+005  4.9855836212E+037
  2.3290022968E+005  4.9834375077E+037
  2.3460013706E+005  4.9817300484E+037
  2.3630018640E+005  4.9804292120E+037
  2.3800020918E+005  4.9795261479E+037
  2.3970020364E+005  4.9790152426E+037
  2.4140018501E+005  4.9786223683E+037
  2.4310016625E+005  4.9787193768E+037
  2.4480017922E+005  4.9792034120E+037
  2.4650023565E+005  4.9800676612E+037
  2.4820017369E+005  4.9813088041E+037
  2.4990023750E+005  4.9829235448E+037
  2.5160015850E+005  4.9843292139E+037
  2.5330018660E+005  4.9864918047E+037
  2.5500020833E+005  4.9890506947E+037
  2.5670025161E+005  4.9919801002E+037
  2.5840019049E+005  4.9952721468E+037
  2.6010014912E+005  4.9986555473E+037
  2.6180024851E+005  5.0023767933E+037
  2.6350021036E+005  5.0065460417E+037
  2.6520015525E+005  5.0110879273E+037
  2.6690022465E+005  5.0159915260E+037
  2.6860017095E+005  5.0212526364E+037
  2.7030013347E+005  5.0266904925E+037
  2.7200024857E+005  5.0323136941E+037
  2.7370024669E+005  5.0383065330E+037
  2.7540024099E+005  5.0445943040E+037
  2.7710023072E+005  5.0511829895E+037
  2.7880021476E+005  5.0580852937E+037
  2.8050019450E+005  5.0651454813E+037
  2.8220018905E+005  5.0725799603E+037
  2.8390020247E+005  5.0803256916E+037
  2.8560022183E+005  5.0883864629E+037
  2.8730025008E+005  5.0967651066E+037
  2.8900014912E+005  5.1054617183E+037
  2.9070016789E+005  5.1142027761E+037
  2.9240018656E+005  5.1232627947E+037
  2.9410021720E+005  5.1327223578E+037
  2.9580025513E+005  5.1425223259E+037
  2.9750017291E+005  5.1526480455E+037
  2.9920023480E+005  5.1630939198E+037
  3.0090016653E+005  5.1732971579E+037
  3.0260022375E+005  5.1809877471E+037
  3.0430015341E+005  5.1876851872E+037
  3.0600021774E+005  5.1956657222E+037
  3.0770015506E+005  5.2044366547E+037
  3.0940023586E+005  5.2138527867E+037
  3.1110019579E+005  5.2236420892E+037
  3.1280015651E+005  5.2338933962E+037
  3.1450025289E+005  5.2444535171E+037
  3.1620021952E+005  5.2553317044E+037
  3.1790018330E+005  5.2665425100E+037
  3.1960015637E+005  5.2780936083E+037
  3.2130013689E+005  5.2897892238E+037
  3.2300025016E+005  5.3019018692E+037
  3.2470024249E+005  5.3143706140E+037
  3.2640024073E+005  5.3271773962E+037
  3.2810023452E+005  5.3403154988E+037
  3.2980023363E+005  5.3537814038E+037
  3.3150024167E+005  5.3672384489E+037
  3.3320024917E+005  5.3811685691E+037
  3.3490013111E+005  5.3954267286E+037
  3.3660015568E+005  5.4100080093E+037
  3.3830018079E+005  5.4248919572E+037
  3.4000020497E+005  5.4397877217E+037
  3.4170023671E+005  5.4547269709E+037
  3.4340014089E+005  5.4698281011E+037
  3.4510017557E+005  5.4851215285E+037
  3.4680021851E+005  5.5006357865E+037
  3.4850013670E+005  5.5163889122E+037
  3.5020018572E+005  5.5323058233E+037
  3.5190024028E+005  5.5484304027E+037
  3.5360016640E+005  5.5648219381E+037
  3.5530022380E+005  5.5814781536E+037
  3.5700015530E+005  5.5983870206E+037
  3.5870022059E+005  5.6155471986E+037
  3.6040015679E+005  5.6327755212E+037
  3.6210023078E+005  5.6502558196E+037
  3.6380017477E+005  5.6679009775E+037
  3.6550024880E+005  5.6855220609E+037
  3.6720019798E+005  5.7031647718E+037
  3.6890014789E+005  5.7209089800E+037
  3.7060022724E+005  5.7387051265E+037
  3.7230018098E+005  5.7566762598E+037
  3.7400013799E+005  5.7748237011E+037
  3.7570022410E+005  5.7931593120E+037
  3.7740018242E+005  5.8116880301E+037
  3.7910014560E+005  5.8304125400E+037
  3.8080023960E+005  5.8490788087E+037
  3.8250020524E+005  5.8679386223E+037
  3.8420017784E+005  5.8867756629E+037
  3.8590015134E+005  5.9054840290E+037
  3.8760025993E+005  5.9243772040E+037
  3.8930024442E+005  5.9432080486E+037
  3.9100023014E+005  5.9617420251E+037
  3.9270022244E+005  5.9803745658E+037
  3.9440022322E+005  5.9991046258E+037
  3.9610022715E+005  6.0179609216E+037
  3.9780024333E+005  6.0369607229E+037
  3.9950014101E+005  6.0561113299E+037
  4.0120017547E+005  6.0750590339E+037
  4.0290022314E+005  6.0943273230E+037
  4.0460015260E+005  6.1137801721E+037
  4.0630021808E+005  6.1334066225E+037
  4.0800016414E+005  6.1531916848E+037
  4.0970025609E+005  6.1731295044E+037
  4.1140022418E+005  6.1929322344E+037
  4.1310020205E+005  6.2129226736E+037
  4.1480019467E+005  6.2326894653E+037
  4.1650019469E+005  6.2522397667E+037
  4.1820019981E+005  6.2717439009E+037
  4.1990021837E+005  6.2912957676E+037
  4.2160024519E+005  6.3107129006E+037
  4.2330014513E+005  6.3303167549E+037
  4.2500018795E+005  6.3500442819E+037
  4.2670023942E+005  6.3698961009E+037
  4.2840016259E+005  6.3898689911E+037
  4.3010022576E+005  6.4097817305E+037
  4.3180016620E+005  6.4297967870E+037
  4.3350024103E+005  6.4499739963E+037
  4.3520019375E+005  6.4702549895E+037
  4.3690015446E+005  6.4906330344E+037
  4.3860024986E+005  6.5111032558E+037
  4.4030022203E+005  6.5314987710E+037
  4.4200019975E+005  6.5515817399E+037
  4.4370017936E+005  6.5713257913E+037
  4.4540016611E+005  6.5909211054E+037
  4.4710015963E+005  6.6104851391E+037
  4.4880015625E+005  6.6300672809E+037
  4.5050015882E+005  6.6495244639E+037
  4.5220016881E+005  6.6689747961E+037
  4.5390017975E+005  6.6885052625E+037
  4.5560019231E+005  6.7080974996E+037
  4.5730021128E+005  6.7277420301E+037
  4.5900023259E+005  6.7474322970E+037
  4.6070025403E+005  6.7669578644E+037
  4.6240015180E+005  6.7865205009E+037
  4.6410018471E+005  6.8061466457E+037
  4.6580021624E+005  6.8258165130E+037
  4.6750025219E+005  6.8455213152E+037
  4.6920016039E+005  6.8652528523E+037
  4.7090019937E+005  6.8848033800E+037
  4.7260024264E+005  6.9042754629E+037
  4.7430015745E+005  6.9229335605E+037
  4.7600020486E+005  6.9410363679E+037
  4.7770025588E+005  6.9591539724E+037
  4.7940017644E+005  6.9773448229E+037
  4.8110022926E+005  6.9953933392E+037
  4.8280015572E+005  7.0135544217E+037
  4.8450021488E+005  7.0318005817E+037
  4.8620014356E+005  7.0501113864E+037
  4.8790020920E+005  7.0684782139E+037
  4.8960014686E+005  7.0868876289E+037
  4.9130021426E+005  7.1050300110E+037
  4.9300015493E+005  7.1233847482E+037
  4.9470023283E+005  7.1417709957E+037
  4.9640017942E+005  7.1601744091E+037
  4.9810026117E+005  7.1785907954E+037
  4.9980022080E+005  7.1970114844E+037
  5.0150018166E+005  7.2152595619E+037
  5.0320014552E+005  7.2335099952E+037
  5.0490024926E+005  7.2517417338E+037
  5.0660022412E+005  7.2699591303E+037
  5.0830020322E+005  7.2881632877E+037
  5.1000019171E+005  7.3061690322E+037
  5.1170018438E+005  7.3234695014E+037
  5.1340018369E+005  7.3405460645E+037
  5.1510019285E+005  7.3575371314E+037
  5.1680020729E+005  7.3745052517E+037
  5.1850022887E+005  7.3914724160E+037
  5.2020026091E+005  7.4086211528E+037
  5.2190016818E+005  7.4259488924E+037
  5.2360021345E+005  7.4432323521E+037
  5.2530013873E+005  7.4605001496E+037
  5.2700020195E+005  7.4777454190E+037
  5.2870013925E+005  7.4949611403E+037
  5.3040021789E+005  7.5081379734E+037
  5.3210017382E+005  7.5258261070E+037
  5.3380013421E+005  7.5434097487E+037
  5.3550023541E+005  7.5609343249E+037
  5.3720021551E+005  7.5784085353E+037
  5.3890019874E+005  7.5958342045E+037
  5.4060019000E+005  7.6135659072E+037
  5.4230019038E+005  7.6313752183E+037
  5.4400019347E+005  7.6491123362E+037
  5.4570020364E+005  7.6667931081E+037
  5.4740022306E+005  7.6844138366E+037
  5.4910024665E+005  7.7019727334E+037
  5.5080014513E+005  7.7198779060E+037
  5.5250018307E+005  7.7378473604E+037
  5.5420022546E+005  7.7557509676E+037
  5.5590014168E+005  7.7735328030E+037
  5.5760019577E+005  7.7906401969E+037
  5.5930025455E+005  7.8073330010E+037
  5.6100018736E+005  7.8244648563E+037
  5.6270025708E+005  7.8416053236E+037
  5.6440019997E+005  7.8587014424E+037
  5.6610014708E+005  7.8757688119E+037
  5.6780023071E+005  7.8928171928E+037
  5.6950018654E+005  7.9098541365E+037
  5.7120014535E+005  7.9276905055E+037
  5.7290024120E+005  7.9456055676E+037
  5.7460020882E+005  7.9642433146E+037
  5.7630017822E+005  7.9865665239E+037
  5.7800015395E+005  8.0295569574E+037
  5.7970013247E+005  8.2203814988E+037
  5.8140024233E+005  9.5645568954E+037
  5.8310022697E+005  2.0176537983E+038
  5.8480021620E+005  3.3592145153E+039
  5.8650020516E+005  4.1120300094E+039
  5.8820019916E+005  5.4225706949E+039
  5.8990019790E+005  7.8702880057E+039
  5.9160019705E+005  1.2171129473E+040
  5.9330019923E+005  1.9389847143E+040
  5.9500020579E+005  2.5900901878E+040
  5.9670021402E+005  4.7530594604E+040
  5.9840022545E+005  9.4268776821E+040
  6.0010024152E+005  1.1539959532E+041
  6.0180026019E+005  3.2453843944E+041
  6.0350015110E+005  6.5126448733E+041
  6.0520017824E+005  1.2145536666E+042
  6.0690020715E+005  2.1327915993E+042
  6.0860023993E+005  3.4743673633E+042
  6.1030014848E+005  5.1311935531E+042
  6.1200018909E+005  6.7104368298E+042
  6.1370023377E+005  9.1499045812E+042
  6.1540015594E+005  1.1911979708E+043
  6.1710021149E+005  1.4745057986E+043
  6.1880013894E+005  1.7711579229E+043
  6.2050020713E+005  2.0538741951E+043
  6.2220014850E+005  2.3100023223E+043
  6.2390022382E+005  2.5297930387E+043
  6.2560017705E+005  2.6193099028E+043
  6.2730013693E+005  2.8352095759E+043
  6.2900023141E+005  2.9141972577E+043
  6.3070020265E+005  2.9387907535E+043
  6.3240018226E+005  2.9148297044E+043
  6.3410016690E+005  2.8478500328E+043
  6.3580015864E+005  2.7453757702E+043
  6.3750015941E+005  2.6155573654E+043
  6.3920016630E+005  2.4662160813E+043
  6.4090018001E+005  2.3052310267E+043
  6.4260020223E+005  2.1390161014E+043
  6.4430022934E+005  1.9957223628E+043
  6.4600013272E+005  1.8260473330E+043
  6.4770017534E+005  1.6661306193E+043
  6.4940022231E+005  1.5172285593E+043
  6.5110014531E+005  1.3796480500E+043
  6.5280020821E+005  1.2541621496E+043
  6.5450014369E+005  1.1402210591E+043
  6.5620021671E+005  1.0370148302E+043
  6.5790016750E+005  9.4467309255E+042
  6.5960025312E+005  8.6251719877E+042
  6.6130021312E+005  7.8916863943E+042
  6.6300018115E+005  7.2300807853E+042
  6.6470015361E+005  6.6344904024E+042
  6.6640013106E+005  6.1130565719E+042
  6.6810024617E+005  5.6606840581E+042
  6.6980023612E+005  5.2671895552E+042
  6.7150023028E+005  4.9210082734E+042
  6.7320023038E+005  4.6124626026E+042
  6.7490023616E+005  4.3363205726E+042
  6.7660024554E+005  4.0970645574E+042
  6.7830025996E+005  3.8900687243E+042
  6.8000014846E+005  3.7083978085E+042
  6.8170017101E+005  3.7577329216E+042
  6.8340019850E+005  3.5538161742E+042
  6.8510023108E+005  3.3723007639E+042
  6.8680013492E+005  3.2069689232E+042
  6.8850017504E+005  3.0525785145E+042
  6.9020021980E+005  2.9073474089E+042
  6.9190013453E+005  2.7782503343E+042
  6.9360018561E+005  2.6704651904E+042
  6.9530024100E+005  2.5783376989E+042
  6.9700016617E+005  2.4980219062E+042
  6.9870022743E+005  2.4261791430E+042
  7.0040016247E+005  2.3610276289E+042
  7.0210022954E+005  2.3016985096E+042
  7.0380016973E+005  2.2456576746E+042
  7.0550024661E+005  2.1923537435E+042
  7.0720019364E+005  2.1411113466E+042
  7.0890014351E+005  2.0911805506E+042
  7.1060023053E+005  2.0418757699E+042
  7.1230018902E+005  1.9936349301E+042
  7.1400014898E+005  1.9458646664E+042
  7.1570024631E+005  1.8970045226E+042
  7.1740021691E+005  1.8505406718E+042
  7.1910018873E+005  1.8138999823E+042
  7.2080016676E+005  1.7853898607E+042
  7.2250015044E+005  1.7591932320E+042
  7.2420013612E+005  1.7333750549E+042
  7.2590025887E+005  1.7086505695E+042
  7.2760025604E+005  1.6841539421E+042
  7.2930025595E+005  1.6596551265E+042
  7.3100026201E+005  1.6360911249E+042
  7.3270014237E+005  1.6130534823E+042
  7.3440015755E+005  1.5899754349E+042
  7.3610017983E+005  1.5670517012E+042
  7.3780020834E+005  1.5444595997E+042
  7.3950024055E+005  1.5226706572E+042
  7.4120014931E+005  1.5017873464E+042
  7.4290019627E+005  1.4809855821E+042
  7.4460024691E+005  1.4599635377E+042
  7.4630017283E+005  1.4393649782E+042
  7.4800023881E+005  1.4196519583E+042
  7.4970017846E+005  1.4006331723E+042
  7.5140025434E+005  1.3818379691E+042
  7.5310020848E+005  1.3627757352E+042
  7.5480016902E+005  1.3430689744E+042
  7.5650013357E+005  1.3228175926E+042
  7.5820023780E+005  1.3025672890E+042
  7.5990021804E+005  1.2824366809E+042
  7.6160020254E+005  1.2620350528E+042
  7.6330019462E+005  1.2412142302E+042
  7.6500019264E+005  1.2211195850E+042
  7.6670019619E+005  1.2052086199E+042
  7.6840020630E+005  1.1971997472E+042
  7.7010022150E+005  1.1926421181E+042
  7.7180024263E+005  1.1872307188E+042
  7.7350013981E+005  1.1807201875E+042
  7.7520017243E+005  1.1738237774E+042
  7.7690021052E+005  1.1658973239E+042
  7.7860025560E+005  1.1571689869E+042
  7.8030017390E+005  1.1487056644E+042
  7.8200022730E+005  1.1411624391E+042
  7.8370015620E+005  1.1339330454E+042
  7.8540022197E+005  1.1260724101E+042
  7.8710015968E+005  1.1176366656E+042
  7.8880023398E+005  1.1093969705E+042
  7.9050018403E+005  1.1019766621E+042
  7.9220013653E+005  1.0950355961E+042
  7.9390022395E+005  1.0878300187E+042
  7.9560018686E+005  1.0800932411E+042
  7.9730015201E+005  1.0720226719E+042
  7.9900025180E+005  1.0639517614E+042
  8.0070022665E+005  1.0559711390E+042
  8.0240020449E+005  1.0480618137E+042
  8.0410018552E+005  1.0404037258E+042
  8.0580017249E+005  1.0332743597E+042
  8.0750016200E+005  1.0267788264E+042
  8.0920015486E+005  1.0206572182E+042
  8.1090015307E+005  1.0143829259E+042
  8.1260015369E+005  1.0076140583E+042
  8.1430015745E+005  1.0003686015E+042
  8.1600016650E+005  9.9288025272E+041
  8.1770017854E+005  9.8545635135E+041
  8.1940019293E+005  9.7832750900E+041
  8.2110021273E+005  9.7158479686E+041
  8.2280023674E+005  9.6522051804E+041
  8.2450013155E+005  9.5917628239E+041
  8.2620016259E+005  9.5337257849E+041
  8.2790019888E+005  9.4772604824E+041
  8.2960023639E+005  9.4211809418E+041
  8.3130014763E+005  9.3641649996E+041
  8.3300019628E+005  9.3054840935E+041
  8.3470024662E+005  9.2454686985E+041
  8.3640017073E+005  9.1852551528E+041
  8.3810023321E+005  9.1261388986E+041
  8.3980016736E+005  9.0689527428E+041
  8.4150023718E+005  9.0137251116E+041
  8.4320018331E+005  8.9599710574E+041
  8.4490013299E+005  8.9072193473E+041
  8.4660021824E+005  8.8555105844E+041
  8.4830017935E+005  8.8054310909E+041
  8.5000014541E+005  8.7575574620E+041
  8.5170024741E+005  8.7121187595E+041
  8.5340022491E+005  8.6687883755E+041
  8.5510020841E+005  8.6268022252E+041
  8.5680019706E+005  8.5852534699E+041
  8.5850019225E+005  8.5434643639E+041
  8.6020019374E+005  8.5009917382E+041
  8.6190020084E+005  8.4576581330E+041
  8.6360021477E+005  8.4134254974E+041
  8.6530023451E+005  8.3683208588E+041
  8.6700025948E+005  8.3223958448E+041
  8.6870016082E+005  8.2758619317E+041
  8.7040019917E+005  8.2291878410E+041
  8.7210024196E+005  8.1829564633E+041
  8.7380016164E+005  8.1377279539E+041
  8.7550021892E+005  8.0939108608E+041
  8.7720014889E+005  8.0516333834E+041
  8.7890021699E+005  8.0106451770E+041
  8.8060016075E+005  7.9704412226E+041
  8.8230023916E+005  7.9305842306E+041
  8.8400019250E+005  7.8906272327E+041
  8.8570015264E+005  7.8502371344E+041
  8.8740024880E+005  7.8092582143E+041
  8.8910021883E+005  7.7676721612E+041
  8.9080019515E+005  7.7255577627E+041
  8.9250017652E+005  7.6829863696E+041
  8.9420016272E+005  7.6399599873E+041
  8.9590015424E+005  7.5964157595E+041
  8.9760015031E+005  7.5522153611E+041
  8.9930015132E+005  7.5074796138E+041
  9.0100015807E+005  7.4628930680E+041
  9.0270016838E+005  7.4197707144E+041
  9.0440018304E+005  7.3803200806E+041
  9.0610020428E+005  7.3476392501E+041
  9.0780022805E+005  7.3250518451E+041
  9.0950025491E+005  7.3146908891E+041
  9.1120015799E+005  7.3155246221E+041
  9.1290019511E+005  7.3221911686E+041
  9.1460023392E+005  7.3291494508E+041
  9.1630014819E+005  7.3333293761E+041
  9.1800019751E+005  7.3334494748E+041
  9.1970024835E+005  7.3290852671E+041
  9.2140017304E+005  7.3203334175E+041
  9.2310023460E+005  7.3078135907E+041
  9.2480016726E+005  7.2926456327E+041
  9.2650023480E+005  7.2760778336E+041
  9.2820017698E+005  7.2591594087E+041
  9.2990025305E+005  7.2424167019E+041
  9.3160020078E+005  7.2258453145E+041
  9.3330015397E+005  7.2090617338E+041
  9.3500024163E+005  7.1917164988E+041
  9.3670020125E+005  7.1737207660E+041
  9.3840016675E+005  7.1551552584E+041
  9.4010013534E+005  7.1361889621E+041
  9.4180023863E+005  7.1169623774E+041
  9.4350021689E+005  7.0976233091E+041
  9.4520019816E+005  7.0783626293E+041
  9.4690018301E+005  7.0594164797E+041
  9.4860017451E+005  7.0410376427E+041
  9.5030016957E+005  7.0234463067E+041
  9.5200016836E+005  7.0066856224E+041
  9.5370017373E+005  6.9905571390E+041
  9.5540018383E+005  6.9746441167E+041
  9.5710019773E+005  6.9585573820E+041
  9.5880021801E+005  6.9420062388E+041
  9.6050024408E+005  6.9248413072E+041
  9.6220014338E+005  6.9070620180E+041
  9.6390017944E+005  6.8887796411E+041
  9.6560022201E+005  6.8701341090E+041
  9.6730013810E+005  6.8512613899E+041
  9.6900019057E+005  6.8323423211E+041
  9.7070025009E+005  6.8135905030E+041
  9.7240018364E+005  6.7952164567E+041
  9.7410025366E+005  6.7774119929E+041
  9.7580020013E+005  6.7603458455E+041
  9.7750015166E+005  6.7440963236E+041
  9.7920023984E+005  6.7286498487E+041
  9.8090020409E+005  6.7138942565E+041
  9.8260017288E+005  6.6996217832E+041
  9.8430014784E+005  6.6855802722E+041
  9.8600026058E+005  6.6715368939E+041
  9.8770024675E+005  6.6573254590E+041
  9.8940023936E+005  6.6428484095E+041
  9.9110023829E+005  6.6280739533E+041
  9.9280024141E+005  6.6130280385E+041
  9.9450025065E+005  6.5977528861E+041
  9.9620013514E+005  6.5822931647E+041
  9.9790015464E+005  6.5667057705E+041
  9.9960017954E+005  6.5510671975E+041
  1.0013002109E+006  6.5354603496E+041
  1.0030002467E+006  6.5199772263E+041
  1.0047001555E+006  6.5047162287E+041
  1.0064002018E+006  6.4897561219E+041
  1.0081002539E+006  6.4751635532E+041
  1.0098001778E+006  6.4609870566E+041
  1.0115002388E+006  6.4472387111E+041
  1.0132001750E+006  6.4338917483E+041
  1.0149002445E+006  6.4208875212E+041
  1.0166001878E+006  6.4081480116E+041
  1.0183001372E+006  6.3955738204E+041
  1.0200002202E+006  6.3830860539E+041
  1.0217001767E+006  6.3706269904E+041
  1.0234001390E+006  6.3581415782E+041
  1.0251002353E+006  6.3456050120E+041
  1.0268002049E+006  6.3330103929E+041
  1.0285001793E+006  6.3203588806E+041
  1.0302001564E+006  6.3076611185E+041
  1.0319001379E+006  6.2949284400E+041
  1.0336002552E+006  6.2821710107E+041
  1.0353002441E+006  6.2694087286E+041
  1.0370002370E+006  6.2566607682E+041
  1.0387002352E+006  6.2439453170E+041
  1.0404002368E+006  6.2312881023E+041
  1.0421002409E+006  6.2187173847E+041
  1.0438002512E+006  6.2062584146E+041
  1.0455001345E+006  6.1939277539E+041
  1.0472001507E+006  6.1817385102E+041
  1.0489001723E+006  6.1696990676E+041
  1.0506001997E+006  6.1578058481E+041
  1.0523002284E+006  6.1460468576E+041
  1.0540002620E+006  6.1344032476E+041
  1.0557001705E+006  6.1228566314E+041
  1.0574002129E+006  6.1113923798E+041
  1.0591002597E+006  6.0999861717E+041
  1.0608001814E+006  6.0886102473E+041
  1.0625002384E+006  6.0772421514E+041
  1.0642001686E+006  6.0658741587E+041
  1.0659002351E+006  6.0545040487E+041
  1.0676001750E+006  6.0431401399E+041
  1.0693002514E+006  6.0317911165E+041
  1.0710002018E+006  6.0204677959E+041
  1.0727001573E+006  6.0091818627E+041
  1.0744002494E+006  5.9979477207E+041
  1.0761002166E+006  5.9867811547E+041
  1.0778001882E+006  5.9756948060E+041
  1.0795001650E+006  5.9647004965E+041
  1.0812001486E+006  5.9538064959E+041
  1.0829001368E+006  5.9430261411E+041
  1.0846002609E+006  5.9323708732E+041
  1.0863002614E+006  5.9218562980E+041
  1.0880001360E+006  5.9114945652E+041
  1.0897001461E+006  5.9012842624E+041
  1.0914001633E+006  5.8912280997E+041
  1.0931001864E+006  5.8813175430E+041
  1.0948002141E+006  5.8715469536E+041
  1.0965002485E+006  5.8619066729E+041
  1.0982001577E+006  5.8523846346E+041
  1.0999002027E+006  5.8429642842E+041
  1.1016002540E+006  5.8336284432E+041
  1.1033001794E+006  5.8243594059E+041
  1.1050002411E+006  5.8151360540E+041
  1.1067001776E+006  5.8059405652E+041
  1.1084002509E+006  5.7967560692E+041
  1.1101001977E+006  5.7875705006E+041
  1.1118001502E+006  5.7783739228E+041
  1.1135002397E+006  5.7691582818E+041
  1.1152002016E+006  5.7599220277E+041
  1.1169001686E+006  5.7506587264E+041
  1.1186001419E+006  5.7413638829E+041
  1.1203002498E+006  5.7320417005E+041
  1.1220002311E+006  5.7228454382E+041
  1.1237002193E+006  5.7137673377E+041
  1.1254002107E+006  5.7046731636E+041
  1.1271002063E+006  5.6955698287E+041
  1.1288002085E+006  5.6864724496E+041
  1.1305002139E+006  5.6773857715E+041
  1.1322002226E+006  5.6683149549E+041
  1.1339002377E+006  5.6592652725E+041
  1.1356002564E+006  5.6502426911E+041
  1.1373001470E+006  5.6412529462E+041
  1.1390001739E+006  5.6322935533E+041
  1.1407002055E+006  5.6233731396E+041
  1.1424002396E+006  5.6144990486E+041
  1.1441001472E+006  5.6056787091E+041
  1.1458001914E+006  5.5969169788E+041
  1.1475002383E+006  5.5882208288E+041
  1.1492001577E+006  5.5795957379E+041
  1.1509002139E+006  5.5710450016E+041
  1.1526001420E+006  5.5625740826E+041
  1.1543002043E+006  5.5541847096E+041
  1.1560001413E+006  5.5458792371E+041
  1.1577002129E+006  5.5376514275E+041
  1.1594001571E+006  5.5295021719E+041
  1.1611002380E+006  5.5214316256E+041
  1.1628001908E+006  5.5134413776E+041
  1.1645001477E+006  5.5055308276E+041
  1.1662002409E+006  5.4976970597E+041
  1.1679002061E+006  5.4899389253E+041
  1.1696001758E+006  5.4822535290E+041
  1.1713001513E+006  5.4746394104E+041
  1.1730002615E+006  5.4670942640E+041
  1.1747002449E+006  5.4596129544E+041
  1.1764002341E+006  5.4521901438E+041
  1.1781002280E+006  5.4448259604E+041
  1.1798002257E+006  5.4375205312E+041
  1.1815002290E+006  5.4302735561E+041
  1.1832002384E+006  5.4230847139E+041
  1.1849002518E+006  5.4159538302E+041
  1.1866001390E+006  5.4088811065E+041
  1.1883001640E+006  5.4018649909E+041
  1.1900001938E+006  5.3949036605E+041
  1.1917002283E+006  5.3879925601E+041
  1.1934001382E+006  5.3811330871E+041
  1.1951001844E+006  5.3743242138E+041
  1.1968002363E+006  5.3675665088E+041
  1.1985001627E+006  5.3608604600E+041
  1.2002002249E+006  5.3542046560E+041
  1.2019001624E+006  5.3475994654E+041
  1.2036002365E+006  5.3410433311E+041
  1.2053001833E+006  5.3345330526E+041
  1.2070001372E+006  5.3280667006E+041
  1.2087002285E+006  5.3216447191E+041
  1.2104001925E+006  5.3152686771E+041
  1.2121001628E+006  5.3089381973E+041
  1.2138001398E+006  5.3026533763E+041
  1.2155002519E+006  5.2964138475E+041
  1.2172002377E+006  5.2902203661E+041
  1.2189002301E+006  5.2840685986E+041
  1.2206002276E+006  5.2779519694E+041
  1.2223002291E+006  5.2718712871E+041
  1.2240002369E+006  5.2658272849E+041
  1.2257002505E+006  5.2598196741E+041
  1.2274001363E+006  5.2538484092E+041
  1.2291001589E+006  5.2479116349E+041
  1.2308001872E+006  5.2420075090E+041
  1.2325002190E+006  5.2361317928E+041
  1.2342002563E+006  5.2302837659E+041
  1.2359001676E+006  5.2244628607E+041
  1.2376002134E+006  5.2186670940E+041
  1.2393001336E+006  5.2128964127E+041
  1.2410001901E+006  5.2071488541E+041
