 0017   0.100733E+00   0.244214E+10   0.242435E+11   0.343498E+09   0.599897E+13
 0018   0.104954E+00   0.244926E+10   0.168892E+10   0.358935E+09   0.592543E+13
 0019   0.114997E+00   0.245932E+10   0.100096E+10   0.356707E+09   0.585062E+13
 0020   0.124607E+00   0.246923E+10   0.103104E+10   0.357090E+09   0.577465E+13
 0021   0.134687E+00   0.247945E+10   0.101472E+10   0.357090E+09   0.569751E+13
 0022   0.145678E+00   0.249009E+10   0.967332E+09   0.356258E+09   0.561919E+13
 0023   0.157409E+00   0.250112E+10   0.940246E+09   0.354773E+09   0.553968E+13
 0024   0.169764E+00   0.251246E+10   0.918031E+09   0.353239E+09   0.545899E+13
 0025   0.182769E+00   0.252416E+10   0.899738E+09   0.351434E+09   0.537712E+13
 0026   0.194203E+00   0.253536E+10   0.979602E+09   0.353990E+09   0.529410E+13
 0027   0.208710E+00   0.254781E+10   0.858551E+09   0.351522E+09   0.520986E+13
 0028   0.221349E+00   0.255971E+10   0.941300E+09   0.353637E+09   0.512448E+13
 0029   0.237312E+00   0.257290E+10   0.826057E+09   0.350929E+09   0.503787E+13
 0030   0.251341E+00   0.258556E+10   0.902229E+09   0.352549E+09   0.495013E+13
 0031   0.269126E+00   0.259962E+10   0.790695E+09   0.349203E+09   0.486116E+13
 0032   0.284647E+00   0.261305E+10   0.865458E+09   0.350522E+09   0.477108E+13
 0033   0.304281E+00   0.262802E+10   0.762199E+09   0.346780E+09   0.467978E+13
 0034   0.321571E+00   0.264233E+10   0.828009E+09   0.347621E+09   0.458737E+13
 0035   0.339731E+00   0.265710E+10   0.813216E+09   0.348215E+09   0.449382E+13
 0036   0.358690E+00   0.267230E+10   0.801906E+09   0.348715E+09   0.439913E+13
 0037   0.382651E+00   0.268925E+10   0.707255E+09   0.344160E+09   0.430326E+13
 0038   0.403763E+00   0.270547E+10   0.768427E+09   0.344229E+09   0.420632E+13
 0039   0.425971E+00   0.272222E+10   0.754062E+09   0.344095E+09   0.410829E+13
 0040   0.449217E+00   0.273948E+10   0.742632E+09   0.343861E+09   0.400917E+13
 0041   0.473549E+00   0.275730E+10   0.732086E+09   0.343466E+09   0.390898E+13
 0042   0.499137E+00   0.277571E+10   0.719475E+09   0.342839E+09   0.380774E+13
 0043   0.526097E+00   0.279474E+10   0.705884E+09   0.342011E+09   0.370547E+13
 0044   0.554419E+00   0.281440E+10   0.694118E+09   0.341055E+09   0.360219E+13
 0045   0.584117E+00   0.283471E+10   0.683994E+09   0.339975E+09   0.349792E+13
 0046   0.608945E+00   0.285401E+10   0.777389E+09   0.343627E+09   0.339277E+13
 0047   0.641475E+00   0.287566E+10   0.665493E+09   0.342225E+09   0.328661E+13
 0048   0.675706E+00   0.289806E+10   0.654313E+09   0.340689E+09   0.317955E+13
 0049   0.711707E+00   0.292124E+10   0.644055E+09   0.338975E+09   0.307161E+13
 0050   0.749615E+00   0.294527E+10   0.633909E+09   0.337086E+09   0.296283E+13
 0051   0.781401E+00   0.296812E+10   0.718914E+09   0.340043E+09   0.285333E+13
 0052   0.823072E+00   0.299380E+10   0.616195E+09   0.337949E+09   0.274298E+13
 0053   0.866889E+00   0.302041E+10   0.607328E+09   0.335775E+09   0.263190E+13
 0054   0.903533E+00   0.304576E+10   0.691837E+09   0.338423E+09   0.252022E+13
 0055   0.951712E+00   0.307430E+10   0.592291E+09   0.336021E+09   0.240782E+13
 0056   0.100276E+01   0.310403E+10   0.582466E+09   0.333328E+09   0.229481E+13
 0057   0.104562E+01   0.313230E+10   0.659441E+09   0.335655E+09   0.218136E+13
 0058   0.110175E+01   0.316420E+10   0.568334E+09   0.332918E+09   0.206731E+13
 0059   0.114869E+01   0.319458E+10   0.647153E+09   0.335211E+09   0.195294E+13
 0060   0.121010E+01   0.322877E+10   0.556798E+09   0.332684E+09   0.183808E+13
 0061   0.127463E+01   0.326436E+10   0.551522E+09   0.330152E+09   0.179222E+13
 0062   0.132837E+01   0.329828E+10   0.631141E+09   0.332640E+09   0.167686E+13
 0063   0.139795E+01   0.333646E+10   0.548813E+09   0.330500E+09   0.163040E+13
 0064   0.147061E+01   0.337603E+10   0.544604E+09   0.328738E+09   0.158361E+13
 0065   0.153105E+01   0.341379E+10   0.624636E+09   0.332059E+09   0.153672E+13
 0066   0.160873E+01   0.345630E+10   0.547321E+09   0.330851E+09   0.148936E+13
 0067   0.168902E+01   0.350037E+10   0.548847E+09   0.330153E+09   0.144175E+13
 0068   0.177184E+01   0.354604E+10   0.551477E+09   0.330068E+09   0.139388E+13
 0069   0.185735E+01   0.359351E+10   0.555049E+09   0.330476E+09   0.131155E+13
 0070   0.194571E+01   0.364298E+10   0.559928E+09   0.331348E+09   0.126363E+13
 0071   0.205540E+01   0.369814E+10   0.502852E+09   0.328633E+09   0.121515E+13
 0072   0.214961E+01   0.375179E+10   0.569523E+09   0.330701E+09   0.116712E+13
 0073   0.226640E+01   0.381148E+10   0.511101E+09   0.329678E+09   0.111861E+13
 0074   0.238713E+01   0.387383E+10   0.516413E+09   0.329547E+09   0.107013E+13
 0075   0.251210E+01   0.393913E+10   0.522488E+09   0.330226E+09   0.102172E+13
 0076   0.264132E+01   0.400767E+10   0.530441E+09   0.331576E+09   0.973446E+12
 0077   0.279750E+01   0.408388E+10   0.487930E+09   0.330765E+09   0.924937E+12
 0078   0.295917E+01   0.416438E+10   0.498005E+09   0.330981E+09   0.876695E+12
 0079   0.312656E+01   0.424954E+10   0.508712E+09   0.332362E+09   0.828818E+12
 0080   0.329954E+01   0.433999E+10   0.522906E+09   0.335062E+09   0.781384E+12
 0081   0.350408E+01   0.444146E+10   0.496093E+09   0.336054E+09   0.734126E+12
 0082   0.371640E+01   0.455018E+10   0.512035E+09   0.338310E+09   0.687553E+12
 0083   0.396540E+01   0.467223E+10   0.490154E+09   0.339605E+09   0.641446E+12
 0084   0.422314E+01   0.480386E+10   0.510734E+09   0.342712E+09   0.596273E+12
 0085   0.452125E+01   0.495268E+10   0.499182E+09   0.345054E+09   0.551862E+12
 0086   0.483202E+01   0.511505E+10   0.522475E+09   0.349843E+09   0.508624E+12
 0087   0.521894E+01   0.530643E+10   0.494653E+09   0.352925E+09   0.466307E+12
 0088   0.562626E+01   0.551932E+10   0.522642E+09   0.358980E+09   0.425710E+12
 0089   0.608582E+01   0.576555E+10   0.535786E+09   0.371856E+09   0.387206E+12
 0090   0.668002E+01   0.608427E+10   0.536395E+09   0.388082E+09   0.351075E+12
 0091   0.751132E+01   0.652687E+10   0.532421E+09   0.378311E+09   0.317465E+12
 0092   0.831431E+01   0.696447E+10   0.544960E+09   0.374633E+09   0.287021E+12
 0093   0.921145E+01   0.742812E+10   0.516807E+09   0.371728E+09   0.259083E+12
 0094   0.101626E+02   0.791607E+10   0.512990E+09   0.369459E+09   0.233486E+12
 0095   0.112738E+02   0.844792E+10   0.478643E+09   0.365101E+09   0.209907E+12
 0096   0.124599E+02   0.900828E+10   0.472433E+09   0.361196E+09   0.188310E+12
 0097   0.137139E+02   0.959659E+10   0.469140E+09   0.358070E+09   0.168538E+12
 0098   0.150511E+02   0.102167E+11   0.463741E+09   0.355657E+09   0.150419E+12
 0099   0.165961E+02   0.108913E+11   0.436663E+09   0.351822E+09   0.133756E+12
 0100   0.182541E+02   0.116076E+11   0.432032E+09   0.348135E+09   0.118501E+12
 0101   0.199446E+02   0.123418E+11   0.434293E+09   0.345996E+09   0.104856E+12
 0102   0.218147E+02   0.131149E+11   0.413398E+09   0.343334E+09   0.926263E+11
 0103   0.237224E+02   0.139085E+11   0.415974E+09   0.342193E+09   0.816533E+11
 0104   0.258496E+02   0.147539E+11   0.397453E+09   0.340318E+09   0.717264E+11
 0105   0.281094E+02   0.156427E+11   0.393281E+09   0.338969E+09   0.627432E+11
 0106   0.304025E+02   0.165640E+11   0.401779E+09   0.339479E+09   0.546210E+11
 0107   0.330651E+02   0.175742E+11   0.379413E+09   0.338593E+09   0.472305E+11
 0108   0.357744E+02   0.186345E+11   0.391367E+09   0.339587E+09   0.405521E+11
 0109   0.388715E+02   0.198018E+11   0.376906E+09   0.340040E+09   0.344682E+11
 0110   0.421473E+02   0.210602E+11   0.384130E+09   0.341761E+09   0.289499E+11
 0111   0.458298E+02   0.224557E+11   0.378968E+09   0.343655E+09   0.239430E+11
 0112   0.498217E+02   0.239925E+11   0.384975E+09   0.347140E+09   0.194325E+11
 0113   0.544609E+02   0.257498E+11   0.378791E+09   0.350787E+09   0.153792E+11
 0114   0.595866E+02   0.277437E+11   0.389005E+09   0.356966E+09   0.117789E+11
 0115   0.655358E+02   0.300925E+11   0.394807E+09   0.366091E+09   0.860655E+10
 0116   0.725611E+02   0.329629E+11   0.408577E+09   0.384689E+09   0.585589E+10
 0117   0.815140E+02   0.368909E+11   0.438742E+09   0.425361E+09   0.355084E+10
 0118   0.949276E+02   0.437011E+11   0.507708E+09   0.512974E+09   0.176645E+10
 0119   0.125656E+03   0.617220E+11   0.586452E+09   0.590879E+09   0.654872E+09
 0120   0.190171E+03   0.105119E+12   0.672671E+09   0.655736E+09   0.186189E+09
 0121   0.330981E+03   0.209015E+12   0.737841E+09   0.813857E+09   0.368513E+08
 0122   0.811950E+03   0.599828E+12   0.812554E+09   0.770458E+09   0.119941E+08
 0123   0.217741E+04   0.159379E+13   0.727930E+09   0.631976E+09   0.777357E+07
 0124   0.526368E+04   0.317979E+13   0.513889E+09   0.501702E+09   0.582015E+07
 0125   0.862880E+04   0.460178E+13   0.422569E+09   0.448212E+09   0.483681E+07
 0126   0.123462E+05   0.590818E+13   0.351426E+09   0.416228E+09   0.411573E+07
 0127   0.163046E+05   0.712797E+13   0.308153E+09   0.393668E+09   0.357196E+07
 0128   0.202666E+05   0.826587E+13   0.287202E+09   0.377614E+09   0.317648E+07
 0129   0.242535E+05   0.934937E+13   0.271770E+09   0.364447E+09   0.286666E+07
 0130   0.282628E+05   0.103843E+14   0.258143E+09   0.353380E+09   0.262180E+07
 0131   0.323289E+05   0.113796E+14   0.244765E+09   0.343596E+09   0.242993E+07
 0132   0.363755E+05   0.123342E+14   0.235896E+09   0.335140E+09   0.227872E+07
 0133   0.403383E+05   0.132488E+14   0.230804E+09   0.328022E+09   0.215646E+07
 0134   0.442767E+05   0.141322E+14   0.224314E+09   0.321670E+09   0.205550E+07
 0135   0.482639E+05   0.149918E+14   0.215581E+09   0.315550E+09   0.197070E+07
 0136   0.522593E+05   0.158266E+14   0.208945E+09   0.309788E+09   0.189865E+07
 0137   0.561481E+05   0.166333E+14   0.207437E+09   0.304726E+09   0.183604E+07
 0138   0.599007E+05   0.174152E+14   0.208356E+09   0.300247E+09   0.178122E+07
 0139   0.635200E+05   0.181758E+14   0.210148E+09   0.296115E+09   0.173264E+07
 0140   0.669996E+05   0.189146E+14   0.212335E+09   0.292509E+09   0.168894E+07
 0141   0.704213E+05   0.196374E+14   0.211237E+09   0.288980E+09   0.164970E+07
 0142   0.738207E+05   0.203444E+14   0.207991E+09   0.285578E+09   0.161414E+07
 0143   0.772076E+05   0.210360E+14   0.204179E+09   0.282297E+09   0.158164E+07
 0144   0.805746E+05   0.217117E+14   0.200687E+09   0.279258E+09   0.155166E+07
 0145   0.839244E+05   0.223733E+14   0.197514E+09   0.276353E+09   0.152374E+07
 0146   0.872396E+05   0.230207E+14   0.195266E+09   0.273684E+09   0.149758E+07
 0147   0.905212E+05   0.236551E+14   0.193322E+09   0.271186E+09   0.147291E+07
 0148   0.937810E+05   0.242779E+14   0.191074E+09   0.268725E+09   0.144956E+07
 0149   0.970190E+05   0.248889E+14   0.188678E+09   0.266398E+09   0.142737E+07
 0150   0.100239E+06   0.254888E+14   0.186288E+09   0.264187E+09   0.140623E+07
 0151   0.103439E+06   0.260781E+14   0.184183E+09   0.262059E+09   0.138607E+07
 0152   0.106616E+06   0.266571E+14   0.182223E+09   0.260035E+09   0.136680E+07
 0153   0.109775E+06   0.272265E+14   0.180262E+09   0.258074E+09   0.134834E+07
 0154   0.112910E+06   0.277866E+14   0.178653E+09   0.256192E+09   0.133062E+07
 0155   0.116014E+06   0.283373E+14   0.177434E+09   0.254412E+09   0.131361E+07
 0156   0.119090E+06   0.288794E+14   0.176240E+09   0.252707E+09   0.129723E+07
 0157   0.122141E+06   0.294131E+14   0.174909E+09   0.251076E+09   0.128145E+07
 0158   0.125174E+06   0.299392E+14   0.173450E+09   0.249470E+09   0.126619E+07
 0159   0.128184E+06   0.304573E+14   0.172152E+09   0.247950E+09   0.125145E+07
 0160   0.131174E+06   0.309680E+14   0.170812E+09   0.246489E+09   0.123718E+07
 0161   0.134147E+06   0.314716E+14   0.169402E+09   0.245078E+09   0.122333E+07
 0162   0.137106E+06   0.319686E+14   0.167912E+09   0.243684E+09   0.120985E+07
 0163   0.140050E+06   0.324588E+14   0.166547E+09   0.242336E+09   0.119674E+07
 0164   0.142976E+06   0.329425E+14   0.165327E+09   0.240982E+09   0.118395E+07
 0165   0.145874E+06   0.334191E+14   0.164407E+09   0.239768E+09   0.117151E+07
 0166   0.148757E+06   0.338899E+14   0.163296E+09   0.238543E+09   0.115934E+07
 0167   0.151621E+06   0.343545E+14   0.162255E+09   0.237375E+09   0.114745E+07
 0168   0.154469E+06   0.348133E+14   0.161106E+09   0.236252E+09   0.113583E+07
 0169   0.157303E+06   0.352667E+14   0.159967E+09   0.235153E+09   0.112445E+07
 0170   0.160121E+06   0.357146E+14   0.158920E+09   0.234110E+09   0.111330E+07
 0171   0.162928E+06   0.361575E+14   0.157802E+09   0.233052E+09   0.110235E+07
 0172   0.165720E+06   0.365951E+14   0.156732E+09   0.232033E+09   0.109162E+07
 0173   0.168499E+06   0.370275E+14   0.155618E+09   0.231052E+09   0.108108E+07
 0174   0.171266E+06   0.374551E+14   0.154512E+09   0.230064E+09   0.107071E+07
 0175   0.174018E+06   0.378777E+14   0.153583E+09   0.229119E+09   0.106052E+07
 0176   0.176753E+06   0.382954E+14   0.152724E+09   0.228218E+09   0.105049E+07
 0177   0.179473E+06   0.387086E+14   0.151914E+09   0.227341E+09   0.104062E+07
 0178   0.182177E+06   0.391172E+14   0.151096E+09   0.226503E+09   0.103090E+07
 0179   0.184870E+06   0.395217E+14   0.150195E+09   0.225685E+09   0.102132E+07
 0180   0.187552E+06   0.399221E+14   0.149273E+09   0.224875E+09   0.101186E+07
 0181   0.190223E+06   0.403184E+14   0.148397E+09   0.224095E+09   0.100254E+07
 0182   0.192882E+06   0.407107E+14   0.147539E+09   0.223327E+09   0.993334E+06
 0183   0.195529E+06   0.410991E+14   0.146704E+09   0.222558E+09   0.984243E+06
 0184   0.198164E+06   0.414834E+14   0.145906E+09   0.221842E+09   0.975263E+06
 0185   0.200789E+06   0.418642E+14   0.145009E+09   0.221103E+09   0.966378E+06
 0186   0.203402E+06   0.422409E+14   0.144197E+09   0.220409E+09   0.957605E+06
 0187   0.206006E+06   0.426142E+14   0.143322E+09   0.219711E+09   0.948925E+06
 0188   0.208598E+06   0.429837E+14   0.142544E+09   0.219042E+09   0.940344E+06
 0189   0.211180E+06   0.433497E+14   0.141770E+09   0.218380E+09   0.931850E+06
 0190   0.213750E+06   0.437121E+14   0.141065E+09   0.217729E+09   0.923443E+06
 0191   0.216306E+06   0.440711E+14   0.140405E+09   0.217105E+09   0.915120E+06
 0192   0.218851E+06   0.444268E+14   0.139770E+09   0.216498E+09   0.906874E+06
 0193   0.221384E+06   0.447792E+14   0.139156E+09   0.215899E+09   0.898702E+06
 0194   0.223903E+06   0.451284E+14   0.138569E+09   0.215315E+09   0.890601E+06
 0195   0.226411E+06   0.454744E+14   0.138002E+09   0.214754E+09   0.882568E+06
 0196   0.228906E+06   0.458174E+14   0.137437E+09   0.214201E+09   0.874595E+06
 0197   0.231390E+06   0.461574E+14   0.136921E+09   0.213657E+09   0.866680E+06
 0198   0.233860E+06   0.464945E+14   0.136425E+09   0.213127E+09   0.858820E+06
 0199   0.236318E+06   0.468286E+14   0.135949E+09   0.212609E+09   0.851013E+06
 0200   0.238763E+06   0.471599E+14   0.135463E+09   0.212085E+09   0.843256E+06
 0201   0.241196E+06   0.474882E+14   0.134986E+09   0.211567E+09   0.835549E+06
 0202   0.243615E+06   0.478135E+14   0.134508E+09   0.211079E+09   0.827894E+06
 0203   0.246022E+06   0.481361E+14   0.134022E+09   0.210614E+09   0.820285E+06
 0204   0.248418E+06   0.484561E+14   0.133543E+09   0.210156E+09   0.812718E+06
 0205   0.250803E+06   0.487735E+14   0.133084E+09   0.209700E+09   0.805196E+06
 0206   0.253177E+06   0.490884E+14   0.132623E+09   0.209248E+09   0.797718E+06
 0207   0.255539E+06   0.494006E+14   0.132155E+09   0.208804E+09   0.790286E+06
 0208   0.257891E+06   0.497103E+14   0.131692E+09   0.208371E+09   0.782899E+06
 0209   0.260231E+06   0.500174E+14   0.131240E+09   0.207957E+09   0.775559E+06
 0210   0.262561E+06   0.503221E+14   0.130790E+09   0.207560E+09   0.768266E+06
 0211   0.264881E+06   0.506245E+14   0.130347E+09   0.207168E+09   0.761020E+06
 0212   0.267191E+06   0.509247E+14   0.129918E+09   0.206772E+09   0.753820E+06
 0213   0.269491E+06   0.512224E+14   0.129486E+09   0.206373E+09   0.746666E+06
 0214   0.271779E+06   0.515178E+14   0.129082E+09   0.206000E+09   0.739562E+06
 0215   0.274057E+06   0.518109E+14   0.128663E+09   0.205641E+09   0.732502E+06
 0216   0.276325E+06   0.521019E+14   0.128282E+09   0.205304E+09   0.725488E+06
 0217   0.278584E+06   0.523908E+14   0.127904E+09   0.204966E+09   0.718516E+06
 0218   0.280834E+06   0.526777E+14   0.127538E+09   0.204623E+09   0.711591E+06
 0219   0.283073E+06   0.529625E+14   0.127189E+09   0.204288E+09   0.704714E+06
 0220   0.285302E+06   0.532452E+14   0.126831E+09   0.203959E+09   0.697888E+06
 0221   0.287521E+06   0.535259E+14   0.126477E+09   0.203635E+09   0.691113E+06
 0222   0.289730E+06   0.538046E+14   0.126159E+09   0.203330E+09   0.684394E+06
 0223   0.291929E+06   0.540813E+14   0.125840E+09   0.203043E+09   0.677731E+06
 0224   0.294119E+06   0.543562E+14   0.125540E+09   0.202765E+09   0.671128E+06
 0225   0.296300E+06   0.546294E+14   0.125263E+09   0.202497E+09   0.664588E+06
 0226   0.298471E+06   0.549008E+14   0.124985E+09   0.202230E+09   0.658114E+06
 0227   0.300634E+06   0.551705E+14   0.124727E+09   0.201971E+09   0.651712E+06
 0228   0.302787E+06   0.554386E+14   0.124464E+09   0.201720E+09   0.645385E+06
 0229   0.304932E+06   0.557050E+14   0.124219E+09   0.201479E+09   0.639137E+06
 0230   0.307068E+06   0.559698E+14   0.123971E+09   0.201241E+09   0.632969E+06
 0231   0.309195E+06   0.562330E+14   0.123749E+09   0.201008E+09   0.626885E+06
 0232   0.311313E+06   0.564946E+14   0.123522E+09   0.200784E+09   0.620887E+06
 0233   0.313422E+06   0.567547E+14   0.123312E+09   0.200570E+09   0.614977E+06
 0234   0.315523E+06   0.570133E+14   0.123104E+09   0.200363E+09   0.609157E+06
 0235   0.317616E+06   0.572705E+14   0.122900E+09   0.200160E+09   0.603426E+06
 0236   0.319700E+06   0.575263E+14   0.122711E+09   0.199960E+09   0.597787E+06
 0237   0.321776E+06   0.577807E+14   0.122528E+09   0.199770E+09   0.592241E+06
 0238   0.323844E+06   0.580337E+14   0.122339E+09   0.199585E+09   0.586789E+06
 0239   0.325904E+06   0.582853E+14   0.122161E+09   0.199409E+09   0.581432E+06
 0240   0.327956E+06   0.585356E+14   0.121985E+09   0.199235E+09   0.576168E+06
 0241   0.330000E+06   0.587847E+14   0.121815E+09   0.199063E+09   0.570998E+06
 0242   0.332037E+06   0.590324E+14   0.121647E+09   0.198898E+09   0.565922E+06
 0243   0.334066E+06   0.592789E+14   0.121480E+09   0.198739E+09   0.560941E+06
 0244   0.336087E+06   0.595241E+14   0.121314E+09   0.198586E+09   0.556053E+06
 0245   0.338101E+06   0.597681E+14   0.121150E+09   0.198438E+09   0.551258E+06
 0246   0.340108E+06   0.600109E+14   0.120990E+09   0.198290E+09   0.546554E+06
 0247   0.342108E+06   0.602525E+14   0.120829E+09   0.198145E+09   0.541942E+06
 0248   0.344100E+06   0.604929E+14   0.120672E+09   0.198006E+09   0.537419E+06
 0249   0.346085E+06   0.607322E+14   0.120511E+09   0.197872E+09   0.532986E+06
 0250   0.348064E+06   0.609703E+14   0.120361E+09   0.197748E+09   0.528642E+06
 0251   0.350035E+06   0.612073E+14   0.120215E+09   0.197634E+09   0.524386E+06
 0252   0.352000E+06   0.614432E+14   0.120060E+09   0.197519E+09   0.520215E+06
 0253   0.353959E+06   0.616781E+14   0.119926E+09   0.197406E+09   0.516131E+06
 0254   0.355912E+06   0.619120E+14   0.119778E+09   0.197294E+09   0.512131E+06
 0255   0.357858E+06   0.621448E+14   0.119638E+09   0.197185E+09   0.508215E+06
 0256   0.359797E+06   0.623766E+14   0.119489E+09   0.197076E+09   0.504380E+06
 0257   0.361730E+06   0.626073E+14   0.119349E+09   0.196969E+09   0.500628E+06
 0258   0.363657E+06   0.628369E+14   0.119212E+09   0.196873E+09   0.496957E+06
 0259   0.365577E+06   0.630656E+14   0.119071E+09   0.196780E+09   0.493365E+06
 0260   0.367491E+06   0.632933E+14   0.118937E+09   0.196688E+09   0.489851E+06
 0261   0.369400E+06   0.635200E+14   0.118805E+09   0.196596E+09   0.486414E+06
 0262   0.371301E+06   0.637457E+14   0.118680E+09   0.196506E+09   0.483052E+06
 0263   0.373197E+06   0.639704E+14   0.118541E+09   0.196411E+09   0.479764E+06
 0264   0.375086E+06   0.641941E+14   0.118412E+09   0.196318E+09   0.476550E+06
 0265   0.376969E+06   0.644168E+14   0.118277E+09   0.196225E+09   0.473407E+06
 0266   0.378845E+06   0.646384E+14   0.118146E+09   0.196135E+09   0.470335E+06
 0267   0.380714E+06   0.648591E+14   0.118031E+09   0.196056E+09   0.467334E+06
 0268   0.382577E+06   0.650787E+14   0.117901E+09   0.195978E+09   0.464400E+06
 0269   0.384434E+06   0.652974E+14   0.117781E+09   0.195894E+09   0.461533E+06
 0270   0.386285E+06   0.655152E+14   0.117666E+09   0.195806E+09   0.458731E+06
 0271   0.388128E+06   0.657319E+14   0.117539E+09   0.195712E+09   0.455994E+06
 0272   0.389965E+06   0.659475E+14   0.117411E+09   0.195615E+09   0.453319E+06
 0273   0.391794E+06   0.661621E+14   0.117280E+09   0.195512E+09   0.450705E+06
 0274   0.393616E+06   0.663755E+14   0.117142E+09   0.195405E+09   0.448152E+06
 0275   0.395431E+06   0.665878E+14   0.117015E+09   0.195306E+09   0.445661E+06
 0276   0.397237E+06   0.667989E+14   0.116892E+09   0.195213E+09   0.443232E+06
 0277   0.399036E+06   0.670090E+14   0.116761E+09   0.195121E+09   0.440866E+06
 0278   0.400827E+06   0.672180E+14   0.116660E+09   0.195039E+09   0.438561E+06
 0279   0.402611E+06   0.674259E+14   0.116549E+09   0.194964E+09   0.436317E+06
 0280   0.404388E+06   0.676328E+14   0.116437E+09   0.194880E+09   0.434132E+06
 0281   0.406158E+06   0.678387E+14   0.116324E+09   0.194782E+09   0.432006E+06
 0282   0.407920E+06   0.680434E+14   0.116219E+09   0.194680E+09   0.429937E+06
 0283   0.409674E+06   0.682470E+14   0.116074E+09   0.194558E+09   0.427922E+06
 0284   0.411420E+06   0.684494E+14   0.115935E+09   0.194425E+09   0.425960E+06
 0285   0.413156E+06   0.686505E+14   0.115776E+09   0.194274E+09   0.424048E+06
 0286   0.414882E+06   0.688501E+14   0.115629E+09   0.194122E+09   0.422185E+06
 0287   0.416598E+06   0.690482E+14   0.115481E+09   0.193993E+09   0.420368E+06
 0288   0.418305E+06   0.692451E+14   0.115328E+09   0.193871E+09   0.418595E+06
 0289   0.420002E+06   0.694406E+14   0.115216E+09   0.193768E+09   0.416864E+06
 0290   0.421691E+06   0.696350E+14   0.115110E+09   0.193676E+09   0.415173E+06
 0291   0.423370E+06   0.698281E+14   0.115025E+09   0.193603E+09   0.413518E+06
 0292   0.425042E+06   0.700203E+14   0.114917E+09   0.193515E+09   0.411896E+06
 0293   0.426707E+06   0.702114E+14   0.114813E+09   0.193400E+09   0.410302E+06
 0294   0.428362E+06   0.704012E+14   0.114705E+09   0.193272E+09   0.408733E+06
 0295   0.430008E+06   0.705898E+14   0.114573E+09   0.193133E+09   0.407187E+06
 0296   0.431644E+06   0.707770E+14   0.114418E+09   0.192984E+09   0.405659E+06
 0297   0.433270E+06   0.709628E+14   0.114262E+09   0.192825E+09   0.404147E+06
 0298   0.434886E+06   0.711472E+14   0.114106E+09   0.192657E+09   0.402650E+06
 0299   0.436490E+06   0.713300E+14   0.113951E+09   0.192496E+09   0.401166E+06
 0300   0.438084E+06   0.715114E+14   0.113795E+09   0.192344E+09   0.399691E+06
 0301   0.439667E+06   0.716914E+14   0.113666E+09   0.192205E+09   0.398226E+06
 0302   0.441241E+06   0.718700E+14   0.113519E+09   0.192065E+09   0.396769E+06
 0303   0.442804E+06   0.720472E+14   0.113399E+09   0.191928E+09   0.395318E+06
 0304   0.444356E+06   0.722231E+14   0.113276E+09   0.191791E+09   0.393872E+06
 0305   0.445899E+06   0.723976E+14   0.113154E+09   0.191655E+09   0.392430E+06
 0306   0.447431E+06   0.725708E+14   0.113021E+09   0.191517E+09   0.390991E+06
 0307   0.448954E+06   0.727427E+14   0.112908E+09   0.191386E+09   0.389556E+06
 0308   0.450466E+06   0.729133E+14   0.112778E+09   0.191254E+09   0.388123E+06
 0309   0.451969E+06   0.730826E+14   0.112651E+09   0.191124E+09   0.386693E+06
 0310   0.453462E+06   0.732506E+14   0.112536E+09   0.190991E+09   0.385263E+06
 0311   0.454945E+06   0.734173E+14   0.112400E+09   0.190851E+09   0.383834E+06
 0312   0.456418E+06   0.735826E+14   0.112281E+09   0.190707E+09   0.382403E+06
 0313   0.457881E+06   0.737467E+14   0.112136E+09   0.190558E+09   0.380968E+06
 0314   0.459334E+06   0.739094E+14   0.112004E+09   0.190406E+09   0.379528E+06
 0315   0.460776E+06   0.740708E+14   0.111864E+09   0.190250E+09   0.378081E+06
 0316   0.462208E+06   0.742308E+14   0.111724E+09   0.190094E+09   0.376628E+06
 0317   0.463629E+06   0.743894E+14   0.111577E+09   0.189939E+09   0.375168E+06
 0318   0.465040E+06   0.745466E+14   0.111443E+09   0.189786E+09   0.373699E+06
 0319   0.466441E+06   0.747025E+14   0.111308E+09   0.189639E+09   0.372220E+06
 0320   0.467832E+06   0.748571E+14   0.111181E+09   0.189497E+09   0.370731E+06
 0321   0.469212E+06   0.750104E+14   0.111050E+09   0.189356E+09   0.369229E+06
 0322   0.470583E+06   0.751624E+14   0.110923E+09   0.189213E+09   0.367713E+06
 0323   0.471943E+06   0.753132E+14   0.110804E+09   0.189069E+09   0.366181E+06
 0324   0.473294E+06   0.754627E+14   0.110673E+09   0.188920E+09   0.364632E+06
 0325   0.474634E+06   0.756109E+14   0.110542E+09   0.188765E+09   0.363063E+06
 0326   0.475965E+06   0.757577E+14   0.110398E+09   0.188606E+09   0.361471E+06
 0327   0.477285E+06   0.759033E+14   0.110255E+09   0.188443E+09   0.359856E+06
 0328   0.478595E+06   0.760476E+14   0.110125E+09   0.188284E+09   0.358217E+06
 0329   0.479895E+06   0.761905E+14   0.109976E+09   0.188125E+09   0.356551E+06
 0330   0.481184E+06   0.763322E+14   0.109840E+09   0.187967E+09   0.354860E+06
 0331   0.482464E+06   0.764725E+14   0.109702E+09   0.187813E+09   0.353141E+06
 0332   0.483733E+06   0.766116E+14   0.109577E+09   0.187665E+09   0.351393E+06
 0333   0.484993E+06   0.767495E+14   0.109437E+09   0.187515E+09   0.349612E+06
 0334   0.486243E+06   0.768861E+14   0.109320E+09   0.187366E+09   0.347797E+06
 0335   0.487483E+06   0.770215E+14   0.109195E+09   0.187218E+09   0.345944E+06
 0336   0.488714E+06   0.771557E+14   0.109063E+09   0.187065E+09   0.344049E+06
 0337   0.489934E+06   0.772887E+14   0.108932E+09   0.186907E+09   0.342108E+06
 0338   0.491145E+06   0.774205E+14   0.108804E+09   0.186748E+09   0.340118E+06
 0339   0.492347E+06   0.775510E+14   0.108663E+09   0.186586E+09   0.338075E+06
 0340   0.493538E+06   0.776803E+14   0.108512E+09   0.186420E+09   0.335975E+06
 0341   0.494720E+06   0.778084E+14   0.108387E+09   0.186255E+09   0.333819E+06
 0342   0.495892E+06   0.779352E+14   0.108233E+09   0.186088E+09   0.331604E+06
 0343   0.497053E+06   0.780608E+14   0.108113E+09   0.185930E+09   0.329333E+06
 0344   0.498206E+06   0.781852E+14   0.107980E+09   0.185781E+09   0.327006E+06
 0345   0.499348E+06   0.783085E+14   0.107865E+09   0.185644E+09   0.324626E+06
 0346   0.500482E+06   0.784307E+14   0.107748E+09   0.185518E+09   0.322195E+06
 0347   0.501607E+06   0.785517E+14   0.107661E+09   0.185409E+09   0.319715E+06
 0348   0.502723E+06   0.786718E+14   0.107585E+09   0.185317E+09   0.317187E+06
 0349   0.503831E+06   0.787910E+14   0.107509E+09   0.185237E+09   0.314615E+06
 0350   0.504932E+06   0.789093E+14   0.107436E+09   0.185159E+09   0.312000E+06
 0351   0.506025E+06   0.790267E+14   0.107387E+09   0.185085E+09   0.309346E+06
 0352   0.507111E+06   0.791432E+14   0.107336E+09   0.185015E+09   0.306657E+06
 0353   0.508190E+06   0.792589E+14   0.107264E+09   0.184946E+09   0.303936E+06
 0354   0.509262E+06   0.793738E+14   0.107221E+09   0.184886E+09   0.301191E+06
 0355   0.510326E+06   0.794879E+14   0.107163E+09   0.184833E+09   0.298425E+06
 0356   0.511384E+06   0.796012E+14   0.107104E+09   0.184782E+09   0.295643E+06
 0357   0.512436E+06   0.797138E+14   0.107054E+09   0.184731E+09   0.292850E+06
 0358   0.513481E+06   0.798256E+14   0.106998E+09   0.184683E+09   0.290049E+06
 0359   0.514519E+06   0.799367E+14   0.106960E+09   0.184637E+09   0.287248E+06
 0360   0.515551E+06   0.800470E+14   0.106916E+09   0.184598E+09   0.284449E+06
 0361   0.516577E+06   0.801567E+14   0.106891E+09   0.184577E+09   0.281657E+06
 0362   0.517597E+06   0.802657E+14   0.106856E+09   0.184571E+09   0.278871E+06
 0363   0.518611E+06   0.803740E+14   0.106850E+09   0.184582E+09   0.276094E+06
 0364   0.519620E+06   0.804819E+14   0.106853E+09   0.184612E+09   0.273325E+06
 0365   0.520625E+06   0.805892E+14   0.106878E+09   0.184658E+09   0.270561E+06
 0366   0.521624E+06   0.806961E+14   0.106909E+09   0.184712E+09   0.267800E+06
 0367   0.522620E+06   0.808026E+14   0.106918E+09   0.184759E+09   0.265036E+06
 0368   0.523612E+06   0.809086E+14   0.106974E+09   0.184808E+09   0.262260E+06
 0369   0.524600E+06   0.810143E+14   0.106974E+09   0.184850E+09   0.259463E+06
 0370   0.525583E+06   0.811195E+14   0.106972E+09   0.184869E+09   0.256635E+06
 0371   0.526562E+06   0.812242E+14   0.106983E+09   0.184880E+09   0.253771E+06
 0372   0.527537E+06   0.813285E+14   0.106944E+09   0.184871E+09   0.250861E+06
 0373   0.528506E+06   0.814321E+14   0.106922E+09   0.184857E+09   0.247897E+06
 0374   0.529471E+06   0.815352E+14   0.106847E+09   0.184828E+09   0.244868E+06
 0375   0.530429E+06   0.816376E+14   0.106854E+09   0.184824E+09   0.241762E+06
 0376   0.531383E+06   0.817394E+14   0.106795E+09   0.184816E+09   0.238567E+06
 0377   0.532333E+06   0.818408E+14   0.106686E+09   0.184762E+09   0.235270E+06
 0378   0.533276E+06   0.819414E+14   0.106663E+09   0.184686E+09   0.231856E+06
 0379   0.534213E+06   0.820413E+14   0.106632E+09   0.184629E+09   0.228296E+06
 0380   0.535144E+06   0.821404E+14   0.106516E+09   0.184553E+09   0.224551E+06
 0381   0.536068E+06   0.822389E+14   0.106430E+09   0.184463E+09   0.220593E+06
 0382   0.536988E+06   0.823365E+14   0.106275E+09   0.184324E+09   0.216388E+06
 0383   0.537900E+06   0.824333E+14   0.106111E+09   0.184118E+09   0.211923E+06
 0384   0.538804E+06   0.825291E+14   0.105930E+09   0.183862E+09   0.207202E+06
 0385   0.539697E+06   0.826236E+14   0.105786E+09   0.183615E+09   0.202237E+06
 0386   0.540581E+06   0.827169E+14   0.105590E+09   0.183396E+09   0.197031E+06
 0387   0.541456E+06   0.828092E+14   0.105400E+09   0.183211E+09   0.191609E+06
 0388   0.542324E+06   0.829004E+14   0.105138E+09   0.183000E+09   0.186012E+06
 0389   0.543182E+06   0.829906E+14   0.105079E+09   0.182821E+09   0.180295E+06
 0390   0.544032E+06   0.830798E+14   0.104931E+09   0.182661E+09   0.174422E+06
 0391   0.544873E+06   0.831680E+14   0.104965E+09   0.182594E+09   0.168356E+06
 0392   0.545706E+06   0.832555E+14   0.104929E+09   0.182594E+09   0.162139E+06
 0393   0.546537E+06   0.833425E+14   0.104784E+09   0.182558E+09   0.155851E+06
 0394   0.547362E+06   0.834289E+14   0.104818E+09   0.182491E+09   0.149618E+06
 0395   0.548180E+06   0.835147E+14   0.104797E+09   0.182392E+09   0.143426E+06
 0396   0.548990E+06   0.835998E+14   0.105022E+09   0.182408E+09   0.137276E+06
 0397   0.549795E+06   0.836843E+14   0.104922E+09   0.182454E+09   0.131157E+06
 0398   0.550598E+06   0.837685E+14   0.104893E+09   0.182490E+09   0.125092E+06
 0399   0.551396E+06   0.838522E+14   0.104970E+09   0.182532E+09   0.119090E+06
 0400   0.552190E+06   0.839356E+14   0.104990E+09   0.182563E+09   0.113161E+06
 0401   0.552979E+06   0.840186E+14   0.105229E+09   0.182676E+09   0.107322E+06
 0402   0.553766E+06   0.841013E+14   0.105112E+09   0.182752E+09   0.101588E+06
 0403   0.554550E+06   0.841838E+14   0.105137E+09   0.182775E+09   0.959665E+05
 0404   0.555332E+06   0.842660E+14   0.105079E+09   0.182720E+09   0.904634E+05
 0405   0.556107E+06   0.843475E+14   0.105228E+09   0.182691E+09   0.850787E+05
 0406   0.556877E+06   0.844285E+14   0.105147E+09   0.182664E+09   0.798282E+05
 0407   0.557644E+06   0.845090E+14   0.104984E+09   0.182598E+09   0.747127E+05
 0408   0.558405E+06   0.845888E+14   0.104999E+09   0.182548E+09   0.697377E+05
 0409   0.559160E+06   0.846682E+14   0.104942E+09   0.182519E+09   0.649142E+05
 0410   0.559908E+06   0.847469E+14   0.105204E+09   0.182641E+09   0.602461E+05
 0411   0.560656E+06   0.848254E+14   0.104991E+09   0.182751E+09   0.557607E+05
 0412   0.561402E+06   0.849037E+14   0.105075E+09   0.182860E+09   0.514664E+05
 0413   0.562143E+06   0.849818E+14   0.105312E+09   0.183016E+09   0.473646E+05
 0414   0.562884E+06   0.850598E+14   0.105304E+09   0.183142E+09   0.434664E+05
 0415   0.563620E+06   0.851376E+14   0.105691E+09   0.183359E+09   0.397596E+05
 0416   0.564358E+06   0.852154E+14   0.105434E+09   0.183452E+09   0.362549E+05
 0417   0.565092E+06   0.852930E+14   0.105752E+09   0.183560E+09   0.328937E+05
 0418   0.565824E+06   0.853705E+14   0.105782E+09   0.183647E+09   0.295959E+05
 0419   0.566553E+06   0.854476E+14   0.105948E+09   0.183758E+09   0.262504E+05
 0420   0.567282E+06   0.855247E+14   0.105640E+09   0.183733E+09   0.226726E+05
 0421   0.568008E+06   0.856013E+14   0.105522E+09   0.183578E+09   0.189434E+05
 0422   0.568725E+06   0.856772E+14   0.105783E+09   0.183485E+09   0.159140E+05
 0423   0.569437E+06   0.857524E+14   0.105735E+09   0.183455E+09   0.132950E+05
 0424   0.570145E+06   0.858271E+14   0.105446E+09   0.183407E+09   0.106194E+05
 0425   0.570855E+06   0.859015E+14   0.104713E+09   0.183114E+09   0.851902E+04
 0426   0.571549E+06   0.859747E+14   0.105450E+09   0.183006E+09   0.675768E+04
 0427   0.572239E+06   0.860472E+14   0.105132E+09   0.182937E+09   0.521513E+04
 0428   0.572920E+06   0.861191E+14   0.105515E+09   0.183088E+09   0.389161E+04
 0429   0.573605E+06   0.861909E+14   0.104830E+09   0.183127E+09   0.279787E+04
 0430   0.574284E+06   0.862623E+14   0.105246E+09   0.183240E+09   0.192118E+04
 0431   0.574959E+06   0.863335E+14   0.105471E+09   0.183432E+09   0.127745E+04
 0432   0.575628E+06   0.864045E+14   0.106112E+09   0.183857E+09   0.963958E+03
 0433   0.576296E+06   0.864758E+14   0.106824E+09   0.184627E+09   0.891365E+03
 0434   0.576958E+06   0.865478E+14   0.108722E+09   0.186172E+09   0.885972E+03
 0435   0.577618E+06   0.866218E+14   0.112030E+09   0.189119E+09   0.929405E+03
 0436   0.578328E+06   0.867014E+14   0.112104E+09   0.192139E+09   0.110448E+04
 0437   0.579308E+06   0.867940E+14   0.945524E+08   0.185859E+09   0.936499E+03
 0438   0.580593E+06   0.868932E+14   0.771457E+08   0.169398E+09   0.127844E+04
 0439   0.580659E+06   0.869313E+14   0.586110E+09   0.171883E+09   0.176759E+04
 0440   0.581122E+06   0.869811E+14   0.107414E+09   0.170574E+09   0.107607E+04
 0441   0.581583E+06   0.870280E+14   0.101598E+09   0.170386E+09   0.952200E+03
 0442   0.582048E+06   0.870737E+14   0.983008E+08   0.171202E+09   0.859474E+03
 0443   0.582563E+06   0.871207E+14   0.913151E+08   0.171467E+09   0.883611E+03
 0444   0.583072E+06   0.871677E+14   0.922450E+08   0.171748E+09   0.966780E+03
 0445   0.583543E+06   0.872139E+14   0.981855E+08   0.173176E+09   0.222962E+04
 0446   0.584065E+06   0.872624E+14   0.930724E+08   0.173600E+09   0.189406E+04
 0447   0.584541E+06   0.873105E+14   0.100724E+09   0.175091E+09   0.306131E+04
 0448   0.585074E+06   0.873612E+14   0.952556E+08   0.175295E+09   0.144820E+04
 0449   0.585575E+06   0.874115E+14   0.100492E+09   0.175855E+09   0.960278E+03
 0450   0.586058E+06   0.874619E+14   0.104293E+09   0.177102E+09   0.901399E+03
 0451   0.586612E+06   0.875151E+14   0.960471E+08   0.176484E+09   0.794053E+03
 0452   0.587151E+06   0.875676E+14   0.973449E+08   0.175245E+09   0.856384E+03
 0453   0.587632E+06   0.876173E+14   0.103303E+09   0.174849E+09   0.849573E+03
 0454   0.588093E+06   0.876656E+14   0.104867E+09   0.175192E+09   0.814289E+03
 0455   0.588553E+06   0.877137E+14   0.104524E+09   0.176106E+09   0.776012E+03
 0456   0.589032E+06   0.877629E+14   0.102686E+09   0.177150E+09   0.754224E+03
 0457   0.589540E+06   0.878136E+14   0.998153E+08   0.177640E+09   0.765340E+03
 0458   0.590039E+06   0.878647E+14   0.102269E+09   0.178276E+09   0.763172E+03
 0459   0.590503E+06   0.879154E+14   0.109306E+09   0.180269E+09   0.710032E+03
 0460   0.591022E+06   0.879693E+14   0.104004E+09   0.181723E+09   0.723297E+03
 0461   0.591538E+06   0.880248E+14   0.107615E+09   0.183559E+09   0.731922E+03
 0462   0.592106E+06   0.880838E+14   0.103794E+09   0.184216E+09   0.852745E+03
 0463   0.592641E+06   0.881430E+14   0.110592E+09   0.185548E+09   0.937014E+03
 0464   0.593227E+06   0.882050E+14   0.105843E+09   0.185735E+09   0.143147E+04
 0465   0.593809E+06   0.882673E+14   0.107064E+09   0.185546E+09   0.211629E+04
 0466   0.594300E+06   0.883268E+14   0.121069E+09   0.187960E+09   0.153884E+04
 0467   0.594944E+06   0.883927E+14   0.102370E+09   0.187466E+09   0.265828E+04
 0468   0.595490E+06   0.884558E+14   0.115480E+09   0.188765E+09   0.262899E+04
 0469   0.596071E+06   0.885209E+14   0.112305E+09   0.190085E+09   0.219117E+04
 0470   0.596652E+06   0.885876E+14   0.114759E+09   0.192080E+09   0.135700E+04
 0471   0.597286E+06   0.886582E+14   0.111319E+09   0.193385E+09   0.636104E+03
 0472   0.597959E+06   0.887319E+14   0.109432E+09   0.193476E+09   0.686759E+03
 0473   0.598620E+06   0.888057E+14   0.111618E+09   0.193196E+09   0.933529E+03
 0474   0.599263E+06   0.888785E+14   0.113364E+09   0.192986E+09   0.145228E+04
 0475   0.599899E+06   0.889506E+14   0.113318E+09   0.192830E+09   0.223625E+04
 0476   0.600533E+06   0.890221E+14   0.112668E+09   0.192691E+09   0.203331E+04
 0477   0.601165E+06   0.890929E+14   0.112080E+09   0.192562E+09   0.838056E+03
 0478   0.601795E+06   0.891633E+14   0.111612E+09   0.192441E+09   0.639604E+03
 0479   0.602423E+06   0.892330E+14   0.111238E+09   0.192327E+09   0.673736E+03
 0480   0.603046E+06   0.893022E+14   0.110992E+09   0.192221E+09   0.787428E+03
 0481   0.603666E+06   0.893709E+14   0.110790E+09   0.192121E+09   0.965331E+03
 0482   0.604281E+06   0.894390E+14   0.110649E+09   0.192026E+09   0.127613E+04
 0483   0.604893E+06   0.895066E+14   0.110545E+09   0.191936E+09   0.176729E+04
 0484   0.605499E+06   0.895736E+14   0.110477E+09   0.191852E+09   0.225066E+04
 0485   0.606102E+06   0.896401E+14   0.110403E+09   0.191769E+09   0.182280E+04
 0486   0.606700E+06   0.897061E+14   0.110360E+09   0.191691E+09   0.988191E+03
 0487   0.607294E+06   0.897716E+14   0.110347E+09   0.191616E+09   0.666821E+03
 0488   0.607883E+06   0.898366E+14   0.110304E+09   0.191546E+09   0.644208E+03
 0489   0.608468E+06   0.899012E+14   0.110315E+09   0.191485E+09   0.698705E+03
 0490   0.609048E+06   0.899652E+14   0.110264E+09   0.191425E+09   0.807382E+03
 0491   0.609625E+06   0.900288E+14   0.110222E+09   0.191361E+09   0.968158E+03
 0492   0.610198E+06   0.900919E+14   0.110242E+09   0.191302E+09   0.122096E+04
 0493   0.610766E+06   0.901545E+14   0.110210E+09   0.191241E+09   0.161053E+04
 0494   0.611330E+06   0.902167E+14   0.110220E+09   0.191184E+09   0.202813E+04
 0495   0.611891E+06   0.902784E+14   0.110178E+09   0.191123E+09   0.191362E+04
 0496   0.612447E+06   0.903397E+14   0.110178E+09   0.191064E+09   0.103166E+04
 0497   0.612999E+06   0.904005E+14   0.110225E+09   0.191013E+09   0.680431E+03
 0498   0.613547E+06   0.904609E+14   0.110202E+09   0.190966E+09   0.637469E+03
 0499   0.614091E+06   0.905209E+14   0.110169E+09   0.190918E+09   0.679431E+03
 0500   0.614632E+06   0.905805E+14   0.110166E+09   0.190871E+09   0.788902E+03
 0501   0.615168E+06   0.906396E+14   0.110167E+09   0.190825E+09   0.951494E+03
 0502   0.615701E+06   0.906983E+14   0.110176E+09   0.190784E+09   0.119618E+04
 0503   0.616230E+06   0.907566E+14   0.110264E+09   0.190758E+09   0.155689E+04
 0504   0.616755E+06   0.908145E+14   0.110289E+09   0.190746E+09   0.190900E+04
 0505   0.617277E+06   0.908721E+14   0.110209E+09   0.190730E+09   0.156515E+04
 0506   0.617796E+06   0.909293E+14   0.110160E+09   0.190703E+09   0.891867E+03
 0507   0.618312E+06   0.909861E+14   0.110284E+09   0.190687E+09   0.645256E+03
 0508   0.618824E+06   0.910426E+14   0.110213E+09   0.190663E+09   0.638634E+03
 0509   0.619333E+06   0.910987E+14   0.110278E+09   0.190644E+09   0.716323E+03
 0510   0.619838E+06   0.911544E+14   0.110303E+09   0.190627E+09   0.866954E+03
 0511   0.620341E+06   0.912098E+14   0.110240E+09   0.190599E+09   0.108300E+04
 0512   0.620840E+06   0.912649E+14   0.110358E+09   0.190583E+09   0.140132E+04
 0513   0.621335E+06   0.913196E+14   0.110466E+09   0.190585E+09   0.173816E+04
 0514   0.621827E+06   0.913739E+14   0.110437E+09   0.190592E+09   0.153667E+04
 0515   0.622317E+06   0.914280E+14   0.110405E+09   0.190598E+09   0.878867E+03
 0516   0.622803E+06   0.914817E+14   0.110405E+09   0.190603E+09   0.637154E+03
 0517   0.623287E+06   0.915352E+14   0.110434E+09   0.190608E+09   0.632853E+03
 0518   0.623768E+06   0.915883E+14   0.110517E+09   0.190620E+09   0.718115E+03
 0519   0.624245E+06   0.916411E+14   0.110662E+09   0.190650E+09   0.882853E+03
 0520   0.624719E+06   0.916936E+14   0.110889E+09   0.190717E+09   0.110290E+04
 0521   0.625190E+06   0.917459E+14   0.110825E+09   0.190793E+09   0.141153E+04
 0522   0.625662E+06   0.917980E+14   0.110521E+09   0.190832E+09   0.165924E+04
 0523   0.626131E+06   0.918499E+14   0.110744E+09   0.190880E+09   0.105150E+04
 0524   0.626596E+06   0.919015E+14   0.110895E+09   0.190938E+09   0.681562E+03
 0525   0.627060E+06   0.919529E+14   0.110852E+09   0.190985E+09   0.615384E+03
 0526   0.627521E+06   0.920041E+14   0.110982E+09   0.191036E+09   0.665942E+03
 0527   0.627979E+06   0.920550E+14   0.111115E+09   0.191099E+09   0.817471E+03
 0528   0.628437E+06   0.921058E+14   0.110852E+09   0.191129E+09   0.104842E+04
 0529   0.628891E+06   0.921563E+14   0.111208E+09   0.191179E+09   0.133618E+04
 0530   0.629341E+06   0.922065E+14   0.111581E+09   0.191272E+09   0.152962E+04
 0531   0.629789E+06   0.922565E+14   0.111561E+09   0.191378E+09   0.100227E+04
 0532   0.630237E+06   0.923064E+14   0.111452E+09   0.191481E+09   0.670305E+03
 0533   0.630683E+06   0.923561E+14   0.111465E+09   0.191581E+09   0.606734E+03
 0534   0.631128E+06   0.924057E+14   0.111512E+09   0.191677E+09   0.659220E+03
 0535   0.631570E+06   0.924551E+14   0.111668E+09   0.191779E+09   0.819704E+03
 0536   0.632011E+06   0.925043E+14   0.111832E+09   0.191891E+09   0.105190E+04
 0537   0.632447E+06   0.925534E+14   0.112263E+09   0.192045E+09   0.130505E+04
 0538   0.632881E+06   0.926022E+14   0.112644E+09   0.192252E+09   0.138741E+04
 0539   0.633317E+06   0.926512E+14   0.112339E+09   0.192449E+09   0.845595E+03
 0540   0.633755E+06   0.927001E+14   0.111854E+09   0.192587E+09   0.617467E+03
 0541   0.634188E+06   0.927489E+14   0.112603E+09   0.192766E+09   0.604672E+03
 0542   0.634621E+06   0.927977E+14   0.112550E+09   0.192933E+09   0.700226E+03
 0543   0.635053E+06   0.928464E+14   0.112743E+09   0.193103E+09   0.905269E+03
 0544   0.635485E+06   0.928951E+14   0.112773E+09   0.193261E+09   0.116394E+04
 0545   0.635913E+06   0.929436E+14   0.113320E+09   0.193456E+09   0.128672E+04
 0546   0.636344E+06   0.929922E+14   0.112758E+09   0.193594E+09   0.818507E+03
 0547   0.636771E+06   0.930406E+14   0.113299E+09   0.193750E+09   0.615326E+03
 0548   0.637194E+06   0.930889E+14   0.114157E+09   0.193981E+09   0.588543E+03
 0549   0.637616E+06   0.931371E+14   0.114247E+09   0.194242E+09   0.649289E+03
 0550   0.638040E+06   0.931854E+14   0.114068E+09   0.194500E+09   0.814175E+03
 0551   0.638464E+06   0.932338E+14   0.114013E+09   0.194750E+09   0.105241E+04
 0552   0.638889E+06   0.932823E+14   0.114140E+09   0.194998E+09   0.117432E+04
 0553   0.639313E+06   0.933308E+14   0.114388E+09   0.195250E+09   0.786917E+03
 0554   0.639736E+06   0.933793E+14   0.114729E+09   0.195517E+09   0.609328E+03
 0555   0.640156E+06   0.934278E+14   0.115384E+09   0.195833E+09   0.574209E+03
 0556   0.640574E+06   0.934763E+14   0.116020E+09   0.196217E+09   0.618623E+03
 0557   0.640995E+06   0.935250E+14   0.115828E+09   0.196607E+09   0.756166E+03
 0558   0.641422E+06   0.935741E+14   0.114989E+09   0.196913E+09   0.986785E+03
 0559   0.641846E+06   0.936233E+14   0.115986E+09   0.197263E+09   0.102278E+04
 0560   0.642270E+06   0.936726E+14   0.116255E+09   0.197618E+09   0.688373E+03
 0561   0.642696E+06   0.937222E+14   0.116310E+09   0.197958E+09   0.574467E+03
 0562   0.643122E+06   0.937719E+14   0.116757E+09   0.198308E+09   0.566545E+03
 0563   0.643547E+06   0.938217E+14   0.117270E+09   0.198686E+09   0.636293E+03
 0564   0.643977E+06   0.938719E+14   0.116615E+09   0.198991E+09   0.802988E+03
 0565   0.644403E+06   0.939221E+14   0.117881E+09   0.199357E+09   0.958338E+03
 0566   0.644824E+06   0.939722E+14   0.119144E+09   0.199827E+09   0.763918E+03
 0567   0.645248E+06   0.940227E+14   0.119090E+09   0.200323E+09   0.598651E+03
 0568   0.645676E+06   0.940736E+14   0.118816E+09   0.200811E+09   0.543496E+03
 0569   0.646108E+06   0.941249E+14   0.118888E+09   0.201293E+09   0.554188E+03
 0570   0.646541E+06   0.941766E+14   0.119243E+09   0.201781E+09   0.625177E+03
 0571   0.646975E+06   0.942286E+14   0.119792E+09   0.202289E+09   0.747027E+03
 0572   0.647408E+06   0.942808E+14   0.120633E+09   0.202847E+09   0.852665E+03
 0573   0.647841E+06   0.943334E+14   0.121547E+09   0.203479E+09   0.679508E+03
 0574   0.648278E+06   0.943866E+14   0.121635E+09   0.204132E+09   0.555216E+03
 0575   0.648724E+06   0.944405E+14   0.120960E+09   0.204723E+09   0.512283E+03
 0576   0.649171E+06   0.944949E+14   0.121647E+09   0.205321E+09   0.523413E+03
 0577   0.649618E+06   0.945498E+14   0.122761E+09   0.205975E+09   0.575203E+03
 0578   0.650071E+06   0.946053E+14   0.122484E+09   0.206585E+09   0.666609E+03
 0579   0.650523E+06   0.946613E+14   0.123862E+09   0.207267E+09   0.742190E+03
 0580   0.650984E+06   0.947181E+14   0.123145E+09   0.207872E+09   0.608354E+03
 0581   0.651441E+06   0.947752E+14   0.124970E+09   0.208567E+09   0.523317E+03
 0582   0.651895E+06   0.948327E+14   0.126692E+09   0.209393E+09   0.488859E+03
 0583   0.652357E+06   0.948911E+14   0.126512E+09   0.210240E+09   0.476654E+03
 0584   0.652827E+06   0.949505E+14   0.126395E+09   0.211084E+09   0.481951E+03
 0585   0.653303E+06   0.950109E+14   0.126808E+09   0.211939E+09   0.506198E+03
 0586   0.653783E+06   0.950721E+14   0.127611E+09   0.212827E+09   0.544506E+03
 0587   0.654265E+06   0.951342E+14   0.128727E+09   0.213777E+09   0.580614E+03
 0588   0.654751E+06   0.951972E+14   0.129778E+09   0.214800E+09   0.600366E+03
 0589   0.655246E+06   0.952616E+14   0.129863E+09   0.215829E+09   0.548044E+03
 0590   0.655751E+06   0.953272E+14   0.130085E+09   0.216846E+09   0.473406E+03
 0591   0.656260E+06   0.953941E+14   0.131259E+09   0.217908E+09   0.445970E+03
 0592   0.656775E+06   0.954622E+14   0.132185E+09   0.219013E+09   0.428899E+03
 0593   0.657301E+06   0.955318E+14   0.132469E+09   0.220105E+09   0.417502E+03
 0594   0.657828E+06   0.956026E+14   0.134344E+09   0.221294E+09   0.409791E+03
 0595   0.658358E+06   0.956747E+14   0.136032E+09   0.222610E+09   0.402786E+03
 0596   0.658902E+06   0.957487E+14   0.136247E+09   0.223965E+09   0.396040E+03
 0597   0.659458E+06   0.958247E+14   0.136688E+09   0.225350E+09   0.389200E+03
 0598   0.660025E+06   0.959028E+14   0.137593E+09   0.226783E+09   0.381737E+03
 0599   0.660602E+06   0.959829E+14   0.138768E+09   0.228284E+09   0.373427E+03
 0600   0.661191E+06   0.960652E+14   0.139889E+09   0.229859E+09   0.364549E+03
 0601   0.661795E+06   0.961502E+14   0.140573E+09   0.231473E+09   0.355707E+03
 0602   0.662413E+06   0.962378E+14   0.141705E+09   0.233153E+09   0.347328E+03
 0603   0.663048E+06   0.963283E+14   0.142658E+09   0.234888E+09   0.339921E+03
 0604   0.663697E+06   0.964218E+14   0.144110E+09   0.236719E+09   0.334265E+03
 0605   0.664362E+06   0.965186E+14   0.145463E+09   0.238663E+09   0.334778E+03
 0606   0.665050E+06   0.966193E+14   0.146344E+09   0.240691E+09   0.336686E+03
 0607   0.665760E+06   0.967240E+14   0.147357E+09   0.242805E+09   0.311186E+03
 0608   0.666497E+06   0.968333E+14   0.148429E+09   0.245003E+09   0.291084E+03
 0609   0.667259E+06   0.969474E+14   0.149755E+09   0.247300E+09   0.279975E+03
 0610   0.668047E+06   0.970667E+14   0.151446E+09   0.249744E+09   0.277157E+03
 0611   0.668865E+06   0.971919E+14   0.152975E+09   0.252345E+09   0.262549E+03
 0612   0.669721E+06   0.973238E+14   0.154078E+09   0.255061E+09   0.246729E+03
 0613   0.670613E+06   0.974629E+14   0.155932E+09   0.257954E+09   0.242179E+03
 0614   0.671546E+06   0.976101E+14   0.157725E+09   0.261040E+09   0.223695E+03
 0615   0.672530E+06   0.977666E+14   0.159164E+09   0.264276E+09   0.216177E+03
 0616   0.673560E+06   0.979331E+14   0.161647E+09   0.267779E+09   0.200225E+03
 0617   0.674646E+06   0.981112E+14   0.163900E+09   0.271581E+09   0.190576E+03
 0618   0.675808E+06   0.983031E+14   0.165245E+09   0.275582E+09   0.179507E+03
 0619   0.677038E+06   0.985100E+14   0.168185E+09   0.279979E+09   0.168009E+03
 0620   0.678369E+06   0.987357E+14   0.169546E+09   0.284631E+09   0.155814E+03
 0621   0.679789E+06   0.989815E+14   0.173015E+09   0.289839E+09   0.143896E+03
 0622   0.681350E+06   0.992536E+14   0.174366E+09   0.295397E+09   0.132166E+03
 0623   0.683040E+06   0.995547E+14   0.178155E+09   0.301660E+09   0.117468E+03
 0624   0.684914E+06   0.998931E+14   0.180599E+09   0.308565E+09   0.105752E+03
 0625   0.686989E+06   0.100276E+15   0.184456E+09   0.316358E+09   0.941999E+02
 0626   0.689289E+06   0.100713E+15   0.189893E+09   0.325433E+09   0.832109E+02
 0627   0.691905E+06   0.101221E+15   0.194506E+09   0.335779E+09   0.724022E+02
 0628   0.694866E+06   0.101819E+15   0.201878E+09   0.348186E+09   0.618099E+02
 0629   0.698441E+06   0.102552E+15   0.204949E+09   0.363007E+09   0.516628E+02
 0630   0.703009E+06   0.103491E+15   0.205600E+09   0.380661E+09   0.419054E+02
 0635   0.705499E+06   0.116105E+15   0.506683E+10   0.774686E+09   0.462645E+01
 0636   0.725643E+06   0.143510E+15   0.136043E+10   0.580670E+10   0.115005E-01
