  0.0000000000E+000  0.0000000000E+000
  1.7004294744E+003  1.1116477031E+003
  3.4003313108E+003  1.2176343448E+003
  5.1003159293E+003  1.5262529644E+003
  6.8003730027E+003  1.7811524337E+003
  8.5003580763E+003  1.9747630742E+003
  1.0200256704E+004  2.1368221737E+003
  1.1900294100E+004  2.2617834134E+003
  1.3600367581E+004  2.3536791492E+003
  1.5300354400E+004  2.4424850941E+003
  1.7000312294E+004  2.5754657793E+003
  1.8700225876E+004  2.6412395065E+003
  2.0400307531E+004  2.6999808894E+003
  2.2100425402E+004  2.7595396120E+003
  2.3800326872E+004  2.8131454784E+003
  2.5500382800E+004  2.8639297778E+003
  2.7200427711E+004  2.9126989190E+003
  2.8900379325E+004  2.9597805239E+003
  3.0600414324E+004  3.0068123536E+003
  3.2300420067E+004  3.0455624667E+003
  3.4000339031E+004  3.0839008635E+003
  3.5700357325E+004  3.1183245371E+003
  3.7400358580E+004  3.1491450223E+003
  3.9100286225E+004  3.1756974651E+003
  4.0800318960E+004  3.1905560635E+003
  4.2500380262E+004  3.2001803204E+003
  4.4200241184E+004  3.2110875290E+003
  4.5900350145E+004  3.2243027709E+003
  4.7600319533E+004  3.2378498196E+003
  4.9300325608E+004  3.2505551116E+003
  5.1000257058E+004  3.2631734985E+003
  5.2700356749E+004  3.2738728093E+003
  5.4400399063E+004  3.2827912209E+003
  5.6100397576E+004  3.2908372980E+003
  5.7800241506E+004  3.2982474779E+003
  5.9500237846E+004  3.3054126651E+003
  6.1200428680E+004  3.3120426434E+003
  6.2900349069E+004  3.3172512086E+003
  6.4600237544E+004  3.3224089056E+003
  6.6300386445E+004  3.3272037930E+003
  6.8000225725E+004  3.3316780693E+003
  6.9700372834E+004  3.3355488191E+003
  7.1400440605E+004  3.3382531771E+003
  7.3100322207E+004  3.3404960051E+003
  7.4800285745E+004  3.3428964555E+003
  7.6500239670E+004  3.3453812161E+003
  7.8200315330E+004  3.3479829511E+003
  7.9900306566E+004  3.3503122883E+003
  8.1600246562E+004  3.3568720363E+003
  8.3300231216E+004  3.3598489371E+003
  8.5000335736E+004  3.3622147028E+003
  8.6700237230E+004  3.3643085340E+003
  8.8400225641E+004  3.3664240530E+003
  9.0100274324E+004  3.3694637604E+003
  9.1800272011E+004  3.3700294994E+003
  9.3500339460E+004  3.3715585774E+003
  9.5200350507E+004  3.3729769935E+003
  9.6900365341E+004  3.3743239218E+003
  9.8600227166E+004  3.3756104551E+003
  1.0030029768E+005  3.3756341717E+003
  1.0200041544E+005  3.3753168694E+003
  1.0370039684E+005  3.3754771984E+003
  1.0540028010E+005  3.3759140051E+003
  1.0710032214E+005  3.3764162455E+003
  1.0880039853E+005  3.3769521842E+003
  1.1050039670E+005  3.3771369658E+003
  1.1220037963E+005  3.3776290071E+003
  1.1390039802E+005  3.3780564199E+003
  1.1560031329E+005  3.3783638538E+003
  1.1730041304E+005  3.3786348175E+003
  1.1900032993E+005  3.3789083402E+003
  1.2070040770E+005  3.3801476131E+003
  1.2240023423E+005  3.3806376605E+003
  1.2410030967E+005  3.3808548919E+003
  1.2580026467E+005  3.3810597080E+003
  1.2750033227E+005  3.3812627610E+003
  1.2920039401E+005  3.3814734677E+003
  1.3090035124E+005  3.3784053152E+003
  1.3260025610E+005  3.3765906871E+003
  1.3430041588E+005  3.3759186869E+003
  1.3600043289E+005  3.3755967424E+003
  1.3770034310E+005  3.3754296310E+003
  1.3940026280E+005  3.3753300592E+003
  1.4110033571E+005  3.3771875013E+003
  1.4280040064E+005  3.3784629428E+003
  1.4450024576E+005  3.3788966131E+003
  1.4620038346E+005  3.3791165715E+003
  1.4790042219E+005  3.3792666487E+003
  1.4960025711E+005  3.3793924963E+003
  1.5130026658E+005  3.3805412559E+003
  1.5300028585E+005  3.3806111423E+003
  1.5470037236E+005  3.3807027330E+003
  1.5640035099E+005  3.3807824375E+003
  1.5810025190E+005  3.3808856707E+003
  1.5980039923E+005  3.3809996168E+003
  1.6150025672E+005  3.3785521720E+003
  1.6320034293E+005  3.3775750862E+003
  1.6490024120E+005  3.3771346326E+003
  1.6660043346E+005  3.3768307275E+003
  1.6830028253E+005  3.3766033857E+003
  1.7000037241E+005  3.3763903056E+003
  1.7170042143E+005  3.3772162105E+003
  1.7340025120E+005  3.3769605973E+003
  1.7510034393E+005  3.3766789143E+003
  1.7680026823E+005  3.3764185174E+003
  1.7850027841E+005  3.3761862295E+003
  1.8020032629E+005  3.3742879176E+003
  1.8190030779E+005  3.3742017565E+003
  1.8360024355E+005  3.3741079354E+003
  1.8530040610E+005  3.3739046184E+003
  1.8700036673E+005  3.3736980062E+003
  1.8870041230E+005  3.3735207757E+003
  1.9040027086E+005  3.3755306969E+003
  1.9210029437E+005  3.3752895484E+003
  1.9380028249E+005  3.3751688902E+003
  1.9550028669E+005  3.3751396414E+003
  1.9720034485E+005  3.3751452382E+003
  1.9890025437E+005  3.3751660910E+003
  2.0060041431E+005  3.3743236697E+003
  2.0230030434E+005  3.3745289815E+003
  2.0400039881E+005  3.3746122922E+003
  2.0570030406E+005  3.3746076888E+003
  2.0740026399E+005  3.3745698912E+003
  2.0910032491E+005  3.3745248136E+003
  2.1080044372E+005  3.3724349258E+003
  2.1250032164E+005  3.3714361431E+003
  2.1420042200E+005  3.3707622785E+003
  2.1590031422E+005  3.3701880793E+003
  2.1760025236E+005  3.3696849894E+003
  2.1930027804E+005  3.3692401025E+003
  2.2100035032E+005  3.3708813373E+003
  2.2270039339E+005  3.3703199325E+003
  2.2440041003E+005  3.3698923254E+003
  2.2610044572E+005  3.3695777423E+003
  2.2780030023E+005  3.3693210579E+003
  2.2950023571E+005  3.3691081415E+003
  2.3120044776E+005  3.3657848457E+003
  2.3290039513E+005  3.3648375537E+003
  2.3460031285E+005  3.3639701265E+003
  2.3630023412E+005  3.3631835781E+003
  2.3800038643E+005  3.3624775992E+003
  2.3970036974E+005  3.3618647761E+003
  2.4140039128E+005  3.3620980117E+003
  2.4310038132E+005  3.3615550663E+003
  2.4480034076E+005  3.3610801421E+003
  2.4650030020E+005  3.3606783424E+003
  2.4820027099E+005  3.3603296866E+003
  2.4990029353E+005  3.3600166734E+003
  2.5160038165E+005  3.3594764415E+003
  2.5330022621E+005  3.3591298623E+003
  2.5500025333E+005  3.3586716262E+003
  2.5670028614E+005  3.3582180391E+003
  2.5840033579E+005  3.3577935592E+003
  2.6010022827E+005  3.3578947072E+003
  2.6180042058E+005  3.3567317168E+003
  2.6350038983E+005  3.3563584790E+003
  2.6520034122E+005  3.3561644306E+003
  2.6690031331E+005  3.3560110398E+003
  2.6860032236E+005  3.3558709535E+003
  2.7030038279E+005  3.3563682328E+003
  2.7200028640E+005  3.3570028584E+003
  2.7370042446E+005  3.3567583400E+003
  2.7540030718E+005  3.3564158379E+003
  2.7710042123E+005  3.3560870759E+003
  2.7880032999E+005  3.3557905598E+003
  2.8050027607E+005  3.3556947824E+003
  2.8220029303E+005  3.3542370112E+003
  2.8390033352E+005  3.3534800036E+003
  2.8560034487E+005  3.3529565399E+003
  2.8730034083E+005  3.3525253158E+003
  2.8900034773E+005  3.3521458034E+003
  2.9070038040E+005  3.3496692161E+003
  2.9240023662E+005  3.3488560716E+003
  2.9410034164E+005  3.3484584985E+003
  2.9580040265E+005  3.3481276619E+003
  2.9750043427E+005  3.3478279541E+003
  2.9920025858E+005  3.3475431416E+003
  3.0090032715E+005  3.3466533999E+003
  3.0260044504E+005  3.3461707528E+003
  3.0430037098E+005  3.3454734678E+003
  3.0600027079E+005  3.3447768735E+003
  3.0770037361E+005  3.3441290621E+003
  3.0940026026E+005  3.3435365201E+003
  3.1110039407E+005  3.3448505891E+003
  3.1280035238E+005  3.3443534067E+003
  3.1450036028E+005  3.3439678242E+003
  3.1620036573E+005  3.3436511896E+003
  3.1790035660E+005  3.3433732509E+003
  3.1960036843E+005  3.3431216541E+003
  3.2130041248E+005  3.3419273561E+003
  3.2300029341E+005  3.3413330341E+003
  3.2470022989E+005  3.3408869430E+003
  3.2640038499E+005  3.3404865207E+003
  3.2810029853E+005  3.3401178000E+003
  3.2980044099E+005  3.3397773424E+003
  3.3150038485E+005  3.3386774286E+003
  3.3320037658E+005  3.3383682214E+003
  3.3490041470E+005  3.3379152553E+003
  3.3660023805E+005  3.3374692684E+003
  3.3830026648E+005  3.3370528368E+003
  3.4000029398E+005  3.3366875295E+003
  3.4170033701E+005  3.3363902893E+003
  3.4340040672E+005  3.3354623365E+003
  3.4510029480E+005  3.3348423234E+003
  3.4680041592E+005  3.3343428103E+003
  3.4850028560E+005  3.3339109134E+003
  3.5020036085E+005  3.3301283077E+003
  3.5190043656E+005  3.3280205998E+003
  3.5360031450E+005  3.3272819453E+003
  3.5530023608E+005  3.3267007805E+003
  3.5700040382E+005  3.3261808593E+003
  3.5870032550E+005  3.3257037729E+003
  3.6040022650E+005  3.3290792433E+003
  3.6210036100E+005  3.3314540795E+003
  3.6380029271E+005  3.3314728952E+003
  3.6550027086E+005  3.3311922244E+003
  3.6720028173E+005  3.3308647835E+003
  3.6890027906E+005  3.3305390112E+003
  3.7060027395E+005  3.3278681708E+003
  3.7230028476E+005  3.3262124113E+003
  3.7400032259E+005  3.3256708011E+003
  3.7570041399E+005  3.3252283264E+003
  3.7740032809E+005  3.3248126957E+003
  3.7910024557E+005  3.3244178393E+003
  3.8080037593E+005  3.3247875007E+003
  3.8250029077E+005  3.3240678362E+003
  3.8420044608E+005  3.3234125970E+003
  3.8590041991E+005  3.3228998089E+003
  3.8760044587E+005  3.3224789050E+003
  3.8930025072E+005  3.3221442810E+003
  3.9100026540E+005  3.3893966706E+003
  3.9270028196E+005  3.9882702967E+003
  3.9440030933E+005  4.7416116102E+003
  3.9610037119E+005  5.3837513652E+003
  3.9780024865E+005  6.3647551114E+003
  3.9950035825E+005  7.9055487878E+003
  4.0120044580E+005  1.0265783807E+004
  4.0290029643E+005  1.9971313507E+004
  4.0460037761E+005  2.6470438584E+004
  4.0630024918E+005  3.4198304305E+004
  4.0800038360E+005  4.1621097163E+004
  4.0970031805E+005  4.7431539301E+004
  4.1140023381E+005  5.1302925107E+004
  4.1310036338E+005  5.3754826920E+004
  4.1480027122E+005  5.4720268994E+004
  4.1650041545E+005  5.4388352456E+004
  4.1820037774E+005  5.2990102923E+004
  4.1990037473E+005  5.1014377640E+004
  4.2160036439E+005  4.8121311083E+004
  4.2330034091E+005  4.5241066045E+004
  4.2500033115E+005  4.2426868802E+004
  4.2670034279E+005  3.9536577112E+004
  4.2840039795E+005  3.6978526244E+004
  4.3010028014E+005  3.5029160127E+004
  4.3180039067E+005  3.3560769921E+004
  4.3350027050E+005  3.2396209180E+004
  4.3520038603E+005  3.1537209416E+004
  4.3690029170E+005  3.0738453228E+004
  4.3860023060E+005  3.0095612382E+004
  4.4030043821E+005  2.9544185266E+004
  4.4200044004E+005  2.8902314362E+004
  4.4370043120E+005  2.8413401164E+004
  4.4540042098E+005  2.8041454379E+004
  4.4710042407E+005  2.7642966606E+004
  4.4880044603E+005  2.7216225028E+004
  4.5050028727E+005  2.6764193479E+004
  4.5220037828E+005  2.6427041671E+004
  4.5390022594E+005  2.6162580228E+004
  4.5560028625E+005  2.5874639136E+004
  4.5730034842E+005  2.5578855885E+004
  4.5900042001E+005  2.5297364605E+004
  4.6070030146E+005  2.5029458298E+004
  4.6240043423E+005  2.4758343523E+004
  4.6410033301E+005  2.4467938846E+004
  4.6580043952E+005  2.4163642403E+004
  4.6750032629E+005  2.3905254535E+004
  4.6920044476E+005  2.3756456142E+004
  4.7090036394E+005  2.3574570157E+004
  4.7260032286E+005  2.3391851498E+004
  4.7430028533E+005  2.3202543400E+004
  4.7600023503E+005  2.3021791921E+004
  4.7770041237E+005  2.2836287572E+004
  4.7940037709E+005  2.2649354860E+004
  4.8110037161E+005  2.2471313552E+004
  4.8280041288E+005  2.2288241131E+004
  4.8450025681E+005  2.2111647530E+004
  4.8620031692E+005  2.1943758882E+004
  4.8790037748E+005  2.1774335375E+004
  4.8960023411E+005  2.1597020373E+004
  4.9130033522E+005  2.1425160417E+004
  4.9300025427E+005  2.1263956486E+004
  4.9470042999E+005  2.1103946890E+004
  4.9640037343E+005  2.0943260305E+004
  4.9810031449E+005  2.0777832494E+004
  4.9980026616E+005  2.0604581150E+004
  5.0150023071E+005  2.0442053482E+004
  5.0320022737E+005  2.0355004608E+004
  5.0490025825E+005  2.0316862635E+004
  5.0660029221E+005  2.0235244032E+004
  5.0830031207E+005  2.0134044907E+004
  5.1000033083E+005  2.0031052941E+004
  5.1170035426E+005  1.9920482768E+004
  5.1340039499E+005  1.9810962176E+004
  5.1510024760E+005  1.9708571871E+004
  5.1680033385E+005  1.9606531086E+004
  5.1850040264E+005  1.9500407988E+004
  5.2020024147E+005  1.9394967206E+004
  5.2190030946E+005  1.9295674724E+004
  5.2360039343E+005  1.9202400585E+004
  5.2530028568E+005  1.9108049142E+004
  5.2700042560E+005  1.9010277953E+004
  5.2870033170E+005  1.8911314820E+004
  5.3040023026E+005  1.8814110830E+004
  5.3210036527E+005  1.8720364665E+004
  5.3380028775E+005  1.8629428602E+004
  5.3550024414E+005  1.8539659552E+004
  5.3720024079E+005  1.8450762954E+004
  5.3890024304E+005  1.8363205275E+004
  5.4060024366E+005  1.8277535893E+004
  5.4230025313E+005  1.8193469386E+004
  5.4400027791E+005  1.8109942522E+004
  5.4570033301E+005  1.8025947383E+004
  5.4740042828E+005  1.7941562127E+004
  5.4910031811E+005  1.7857744746E+004
  5.5080042214E+005  1.7775445319E+004
  5.5250030342E+005  1.7695637812E+004
  5.5420042311E+005  1.7618608329E+004
  5.5590033624E+005  1.7544029935E+004
  5.5760028599E+005  1.7470866297E+004
  5.5930025900E+005  1.7398155596E+004
  5.6100022517E+005  1.7325515130E+004
  5.6270041039E+005  1.7253069688E+004
  5.6440037467E+005  1.7181079252E+004
  5.6610034731E+005  1.7109715728E+004
  5.6780034287E+005  1.7039112556E+004
  5.6950036504E+005  1.6969269752E+004
  5.7120038809E+005  1.6900017967E+004
  5.7290039724E+005  1.6831324010E+004
  5.7460040487E+005  1.6763381956E+004
  5.7630041684E+005  1.6696348681E+004
  5.7800022434E+005  1.6630372285E+004
  5.7970028924E+005  1.6565574484E+004
  5.8140036550E+005  1.6501898319E+004
  5.8310043235E+005  1.6439177507E+004
  5.8480027098E+005  1.6377191976E+004
  5.8650034321E+005  1.6315676173E+004
  5.8820043396E+005  1.6254611145E+004
  5.8990033306E+005  1.6194073914E+004
  5.9160026147E+005  1.6134168365E+004
  5.9330041397E+005  1.6075054047E+004
  5.9500034342E+005  1.6016821825E+004
  5.9670028638E+005  1.5959500054E+004
  5.9840024280E+005  1.5902987060E+004
  6.0010023227E+005  1.5847085862E+004
  6.0180025684E+005  1.5791591361E+004
  6.0350029164E+005  1.5736387583E+004
  6.0520032354E+005  1.5681474811E+004
  6.0690035652E+005  1.5626886818E+004
  6.0860040241E+005  1.5572727914E+004
  6.1030024633E+005  1.5519099301E+004
  6.1200034742E+005  1.5466090997E+004
  6.1370024446E+005  1.5413800462E+004
  6.1540035772E+005  1.5362223906E+004
  6.1710024282E+005  1.5311342399E+004
  6.1880035836E+005  1.5261110696E+004
  6.2050026099E+005  1.5211490419E+004
  6.2220041260E+005  1.5162432791E+004
  6.2390035924E+005  1.5113885971E+004
  6.2560030487E+005  1.5065782674E+004
  6.2730024022E+005  1.5018039345E+004
  6.2900039755E+005  1.4970564904E+004
  6.3070033911E+005  1.4923296547E+004
  6.3240029810E+005  1.4876137969E+004
  6.3410028446E+005  1.4829027068E+004
  6.3580028324E+005  1.4781913985E+004
  6.3750027336E+005  1.4734773139E+004
  6.3920025947E+005  1.4687600285E+004
  6.4090025283E+005  1.4640413122E+004
  6.4260026567E+005  1.4593229011E+004
  6.4430030806E+005  1.4546059230E+004
  6.4600037394E+005  1.4498923185E+004
  6.4770044234E+005  1.4451836717E+004
  6.4940028356E+005  1.4404838444E+004
  6.5110036161E+005  1.4357967161E+004
  6.5280023392E+005  1.4311294607E+004
  6.5450035837E+005  1.4264929615E+004
  6.5620029024E+005  1.3850283999E+004
  6.5790023276E+005  1.3385646457E+004
  6.5960039841E+005  1.3008467959E+004
  6.6130034218E+005  1.2718558819E+004
  6.6300029810E+005  1.2518768280E+004
  6.6470027583E+005  1.2412916116E+004
  6.6640028124E+005  1.2404307629E+004
  6.6810030940E+005  1.2489325412E+004
  6.6980033466E+005  1.2643024245E+004
  6.7150035220E+005  1.2828129944E+004
  6.7320037872E+005  1.3010087615E+004
  6.7490041655E+005  1.3163452858E+004
  6.7660025182E+005  1.3272804680E+004
  6.7830033443E+005  1.3331130814E+004
  6.8000041584E+005  1.3337855450E+004
  6.8170026241E+005  1.3298882604E+004
  6.8340033201E+005  1.3226447358E+004
  6.8510041117E+005  1.3137282904E+004
  6.8680028064E+005  1.3047861518E+004
  6.8850039680E+005  1.2971305276E+004
  6.9020030549E+005  1.2916614547E+004
  6.9190042963E+005  1.2888862246E+004
  6.9360032474E+005  1.2889554253E+004
  6.9530022990E+005  1.2915713715E+004
  6.9700037050E+005  1.2959898838E+004
  6.9870031342E+005  1.3012095880E+004
  7.0040028339E+005  1.3061982500E+004
  7.0210025660E+005  1.3100580668E+004
  7.0380022539E+005  1.3121169057E+004
  7.0550042828E+005  1.3119665768E+004
  7.0720042590E+005  1.3094732535E+004
  7.0890044635E+005  1.3048067894E+004
  7.1060027432E+005  1.2984875352E+004
  7.1230034350E+005  1.2912742443E+004
  7.1400040689E+005  1.2839990871E+004
  7.1570025089E+005  1.2774261468E+004
  7.1740033317E+005  1.2721668553E+004
  7.1910042970E+005  1.2686545712E+004
  7.2080032903E+005  1.2671338462E+004
  7.2250025332E+005  1.2676300433E+004
  7.2420040277E+005  1.2699018784E+004
  7.2590032206E+005  1.2734803665E+004
  7.2760024898E+005  1.2777560931E+004
  7.2930040966E+005  1.2798476328E+004
  7.3100036317E+005  1.2769271676E+004
  7.3270034413E+005  1.2739889321E+004
  7.3440032989E+005  1.2710330160E+004
  7.3610030334E+005  1.2680625970E+004
  7.3780027620E+005  1.2650823476E+004
  7.3950025518E+005  1.2620982590E+004
  7.4120024573E+005  1.2591188672E+004
  7.4290025930E+005  1.2561537798E+004
  7.4460029014E+005  1.2532143827E+004
  7.4630031641E+005  1.2503113723E+004
  7.4800033759E+005  1.2474537757E+004
  7.4970036680E+005  1.2440318004E+004
  7.5140040334E+005  1.2394372232E+004
  7.5310023652E+005  1.2361876122E+004
  7.5480032301E+005  1.2343486237E+004
  7.5650041604E+005  1.2338697903E+004
  7.5820028293E+005  1.2313999095E+004
  7.5990037940E+005  1.2288606512E+004
  7.6160026354E+005  1.2263340495E+004
  7.6330039351E+005  1.2238101627E+004
  7.6500032942E+005  1.2212841722E+004
  7.6670028706E+005  1.2187527331E+004
  7.6840024390E+005  1.2162147753E+004
  7.7010042641E+005  1.2136706349E+004
  7.7180039619E+005  1.2111231180E+004
  7.7350037731E+005  1.2085750547E+004
  7.7520038377E+005  1.2060302001E+004
  7.7690041502E+005  1.2034937290E+004
  7.7860022765E+005  1.2009716841E+004
  7.8030026443E+005  1.1984687461E+004
  7.8200030219E+005  1.1959899910E+004
  7.8370034812E+005  1.1935396660E+004
  7.8540040937E+005  1.1911199302E+004
  7.8710026818E+005  1.1887318868E+004
  7.8880036756E+005  1.1863739861E+004
  7.9050023707E+005  1.1840434617E+004
  7.9220032453E+005  1.1817359824E+004
  7.9390041482E+005  1.1794465643E+004
  7.9560028884E+005  1.1771710176E+004
  7.9730040756E+005  1.1749028973E+004
  7.9900032052E+005  1.1726396792E+004
  8.0070023767E+005  1.1703796632E+004
  8.0240037379E+005  1.1681220690E+004
  8.0410028448E+005  1.1658680367E+004
  8.0580043036E+005  1.1636180021E+004
  8.0750036580E+005  1.1613741049E+004
  8.0920032354E+005  1.1591379671E+004
  8.1090030058E+005  1.1569117076E+004
  8.1260027756E+005  1.1546982950E+004
  8.1430025469E+005  1.1525001037E+004
  8.1600024109E+005  1.1503198655E+004
  8.1770024303E+005  1.1481598789E+004
  8.1940026971E+005  1.1460220127E+004
  8.2110032307E+005  1.1439071772E+004
  8.2280038869E+005  1.1418153671E+004
  8.2450022637E+005  1.1397459272E+004
  8.2620029304E+005  1.1376959696E+004
  8.2790037531E+005  1.1356625539E+004
  8.2960024870E+005  1.1336427337E+004
  8.3130037148E+005  1.1316318474E+004
  8.3300028948E+005  1.1296265190E+004
  8.3470043064E+005  1.1276228429E+004
  8.3640034619E+005  1.1256189476E+004
  8.3810027044E+005  1.1236128748E+004
  8.3980042935E+005  1.1216032833E+004
  8.4150037977E+005  1.1195900801E+004
  8.4320035307E+005  1.1175744184E+004
  8.4490033353E+005  1.1155564959E+004
  8.4660030409E+005  1.1135372805E+004
  8.4830027487E+005  1.1115181055E+004
  8.5000025225E+005  1.1095004823E+004
  8.5170023813E+005  1.1074864037E+004
  8.5340024653E+005  1.1054781625E+004
  8.5510027074E+005  1.1034779444E+004
  8.5680029001E+005  1.1014881865E+004
  8.5850030493E+005  1.0995113229E+004
  8.6020032663E+005  1.0975499338E+004
  8.6190035737E+005  1.0956057974E+004
  8.6360040469E+005  1.0936805306E+004
  8.6530025206E+005  1.0917758938E+004
  8.6700033200E+005  1.0898921265E+004
  8.6870040880E+005  1.0880298875E+004
  8.7040026769E+005  1.0861893813E+004
  8.7210036073E+005  1.0843694266E+004
  8.7380024482E+005  1.0825695712E+004
  8.7550038068E+005  1.0807874433E+004
  8.7720031392E+005  1.0790212227E+004
  8.7890025075E+005  1.0772664307E+004
  8.8060041214E+005  1.0755207920E+004
  8.8230035836E+005  1.0737829903E+004
  8.8400031661E+005  1.0720512160E+004
  8.8570029573E+005  1.0703243767E+004
  8.8740030022E+005  1.0686017176E+004
  8.8910031404E+005  1.0668828123E+004
  8.9080032694E+005  1.0651667784E+004
  8.9250034235E+005  1.0634545135E+004
  8.9420036546E+005  1.0617456686E+004
  8.9590040205E+005  1.0600404221E+004
  8.9760023272E+005  1.0583394234E+004
  8.9930030501E+005  1.0566428350E+004
  9.0100037954E+005  1.0549516247E+004
  9.0270044799E+005  1.0532662779E+004
  9.0440029346E+005  1.0515880904E+004
  9.0610036958E+005  1.0499173332E+004
  9.0780023491E+005  1.0482550888E+004
  9.0950034411E+005  1.0466014147E+004
  9.1120023917E+005  1.0449568491E+004
  9.1290035516E+005  1.0433221541E+004
  9.1460024220E+005  1.0416974127E+004
  9.1630036147E+005  1.0400820535E+004
  9.1800026893E+005  1.0384761811E+004
  9.1970041746E+005  1.0368788909E+004
  9.2140036242E+005  1.0352902650E+004
  9.2310031267E+005  1.0337088895E+004
  9.2480026008E+005  1.0321342355E+004
  9.2650043885E+005  1.0305652945E+004
  9.2820040521E+005  1.0290017486E+004
  9.2990038856E+005  1.0274429329E+004
  9.3160039567E+005  1.0258880299E+004
  9.3330042269E+005  1.0243372209E+004
  9.3500022729E+005  1.0227900979E+004
  9.3670025577E+005  1.0212460420E+004
  9.3840029656E+005  1.0197051563E+004
  9.4010034960E+005  1.0181675864E+004
  9.4180042205E+005  1.0166335172E+004
  9.4350029541E+005  1.0151032419E+004
  9.4520039959E+005  1.0135769299E+004
  9.4690027642E+005  1.0120554413E+004
  9.4860038291E+005  1.0105389377E+004
  9.5030027466E+005  1.0090283341E+004
  9.5200040308E+005  1.0075233715E+004
  9.5370032624E+005  1.0060253689E+004
  9.5540026554E+005  1.0045349586E+004
  9.5710042713E+005  1.0030527939E+004
  9.5880036057E+005  1.0015800252E+004
  9.6050029914E+005  1.0001171121E+004
  9.6220024150E+005  9.9866450899E+003
  9.6390042301E+005  9.9722249104E+003
  9.6560040023E+005  9.9579184240E+003
  9.6730038327E+005  9.9437152149E+003
  9.6900036284E+005  9.9296032422E+003
  9.7070034121E+005  9.9155821701E+003
  9.7240032578E+005  9.9016550460E+003
  9.7410032203E+005  9.8878160988E+003
  9.7580033724E+005  9.8740583682E+003
  9.7750037035E+005  9.8603742809E+003
  9.7920040529E+005  9.8467560971E+003
  9.8090044033E+005  9.8331960447E+003
  9.8260025765E+005  9.8196905876E+003
  9.8430030939E+005  9.8062269332E+003
  9.8600038038E+005  9.7927993052E+003
  9.8770024881E+005  9.7794037307E+003
  9.8940035785E+005  9.7660306662E+003
  9.9110024651E+005  9.7526764774E+003
  9.9280036046E+005  9.7393326724E+003
  9.9450026014E+005  9.7260055462E+003
  9.9620039779E+005  9.7126913327E+003
  9.9790033070E+005  9.6993938461E+003
  9.9960028545E+005  9.6861125174E+003
  1.0013002475E+006  9.6728489964E+003
  1.0030004328E+006  9.6596056184E+003
  1.0047003962E+006  9.6463877442E+003
  1.0064003707E+006  9.6331965983E+003
  1.0081003587E+006  9.6200351326E+003
  1.0098003632E+006  9.6069067642E+003
  1.0115003842E+006  9.5938109751E+003
  1.0132004043E+006  9.5807611752E+003
  1.0149004194E+006  9.5677585241E+003
  1.0166004406E+006  9.5548036106E+003
  1.0183002426E+006  9.5419041072E+003
  1.0200002809E+006  9.5290619555E+003
  1.0217003386E+006  9.5162868681E+003
  1.0234004045E+006  9.5035792775E+003
  1.0251002415E+006  9.4909478074E+003
  1.0268003019E+006  9.4783928332E+003
  1.0285003703E+006  9.4659194133E+003
  1.0302004480E+006  9.4535292361E+003
  1.0319003189E+006  9.4412307835E+003
  1.0336004343E+006  9.4290211699E+003
  1.0353003262E+006  9.4169046149E+003
  1.0370004419E+006  9.4048765569E+003
  1.0387003411E+006  9.3929338224E+003
  1.0404002494E+006  9.3810648843E+003
  1.0421003988E+006  9.3692751009E+003
  1.0438003462E+006  9.3575702961E+003
  1.0455003095E+006  9.3459516021E+003
  1.0472002759E+006  9.3344220508E+003
  1.0489002452E+006  9.3229862759E+003
  1.0506004485E+006  9.3116350141E+003
  1.0523004378E+006  9.3003153006E+003
  1.0540004472E+006  9.2890318528E+003
  1.0557002536E+006  9.2777930627E+003
  1.0574002918E+006  9.2665997944E+003
  1.0591003309E+006  9.2554569426E+003
  1.0608003720E+006  9.2443685567E+003
  1.0625004215E+006  9.2333429135E+003
  1.0642002603E+006  9.2223897602E+003
  1.0659003399E+006  9.2115163972E+003
  1.0676004346E+006  9.2007394895E+003
  1.0693003068E+006  9.1900814824E+003
  1.0710003998E+006  9.1795525226E+003
  1.0727002716E+006  9.1691797018E+003
  1.0744003743E+006  9.1590108623E+003
  1.0761002640E+006  9.1491111501E+003
  1.0778003943E+006  9.1395623368E+003
  1.0795003112E+006  9.1304898806E+003
  1.0812002264E+006  9.1220893015E+003
  1.0829003622E+006  9.1146570983E+003
  1.0846002804E+006  9.1086300806E+003
  1.0863004325E+006  9.1046872996E+003
  1.0880003742E+006  9.1035352832E+003
  1.0897003359E+006  9.1087464992E+003
  1.0914003035E+006  9.1229170273E+003
  1.0931002687E+006  9.1292562610E+003
  1.0948002395E+006  9.1228989439E+003
  1.0965004459E+006  9.1115340736E+003
  1.0982004412E+006  9.0987284188E+003
  1.0999002318E+006  9.0856403947E+003
  1.1016002667E+006  9.0725749208E+003
  1.1033003056E+006  9.0597629162E+003
  1.1050003454E+006  9.0472605054E+003
  1.1067003953E+006  9.0350014314E+003
  1.1084002296E+006  9.0229952502E+003
  1.1101003045E+006  9.0112095840E+003
  1.1118004024E+006  8.9996005292E+003
  1.1135002868E+006  8.9880573855E+003
  1.1152003963E+006  8.9765956737E+003
  1.1169002836E+006  8.9652577160E+003
  1.1186004028E+006  8.9540527333E+003
  1.1203003082E+006  8.9429962171E+003
  1.1220002299E+006  8.9321003219E+003
  1.1237003930E+006  8.9213283217E+003
  1.1254003352E+006  8.9106086592E+003
  1.1271002754E+006  8.8999507652E+003
  1.1288004419E+006  8.8893569548E+003
  1.1305003889E+006  8.8788466941E+003
  1.1322003463E+006  8.8684440721E+003
  1.1339003188E+006  8.8581381194E+003
  1.1356003040E+006  8.8478949111E+003
  1.1373002915E+006  8.8376757617E+003
  1.1390002752E+006  8.8275195513E+003
  1.1407002622E+006  8.8174339746E+003
  1.1424002580E+006  8.8074172589E+003
  1.1441002664E+006  8.7974688311E+003
  1.1458002926E+006  8.7876104796E+003
  1.1475003304E+006  8.7777788793E+003
  1.1492003676E+006  8.7679857113E+003
  1.1509004060E+006  8.7582298780E+003
  1.1526002298E+006  8.7485057230E+003
  1.1543002908E+006  8.7388298042E+003
  1.1560003679E+006  8.7292331496E+003
  1.1577002411E+006  8.7196723579E+003
  1.1594003489E+006  8.7101615417E+003
  1.1611002315E+006  8.7007021279E+003
  1.1628003458E+006  8.6912964724E+003
  1.1645002462E+006  8.6819302533E+003
  1.1662003827E+006  8.6725903369E+003
  1.1679003152E+006  8.6632530219E+003
  1.1696002653E+006  8.6539340046E+003
  1.1713004427E+006  8.6446671841E+003
  1.1730003955E+006  8.6354888552E+003
  1.1747003551E+006  8.6263652034E+003
  1.1764003236E+006  8.6172713746E+003
  1.1781003047E+006  8.6081688845E+003
  1.1798003044E+006  8.5990719887E+003
  1.1815003133E+006  8.5899934137E+003
  1.1832003200E+006  8.5809484666E+003
  1.1849003278E+006  8.5720085394E+003
  1.1866003397E+006  8.5631389583E+003
  1.1883003584E+006  8.5542951054E+003
  1.1900003912E+006  8.5454638928E+003
  1.1917004382E+006  8.5366567369E+003
  1.1934002671E+006  8.5278757461E+003
  1.1951003184E+006  8.5191063931E+003
  1.1968003698E+006  8.5103922482E+003
  1.1985004282E+006  8.5017481572E+003
  1.2002002719E+006  8.4931289273E+003
  1.2019003570E+006  8.4845319798E+003
  1.2036002320E+006  8.4759474714E+003
  1.2053003357E+006  8.4673826320E+003
  1.2070004392E+006  8.4588513537E+003
  1.2087003233E+006  8.4503677157E+003
  1.2104004446E+006  8.4419024884E+003
  1.2121003547E+006  8.4334469044E+003
  1.2138002832E+006  8.4250123097E+003
  1.2155002287E+006  8.4166093445E+003
  1.2172004009E+006  8.4082449032E+003
  1.2189003513E+006  8.3999171148E+003
  1.2206003115E+006  8.3915547076E+003
  1.2223002817E+006  8.3832049147E+003
  1.2240002679E+006  8.3748888424E+003
  1.2257002739E+006  8.3666127593E+003
  1.2274002908E+006  8.3583757921E+003
  1.2291003064E+006  8.3501662470E+003
  1.2308003253E+006  8.3419626306E+003
  1.2325003543E+006  8.3337807038E+003
  1.2342003911E+006  8.3256415793E+003
  1.2359004449E+006  8.3175396576E+003
  1.2376002898E+006  8.3094830115E+003
  1.2393003606E+006  8.3014593899E+003
  1.2410004310E+006  8.2934570882E+003
  1.2427002792E+006  8.2854915996E+003
  1.2444003576E+006  8.2775596704E+003
  1.2461004457E+006  8.2696773667E+003
  1.2478003238E+006  8.2618474094E+003
  1.2495004390E+006  8.2540341742E+003
  1.2512003295E+006  8.2462368147E+003
  1.2529004439E+006  8.2385040039E+003
  1.2546003375E+006  8.2308875400E+003
  1.2563002376E+006  8.2233211897E+003
  1.2580003767E+006  8.2157804909E+003
  1.2597003066E+006  8.2082523074E+003
  1.2614002468E+006  8.2007464763E+003
  1.2631004129E+006  8.1932902465E+003
  1.2648003546E+006  8.1859250059E+003
  1.2665003063E+006  8.1785897307E+003
  1.2682002691E+006  8.1712654227E+003
  1.2699002473E+006  8.1639657685E+003
  1.2716002447E+006  8.1566945197E+003
  1.2733002510E+006  8.1494538808E+003
  1.2750002591E+006  8.1422383272E+003
  1.2767002718E+006  8.1350401684E+003
  1.2784002948E+006  8.1278674706E+003
  1.2801003293E+006  8.1207203997E+003
  1.2818003803E+006  8.1136100515E+003
  1.2835002252E+006  8.1065116624E+003
  1.2852002982E+006  8.0994192559E+003
  1.2869003704E+006  8.0923541791E+003
  1.2886002253E+006  8.0853262041E+003
  1.2903003123E+006  8.0783381692E+003
  1.2920004108E+006  8.0713649080E+003
  1.2937003019E+006  8.0643782118E+003
  1.2954004281E+006  8.0574168051E+003
  1.2971003295E+006  8.0504990604E+003
  1.2988002309E+006  8.0436232330E+003
  1.3005003618E+006  8.0367595063E+003
  1.3022002736E+006  8.0299220344E+003
  1.3039004218E+006  8.0230777926E+003
  1.3056003608E+006  8.0162796515E+003
  1.3073003067E+006  8.0095111234E+003
  1.3090002521E+006  8.0027632214E+003
  1.3107004230E+006  7.9960535303E+003
  1.3124003736E+006  7.9893856349E+003
  1.3141003341E+006  7.9827543718E+003
  1.3158003091E+006  7.9761409217E+003
  1.3175002986E+006  7.9695596404E+003
  1.3192002953E+006  7.9630212472E+003
  1.3209002915E+006  7.9565240267E+003
  1.3226002918E+006  7.9500490313E+003
  1.3243003023E+006  7.9435892514E+003
  1.3260003245E+006  7.9371645824E+003
  1.3277003634E+006  7.9307792491E+003
  1.3294004187E+006  7.9244428504E+003
  1.3311002557E+006  7.9181189498E+003
  1.3328003185E+006  7.9117867767E+003
  1.3345003880E+006  7.9054877869E+003
  1.3362002437E+006  7.8992339833E+003
  1.3379003355E+006  7.8930206555E+003
  1.3396004458E+006  7.8868357522E+003
  1.3413003458E+006  7.8806693965E+003
  1.3430002457E+006  7.8745408502E+003
  1.3447003725E+006  7.8684565939E+003
  1.3464002816E+006  7.8623988963E+003
  1.3481004231E+006  7.8563713087E+003
  1.3498003533E+006  7.8502490830E+003
  1.3515002986E+006  7.8441738976E+003
  1.3532002521E+006  7.8381363481E+003
  1.3549004289E+006  7.8321384196E+003
  1.3566003825E+006  7.8261911517E+003
  1.3583003416E+006  7.8202044372E+003
  1.3600003065E+006  7.8142076931E+003
  1.3617002855E+006  7.8082462594E+003
  1.3634002777E+006  7.8023393251E+003
  1.3651002749E+006  7.7964879932E+003
  1.3668002722E+006  7.7906250734E+003
  1.3685002696E+006  7.7847573383E+003
  1.3702002746E+006  7.7789406868E+003
  1.3719002899E+006  7.7731815398E+003
  1.3736003192E+006  7.7674727883E+003
  1.3753003634E+006  7.7617356956E+003
  1.3770004114E+006  7.7559652719E+003
  1.3787002353E+006  7.7502486785E+003
  1.3804002896E+006  7.7445856684E+003
  1.3821003539E+006  7.7389209859E+003
  1.3838004308E+006  7.7332560230E+003
  1.3855002984E+006  7.7276229402E+003
  1.3872004068E+006  7.7220424611E+003
  1.3889002939E+006  7.7164757835E+003
  1.3906004068E+006  7.7109100249E+003
  1.3923003044E+006  7.7053849652E+003
  1.3940004352E+006  7.6998912724E+003
  1.3957003542E+006  7.6944326350E+003
  1.3974002918E+006  7.6890198162E+003
  1.3991002397E+006  7.6836618815E+003
  1.4008004128E+006  7.6783048058E+003
  1.4025003636E+006  7.6729552558E+003
  1.4042003223E+006  7.6676453945E+003
  1.4059002889E+006  7.6623889082E+003
  1.4076002688E+006  7.6571817852E+003
  1.4093002642E+006  7.6519780721E+003
  1.4110002646E+006  7.6468155816E+003
  1.4127002651E+006  7.6416428912E+003
  1.4144002683E+006  7.6364770122E+003
  1.4161002760E+006  7.6313122555E+003
  1.4178002924E+006  7.6261512952E+003
  1.4195003221E+006  7.6210472027E+003
  1.4212003645E+006  7.6159823488E+003
  1.4229004120E+006  7.6109628074E+003
  1.4246002333E+006  7.6059670318E+003
  1.4263002818E+006  7.6010184323E+003
  1.4280003385E+006  7.5961026982E+003
  1.4297004050E+006  7.5912387442E+003
  1.4314002616E+006  7.5863525234E+003
  1.4331003560E+006  7.5814601970E+003
  1.4348002291E+006  7.5766022460E+003
  1.4365003277E+006  7.5717955655E+003
  1.4382004327E+006  7.5670312927E+003
  1.4399003232E+006  7.5622693920E+003
  1.4416004493E+006  7.5575493008E+003
  1.4433003678E+006  7.5528810447E+003
  1.4450003005E+006  7.5482522519E+003
  1.4467002345E+006  7.5434719841E+003
  1.4484003969E+006  7.5387227282E+003
  1.4501003424E+006  7.5340407599E+003
  1.4518002959E+006  7.5294078834E+003
  1.4535002640E+006  7.5247585167E+003
  1.4552002488E+006  7.5201574276E+003
  1.4569002431E+006  7.5156082408E+003
  1.4586002380E+006  7.5111043243E+003
  1.4603002360E+006  7.5066021299E+003
  1.4620002414E+006  7.5021447891E+003
  1.4637002541E+006  7.4977267494E+003
  1.4654002809E+006  7.4933624434E+003
  1.4671003207E+006  7.4888696620E+003
  1.4688003657E+006  7.4844046825E+003
  1.4705004120E+006  7.4799797537E+003
  1.4722002339E+006  7.4756151911E+003
  1.4739002869E+006  7.4713321513E+003
  1.4756003488E+006  7.4670835867E+003
  1.4773004226E+006  7.4628917062E+003
  1.4790002856E+006  7.4587059717E+003
  1.4807003777E+006  7.4543848902E+003
  1.4824002439E+006  7.4501114468E+003
  1.4841003380E+006  7.4458976403E+003
  1.4858004401E+006  7.4416448388E+003
  1.4875003275E+006  7.4373610410E+003
  1.4892002283E+006  7.4331339425E+003
  1.4909003681E+006  7.4289468132E+003
  1.4926002864E+006  7.4249351044E+003
  1.4943004300E+006  7.4210012312E+003
  1.4960003571E+006  7.4171199868E+003
  1.4977002925E+006  7.4132308010E+003
  1.4994002391E+006  7.4093577352E+003
  1.5011004283E+006  7.4055478947E+003
  1.5028004050E+006  7.4018012115E+003
  1.5045003844E+006  7.3980226813E+003
  1.5062003668E+006  7.3942690851E+003
  1.5079003561E+006  7.3905696893E+003
  1.5096003540E+006  7.3869075395E+003
  1.5113003651E+006  7.3831883584E+003
  1.5130003925E+006  7.3795168825E+003
  1.5147004288E+006  7.3759218946E+003
  1.5164002416E+006  7.3722697314E+003
  1.5181002824E+006  7.3686259677E+003
  1.5198003291E+006  7.3650560101E+003
  1.5215003844E+006  7.3615104525E+003
  1.5232002271E+006  7.3578986478E+003
  1.5249003070E+006  7.3543577548E+003
  1.5266003950E+006  7.3508975282E+003
  1.5283002577E+006  7.3473354430E+003
  1.5300003460E+006  7.3438280313E+003
  1.5317004415E+006  7.3404032859E+003
  1.5334003192E+006  7.3369440094E+003
  1.5351004342E+006  7.3334741194E+003
  1.5368003384E+006  7.3300831658E+003
  1.5385002474E+006  7.3267151486E+003
  1.5402003806E+006  7.3232302743E+003
  1.5419002920E+006  7.3198226299E+003
  1.5436004371E+006  7.3164869592E+003
  1.5453003654E+006  7.3130737691E+003
  1.5470003079E+006  7.3097200449E+003
  1.5487002652E+006  7.3064330692E+003
  1.5504002251E+006  7.3031184198E+003
  1.5521004126E+006  7.2998118475E+003
  1.5538003817E+006  7.2965710283E+003
  1.5555003579E+006  7.2933471581E+003
  1.5572003459E+006  7.2900864974E+003
  1.5589003498E+006  7.2868930400E+003
  1.5606003667E+006  7.2837548255E+003
  1.5623003875E+006  7.2805407571E+003
  1.5640004106E+006  7.2773962879E+003
  1.5657004399E+006  7.2743353980E+003
  1.5674002524E+006  7.2711689168E+003
  1.5691003028E+006  7.2680761580E+003
  1.5708003677E+006  7.2650829931E+003
  1.5725004428E+006  7.2619685105E+003
  1.5742002965E+006  7.2589291201E+003
  1.5759003758E+006  7.2559679029E+003
  1.5776002365E+006  7.2528744748E+003
  1.5793003309E+006  7.2498508545E+003
  1.5810004349E+006  7.2469243788E+003
  1.5827003280E+006  7.2438958937E+003
  1.5844002307E+006  7.2409343469E+003
  1.5861003579E+006  7.2380620999E+003
  1.5878002615E+006  7.2350910391E+003
  1.5895003962E+006  7.2321904960E+003
  1.5912003129E+006  7.2293714412E+003
  1.5929002410E+006  7.2264508978E+003
  1.5946004083E+006  7.2236088279E+003
  1.5963003575E+006  7.2208444070E+003
  1.5980003057E+006  7.2179691209E+003
  1.5997002577E+006  7.2151829629E+003
  1.6014004419E+006  7.2124566909E+003
  1.6031004086E+006  7.2096458998E+003
  1.6048003897E+006  7.2069140969E+003
  1.6065003842E+006  7.2042212741E+003
  1.6082003848E+006  7.2014713096E+003
  1.6099003885E+006  7.1987959356E+003
  1.6116003956E+006  7.1961331511E+003
  1.6133004111E+006  7.1934401871E+003
  1.6150004368E+006  7.1908293807E+003
  1.6167002519E+006  7.1881923376E+003
  1.6184003064E+006  7.1855548394E+003
  1.6201003664E+006  7.1830152470E+003
  1.6218004284E+006  7.1803671049E+003
  1.6235002698E+006  7.1777653180E+003
  1.6252003455E+006  7.1752436487E+003
  1.6269004319E+006  7.1726267066E+003
  1.6286003059E+006  7.1701010342E+003
  1.6303004189E+006  7.1675918686E+003
  1.6320003101E+006  7.1650319413E+003
  1.6337004265E+006  7.1625627438E+003
  1.6354003247E+006  7.1600230442E+003
  1.6371002293E+006  7.1575208902E+003
  1.6388003676E+006  7.1551105402E+003
  1.6405002955E+006  7.1525841842E+003
  1.6422002340E+006  7.1501454866E+003
  1.6439003990E+006  7.1477002990E+003
  1.6456003397E+006  7.1452106343E+003
  1.6473002856E+006  7.1428327076E+003
  1.6490002376E+006  7.1403509000E+003
  1.6507004251E+006  7.1379286408E+003
  1.6524004019E+006  7.1355429649E+003
  1.6541003867E+006  7.1330887998E+003
  1.6558003733E+006  7.1307504375E+003
  1.6575003626E+006  7.1283483004E+003
  1.6592003568E+006  7.1259819278E+003
  1.6609003597E+006  7.1236657628E+003
  1.6626003741E+006  7.1212542815E+003
  1.6643004017E+006  7.1189565978E+003
  1.6660004401E+006  7.1166186539E+003
  1.6677002555E+006  7.1143028625E+003
  1.6694002984E+006  7.1120668529E+003
  1.6711003490E+006  7.1097288871E+003
  1.6728004083E+006  7.1074981541E+003
  1.6745002555E+006  7.1052342344E+003
  1.6762003421E+006  7.1029875985E+003
  1.6779004380E+006  7.1008161774E+003
  1.6796003097E+006  7.0985520431E+003
  1.6813004097E+006  7.0963902198E+003
  1.6830002942E+006  7.0941884512E+003
  1.6847004107E+006  7.0920135062E+003
  1.6864003150E+006  7.0898960311E+003
  1.6881002339E+006  7.0877077451E+003
  1.6898003829E+006  7.0856101458E+003
  1.6915003090E+006  7.0834357367E+003
  1.6932002385E+006  7.0813111544E+003
  1.6949003989E+006  7.0792172052E+003
  1.6966003425E+006  7.0770852238E+003
  1.6983002984E+006  7.0750612567E+003
  1.7000002671E+006  7.0729274144E+003
  1.7017002400E+006  7.0708912202E+003
  1.7034004386E+006  7.0688363111E+003
  1.7051004150E+006  7.0667835543E+003
  1.7068003979E+006  7.0647999348E+003
  1.7085003904E+006  7.0627388567E+003
  1.7102003944E+006  7.0607908999E+003
  1.7119004102E+006  7.0587493569E+003
  1.7136004312E+006  7.0567664208E+003
  1.7153002271E+006  7.0547848142E+003
  1.7170002529E+006  7.0527905820E+003
  1.7187002870E+006  7.0508774093E+003
  1.7204003290E+006  7.0488701128E+003
  1.7221003851E+006  7.0469562378E+003
  1.7238002294E+006  7.0449281186E+003
  1.7255003023E+006  7.0429779539E+003
  1.7272003772E+006  7.0410135362E+003
  1.7289002331E+006  7.0390553205E+003
  1.7306003223E+006  7.0371631801E+003
  1.7323004215E+006  7.0351920353E+003
  1.7340003109E+006  7.0333424342E+003
  1.7357004367E+006  7.0313385593E+003
  1.7374003396E+006  7.0294604502E+003
  1.7391002463E+006  7.0275158198E+003
  1.7408003835E+006  7.0256133952E+003
  1.7425003027E+006  7.0237186826E+003
  1.7442002337E+006  7.0218039101E+003
  1.7459004019E+006  7.0199755656E+003
  1.7476003558E+006  7.0180517224E+003
  1.7493003132E+006  7.0162468393E+003
  1.7510002713E+006  7.0142947602E+003
  1.7527002351E+006  7.0124712256E+003
  1.7544004312E+006  7.0105669430E+003
  1.7561004125E+006  7.0087184011E+003
  1.7578004065E+006  7.0068691622E+003
  1.7595004099E+006  7.0049868090E+003
  1.7612004147E+006  7.0031584640E+003
  1.7629004198E+006  7.0012573480E+003
  1.7646004320E+006  6.9994930750E+003
  1.7663002265E+006  6.9975920468E+003
  1.7680002551E+006  6.9957965808E+003
  1.7697002981E+006  6.9939090791E+003
  1.7714003492E+006  6.9921107453E+003
  1.7731004012E+006  6.9902840629E+003
  1.7748002322E+006  6.9884715262E+003
  1.7765002941E+006  6.9866794682E+003
  1.7782003633E+006  6.9848509449E+003
  1.7799004450E+006  6.9830965327E+003
  1.7816003153E+006  6.9812463656E+003
  1.7833004189E+006  6.9795071340E+003
  1.7850002994E+006  6.9776605384E+003
  1.7867004087E+006  6.9759263642E+003
  1.7884003000E+006  6.9741141191E+003
  1.7901004253E+006  6.9723412113E+003
  1.7918003385E+006  6.9705536575E+003
  1.7935002638E+006  6.9687657637E+003
  1.7952004225E+006  6.9670135757E+003
  1.7969003583E+006  6.9651900971E+003
  1.7986002967E+006  6.9634493248E+003
  1.8003002437E+006  6.9616165680E+003
  1.8020004231E+006  6.9598711984E+003
  1.8037003888E+006  6.9580151598E+003
  1.8054003686E+006  6.9562719690E+003
  1.8071003541E+006  6.9544758408E+003
  1.8088003404E+006  6.9527373216E+003
  1.8105003301E+006  6.9509769850E+003
  1.8122003267E+006  6.9492259414E+003
  1.8139003308E+006  6.9474950449E+003
  1.8156003468E+006  6.9457300352E+003
  1.8173003755E+006  6.9440466887E+003
  1.8190004080E+006  6.9422657540E+003
  1.8207004419E+006  6.9406156466E+003
  1.8224002554E+006  6.9388484009E+003
  1.8241002995E+006  6.9372030792E+003
  1.8258003526E+006  6.9354752291E+003
  1.8275004179E+006  6.9338102758E+003
  1.8292002693E+006  6.9321190277E+003
  1.8309003520E+006  6.9304602814E+003
  1.8326004360E+006  6.9288213335E+003
  1.8343002984E+006  6.9271707686E+003
  1.8360003940E+006  6.9255816382E+003
  1.8377002735E+006  6.9239368102E+003
  1.8394003909E+006  6.9223963981E+003
  1.8411002957E+006  6.9207505815E+003
  1.8428004304E+006  6.9192359849E+003
  1.8445003414E+006  6.9175950064E+003
  1.8462002574E+006  6.9160635905E+003
  1.8479004076E+006  6.9144653129E+003
  1.8496003407E+006  6.9129179605E+003
  1.8513002866E+006  6.9113292686E+003
  1.8530002459E+006  6.9097421702E+003
  1.8547004331E+006  6.9081461832E+003
  1.8564003982E+006  6.9065161451E+003
  1.8581003692E+006  6.9049196803E+003
  1.8598003462E+006  6.9032501323E+003
  1.8615003333E+006  6.9016573666E+003
  1.8632003334E+006  6.8999499394E+003
  1.8649003443E+006  6.8983523636E+003
  1.8666003583E+006  6.8966163292E+003
  1.8683003739E+006  6.8949786619E+003
  1.8700003942E+006  6.8932535731E+003
  1.8717004214E+006  6.8915815040E+003
  1.8734002333E+006  6.8898687711E+003
  1.8751002820E+006  6.8881611464E+003
  1.8768003405E+006  6.8864598332E+003
  1.8785004030E+006  6.8847182086E+003
  1.8802002412E+006  6.8830264503E+003
  1.8819003097E+006  6.8812528856E+003
  1.8836003861E+006  6.8795800215E+003
  1.8853002453E+006  6.8777779515E+003
  1.8870003430E+006  6.8760809885E+003
  1.8887002266E+006  6.8742831993E+003
  1.8904003371E+006  6.8725546913E+003
  1.8921002251E+006  6.8707861522E+003
  1.8938003442E+006  6.8690210889E+003
  1.8955002457E+006  6.8672680841E+003
  1.8972003828E+006  6.8654763952E+003
  1.8989003083E+006  6.8637449376E+003
  1.9006002438E+006  6.8619208653E+003
  1.9023004068E+006  6.8602103918E+003
  1.9040003486E+006  6.8583625664E+003
  1.9057002965E+006  6.8566107361E+003
  1.9074002513E+006  6.8547937157E+003
  1.9091004429E+006  6.8530142839E+003
  1.9108004212E+006  6.8512240958E+003
  1.9125004097E+006  6.8494110848E+003
  1.9142004020E+006  6.8476559557E+003
  1.9159003953E+006  6.8458111814E+003
  1.9176003952E+006  6.8440794810E+003
  1.9193004029E+006  6.8422162801E+003
  1.9210004201E+006  6.8404544741E+003
  1.9227002253E+006  6.8386228227E+003
  1.9244002646E+006  6.8368251943E+003
  1.9261003054E+006  6.8350262426E+003
  1.9278003483E+006  6.8331966777E+003
  1.9295003981E+006  6.8314348656E+003
  1.9312002296E+006  6.8295741320E+003
  1.9329002951E+006  6.8278436166E+003
  1.9346003741E+006  6.8259581998E+003
  1.9363002359E+006  6.8241824504E+003
  1.9380003241E+006  6.8223517880E+003
  1.9397004162E+006  6.8205317432E+003
  1.9414002882E+006  6.8187497296E+003
  1.9431003920E+006  6.8168898200E+003
  1.9448002826E+006  6.8151518990E+003
  1.9465004100E+006  6.8132664736E+003
  1.9482003209E+006  6.8115080734E+003
  1.9499002342E+006  6.8096567763E+003
  1.9516003749E+006  6.8078508398E+003
  1.9533002976E+006  6.8060539956E+003
  1.9550002282E+006  6.8042081922E+003
  1.9567003949E+006  6.8024589132E+003
  1.9584003484E+006  6.8005819906E+003
  1.9601003109E+006  6.7988337800E+003
  1.9618002763E+006  6.7969724704E+003
  1.9635002440E+006  6.7951797001E+003
  1.9652004450E+006  6.7933770299E+003
  1.9669004280E+006  6.7915418333E+003
  1.9686004213E+006  6.7897946834E+003
  1.9703004289E+006  6.7879219223E+003
  1.9720004437E+006  6.7861789393E+003
  1.9737002348E+006  6.7843195991E+003
  1.9754002549E+006  6.7825316660E+003
  1.9771002810E+006  6.7807370187E+003
  1.9788003145E+006  6.7789035479E+003
  1.9805003592E+006  6.7771696895E+003
  1.9822004156E+006  6.7752974444E+003
  1.9839002539E+006  6.7735595850E+003
  1.9856003193E+006  6.7717135393E+003
  1.9873003881E+006  6.7699310081E+003
  1.9890002376E+006  6.7681511559E+003
  1.9907003195E+006  6.7663273129E+003
  1.9924004122E+006  6.7646184725E+003
  1.9941002908E+006  6.7627434856E+003
  1.9958004029E+006  6.7609984025E+003
  1.9975002911E+006  6.7591789489E+003
  1.9992004065E+006  6.7573926488E+003
  2.0009003047E+006  6.7556414040E+003
  2.0026004348E+006  6.7538120525E+003
  2.0043003505E+006  6.7520806302E+003
  2.0060002794E+006  6.7502512324E+003
  2.0077004395E+006  6.7484817851E+003
  2.0094003766E+006  6.7467147027E+003
  2.0111003178E+006  6.7449048703E+003
  2.0128002661E+006  6.7432070442E+003
  2.0145004469E+006  6.7413506330E+003
  2.0162004139E+006  6.7396163215E+003
  2.0179003938E+006  6.7378215989E+003
  2.0196003802E+006  6.7360443065E+003
