 0001  0.1247832375068200E+000
 0002  0.1247832375068200E+000
 0003  0.1247760022666858E+000
 0004  0.1247760022666858E+000
 0005  0.1247689350425015E+000
 0006  0.1247689350425015E+000
 0007  0.1247606386624511E+000
 0008  0.1247606386624511E+000
 0009  0.1247509473637320E+000
 0010  0.1247509473637319E+000
 0011  0.1247414811152847E+000
 0012  0.1247414811152847E+000
 0013  0.1247302797829240E+000
 0014  0.1247302797829240E+000
 0015  0.1247174738862890E+000
 0016  0.1247031516142642E+000
 0017  0.1247031516142641E+000
 0018  0.1246891619324635E+000
 0019  0.1246891619324635E+000
 0020  0.1246727458068200E+000
 0021  0.1246727458068200E+000
 0022  0.1246535896475695E+000
 0023  0.1246535896475695E+000
 0024  0.1246348783305402E+000
 0025  0.1246140602456827E+000
 0026  0.1246140602456827E+000
 0027  0.1245900044591422E+000
 0028  0.1245900044591422E+000
 0029  0.1245665072934285E+000
 0030  0.1245397168094936E+000
 0031  0.1245397168094936E+000
 0032  0.1245079731574730E+000
 0033  0.1244718565416628E+000
 0034  0.1244718565416629E+000
 0035  0.1244365786219289E+000
 0036  0.1244365786219290E+000
 0037  0.1243953882119333E+000
 0038  0.1243494474771647E+000
 0039  0.1243494474771647E+000
 0040  0.1242958045919340E+000
 0041  0.1242459445875008E+000
 0042  0.1241893612576406E+000
 0043  0.1241893612576406E+000
 0044  0.1241228649251285E+000
 0045  0.1240511306905731E+000
 0046  0.1240511306905731E+000
 0047  0.1239810622605154E+000
 0048  0.1239049048915463E+000
 0049  0.1239049048915464E+000
 0050  0.1238196247062109E+000
 0051  0.1237317299726080E+000
 0052  0.1236429261852380E+000
 0053  0.1236429261852380E+000
 0054  0.1235561845896420E+000
 0055  0.1234685756699592E+000
 0056  0.1233730599413152E+000
 0057  0.1233730599413152E+000
 0058  0.1232495318518276E+000
 0059  0.1230908656422288E+000
 0060  0.1229471962145112E+000
 0061  0.1229471962145112E+000
 0062  0.1227303988529365E+000
 0063  0.1224394026557805E+000
 0064  0.1220935061456398E+000
 0065  0.1216746696863270E+000
 0066  0.1216746696863269E+000
 0067  0.1212655594011628E+000
 0068  0.1207520825440829E+000
 0069  0.1201301746164098E+000
 0070  0.1193984802123605E+000
 0071  0.1193984802123604E+000
 0072  0.1184758160519909E+000
 0073  0.1174493661335162E+000
 0074  0.1165479745687330E+000
 0075  0.1155065814697389E+000
 0076  0.1155065814697389E+000
 0077  0.1142540430049964E+000
 0078  0.1129258969322439E+000
 0079  0.1115285379741053E+000
 0080  0.1100722662316631E+000
 0081  0.1085694485580337E+000
 0082  0.1085694485580337E+000
 0083  0.1068340458321957E+000
 0084  0.1053643697395533E+000
 0085  0.1038221807410731E+000
 0086  0.1022358596477624E+000
 0087  0.1006248368316629E+000
 0088  0.9899871518836216E-001
 0089  0.9736168939047993E-001
 0090  0.9736168939047993E-001
 0091  0.9545303137059491E-001
 0092  0.9354711455369731E-001
 0093  0.9160411927709437E-001
 0094  0.8957737688402698E-001
 0095  0.8746030564041452E-001
 0096  0.8521850346259693E-001
 0097  0.8281610964823723E-001
 0098  0.8023252451969901E-001
 0099  0.7745953941215750E-001
 0100  0.7449848161595141E-001
 0101  0.7137042360923879E-001
 0102  0.6810653896427878E-001
 0103  0.6474187412277174E-001
 0104  0.6131288154469440E-001
 0105  0.5785548993087812E-001
 0106  0.5440071439409395E-001
 0107  0.5097905425434275E-001
 0108  0.4761874119325282E-001
 0109  0.4434470248359808E-001
 0110  0.4117803827585620E-001
 0111  0.3810962634317792E-001
 0112  0.3516851492456720E-001
 0113  0.3237413911993043E-001
 0114  0.2973844392445986E-001
 0115  0.2726758916775703E-001
 0116  0.2478255165139015E-001
 0117  0.2253826718789690E-001
 0118  0.2050963422593232E-001
 0119  0.1867467187047572E-001
 0120  0.1701403810449217E-001
 0121  0.1434826646436068E-001
 0122  0.1326776821653168E-001
 0123  0.1226527005698373E-001
 0124  0.1133683755398108E-001
 0125  0.1047850908201602E-001
 0126  0.9686332419924466E-002
 0127  0.8956396628699868E-002
 0128  0.8283407171805039E-002
 0129  0.7664387999403030E-002
 0130  0.7096221262274768E-002
 0131  0.6575730815907491E-002
 0132  0.6099746571860322E-002
 0133  0.5665153284749235E-002
 0134  0.5251627195270153E-002
 0135  0.4880111666351190E-002
 0136  0.4546192797115020E-002
 0137  0.4245940816743285E-002
 0138  0.3975860282681962E-002
 0139  0.3732838225012203E-002
 0140  0.3342448964897628E-002
 0141  0.3184798911004321E-002
 0142  0.3040103225500296E-002
 0143  0.2907257346428453E-002
 0144  0.2785405855412079E-002
 0145  0.2673737079581876E-002
 0146  0.2571484059995651E-002
 0147  0.2477924735254190E-002
 0148  0.2392381507924710E-002
 0149  0.2314220333017008E-002
 0150  0.2240684032392570E-002
 0151  0.2174118103930417E-002
 0152  0.2113847117637106E-002
 0153  0.2059263227692076E-002
 0154  0.2009819122984035E-002
 0155  0.1965021748757114E-002
 0156  0.1924426710888909E-002
 0157  0.1858054757320874E-002
 0158  0.1830836373328611E-002
 0159  0.1805784589702795E-002
 0160  0.1782736583654067E-002
 0161  0.1761540538099639E-002
 0162  0.1742055063819283E-002
 0163  0.1724148627066115E-002
 0164  0.1707314595815893E-002
 0165  0.1691940711432397E-002
 0166  0.1677898282785636E-002
 0167  0.1665070214652337E-002
 0168  0.1653346163924965E-002
 0169  0.1642630572761417E-002
 0170  0.1632836179568793E-002
 0171  0.1623883320845046E-002
 0172  0.1608991905653048E-002
 0173  0.1602785109863798E-002
 0174  0.1597042876288608E-002
 0175  0.1591731641678011E-002
 0176  0.1586726191199453E-002
 0177  0.1582117221867926E-002
 0178  0.1577872000524734E-002
 0179  0.1573961648837873E-002
 0180  0.1570359595564245E-002
 0181  0.1567041391018758E-002
 0182  0.1563984536566422E-002
 0183  0.1561168327912259E-002
 0184  0.1558573711064512E-002
 0185  0.1554188526473678E-002
 0186  0.1552332426235812E-002
 0187  0.1550577237019245E-002
 0188  0.1548949297800741E-002
 0189  0.1547439333296939E-002
 0190  0.1546038748162863E-002
 0191  0.1544739576848210E-002
 0192  0.1543534437174911E-002
 0193  0.1542416487357968E-002
 0194  0.1541379385518017E-002
 0195  0.1540417253794962E-002
 0196  0.1539524644172397E-002
 0197  0.1537984711129569E-002
 0198  0.1537320594259076E-002
 0199  0.1536700844564927E-002
 0200  0.1536122483845939E-002
 0201  0.1535582734871929E-002
 0202  0.1535079007742398E-002
 0203  0.1534608887177215E-002
 0204  0.1534170072977402E-002
 0205  0.1533760478148362E-002
 0206  0.1533378154560790E-002
 0207  0.1533016897109634E-002
 0208  0.1532392084408357E-002
 0209  0.1532121624460411E-002
 0210  0.1531867880982053E-002
 0211  0.1531629796054016E-002
 0212  0.1531406402426084E-002
 0213  0.1531196792562780E-002
 0214  0.1531000114965458E-002
 0215  0.1530813556344033E-002
 0216  0.1530638795423430E-002
 0217  0.1530475061815506E-002
 0218  0.1530188685275132E-002
 0219  0.1530063352746612E-002
 0220  0.1529945213075725E-002
 0221  0.1529833853029605E-002
 0222  0.1529728883110928E-002
 0223  0.1529628956426080E-002
 0224  0.1529534888982618E-002
 0225  0.1529446332400895E-002
 0226  0.1529362959281351E-002
 0227  0.1529215748003074E-002
 0228  0.1529150717368425E-002
 0229  0.1529088615830533E-002
 0230  0.1529029909933681E-002
 0231  0.1528974411621007E-002
 0232  0.1528921943379947E-002
 0233  0.1528872337644012E-002
 0234  0.1528825434109810E-002
 0235  0.1528781083904079E-002
 0236  0.1528701805979962E-002
 0237  0.1528666374747626E-002
 0238  0.1528632753962561E-002
 0239  0.1528600848786235E-002
 0240  0.1528570570756036E-002
 0241  0.1528541836014954E-002
 0242  0.1528514565069657E-002
 0243  0.1528465298174466E-002
 0244  0.1528443224167201E-002
 0245  0.1528422208484357E-002
 0246  0.1528402199888545E-002
 0247  0.1528383149644315E-002
 0248  0.1528364882864042E-002
 0249  0.1528347503302913E-002
 0250  0.1528330967123795E-002
 0251  0.1528301147290069E-002
 0252  0.1528287697125186E-002
 0253  0.1528274853317716E-002
 0254  0.1528262507399888E-002
 0255  0.1528250725557101E-002
 0256  0.1528239481618495E-002
 0257  0.1528228750643963E-002
 0258  0.1528209227417972E-002
 0259  0.1528200346572648E-002
 0260  0.1528191848786644E-002
 0261  0.1528183717295054E-002
 0262  0.1528175936076222E-002
 0263  0.1528168489665799E-002
 0264  0.1528154834668728E-002
 0265  0.1528148612056143E-002
 0266  0.1528142643267152E-002
 0267  0.1528136917811206E-002
 0268  0.1528131395596277E-002
 0269  0.1528126100821537E-002
 0270  0.1528121023946420E-002
 0271  0.1528111727532289E-002
 0272  0.1528107448364607E-002
 0273  0.1528103336396640E-002
 0274  0.1528099384924205E-002
 0275  0.1528095587575125E-002
 0276  0.1528088587220868E-002
 0277  0.1528085360665765E-002
 0278  0.1528082253870160E-002
 0279  0.1528079262315454E-002
 0280  0.1528076381620126E-002
 0281  0.1528073594651568E-002
 0282  0.1528068451188207E-002
 0283  0.1528066077485984E-002
 0284  0.1528063777420756E-002
 0285  0.1528061559264897E-002
 0286  0.1528059420044818E-002
 0287  0.1528055449405219E-002
 0288  0.1528053606761082E-002
 0289  0.1528051826700021E-002
 0290  0.1528050107057271E-002
 0291  0.1528048445729333E-002
 0292  0.1528045345825560E-002
 0293  0.1528043905770927E-002
 0294  0.1528042507027162E-002
 0295  0.1528041153978105E-002
 0296  0.1528039845100071E-002
 0297  0.1528037401408983E-002
 0298  0.1528036260725054E-002
 0299  0.1528035155685824E-002
 0300  0.1528034085155217E-002
 0301  0.1528033044321261E-002
 0302  0.1528031099557756E-002
 0303  0.1528030187862658E-002
 0304  0.1528029303629704E-002
 0305  0.1528028446008910E-002
 0306  0.1528026836686736E-002
 0307  0.1528026081666576E-002
 0308  0.1528025348454414E-002
 0309  0.1528024634138523E-002
 0310  0.1528023292903690E-002
 0311  0.1528022661289633E-002
 0312  0.1528022047302787E-002
 0313  0.1528021450440172E-002
 0314  0.1528020868493635E-002
 0315  0.1528019773476264E-002
 0316  0.1528019256826499E-002
 0317  0.1528018754102183E-002
 0318  0.1528017804818605E-002
 0319  0.1528017356664774E-002
 0320  0.1528016920138830E-002
 0321  0.1528016493788720E-002
 0322  0.1528015688310857E-002
 0323  0.1528015306841945E-002
 0324  0.1528014934954037E-002
 0325  0.1528014572400718E-002
 0326  0.1528013884419133E-002
 0327  0.1528013558078197E-002
 0328  0.1528013239675401E-002
 0329  0.1528012635287588E-002
 0330  0.1528012348464061E-002
 0331  0.1528012067728390E-002
 0332  0.1528011793609395E-002
 0333  0.1528011271927556E-002
 0334  0.1528011024281264E-002
 0335  0.1528010781743017E-002
 0336  0.1528010320018208E-002
 0337  0.1528010100260012E-002
 0338  0.1528009884914352E-002
 0339  0.1528009474405632E-002
 0340  0.1528009278761714E-002
 0341  0.1528009087316855E-002
 0342  0.1528008721491506E-002
 0343  0.1528008546742217E-002
 0344  0.1528008375637391E-002
 0345  0.1528008048298321E-002
 0346  0.1528007891750245E-002
 0347  0.1528007738375754E-002
 0348  0.1528007444379735E-002
 0349  0.1528007303749545E-002
 0350  0.1528007165657882E-002
 0351  0.1528006901150809E-002
 0352  0.1528006774484593E-002
 0353  0.1528006650045739E-002
 0354  0.1528006411433868E-002
 0355  0.1528006296868220E-002
 0356  0.1528006184447242E-002
 0357  0.1528005968340015E-002
 0358  0.1528005864644499E-002
 0359  0.1528005665268688E-002
 0360  0.1528005569436691E-002
 0361  0.1528005475175052E-002
 0362  0.1528005293912081E-002
 0363  0.1528005206651782E-002
 0364  0.1528005038702260E-002
 0365  0.1528004957783028E-002
 0366  0.1528004801807471E-002
 0367  0.1528004726646795E-002
 0368  0.1528004652636129E-002
 0369  0.1528004509871728E-002
 0370  0.1528004441026129E-002
 0371  0.1528004308047929E-002
 0372  0.1528004243838456E-002
 0373  0.1528004119866882E-002
 0374  0.1528004059962329E-002
 0375  0.1528003944097502E-002
 0376  0.1528003888075119E-002
 0377  0.1528003832841577E-002
 0378  0.1528003726054324E-002
 0379  0.1528003674388282E-002
 0380  0.1528003574335684E-002
 0381  0.1528003525899174E-002
 0382  0.1528003432046933E-002
 0383  0.1528003386586034E-002
 0384  0.1528003298450493E-002
 0385  0.1528003255699807E-002
 0386  0.1528003172778163E-002
 0387  0.1528003093732790E-002
 0388  0.1528003055382091E-002
 0389  0.1528002980887788E-002
 0390  0.1528002944714220E-002
 0391  0.1528002874441642E-002
 0392  0.1528002840290937E-002
 0393  0.1528002773918053E-002
 0394  0.1528002741649041E-002
 0395  0.1528002678886605E-002
 0396  0.1528002618802677E-002
 0397  0.1528002589575232E-002
 0398  0.1528002532663983E-002
 0399  0.1528002478112587E-002
 0400  0.1528002451547741E-002
 0401  0.1528002399781589E-002
 0402  0.1528002374564160E-002
 0403  0.1528002325395442E-002
 0404  0.1528002278163558E-002
 0405  0.1528002255133813E-002
 0406  0.1528002210201446E-002
 0407  0.1528002166995185E-002
 0408  0.1528002145914573E-002
 0409  0.1528002104743926E-002
 0410  0.1528002065110186E-002
 0411  0.1528002026931143E-002
 0412  0.1528002008277543E-002
 0413  0.1528001971817489E-002
 0414  0.1528001936661985E-002
 0415  0.1528001902741062E-002
 0416  0.1528001886153628E-002
 0417  0.1528001853700141E-002
 0418  0.1528001822354357E-002
 0419  0.1528001792068496E-002
 0420  0.1528001762796931E-002
 0421  0.1528001748465602E-002
 0422  0.1528001720391091E-002
 0423  0.1528001693229265E-002
 0424  0.1528001666940274E-002
 0425  0.1528001641486815E-002
 0426  0.1528001616830443E-002
 0427  0.1528001592937751E-002
 0428  0.1528001581221631E-002
 0429  0.1528001558233215E-002
 0430  0.1528001535940802E-002
 0431  0.1528001514315169E-002
 0432  0.1528001493328957E-002
 0433  0.1528001472976004E-002
 0434  0.1528001453244147E-002
 0435  0.1528001434107618E-002
 0436  0.1528001415541997E-002
 0437  0.1528001397524124E-002
 0438  0.1528001380032023E-002
 0439  0.1528001354825468E-002
 0440  0.1528001338675412E-002
 0441  0.1528001322976870E-002
 0442  0.1528001307712667E-002
 0443  0.1528001292866455E-002
 0444  0.1528001278422661E-002
 0445  0.1528001264366445E-002
 0446  0.1528001244047818E-002
 0447  0.1528001230989688E-002
 0448  0.1528001218268429E-002
 0449  0.1528001205872219E-002
 0450  0.1528001187922626E-002
 0451  0.1528001176367720E-002
 0452  0.1528001165097214E-002
 0453  0.1528001148757265E-002
 0454  0.1528001138225675E-002
 0455  0.1528001122943639E-002
 0456  0.1528001113085443E-002
 0457  0.1528001098768698E-002
 0458  0.1528001089525687E-002
 0459  0.1528001076091824E-002
 0460  0.1528001067412126E-002
 0461  0.1528001054787607E-002
 0462  0.1528001046624869E-002
 0463  0.1528001034743879E-002
 0464  0.1528001023308005E-002
 0465  0.1528001015905405E-002
 0466  0.1528001005118954E-002
 0467  0.1528000994722682E-002
 0468  0.1528000984697401E-002
 0469  0.1528000975025131E-002
 0470  0.1528000965689009E-002
 0471  0.1528000956673202E-002
 0472  0.1528000947962835E-002
 0473  0.1528000939543919E-002
 0474  0.1528000931403283E-002
 0475  0.1528000923528520E-002
 0476  0.1528000915907935E-002
 0477  0.1528000906141172E-002
 0478  0.1528000899097267E-002
 0479  0.1528000892271871E-002
 0480  0.1528000883511096E-002
 0481  0.1528000877183487E-002
 0482  0.1528000869053634E-002
 0483  0.1528000861268715E-002
 0484  0.1528000853809382E-002
 0485  0.1528000848410820E-002
 0486  0.1528000841461098E-002
 0487  0.1528000834791586E-002
 0488  0.1528000828387480E-002
 0489  0.1528000820744052E-002
 0490  0.1528000814902490E-002
 0491  0.1528000809283947E-002
 0492  0.1528000802565747E-002
 0493  0.1528000796173824E-002
 0494  0.1528000790087891E-002
 0495  0.1528000784289266E-002
 0496  0.1528000778760716E-002
 0497  0.1528000773486316E-002
 0498  0.1528000768451328E-002
 0499  0.1528000762711442E-002
 0500  0.1528000757284600E-002
 0501  0.1528000752149629E-002
 0502  0.1528000746506136E-002
 0503  0.1528000741946032E-002
 0504  0.1528000736926002E-002
 0505  0.1528000731562841E-002
 0506  0.1528000727172333E-002
 0507  0.1528000722472773E-002
 0508  0.1528000717564639E-002
 0509  0.1528000713025544E-002
 0510  0.1528000708377747E-002
 0511  0.1528000704109884E-002
 0512  0.1528000699813305E-002
 0513  0.1528000695222845E-002
 0514  0.1528000691104614E-002
 0515  0.1528000686871595E-002
 0516  0.1528000682895328E-002
 0517  0.1528000678799471E-002
 0518  0.1528000674780310E-002
 0519  0.1528000670860435E-002
 0520  0.1528000667026911E-002
 0521  0.1528000665722326E-002
 0522  0.1528000665722326E-002
 0523  0.1528000665722326E-002
 0524  0.1528000665722326E-002
 0525  0.1528000665722326E-002
 0526  0.1528000665722326E-002
 0527  0.1528000665722326E-002
 0528  0.1528000665722326E-002
 0529  0.1528000665722326E-002
 0530  0.1528000665722326E-002
 0531  0.1528000665722326E-002
 0532  0.1528000665722326E-002
 0533  0.1528000665722326E-002
 0534  0.1528000665722326E-002
 0535  0.1528000665722326E-002
 0536  0.1528000665722326E-002
 0537  0.1528000665722326E-002
 0538  0.1528000665722326E-002
 0539  0.1528000665722326E-002
 0540  0.1528000665722326E-002
 0541  0.1528000665722326E-002
 0542  0.1528000665722326E-002
 0543  0.1528000665722326E-002
 0544  0.1528000665722326E-002
 0545  0.1528000665722326E-002
 0546  0.1528000665722326E-002
 0547  0.1528000665722326E-002
 0548  0.1528000665722326E-002
 0549  0.1528000665722326E-002
 0550  0.1528000665722326E-002
 0551  0.1528000665722326E-002
 0552  0.1528000665722326E-002
 0553  0.1528000665722326E-002
 0554  0.1528000665722326E-002
 0555  0.1528000665722326E-002
 0556  0.1528000665722326E-002
 0557  0.1528000665722326E-002
 0558  0.1528000665722326E-002
 0559  0.1528000665722326E-002
 0560  0.1528000665722326E-002
 0561  0.1528000665722326E-002
 0562  0.1528000665722326E-002
 0563  0.1528000665722326E-002
 0564  0.1528000665722326E-002
 0565  0.1528000665722326E-002
 0566  0.1528000665722326E-002
 0567  0.1528000665722326E-002
 0568  0.1528000665722326E-002
 0569  0.1528000665722326E-002
 0570  0.1528000665722326E-002
 0571  0.1528000665722326E-002
 0572  0.1528000665722326E-002
 0573  0.1528000665722326E-002
 0574  0.1528000665722326E-002
 0575  0.1528000665722326E-002
 0576  0.1528000665722326E-002
 0577  0.1528000665722326E-002
 0578  0.1528000665722326E-002
 0579  0.1528000665722326E-002
 0580  0.1528000665722326E-002
 0581  0.1528000665722326E-002
 0582  0.1528000665722326E-002
 0583  0.1528000665722326E-002
 0584  0.1528000665722326E-002
 0585  0.1528000665722326E-002
 0586  0.1528000665722326E-002
 0587  0.1528000665722326E-002
 0588  0.1528000665722326E-002
 0589  0.1528000665722326E-002
 0590  0.1528000665722326E-002
 0591  0.1528000665722326E-002
 0592  0.1528000665722326E-002
 0593  0.1528000665722326E-002
 0594  0.1528000665722326E-002
 0595  0.1528000665722326E-002
 0596  0.1528000665722326E-002
 0597  0.1528000665722326E-002
 0598  0.1528000665722326E-002
 0599  0.1528000665722326E-002
 0600  0.1528000665722326E-002
 0601  0.1528000665722326E-002
 0602  0.1528000665722326E-002
 0603  0.1528000665722326E-002
 0604  0.1528000665722326E-002
 0605  0.1528000665722326E-002
 0606  0.1528000665722326E-002
 0607  0.1528000665722326E-002
 0608  0.1528000665722326E-002
 0609  0.1528000665722326E-002
 0610  0.1528000665722326E-002
 0611  0.1528000665722326E-002
 0612  0.1528000665722326E-002
 0613  0.1528000665722326E-002
 0614  0.1528000665722326E-002
 0615  0.1528000665722326E-002
 0616  0.1528000665722326E-002
 0617  0.1528000665722326E-002
 0618  0.1528000665722326E-002
 0619  0.1528000665722326E-002
 0620  0.1528000665722326E-002
 0621  0.1528000665722326E-002
 0622  0.1528000665722326E-002
 0623  0.1528000665722326E-002
 0624  0.1528000665722326E-002
 0625  0.1528000665722326E-002
 0626  0.1528000665722326E-002
 0627  0.1528000665722326E-002
 0628  0.1528000665722326E-002
 0629  0.1528000665722326E-002
 0630  0.1528000665722326E-002
 0631  0.1528000665722326E-002
 0632  0.1528000665722326E-002
 0633  0.1528000665722326E-002
 0634  0.1528000665722326E-002
 0635  0.1528000665722326E-002
 0636  0.1528000665722326E-002
 0637  0.1528000665722326E-002
 0638  0.1528000665722326E-002
 0639  0.1528000665722326E-002
 0640  0.1528000665722326E-002
 0641  0.1528000665722326E-002
 0642  0.1528000665722326E-002
 0643  0.1528000665722326E-002
 0644  0.1528000665722326E-002
 0645  0.1528000665722326E-002
 0646  0.1528000665722326E-002
 0647  0.1528000665722326E-002
 0648  0.1528000665722326E-002
 0649  0.1528000665722326E-002
 0650  0.1528000665722326E-002
 0651  0.1528000665722326E-002
 0652  0.1528000665722326E-002
 0653  0.1528000665722326E-002
 0654  0.1528000665722326E-002
 0655  0.1528000665722326E-002
 0656  0.1528000665722326E-002
 0657  0.1528000665722326E-002
 0658  0.1528000665722326E-002
 0659  0.1528000665722326E-002
 0660  0.1528000665722326E-002
 0661  0.1528000665722326E-002
 0662  0.1528000665722326E-002
 0663  0.1528000665722326E-002
 0664  0.1528000665722326E-002
 0665  0.1528000665722326E-002
 0666  0.1528000665722326E-002
 0667  0.1528000665722326E-002
 0668  0.1528000665722326E-002
 0669  0.1528000665722326E-002
 0670  0.1528000665722326E-002
 0671  0.1528000665722326E-002
 0672  0.1528000665722326E-002
 0673  0.1528000665722326E-002
 0674  0.1528000665722326E-002
 0675  0.1528000665722326E-002
 0676  0.1528000665722326E-002
 0677  0.1528000665722326E-002
 0678  0.1528000665722326E-002
 0679  0.1528000665722326E-002
 0680  0.1528000665722326E-002
 0681  0.1528000665722326E-002
 0682  0.1528000665722326E-002
 0683  0.1528000665722326E-002
 0684  0.1528000665722326E-002
 0685  0.1528000665722326E-002
 0686  0.1528000665722326E-002
 0687  0.1528000665722326E-002
 0688  0.1528000665722326E-002
 0689  0.1528000665722326E-002
 0690  0.1528000665722326E-002
 0691  0.1528000665722326E-002
 0692  0.1528000665722326E-002
 0693  0.1528000665722326E-002
 0694  0.1528000665722326E-002
 0695  0.1528000665722326E-002
 0696  0.1528000665722326E-002
 0697  0.1528000665722326E-002
 0698  0.1528000665722326E-002
 0699  0.1528000665722326E-002
 0700  0.1528000665722326E-002
 0701  0.1528000665722326E-002
 0702  0.1528000665722326E-002
 0703  0.1528000665722326E-002
 0704  0.1528000665722326E-002
 0705  0.1528000665722326E-002
 0706  0.1528000665722326E-002
 0707  0.1528000665722326E-002
 0708  0.1528000665722326E-002
 0709  0.1528000665722326E-002
 0710  0.1528000665722326E-002
 0711  0.1528000665722326E-002
 0712  0.1528000665722326E-002
 0713  0.1528000665722326E-002
 0714  0.1528000665722326E-002
 0715  0.1528000665722326E-002
 0716  0.1528000665722326E-002
 0717  0.1528000665722326E-002
 0718  0.1528000665722326E-002
 0719  0.1528000665722326E-002
 0720  0.1528000665722326E-002
 0721  0.1528000665722326E-002
 0722  0.1528000665722326E-002
 0723  0.1528000665722326E-002
 0724  0.1528000665722326E-002
 0725  0.1528000665722326E-002
 0726  0.1528000665722326E-002
 0727  0.1528000665722326E-002
 0728  0.1528000665722326E-002
 0729  0.1528000665722326E-002
 0730  0.1528000665722326E-002
 0731  0.1528000665722326E-002
 0732  0.1528000665722326E-002
 0733  0.1528000665722326E-002
 0734  0.1528000665722326E-002
 0735  0.1528000665722326E-002
 0736  0.1528000665722326E-002
 0737  0.1528000665722326E-002
 0738  0.1528000665722326E-002
 0739  0.1528000665722326E-002
 0740  0.1528000665722326E-002
 0741  0.1528000665722326E-002
 0742  0.1528000665722326E-002
 0743  0.1528000665722326E-002
 0744  0.1528000665722326E-002
 0745  0.1528000665722326E-002
 0746  0.1528000665722326E-002
 0747  0.1528000665722326E-002
 0748  0.1528000665722326E-002
 0749  0.1528000665722326E-002
 0750  0.1528000665722326E-002
 0751  0.1528000665722326E-002
 0752  0.1528000665722326E-002
 0753  0.1528000665722326E-002
 0754  0.1528000665722326E-002
 0755  0.1528000665722326E-002
 0756  0.1528000665722326E-002
 0757  0.1528000665722326E-002
 0758  0.1528000665722326E-002
 0759  0.1528000665722326E-002
 0760  0.1528000665722326E-002
 0761  0.1528000665722326E-002
 0762  0.1528000665722326E-002
 0763  0.1528000665722326E-002
 0764  0.1528000665722326E-002
 0765  0.1528000665722326E-002
 0766  0.1528000665722326E-002
 0767  0.1528000665722326E-002
 0768  0.1528000665722326E-002
 0769  0.1528000665722326E-002
 0770  0.1528000665722326E-002
 0771  0.1528000665722326E-002
 0772  0.1528000665722326E-002
 0773  0.1528000665722326E-002
 0774  0.1528000665722326E-002
 0775  0.1528000665722326E-002
 0776  0.1528000665722326E-002
 0777  0.1528000665722326E-002
 0778  0.1528000665722326E-002
 0779  0.1528000665722326E-002
 0780  0.1528000665722326E-002
 0781  0.1528000665722326E-002
 0782  0.1528000665722326E-002
 0783  0.1528000665722326E-002
 0784  0.1528000665722326E-002
 0785  0.1528000665722326E-002
 0786  0.1528000665722326E-002
 0787  0.1528000665722326E-002
 0788  0.1528000665722326E-002
 0789  0.1528000665722326E-002
 0790  0.1528000665722326E-002
 0791  0.1528000665722326E-002
 0792  0.1528000665722326E-002
 0793  0.1528000665722326E-002
 0794  0.1528000665722326E-002
 0795  0.1528000665722326E-002
 0796  0.1528000665722326E-002
 0797  0.1528000665722326E-002
 0798  0.1528000665722326E-002
 0799  0.1528000665722326E-002
 0800  0.1528000665722326E-002
 0801  0.1528000665722326E-002
 0802  0.1528000665722326E-002
 0803  0.1528000665722326E-002
 0804  0.1528000665722326E-002
 0805  0.1528000665722326E-002
 0806  0.1528000665722326E-002
 0807  0.1528000665722326E-002
 0808  0.1528000665722326E-002
 0809  0.1528000665722326E-002
 0810  0.1528000665722326E-002
 0811  0.1528000665722326E-002
 0812  0.1528000665722326E-002
 0813  0.1528000665722326E-002
 0814  0.1528000665722326E-002
 0815  0.1528000665722326E-002
 0816  0.1528000665722326E-002
 0817  0.1528000665722326E-002
 0818  0.1528000665722326E-002
 0819  0.1528000665722326E-002
 0820  0.1528000665722326E-002
 0821  0.1528000665722326E-002
 0822  0.1528000665722326E-002
 0823  0.1528000665722326E-002
 0824  0.1528000665722326E-002
 0825  0.1528000665722326E-002
 0826  0.1528000665722326E-002
 0827  0.1528000665722326E-002
 0828  0.1528000665722326E-002
 0829  0.1528000665722326E-002
 0830  0.1528000665722326E-002
 0831  0.1528000665722326E-002
 0832  0.1528000665722326E-002
 0833  0.1528000665722326E-002
 0834  0.1528000665722326E-002
 0835  0.1528000665722326E-002
 0836  0.1528000665722326E-002
 0837  0.1528000665722326E-002
 0838  0.1528000665722326E-002
 0839  0.1528000665722326E-002
 0840  0.1528000665722326E-002
 0841  0.1528000665722326E-002
 0842  0.1528000665722326E-002
 0843  0.1528000665722326E-002
 0844  0.1528000665722326E-002
 0845  0.1528000665722326E-002
 0846  0.1528000665722326E-002
 0847  0.1528000665722326E-002
 0848  0.1528000665722326E-002
 0849  0.1528000665722326E-002
 0850  0.1528000665722326E-002
 0851  0.1528000665722326E-002
 0852  0.1528000665722326E-002
 0853  0.1528000665722326E-002
 0854  0.1528000665722326E-002
 0855  0.1528000665722326E-002
 0856  0.1528000665722326E-002
 0857  0.1528000665722326E-002
 0858  0.1528000665722326E-002
 0859  0.1528000665722326E-002
 0860  0.1528000665722326E-002
 0861  0.1528000665722326E-002
 0862  0.1528000665722326E-002
 0863  0.1528000665722326E-002
 0864  0.1528000665722326E-002
 0865  0.1528000665722326E-002
 0866  0.1528000665722326E-002
 0867  0.1528000665722326E-002
 0868  0.1528000665722326E-002
 0869  0.1528000665722326E-002
 0870  0.1528000665722326E-002
 0871  0.1528000665722326E-002
 0872  0.1528000665722326E-002
 0873  0.1528000665722326E-002
 0874  0.1528000665722326E-002
 0875  0.1528000665722326E-002
 0876  0.1528000665722326E-002
 0877  0.1528000665722326E-002
 0878  0.1528000665722326E-002
 0879  0.1528000665722326E-002
 0880  0.1528000665722326E-002
 0881  0.1528000665722326E-002
 0882  0.1528000665722326E-002
 0883  0.1528000665722326E-002
 0884  0.1528000665722326E-002
 0885  0.1528000665722326E-002
 0886  0.1528000665722326E-002
 0887  0.1528000665722326E-002
 0888  0.1528000665722326E-002
 0889  0.1528000665722326E-002
 0890  0.1528000665722326E-002
 0891  0.1528000665722326E-002
 0892  0.1528000665722326E-002
 0893  0.1528000665722326E-002
 0894  0.1528000665722326E-002
 0895  0.1528000665722326E-002
 0896  0.1528000665722326E-002
 0897  0.1528000665722326E-002
 0898  0.1528000665722326E-002
 0899  0.1528000665722326E-002
 0900  0.1528000665722326E-002
 0901  0.1528000665722326E-002
 0902  0.1528000665722326E-002
 0903  0.1528000665722326E-002
 0904  0.1528000665722326E-002
 0905  0.1528000665722326E-002
 0906  0.1528000665722326E-002
 0907  0.1528000665722326E-002
 0908  0.1528000665722326E-002
 0909  0.1528000665722326E-002
 0910  0.1528000665722326E-002
 0911  0.1528000665722326E-002
 0912  0.1528000665722326E-002
 0913  0.1528000665722326E-002
 0914  0.1528000665722326E-002
 0915  0.1528000665722326E-002
 0916  0.1528000665722326E-002
 0917  0.1528000665722326E-002
 0918  0.1528000665722326E-002
 0919  0.1528000665722326E-002
 0920  0.1528000665722326E-002
 0921  0.1528000665722326E-002
 0922  0.1528000665722326E-002
 0923  0.1528000665722326E-002
 0924  0.1528000665722326E-002
 0925  0.1528000665722326E-002
 0926  0.1528000665722326E-002
 0927  0.1528000665722326E-002
 0928  0.1528000665722326E-002
 0929  0.1528000665722326E-002
 0930  0.1528000665722326E-002
 0931  0.1528000665722326E-002
 0932  0.1528000665722326E-002
 0933  0.1528000665722326E-002
 0934  0.1528000665722326E-002
 0935  0.1528000665722326E-002
 0936  0.1528000665722326E-002
 0937  0.1528000665722326E-002
 0938  0.1528000665722326E-002
 0939  0.1528000665722326E-002
 0940  0.1528000665722326E-002
 0941  0.1528000665722326E-002
 0942  0.1528000665722326E-002
 0943  0.1528000665722326E-002
 0944  0.1528000665722326E-002
 0945  0.1528000665722326E-002
 0946  0.1528000665722326E-002
 0947  0.1528000665722326E-002
 0948  0.1528000665722326E-002
 0949  0.1528000665722326E-002
 0950  0.1528000665722326E-002
 0951  0.1528000665722326E-002
 0952  0.1528000665722326E-002
 0953  0.1528000665722326E-002
 0954  0.1528000665722326E-002
 0955  0.1528000665722326E-002
 0956  0.1528000665722326E-002
 0957  0.1528000665722326E-002
 0958  0.1528000665722326E-002
 0959  0.1528000665722326E-002
 0960  0.1528000665722326E-002
 0961  0.1528000665722326E-002
 0962  0.1528000665722326E-002
 0963  0.1528000665722326E-002
 0964  0.1528000665722326E-002
 0965  0.1528000665722326E-002
 0966  0.1528000665722326E-002
 0967  0.1528000665722326E-002
 0968  0.1528000665722326E-002
 0969  0.1528000665722326E-002
 0970  0.1528000665722326E-002
 0971  0.1528000665722326E-002
 0972  0.1528000665722326E-002
 0973  0.1528000665722326E-002
 0974  0.1528000665722326E-002
 0975  0.1528000665722326E-002
 0976  0.1528000665722326E-002
 0977  0.1528000665722326E-002
 0978  0.1528000665722326E-002
 0979  0.1528000665722326E-002
 0980  0.1528000665722326E-002
 0981  0.1528000665722326E-002
 0982  0.1528000665722326E-002
 0983  0.1528000665722326E-002
 0984  0.1528000665722326E-002
 0985  0.1528000665722326E-002
 0986  0.1528000665722326E-002
 0987  0.1528000665722326E-002
 0988  0.1528000665722326E-002
 0989  0.1528000665722326E-002
 0990  0.1528000665722326E-002
 0991  0.1528000665722326E-002
 0992  0.1528000665722326E-002
 0993  0.1528000665722326E-002
 0994  0.1528000665722326E-002
 0995  0.1528000665722326E-002
 0996  0.1528000665722326E-002
 0997  0.1528000665722326E-002
 0998  0.1528000665722326E-002
 0999  0.1528000665722326E-002
 1000  0.1528000665722326E-002
