  0.0000000000E+000  0.0000000000E+000
  1.7002380633E+003  3.3833084051E+034
  3.4002353896E+003  3.3840062180E+034
  5.1003168400E+003  3.3846986896E+034
  6.8003658317E+003  3.3846986896E+034
  8.5003557784E+003  3.3846986896E+034
  1.0200241803E+004  3.3846986896E+034
  1.1900276995E+004  3.3846986896E+034
  1.3600359727E+004  3.3846986896E+034
  1.5300268399E+004  3.3846986896E+034
  1.7000347346E+004  3.3846986896E+034
  1.8700198269E+004  3.3846986896E+034
  2.0400297267E+004  3.3853858608E+034
  2.2100336460E+004  3.3853858608E+034
  2.3800207984E+004  3.3853858608E+034
  2.5500356605E+004  3.3853858608E+034
  2.7200307083E+004  3.3853858608E+034
  2.8900227803E+004  3.3853858608E+034
  3.0600361904E+004  3.3853858608E+034
  3.2300321142E+004  3.3853858608E+034
  3.4000348310E+004  3.3853858608E+034
  3.5700278611E+004  3.3853858608E+034
  3.7400343057E+004  3.3853858608E+034
  3.9100362125E+004  3.3853858608E+034
  4.0800212565E+004  3.3853858608E+034
  4.2500327751E+004  3.3853858608E+034
  4.4200254259E+004  3.3853858608E+034
  4.5900352590E+004  3.3853858608E+034
  4.7600260158E+004  3.3853858608E+034
  4.9300300161E+004  3.3853858608E+034
  5.1000265108E+004  3.3853858608E+034
  5.2700265295E+004  3.3853858608E+034
  5.4400294912E+004  3.3853858608E+034
  5.6100315927E+004  3.3853858608E+034
  5.7800231478E+004  3.3853858608E+034
  5.9500203170E+004  3.3853858608E+034
  6.1200274291E+004  3.3853858608E+034
  6.2900291057E+004  3.3853858608E+034
  6.4600320754E+004  3.3853858608E+034
  6.6300346361E+004  3.3853858608E+034
  6.8000320312E+004  3.3853858608E+034
  6.9700324953E+004  3.3853858608E+034
  7.1400346195E+004  3.3853858608E+034
  7.3100294333E+004  3.3853858608E+034
  7.4800234260E+004  3.3853858608E+034
  7.6500273907E+004  3.3853858608E+034
  7.8200278920E+004  3.3853858608E+034
  7.9900294347E+004  3.3853858608E+034
  8.1600291585E+004  3.3853858608E+034
  8.3300213881E+004  3.3853858608E+034
  8.5000211054E+004  3.3853858608E+034
  8.6700186306E+004  3.3853858608E+034
  8.8400214758E+004  3.3853858608E+034
  9.0100300371E+004  3.3853858608E+034
  9.1800270492E+004  3.3853858608E+034
  9.3500246438E+004  3.3853858608E+034
  9.5200313162E+004  3.3853858608E+034
  9.6900337234E+004  3.3853858608E+034
  9.8600337330E+004  3.3853858608E+034
  1.0030025453E+005  3.3853858608E+034
  1.0200035270E+005  3.3853858608E+034
  1.0370027377E+005  3.3853858608E+034
  1.0540025056E+005  3.3853858608E+034
  1.0710026433E+005  3.3853858608E+034
  1.0880036282E+005  3.3853858608E+034
  1.1050030026E+005  3.3853858608E+034
  1.1220024044E+005  3.3853858608E+034
  1.1390031155E+005  3.3853858608E+034
  1.1560030221E+005  3.3853858608E+034
  1.1730025736E+005  3.3853858608E+034
  1.1900026459E+005  3.3853858608E+034
  1.2070026328E+005  3.3853858608E+034
  1.2240024864E+005  3.3853858608E+034
  1.2410027960E+005  3.3853858608E+034
  1.2580036510E+005  3.3853858608E+034
  1.2750033692E+005  3.3853858608E+034
  1.2920018579E+005  3.3853858608E+034
  1.3090020339E+005  3.3853858608E+034
  1.3260021735E+005  3.3853858608E+034
  1.3430026451E+005  3.3853858608E+034
  1.3600029768E+005  3.3853858608E+034
  1.3770022172E+005  3.3853858608E+034
  1.3940022191E+005  3.3853858608E+034
  1.4110028167E+005  3.3853858608E+034
  1.4280022796E+005  3.3853858608E+034
  1.4450027852E+005  3.3853858608E+034
  1.4620031399E+005  3.3853858608E+034
  1.4790036465E+005  3.3853858608E+034
  1.4960026254E+005  3.3853858608E+034
  1.5130027702E+005  3.3853858608E+034
  1.5300019033E+005  3.3853858608E+034
  1.5470035531E+005  3.3853858608E+034
  1.5640032841E+005  3.3853858608E+034
  1.5810022448E+005  3.3853858608E+034
  1.5980027479E+005  3.3853858608E+034
  1.6150018952E+005  3.3853858608E+034
  1.6320034542E+005  3.3853858608E+034
  1.6490023892E+005  3.3853858608E+034
  1.6660023822E+005  3.3853858608E+034
  1.6830027060E+005  3.3853858608E+034
  1.7000030797E+005  3.3853858608E+034
  1.7170024626E+005  3.3853858608E+034
  1.7340032905E+005  3.3853858608E+034
  1.7510027670E+005  3.3853858608E+034
  1.7680026747E+005  3.3853858608E+034
  1.7850023058E+005  3.3853858608E+034
  1.8020030833E+005  3.3853858608E+034
  1.8190024230E+005  3.3853858608E+034
  1.8360032266E+005  3.3853858608E+034
  1.8530028331E+005  3.3853858608E+034
  1.8700019753E+005  3.3853858608E+034
  1.8870034657E+005  3.3853858608E+034
  1.9040022212E+005  3.3853858608E+034
  1.9210025836E+005  3.3853858608E+034
  1.9380023528E+005  3.3853858608E+034
  1.9550020815E+005  3.3853858608E+034
  1.9720031779E+005  3.3853858608E+034
  1.9890031499E+005  3.3853858608E+034
  2.0060025475E+005  3.3853858608E+034
  2.0230027095E+005  3.3853858608E+034
  2.0400018509E+005  3.3853858608E+034
  2.0570027954E+005  3.3853858608E+034
  2.0740030882E+005  3.3853858608E+034
  2.0910033476E+005  3.3853858608E+034
  2.1080032289E+005  3.3853858608E+034
  2.1250035253E+005  3.3853858608E+034
  2.1420032422E+005  3.3853858608E+034
  2.1590035673E+005  3.3853858608E+034
  2.1760031640E+005  3.3853858608E+034
  2.1930029105E+005  3.3853858608E+034
  2.2100020160E+005  3.3853858608E+034
  2.2270028968E+005  3.3853858608E+034
  2.2440030366E+005  3.3853858608E+034
  2.2610035946E+005  3.3853858608E+034
  2.2780034512E+005  3.3853858608E+034
  2.2950023520E+005  3.3853858608E+034
  2.3120025757E+005  3.3853858608E+034
  2.3290028402E+005  3.3853858608E+034
  2.3460025308E+005  3.3853858608E+034
  2.3630018667E+005  3.3853858608E+034
  2.3800023846E+005  3.3853858608E+034
  2.3970032130E+005  3.3853858608E+034
  2.4140033961E+005  3.3853858608E+034
  2.4310027132E+005  3.3853858608E+034
  2.4480031872E+005  3.3853858608E+034
  2.4650021032E+005  3.3853858608E+034
  2.4820022100E+005  3.3853858608E+034
  2.4990020885E+005  3.3853858608E+034
  2.5160030104E+005  3.3853858608E+034
  2.5330022325E+005  3.3853858608E+034
  2.5500027050E+005  3.3853858608E+034
  2.5670022085E+005  3.3853858608E+034
  2.5840031503E+005  3.3853858608E+034
  2.6010025933E+005  3.3853858608E+034
  2.6180033194E+005  3.3853858608E+034
  2.6350035718E+005  3.3853858608E+034
  2.6520028069E+005  3.3853858608E+034
  2.6690022789E+005  3.3853858608E+034
  2.6860029284E+005  3.3853858608E+034
  2.7030028483E+005  3.3853858608E+034
  2.7200023584E+005  3.3853858608E+034
  2.7370022365E+005  3.3853858608E+034
  2.7540033414E+005  3.3853858608E+034
  2.7710019565E+005  3.3853858608E+034
  2.7880033721E+005  3.3853858608E+034
  2.8050031173E+005  3.3853858608E+034
  2.8220023068E+005  3.3853858608E+034
  2.8390024834E+005  3.3853858608E+034
  2.8560022528E+005  3.3853858608E+034
  2.8730025337E+005  3.3853858608E+034
  2.8900021097E+005  3.3853858608E+034
  2.9070029977E+005  3.3853858608E+034
  2.9240028460E+005  3.3853858608E+034
  2.9410028115E+005  3.3853858608E+034
  2.9580021440E+005  3.3853858608E+034
  2.9750025005E+005  3.3853858608E+034
  2.9920026746E+005  3.3853858608E+034
  3.0090033584E+005  3.3853858608E+034
  3.0260033900E+005  3.3853858608E+034
  3.0430026596E+005  3.3853858608E+034
  3.0600026619E+005  3.3853858608E+034
  3.0770027752E+005  3.3853858608E+034
  3.0940022494E+005  3.3853858608E+034
  3.1110029923E+005  3.3853858608E+034
  3.1280034915E+005  3.3853858608E+034
  3.1450026561E+005  3.3853858608E+034
  3.1620028949E+005  3.3853858608E+034
  3.1790023607E+005  3.3853858608E+034
  3.1960026135E+005  3.3853858608E+034
  3.2130029125E+005  3.3853858608E+034
  3.2300027258E+005  3.3853858608E+034
  3.2470018641E+005  3.3853858608E+034
  3.2640026163E+005  3.3853858608E+034
  3.2810020408E+005  3.3853858608E+034
  3.2980025344E+005  3.3853858608E+034
  3.3150023923E+005  3.3853858608E+034
  3.3320028660E+005  3.3853858608E+034
  3.3490033690E+005  3.3853858608E+034
  3.3660032979E+005  3.3853858608E+034
  3.3830026321E+005  3.3853858608E+034
  3.4000036810E+005  3.3853858608E+034
  3.4170033802E+005  3.3853858608E+034
  3.4340024115E+005  3.3853858608E+034
  3.4510024522E+005  3.3853858608E+034
  3.4680030643E+005  3.3853858608E+034
  3.4850036814E+005  3.3853858608E+034
  3.5020019200E+005  3.3853858608E+034
  3.5190034416E+005  3.3853858608E+034
  3.5360029173E+005  3.3853858608E+034
  3.5530029215E+005  3.3853858608E+034
  3.5700021034E+005  3.3853858608E+034
  3.5870022798E+005  3.3853858608E+034
  3.6040030638E+005  3.3853858608E+034
  3.6210019680E+005  3.3853858608E+034
  3.6380023317E+005  3.3853858608E+034
  3.6550021964E+005  3.3853858608E+034
  3.6720018839E+005  3.3853858608E+034
  3.6890020734E+005  3.3853858608E+034
  3.7060032556E+005  3.3853858608E+034
  3.7230036598E+005  3.3853858608E+034
  3.7400027395E+005  3.3853858608E+034
  3.7570018469E+005  3.3853858608E+034
  3.7740023123E+005  3.3853858608E+034
  3.7910022814E+005  3.3853858608E+034
  3.8080021635E+005  3.3853858608E+034
  3.8250025226E+005  3.3853858608E+034
  3.8420021158E+005  3.3853858608E+034
  3.8590026324E+005  3.3853858608E+034
  3.8760018557E+005  3.3853858608E+034
  3.8930029293E+005  3.3853858608E+034
  3.9100035121E+005  3.3853858608E+034
  3.9270018510E+005  3.3853858608E+034
  3.9440019193E+005  3.3853858608E+034
  3.9610025600E+005  3.3853858608E+034
  3.9780022958E+005  3.3853858608E+034
  3.9950028952E+005  3.3853858608E+034
  4.0120022231E+005  3.3853858608E+034
  4.0290033625E+005  3.3853858608E+034
  4.0460022905E+005  3.3853858608E+034
  4.0630025932E+005  3.3853858608E+034
  4.0800028701E+005  3.3853858608E+034
  4.0970036853E+005  3.3853858608E+034
  4.1140035096E+005  3.3853858608E+034
  4.1310023782E+005  3.3853858608E+034
  4.1480035916E+005  3.3853858608E+034
  4.1650030456E+005  3.3853858608E+034
  4.1820021032E+005  3.3853858608E+034
  4.1990025364E+005  3.3853858608E+034
  4.2160029442E+005  3.3853858608E+034
  4.2330019489E+005  3.3853858608E+034
  4.2500018868E+005  3.3853858608E+034
  4.2670026379E+005  3.3853858608E+034
  4.2840021182E+005  3.3853858608E+034
  4.3010035313E+005  3.3853858608E+034
  4.3180026538E+005  3.3853858608E+034
  4.3350032116E+005  3.3853858608E+034
  4.3520036765E+005  3.3853858608E+034
  4.3690028167E+005  3.3853858608E+034
  4.3860028502E+005  3.3853858608E+034
  4.4030018669E+005  3.3853858608E+034
  4.4200032851E+005  3.3853858608E+034
  4.4370028247E+005  3.3853858608E+034
  4.4540020186E+005  3.3853858608E+034
  4.4710026646E+005  3.3853858608E+034
  4.4880032671E+005  3.3853858608E+034
  4.5050025484E+005  3.3853858608E+034
  4.5220026350E+005  3.3853858608E+034
  4.5390035709E+005  3.3853858608E+034
  4.5560031217E+005  3.3853858608E+034
  4.5730027268E+005  3.3853858608E+034
  4.5900020009E+005  3.3853858608E+034
  4.6070027751E+005  3.3853858608E+034
  4.6240035556E+005  3.3853858608E+034
  4.6410028581E+005  3.3853858608E+034
  4.6580029671E+005  3.3853858608E+034
  4.6750020583E+005  3.3853858608E+034
  4.6920035078E+005  3.3853858608E+034
  4.7090032064E+005  3.3853858608E+034
  4.7260025465E+005  3.3853858608E+034
  4.7430034513E+005  3.3853858608E+034
  4.7600024273E+005  3.3853858608E+034
  4.7770036295E+005  3.3853858608E+034
  4.7940019314E+005  3.3853858608E+034
  4.8110028748E+005  3.3853858608E+034
  4.8280025668E+005  3.3853858608E+034
  4.8450022970E+005  3.3853858608E+034
  4.8620035666E+005  3.3853858608E+034
  4.8790026598E+005  3.3853858608E+034
  4.8960035233E+005  3.3853858608E+034
  4.9130029451E+005  3.3853858608E+034
  4.9300030952E+005  3.3853858608E+034
  4.9470022369E+005  3.3853858608E+034
  4.9640019195E+005  3.3853858608E+034
  4.9810035145E+005  3.3853858608E+034
  4.9980029830E+005  3.3853858608E+034
  5.0150020725E+005  3.3853858608E+034
  5.0320029813E+005  3.3853858608E+034
  5.0490023959E+005  3.3853858608E+034
  5.0660025830E+005  3.3853858608E+034
  5.0830035636E+005  3.3853858608E+034
  5.1000031810E+005  3.3853858608E+034
  5.1170029108E+005  3.3853858608E+034
  5.1340023491E+005  3.3853858608E+034
  5.1510033514E+005  3.3853858608E+034
  5.1680024376E+005  3.3853858608E+034
  5.1850018622E+005  3.3853858608E+034
  5.2020020383E+005  3.3853858608E+034
  5.2190029299E+005  3.3853858608E+034
  5.2360025012E+005  3.3853858608E+034
  5.2530021867E+005  3.3853858608E+034
  5.2700035055E+005  3.3853858608E+034
  5.2870027279E+005  3.3853858608E+034
  5.3040036645E+005  3.3853858608E+034
  5.3210030666E+005  3.3853858608E+034
  5.3380031236E+005  3.3853858608E+034
  5.3550021124E+005  3.3853858608E+034
  5.3720034837E+005  3.3853858608E+034
  5.3890031270E+005  3.3853858608E+034
  5.4060026215E+005  3.3853858608E+034
  5.4230036580E+005  3.3853858608E+034
  5.4400027462E+005  3.3853858608E+034
  5.4570020824E+005  3.3853858608E+034
  5.4740020728E+005  3.3853858608E+034
  5.4910028568E+005  3.3853858608E+034
  5.5080023125E+005  3.3853858608E+034
  5.5250019629E+005  3.3853858608E+034
  5.5420032661E+005  3.3853858608E+034
  5.5590024178E+005  3.3853858608E+034
  5.5760033148E+005  3.3853858608E+034
  5.5930025625E+005  3.3853858608E+034
  5.6100024804E+005  3.3853858608E+034
  5.6270031321E+005  3.3853858608E+034
  5.6440025075E+005  3.3853858608E+034
  5.6610020899E+005  3.3853858608E+034
  5.6780033090E+005  3.3853858608E+034
  5.6950024094E+005  3.3853858608E+034
  5.7120031904E+005  3.3853858608E+034
  5.7290023858E+005  3.3853858608E+034
  5.7460022172E+005  3.3853858608E+034
  5.7630027687E+005  3.3853858608E+034
  5.7800020441E+005  3.3853858608E+034
  5.7970033411E+005  3.3853858608E+034
  5.8140026737E+005  3.3853858608E+034
  5.8310035820E+005  3.3853858608E+034
  5.8480024896E+005  3.3853858608E+034
  5.8650034875E+005  3.3853858608E+034
  5.8820032068E+005  3.3853858608E+034
  5.8990036574E+005  3.3853858608E+034
  5.9160027701E+005  3.3853858608E+034
  5.9330021097E+005  3.3853858608E+034
  5.9500032305E+005  3.3853858608E+034
  5.9670022150E+005  3.3853858608E+034
  5.9840029242E+005  3.3853858608E+034
  6.0010019246E+005  3.3853858608E+034
  6.0180033254E+005  3.3853858608E+034
  6.0350035902E+005  3.3853858608E+034
  6.0520025320E+005  3.3853858608E+034
  6.0690036005E+005  3.3853858608E+034
  6.0860027281E+005  3.3853858608E+034
  6.1030034925E+005  3.3853858608E+034
  6.1200022601E+005  3.3853858608E+034
  6.1370029694E+005  3.3853858608E+034
  6.1540023551E+005  3.3853858608E+034
  6.1710023931E+005  3.3853858608E+034
  6.1880030158E+005  3.3853858608E+034
  6.2050020924E+005  3.3853858608E+034
  6.2220029708E+005  3.3853858608E+034
  6.2390036521E+005  3.3853858608E+034
  6.2560022610E+005  3.3853858608E+034
  6.2730028403E+005  3.3853858608E+034
  6.2900020247E+005  3.3853858608E+034
  6.3070018807E+005  3.3853858608E+034
  6.3240023486E+005  3.3853858608E+034
  6.3410031207E+005  3.3853858608E+034
  6.3580020699E+005  3.3853858608E+034
  6.3750026053E+005  3.3853858608E+034
  6.3920029365E+005  3.3853858608E+034
  6.4090033635E+005  3.3853858608E+034
  6.4260023712E+005  3.3853858608E+034
  6.4430020685E+005  3.3853858608E+034
  6.4600023276E+005  3.3853858608E+034
  6.4770029431E+005  3.3853858608E+034
  6.4940036013E+005  3.3853858608E+034
  6.5110021674E+005  3.3853858608E+034
  6.5280023979E+005  3.3853858608E+034
  6.5450026436E+005  3.3853858608E+034
  6.5620033220E+005  3.3853858608E+034
  6.5790028163E+005  3.3853858608E+034
  6.5960028820E+005  3.3853858608E+034
  6.6130033235E+005  3.3853858608E+034
  6.6300019212E+005  3.3853858608E+034
  6.6470021926E+005  3.3853858608E+034
  6.6640022562E+005  3.3853858608E+034
  6.6810023296E+005  3.3853858608E+034
  6.6980028160E+005  3.3853858608E+034
  6.7150020503E+005  3.3853858608E+034
  6.7320018967E+005  3.3853858608E+034
  6.7490020971E+005  3.3853858608E+034
  6.7660023589E+005  3.3853858608E+034
  6.7830024745E+005  3.3853858608E+034
  6.8000023698E+005  3.3853858608E+034
  6.8170022983E+005  3.3853858608E+034
  6.8340025594E+005  3.3853858608E+034
  6.8510033942E+005  3.3853858608E+034
  6.8680029921E+005  3.3853858608E+034
  6.8850029664E+005  3.3853858608E+034
  6.9020030941E+005  3.3853858608E+034
  6.9190030552E+005  3.3853858608E+034
  6.9360028115E+005  3.3853858608E+034
  6.9530025716E+005  3.3853858608E+034
  6.9700026093E+005  3.3853858608E+034
  6.9870032236E+005  3.3853858608E+034
  7.0040025400E+005  3.3853858608E+034
  7.0210022838E+005  3.3853858608E+034
  7.0380022004E+005  3.3853858608E+034
  7.0550019963E+005  3.3853858608E+034
  7.0720034732E+005  3.3853858608E+034
  7.0890030212E+005  3.3853858608E+034
  7.1060028311E+005  3.3775286029E+034
  7.1230031732E+005  3.3775286029E+034
  7.1400022312E+005  3.3775286029E+034
  7.1570036084E+005  3.3782706566E+034
  7.1740033141E+005  3.3782706566E+034
  7.1910029636E+005  3.3782706566E+034
  7.2080024241E+005  3.3782706566E+034
  7.2250036210E+005  3.3782706566E+034
  7.2420031958E+005  3.3790070303E+034
  7.2590032465E+005  3.3790070303E+034
  7.2760020655E+005  3.3790070303E+034
  7.2930032024E+005  3.3790070303E+034
  7.3100026986E+005  3.3790070303E+034
  7.3270021703E+005  3.3790070303E+034
  7.3440032710E+005  3.3790070303E+034
  7.3610024409E+005  3.3790070303E+034
  7.3780036123E+005  3.3790070303E+034
  7.3950033890E+005  3.3790070303E+034
  7.4120019200E+005  3.3790070303E+034
  7.4290027710E+005  3.3790070303E+034
  7.4460020668E+005  3.3790070303E+034
  7.4630031791E+005  3.3790070303E+034
  7.4800022327E+005  3.3790070303E+034
  7.4970030240E+005  3.3790070303E+034
  7.5140020750E+005  3.3790070303E+034
  7.5310034353E+005  3.3790070303E+034
  7.5480035170E+005  3.3790070303E+034
  7.5650022522E+005  3.3790070303E+034
  7.5820031457E+005  3.3790070303E+034
  7.5990021724E+005  3.3790070303E+034
  7.6160028912E+005  3.3790070303E+034
  7.6330034484E+005  3.3790070303E+034
  7.6500022525E+005  3.3790070303E+034
  7.6670033269E+005  3.3782706566E+034
  7.6840030958E+005  3.3782706566E+034
  7.7010034020E+005  3.3782706566E+034
  7.7180021364E+005  3.3782706566E+034
  7.7350027691E+005  3.3782706566E+034
  7.7520032539E+005  3.3790070303E+034
  7.7690035674E+005  3.3790070303E+034
  7.7860021017E+005  3.3790070303E+034
  7.8030028221E+005  3.3790070303E+034
  7.8200022627E+005  3.3790070303E+034
  7.8370022410E+005  3.3790070303E+034
  7.8540025254E+005  3.3790070303E+034
  7.8710028959E+005  3.3790070303E+034
  7.8880031089E+005  3.3790070303E+034
  7.9050031824E+005  3.3790070303E+034
  7.9220032966E+005  3.3790070303E+034
  7.9390018631E+005  3.3790070303E+034
  7.9560028254E+005  3.3790070303E+034
  7.9730024357E+005  3.3797377676E+034
  7.9900024158E+005  3.3797377676E+034
  8.0070025193E+005  3.3797377676E+034
  8.0240024953E+005  3.3797377676E+034
  8.0410023373E+005  3.3797377676E+034
  8.0580021534E+005  3.3797377676E+034
  8.0750022676E+005  3.3797377676E+034
  8.0920028840E+005  3.3797377676E+034
  8.1090021559E+005  3.3797377676E+034
  8.1260036798E+005  3.3797377676E+034
  8.1430034782E+005  3.3797377676E+034
  8.1600032243E+005  3.3797377676E+034
  8.1770028131E+005  3.3797377676E+034
  8.1940023621E+005  3.3797377676E+034
  8.2110021673E+005  3.3797377676E+034
  8.2280024169E+005  3.3804629115E+034
  8.2450032075E+005  3.3804629115E+034
  8.2620025368E+005  3.3804629115E+034
  8.2790020420E+005  3.3804629115E+034
  8.2960033748E+005  3.3804629115E+034
  8.3130026959E+005  3.3804629115E+034
  8.3300019774E+005  3.3804629115E+034
  8.3470032754E+005  3.3804629115E+034
  8.3640031349E+005  3.3804629115E+034
  8.3810035391E+005  3.3804629115E+034
  8.3980025023E+005  3.3804629115E+034
  8.4150035529E+005  3.3804629115E+034
  8.4320027290E+005  3.3804629115E+034
  8.4490036128E+005  3.3804629115E+034
  8.4660025902E+005  3.3804629115E+034
  8.4830035320E+005  3.3804629115E+034
  8.5000030274E+005  3.3804629115E+034
  8.5170030187E+005  3.3804629115E+034
  8.5340034541E+005  3.3804629115E+034
  8.5510023152E+005  3.3804629115E+034
  8.5680030393E+005  3.3804629115E+034
  8.5850036635E+005  3.3804629115E+034
  8.6020023238E+005  3.3804629115E+034
  8.6190029115E+005  3.3804629115E+034
  8.6360020053E+005  3.3804629115E+034
  8.6530034361E+005  3.3811825049E+034
  8.6700034976E+005  3.3811825049E+034
  8.6870019829E+005  3.3811825049E+034
  8.7040023810E+005  3.3811825049E+034
  8.7210026945E+005  3.3818965902E+034
  8.7380028713E+005  3.3818965902E+034
  8.7550031016E+005  3.3818965902E+034
  8.7720036193E+005  3.3811825049E+034
  8.7890027698E+005  3.3811825049E+034
  8.8060024166E+005  3.3811825049E+034
  8.8230023616E+005  3.3811825049E+034
  8.8400024266E+005  3.3811825049E+034
  8.8570024016E+005  3.3811825049E+034
  8.8740022579E+005  3.3811825049E+034
  8.8910021352E+005  3.3811825049E+034
  8.9080022317E+005  3.3811825049E+034
  8.9250028108E+005  3.3811825049E+034
  8.9420020242E+005  3.3811825049E+034
  8.9590034464E+005  3.3804629115E+034
  8.9760031746E+005  3.3804629115E+034
  8.9930028137E+005  3.3804629115E+034
  9.0100023458E+005  3.3804629115E+034
  9.0270036927E+005  3.3804629115E+034
  9.0440034048E+005  3.3804629115E+034
  9.0610035606E+005  3.3804629115E+034
  9.0780023417E+005  3.3804629115E+034
  9.0950033799E+005  3.3804629115E+034
  9.1120027333E+005  3.3804629115E+034
  9.1290020668E+005  3.3804629115E+034
  9.1460031432E+005  3.3804629115E+034
  9.1630022902E+005  3.3804629115E+034
  9.1800034609E+005  3.3804629115E+034
  9.1970031713E+005  3.3804629115E+034
  9.2140033916E+005  3.3804629115E+034
  9.2310021860E+005  3.3804629115E+034
  9.2480030222E+005  3.3804629115E+034
  9.2650020209E+005  3.3804629115E+034
  9.2820027498E+005  3.3804629115E+034
  9.2990034144E+005  3.3804629115E+034
  9.3160023539E+005  3.3804629115E+034
  9.3330034762E+005  3.3804629115E+034
  9.3500032567E+005  3.3804629115E+034
  9.3670034663E+005  3.3804629115E+034
  9.3840020760E+005  3.3804629115E+034
  9.4010025787E+005  3.3804629115E+034
  9.4180029473E+005  3.3804629115E+034
  9.4350032541E+005  3.3804629115E+034
  9.4520036277E+005  3.3804629115E+034
  9.4690024637E+005  3.3804629115E+034
  9.4860036412E+005  3.3811825049E+034
  9.5030034043E+005  3.3811825049E+034
  9.5200034814E+005  3.3811825049E+034
  9.5370036175E+005  3.3811825049E+034
  9.5540036601E+005  3.3811825049E+034
  9.5710036165E+005  3.3811825049E+034
  9.5880035972E+005  3.3818965902E+034
  9.6050020174E+005  3.3818965902E+034
  9.6220027367E+005  3.3818965902E+034
  9.6390020762E+005  3.3818965902E+034
  9.6560036016E+005  3.3818965902E+034
  9.6730033576E+005  3.3811825049E+034
  9.6900030622E+005  3.3811825049E+034
  9.7070026611E+005  3.3811825049E+034
  9.7240022654E+005  3.3811825049E+034
  9.7410020945E+005  3.3811825049E+034
  9.7580023245E+005  3.3811825049E+034
  9.7750030528E+005  3.3811825049E+034
  9.7920022867E+005  3.3811825049E+034
  9.8090035098E+005  3.3804629115E+034
  9.8260028327E+005  3.3804629115E+034
  9.8430020228E+005  3.3804629115E+034
  9.8600030723E+005  3.3804629115E+034
  9.8770024461E+005  3.3804629115E+034
  9.8940021963E+005  3.3804629115E+034
  9.9110024294E+005  3.3804629115E+034
  9.9280030290E+005  3.3804629115E+034
  9.9450019919E+005  3.3804629115E+034
  9.9620027787E+005  3.3804629115E+034
  9.9790034485E+005  3.3797377676E+034
  9.9960022329E+005  3.3797377676E+034
  1.0013002985E+006  3.3797377676E+034
  1.0030002253E+006  3.3797377676E+034
  1.0047001980E+006  3.3797377676E+034
  1.0064002115E+006  3.3797377676E+034
  1.0081002497E+006  3.3797377676E+034
  1.0098002869E+006  3.3797377676E+034
  1.0115003151E+006  3.3797377676E+034
  1.0132003369E+006  3.3797377676E+034
  1.0149003678E+006  3.3797377676E+034
  1.0166002448E+006  3.3797377676E+034
  1.0183003495E+006  3.3790070303E+034
  1.0200003136E+006  3.3790070303E+034
  1.0217003053E+006  3.3790070303E+034
  1.0234003016E+006  3.3790070303E+034
  1.0251002896E+006  3.3790070303E+034
  1.0268002679E+006  3.3790070303E+034
  1.0285002541E+006  3.3790070303E+034
  1.0302002668E+006  3.3790070303E+034
  1.0319003207E+006  3.3790070303E+034
  1.0336002344E+006  3.3790070303E+034
  1.0353003632E+006  3.3790070303E+034
  1.0370003184E+006  3.3790070303E+034
  1.0387002661E+006  3.3790070303E+034
  1.0404002025E+006  3.3790070303E+034
  1.0421003289E+006  3.3790070303E+034
  1.0438002909E+006  3.3790070303E+034
  1.0455002940E+006  3.3790070303E+034
  1.0472003412E+006  3.3790070303E+034
  1.0489002362E+006  3.3790070303E+034
  1.0506003335E+006  3.3790070303E+034
  1.0523002396E+006  3.3782706566E+034
  1.0540003217E+006  3.3782706566E+034
  1.0557002176E+006  3.3782706566E+034
  1.0574003148E+006  3.3782706566E+034
  1.0591002651E+006  3.3782706566E+034
  1.0608002578E+006  3.3782706566E+034
  1.0625002885E+006  3.3782706566E+034
  1.0642003388E+006  3.3782706566E+034
  1.0659002012E+006  3.3782706566E+034
  1.0676002398E+006  3.3782706566E+034
  1.0693002732E+006  3.3782706566E+034
  1.0710003212E+006  3.3782706566E+034
  1.0727002173E+006  3.3782706566E+034
  1.0744003397E+006  3.3782706566E+034
  1.0761003171E+006  3.3782706566E+034
  1.0778003174E+006  3.3775286029E+034
  1.0795003226E+006  3.3775286029E+034
  1.0812003192E+006  3.3775286029E+034
  1.0829003071E+006  3.3775286029E+034
  1.0846003053E+006  3.3775286029E+034
  1.0863003323E+006  3.3775286029E+034
  1.0880002163E+006  3.3775286029E+034
  1.0897003266E+006  3.3775286029E+034
  1.0914002765E+006  3.3775286029E+034
  1.0931002357E+006  3.3775286029E+034
  1.0948001868E+006  3.3775286029E+034
  1.0965003150E+006  3.3775286029E+034
  1.0982002633E+006  3.3775286029E+034
  1.0999002341E+006  3.3775286029E+034
  1.1016002461E+006  3.3767808255E+034
  1.1033002985E+006  3.3767808255E+034
  1.1050001958E+006  3.3767808255E+034
  1.1067002923E+006  3.3767808255E+034
  1.1084001969E+006  3.3767808255E+034
  1.1101002790E+006  3.3767808255E+034
  1.1118003608E+006  3.3767808255E+034
  1.1135002766E+006  3.3767808255E+034
  1.1152002315E+006  3.3767808255E+034
  1.1169002262E+006  3.3767808255E+034
  1.1186002551E+006  3.3767808255E+034
  1.1203002999E+006  3.3767808255E+034
  1.1220003437E+006  3.3760272801E+034
  1.1237001946E+006  3.3760272801E+034
  1.1254002266E+006  3.3760272801E+034
  1.1271002740E+006  3.3760272801E+034
  1.1288003546E+006  3.3760272801E+034
  1.1305002918E+006  3.3760272801E+034
  1.1322002666E+006  3.3760272801E+034
  1.1339002597E+006  3.3760272801E+034
  1.1356002564E+006  3.3760272801E+034
  1.1373002451E+006  3.3760272801E+034
  1.1390002283E+006  3.3760272801E+034
  1.1407002225E+006  3.3760272801E+034
  1.1424002444E+006  3.3752679223E+034
  1.1441003086E+006  3.3752679223E+034
  1.1458002258E+006  3.3752679223E+034
  1.1475003516E+006  3.3752679223E+034
  1.1492003002E+006  3.3752679223E+034
  1.1509002410E+006  3.3752679223E+034
  1.1526003614E+006  3.3752679223E+034
  1.1543003022E+006  3.3752679223E+034
  1.1560002665E+006  3.3752679223E+034
  1.1577002715E+006  3.3752679223E+034
  1.1594003154E+006  3.3752679223E+034
  1.1611002022E+006  3.3752679223E+034
  1.1628002860E+006  3.3752679223E+034
  1.1645003642E+006  3.3745027073E+034
  1.1662002518E+006  3.3745027073E+034
  1.1679003253E+006  3.3745027073E+034
  1.1696002327E+006  3.3745027073E+034
  1.1713003625E+006  3.3745027073E+034
  1.1730003467E+006  3.3745027073E+034
  1.1747003642E+006  3.3745027073E+034
  1.1764002095E+006  3.3745027073E+034
  1.1781002385E+006  3.3745027073E+034
  1.1798002615E+006  3.3745027073E+034
  1.1815002826E+006  3.3745027073E+034
  1.1832003199E+006  3.3745027073E+034
  1.1849002025E+006  3.3745027073E+034
  1.1866003107E+006  3.3745027073E+034
  1.1883002705E+006  3.3737315898E+034
  1.1900002487E+006  3.3737315898E+034
  1.1917002300E+006  3.3737315898E+034
  1.1934002030E+006  3.3737315898E+034
  1.1951003573E+006  3.3737315898E+034
  1.1968003384E+006  3.3737315898E+034
  1.1985003457E+006  3.3737315898E+034
  1.2002002073E+006  3.3737315898E+034
  1.2019002909E+006  3.3737315898E+034
  1.2036002118E+006  3.3737315898E+034
  1.2053003260E+006  3.3737315898E+034
  1.2070002477E+006  3.3737315898E+034
  1.2087003506E+006  3.3737315898E+034
  1.2104002746E+006  3.3737315898E+034
  1.2121002211E+006  3.3737315898E+034
  1.2138002058E+006  3.3737315898E+034
  1.2155002276E+006  3.3737315898E+034
  1.2172002788E+006  3.3737315898E+034
  1.2189003411E+006  3.3737315898E+034
  1.2206002125E+006  3.3737315898E+034
  1.2223002640E+006  3.3737315898E+034
  1.2240003179E+006  3.3737315898E+034
  1.2257002056E+006  3.3729545244E+034
  1.2274003130E+006  3.3729545244E+034
  1.2291002707E+006  3.3729545244E+034
  1.2308002603E+006  3.3729545244E+034
  1.2325002649E+006  3.3729545244E+034
  1.2342002692E+006  3.3729545244E+034
  1.2359002673E+006  3.3729545244E+034
  1.2376002629E+006  3.3729545244E+034
  1.2393002747E+006  3.3729545244E+034
  1.2410003168E+006  3.3729545244E+034
  1.2427002107E+006  3.3721714652E+034
  1.2444003245E+006  3.3721714652E+034
  1.2461002701E+006  3.3721714652E+034
  1.2478002200E+006  3.3721714652E+034
  1.2495003490E+006  3.3721714652E+034
  1.2512002890E+006  3.3713823659E+034
  1.2529002413E+006  3.3713823659E+034
  1.2546002184E+006  3.3713823659E+034
  1.2563002327E+006  3.3713823659E+034
  1.2580002815E+006  3.3713823659E+034
  1.2597003524E+006  3.3713823659E+034
  1.2614002474E+006  3.3705871799E+034
  1.2631003219E+006  3.3705871799E+034
  1.2648002062E+006  3.3705871799E+034
  1.2665002829E+006  3.3705871799E+034
  1.2682001966E+006  3.3705871799E+034
  1.2699003330E+006  3.3705871799E+034
  1.2716003182E+006  3.3705871799E+034
  1.2733003296E+006  3.3705871799E+034
  1.2750003531E+006  3.3697858604E+034
  1.2767001885E+006  3.3697858604E+034
  1.2784002060E+006  3.3697858604E+034
  1.2801002250E+006  3.3697858604E+034
  1.2818002621E+006  3.3697858604E+034
  1.2835003328E+006  3.3697858604E+034
  1.2852002533E+006  3.3697858604E+034
  1.2869002043E+006  3.3697858604E+034
  1.2886003549E+006  3.3689783599E+034
  1.2903003203E+006  3.3689783599E+034
  1.2920002815E+006  3.3689783599E+034
  1.2937002413E+006  3.3689783599E+034
  1.2954002165E+006  3.3689783599E+034
  1.2971002208E+006  3.3689783599E+034
  1.2988002615E+006  3.3689783599E+034
  1.3005003348E+006  3.3689783599E+034
  1.3022002396E+006  3.3681646309E+034
  1.3039003349E+006  3.3681646309E+034
  1.3056002404E+006  3.3681646309E+034
  1.3073003283E+006  3.3681646309E+034
  1.3090002412E+006  3.3681646309E+034
  1.3107003638E+006  3.3681646309E+034
  1.3124003380E+006  3.3681646309E+034
  1.3141003470E+006  3.3681646309E+034
  1.3158001916E+006  3.3681646309E+034
  1.3175002301E+006  3.3673446252E+034
  1.3192002645E+006  3.3673446252E+034
  1.3209002959E+006  3.3673446252E+034
  1.3226003343E+006  3.3673446252E+034
  1.3243002070E+006  3.3673446252E+034
  1.3260003002E+006  3.3673446252E+034
  1.3277002428E+006  3.3673446252E+034
  1.3294002120E+006  3.3673446252E+034
  1.3311001934E+006  3.3673446252E+034
  1.3328003571E+006  3.3665182945E+034
  1.3345003312E+006  3.3665182945E+034
  1.3362003078E+006  3.3665182945E+034
  1.3379003009E+006  3.3665182945E+034
  1.3396003262E+006  3.3665182945E+034
  1.3413002006E+006  3.3665182945E+034
  1.3430002912E+006  3.3665182945E+034
  1.3447002115E+006  3.3665182945E+034
  1.3464003174E+006  3.3665182945E+034
  1.3481002338E+006  3.3656855899E+034
  1.3498003344E+006  3.3656855899E+034
  1.3515002628E+006  3.3656855899E+034
  1.3532002189E+006  3.3656855899E+034
  1.3549002097E+006  3.3656855899E+034
  1.3566002345E+006  3.3656855899E+034
  1.3583002789E+006  3.3656855899E+034
  1.3600003280E+006  3.3656855899E+034
  1.3617001869E+006  3.3648464623E+034
  1.3634002273E+006  3.3648464623E+034
  1.3651002777E+006  3.3648464623E+034
  1.3668003513E+006  3.3648464623E+034
  1.3685002730E+006  3.3648464623E+034
  1.3702002295E+006  3.3648464623E+034
  1.3719002093E+006  3.3648464623E+034
  1.3736001996E+006  3.3648464623E+034
  1.3753001864E+006  3.3648464623E+034
  1.3770003534E+006  3.3648464623E+034
  1.3787003402E+006  3.3640008622E+034
  1.3804003453E+006  3.3640008622E+034
  1.3821001975E+006  3.3640008622E+034
  1.3838002700E+006  3.3640008622E+034
  1.3855003695E+006  3.3640008622E+034
  1.3872002981E+006  3.3640008622E+034
  1.3889002258E+006  3.3640008622E+034
  1.3906003335E+006  3.3640008622E+034
  1.3923002565E+006  3.3640008622E+034
  1.3940001932E+006  3.3631487397E+034
  1.3957003454E+006  3.3631487397E+034
  1.3974003460E+006  3.3631487397E+034
  1.3991001909E+006  3.3631487397E+034
  1.4008002405E+006  3.3631487397E+034
  1.4025002932E+006  3.3631487397E+034
  1.4042003421E+006  3.3631487397E+034
  1.4059002024E+006  3.3631487397E+034
  1.4076002575E+006  3.3631487397E+034
  1.4093003388E+006  3.3622900443E+034
  1.4110002675E+006  3.3622900443E+034
  1.4127002288E+006  3.3622900443E+034
  1.4144002113E+006  3.3622900443E+034
  1.4161002012E+006  3.3622900443E+034
  1.4178001900E+006  3.3622900443E+034
  1.4195003597E+006  3.3622900443E+034
  1.4212003491E+006  3.3622900443E+034
  1.4229003589E+006  3.3614247255E+034
  1.4246002139E+006  3.3614247255E+034
  1.4263002895E+006  3.3614247255E+034
  1.4280002036E+006  3.3614247255E+034
  1.4297003150E+006  3.3614247255E+034
  1.4314002413E+006  3.3614247255E+034
  1.4331003484E+006  3.3614247255E+034
  1.4348002731E+006  3.3614247255E+034
  1.4365002124E+006  3.3614247255E+034
  1.4382003659E+006  3.3605527321E+034
  1.4399003689E+006  3.3605527321E+034
  1.4416002131E+006  3.3605527321E+034
  1.4433002593E+006  3.3605527321E+034
  1.4450003078E+006  3.3605527321E+034
  1.4467003525E+006  3.3605527321E+034
  1.4484002130E+006  3.3605527321E+034
  1.4501002692E+006  3.3605527321E+034
  1.4518003507E+006  3.3605527321E+034
  1.4535002800E+006  3.3605527321E+034
  1.4552002393E+006  3.3596740127E+034
  1.4569002196E+006  3.3596740127E+034
  1.4586002043E+006  3.3596740127E+034
  1.4603001862E+006  3.3596740127E+034
  1.4620003533E+006  3.3596740127E+034
  1.4637003420E+006  3.3596740127E+034
  1.4654003532E+006  3.3596740127E+034
  1.4671002089E+006  3.3596740127E+034
  1.4688002826E+006  3.3596740127E+034
  1.4705001953E+006  3.3587885153E+034
  1.4722003019E+006  3.3587885153E+034
  1.4739002224E+006  3.3587885153E+034
  1.4756003249E+006  3.3587885153E+034
  1.4773002458E+006  3.3587885153E+034
  1.4790003715E+006  3.3587885153E+034
  1.4807003393E+006  3.3587885153E+034
  1.4824003404E+006  3.3587885153E+034
  1.4841003682E+006  3.3587885153E+034
  1.4858002234E+006  3.3578961877E+034
  1.4875002666E+006  3.3578961877E+034
  1.4892003040E+006  3.3578961877E+034
  1.4909003433E+006  3.3578961877E+034
  1.4926002107E+006  3.3578961877E+034
  1.4943002895E+006  3.3578961877E+034
  1.4960002164E+006  3.3578961877E+034
  1.4977003573E+006  3.3578961877E+034
  1.4994003309E+006  3.3578961877E+034
  1.5011003104E+006  3.3569969773E+034
  1.5028002848E+006  3.3569969773E+034
  1.5045002584E+006  3.3569969773E+034
  1.5062002404E+006  3.3569969773E+034
  1.5079002454E+006  3.3569969773E+034
  1.5096002839E+006  3.3569969773E+034
  1.5113003521E+006  3.3569969773E+034
  1.5130002571E+006  3.3569969773E+034
  1.5147003570E+006  3.3569969773E+034
  1.5164002686E+006  3.3560908308E+034
  1.5181003638E+006  3.3560908308E+034
  1.5198002763E+006  3.3560908308E+034
  1.5215002078E+006  3.3560908308E+034
  1.5232003552E+006  3.3560908308E+034
  1.5249003485E+006  3.3560908308E+034
  1.5266003685E+006  3.3560908308E+034
  1.5283002150E+006  3.3560908308E+034
  1.5300002487E+006  3.3560908308E+034
  1.5317002793E+006  3.3560908308E+034
  1.5334003095E+006  3.3551776949E+034
  1.5351003540E+006  3.3551776949E+034
  1.5368002387E+006  3.3551776949E+034
  1.5385003422E+006  3.3551776949E+034
  1.5402002890E+006  3.3551776949E+034
  1.5419002516E+006  3.3551776949E+034
  1.5436002197E+006  3.3551776949E+034
  1.5453003714E+006  3.3551776949E+034
  1.5470003354E+006  3.3542575155E+034
  1.5487003093E+006  3.3542575155E+034
  1.5504003039E+006  3.3542575155E+034
  1.5521003305E+006  3.3542575155E+034
  1.5538002024E+006  3.3542575155E+034
  1.5555002804E+006  3.3542575155E+034
  1.5572003675E+006  3.3542575155E+034
  1.5589002667E+006  3.3542575155E+034
  1.5606003497E+006  3.3542575155E+034
  1.5623002533E+006  3.3533302384E+034
  1.5640003592E+006  3.3533302384E+034
  1.5657003086E+006  3.3533302384E+034
  1.5674002890E+006  3.3533302384E+034
  1.5691002935E+006  3.3533302384E+034
  1.5708003112E+006  3.3533302384E+034
  1.5725003288E+006  3.3533302384E+034
  1.5742003441E+006  3.3533302384E+034
  1.5759003623E+006  3.3533302384E+034
  1.5776002078E+006  3.3523958089E+034
  1.5793002660E+006  3.3523958089E+034
  1.5810003542E+006  3.3523958089E+034
  1.5827002844E+006  3.3523958089E+034
  1.5844002314E+006  3.3523958089E+034
  1.5861003668E+006  3.3523958089E+034
  1.5878003140E+006  3.3523958089E+034
  1.5895002607E+006  3.3523958089E+034
  1.5912002180E+006  3.3523958089E+034
  1.5929001990E+006  3.3514541717E+034
  1.5946002086E+006  3.3514541717E+034
  1.5963002480E+006  3.3514541717E+034
  1.5980003075E+006  3.3514541717E+034
  1.5997001887E+006  3.3514541717E+034
  1.6014002549E+006  3.3514541717E+034
  1.6031003175E+006  3.3514541717E+034
  1.6048002003E+006  3.3514541717E+034
  1.6065002886E+006  3.3514541717E+034
  1.6082002193E+006  3.3505052713E+034
  1.6099003677E+006  3.3505052713E+034
  1.6116003523E+006  3.3505052713E+034
  1.6133003486E+006  3.3505052713E+034
  1.6150003462E+006  3.3505052713E+034
  1.6167003397E+006  3.3505052713E+034
  1.6184003363E+006  3.3505052713E+034
  1.6201003470E+006  3.3505052713E+034
  1.6218001974E+006  3.3505052713E+034
  1.6235002661E+006  3.3495490516E+034
  1.6252003601E+006  3.3495490516E+034
  1.6269002851E+006  3.3495490516E+034
  1.6286002139E+006  3.3495490516E+034
  1.6303003249E+006  3.3495490516E+034
  1.6320002500E+006  3.3495490516E+034
  1.6337003698E+006  3.3495490516E+034
  1.6354003266E+006  3.3495490516E+034
  1.6371003150E+006  3.3495490516E+034
  1.6388003317E+006  3.3485854562E+034
  1.6405003690E+006  3.3485854562E+034
  1.6422002273E+006  3.3485854562E+034
  1.6439002705E+006  3.3485854562E+034
  1.6456003130E+006  3.3485854562E+034
  1.6473003599E+006  3.3485854562E+034
  1.6490002390E+006  3.3485854562E+034
  1.6507003320E+006  3.3485854562E+034
  1.6524002690E+006  3.3485854562E+034
  1.6541002312E+006  3.3476144281E+034
  1.6558002040E+006  3.3476144281E+034
  1.6575003638E+006  3.3476144281E+034
  1.6592003354E+006  3.3476144281E+034
  1.6609003090E+006  3.3476144281E+034
  1.6626002974E+006  3.3476144281E+034
  1.6643003100E+006  3.3476144281E+034
  1.6660003526E+006  3.3476144281E+034
  1.6677002365E+006  3.3476144281E+034
  1.6694003211E+006  3.3466359101E+034
  1.6711002251E+006  3.3466359101E+034
  1.6728003125E+006  3.3466359101E+034
  1.6745002139E+006  3.3466359101E+034
  1.6762003122E+006  3.3466359101E+034
  1.6779002445E+006  3.3466359101E+034
  1.6796002060E+006  3.3466359101E+034
  1.6813001961E+006  3.3466359101E+034
  1.6830002052E+006  3.3456498444E+034
  1.6847002230E+006  3.3456498444E+034
  1.6864002382E+006  3.3456498444E+034
  1.6881002519E+006  3.3456498444E+034
  1.6898002727E+006  3.3456498444E+034
  1.6915003109E+006  3.3456498444E+034
  1.6932001914E+006  3.3456498444E+034
  1.6949002859E+006  3.3456498444E+034
  1.6966002166E+006  3.3456498444E+034
  1.6983003463E+006  3.3446561728E+034
  1.7000002902E+006  3.3446561728E+034
  1.7017002320E+006  3.3446561728E+034
  1.7034003618E+006  3.3446561728E+034
  1.7051003188E+006  3.3446561728E+034
  1.7068003026E+006  3.3446561728E+034
  1.7085003155E+006  3.3446561728E+034
  1.7102003543E+006  3.3446561728E+034
  1.7119002232E+006  3.3446561728E+034
  1.7136002814E+006  3.3436548366E+034
  1.7153003384E+006  3.3436548366E+034
  1.7170002085E+006  3.3436548366E+034
  1.7187002735E+006  3.3436548366E+034
  1.7204003606E+006  3.3436548366E+034
  1.7221002901E+006  3.3436548366E+034
  1.7238002487E+006  3.3436548366E+034
  1.7255002265E+006  3.3436548366E+034
  1.7272002119E+006  3.3436548366E+034
  1.7289001982E+006  3.3426457766E+034
  1.7306003675E+006  3.3426457766E+034
  1.7323003560E+006  3.3426457766E+034
  1.7340003616E+006  3.3426457766E+034
  1.7357002078E+006  3.3426457766E+034
  1.7374002706E+006  3.3426457766E+034
  1.7391003562E+006  3.3426457766E+034
  1.7408002679E+006  3.3426457766E+034
  1.7425003681E+006  3.3416289334E+034
  1.7442002793E+006  3.3416289334E+034
  1.7459001939E+006  3.3416289334E+034
  1.7476003063E+006  3.3416289334E+034
  1.7493002556E+006  3.3416289334E+034
  1.7510002348E+006  3.3416289334E+034
  1.7527002394E+006  3.3416289334E+034
  1.7544002606E+006  3.3416289334E+034
  1.7561002867E+006  3.3416289334E+034
  1.7578003105E+006  3.3406042468E+034
  1.7595003359E+006  3.3406042468E+034
  1.7612003694E+006  3.3406042468E+034
  1.7629002366E+006  3.3406042468E+034
  1.7646003181E+006  3.3406042468E+034
  1.7663002404E+006  3.3406042468E+034
  1.7680003701E+006  3.3406042468E+034
  1.7697003223E+006  3.3406042468E+034
  1.7714002736E+006  3.3406042468E+034
  1.7731002242E+006  3.3395716563E+034
  1.7748003660E+006  3.3395716563E+034
  1.7765003393E+006  3.3395716563E+034
  1.7782003386E+006  3.3395716563E+034
  1.7799003651E+006  3.3395716563E+034
  1.7816002294E+006  3.3395716563E+034
  1.7833002921E+006  3.3395716563E+034
  1.7850003571E+006  3.3395716563E+034
  1.7867002345E+006  3.3395716563E+034
  1.7884002986E+006  3.3385311011E+034
  1.7901001896E+006  3.3385311011E+034
  1.7918002900E+006  3.3385311011E+034
  1.7935002329E+006  3.3385311011E+034
  1.7952002023E+006  3.3385311011E+034
  1.7969001871E+006  3.3385311011E+034
  1.7986003638E+006  3.3385311011E+034
  1.8003003531E+006  3.3385311011E+034
  1.8020003410E+006  3.3385311011E+034
  1.8037003377E+006  3.3374825196E+034
  1.8054003531E+006  3.3374825196E+034
  1.8071002102E+006  3.3374825196E+034
  1.8088002816E+006  3.3374825196E+034
  1.8105001864E+006  3.3374825196E+034
  1.8122002877E+006  3.3374825196E+034
  1.8139002038E+006  3.3374825196E+034
  1.8156003036E+006  3.3374825196E+034
  1.8173002220E+006  3.3374825196E+034
  1.8190003404E+006  3.3364258500E+034
  1.8207002984E+006  3.3364258500E+034
  1.8224002859E+006  3.3364258500E+034
  1.8241002964E+006  3.3364258500E+034
  1.8258003210E+006  3.3364258500E+034
  1.8275003483E+006  3.3364258500E+034
  1.8292001884E+006  3.3364258500E+034
  1.8309002176E+006  3.3364258500E+034
  1.8326002562E+006  3.3364258500E+034
  1.8343003164E+006  3.3353610299E+034
  1.8360002181E+006  3.3353610299E+034
  1.8377003315E+006  3.3353610299E+034
  1.8394002775E+006  3.3353610299E+034
  1.8411002291E+006  3.3353610299E+034
  1.8428003660E+006  3.3353610299E+034
  1.8445003171E+006  3.3353610299E+034
  1.8462002747E+006  3.3353610299E+034
  1.8479002515E+006  3.3353610299E+034
  1.8496002536E+006  3.3342879963E+034
  1.8513002825E+006  3.3342879963E+034
  1.8530003335E+006  3.3342879963E+034
  1.8547002080E+006  3.3342879963E+034
  1.8564002702E+006  3.3342879963E+034
  1.8581003311E+006  3.3342879963E+034
  1.8598002097E+006  3.3342879963E+034
  1.8615002900E+006  3.3342879963E+034
  1.8632002074E+006  3.3342879963E+034
  1.8649003388E+006  3.3332066860E+034
  1.8666003083E+006  3.3332066860E+034
  1.8683002916E+006  3.3332066860E+034
  1.8700002803E+006  3.3332066860E+034
  1.8717002664E+006  3.3332066860E+034
  1.8734002529E+006  3.3332066860E+034
  1.8751002503E+006  3.3332066860E+034
  1.8768002675E+006  3.3332066860E+034
  1.8785003132E+006  3.3321170351E+034
  1.8802001984E+006  3.3321170351E+034
  1.8819002871E+006  3.3321170351E+034
  1.8836001986E+006  3.3321170351E+034
  1.8853002953E+006  3.3321170351E+034
  1.8870002053E+006  3.3321170351E+034
  1.8887003076E+006  3.3321170351E+034
  1.8904002395E+006  3.3321170351E+034
  1.8921001984E+006  3.3321170351E+034
  1.8938003701E+006  3.3310189792E+034
  1.8955001909E+006  3.3310189792E+034
  1.8972002102E+006  3.3310189792E+034
  1.8989002310E+006  3.3310189792E+034
  1.9006002515E+006  3.3310189792E+034
  1.9023002744E+006  3.3310189792E+034
  1.9040003086E+006  3.3310189792E+034
  1.9057003665E+006  3.3310189792E+034
  1.9074002651E+006  3.3310189792E+034
  1.9091001890E+006  3.3299124536E+034
  1.9108003148E+006  3.3299124536E+034
  1.9125002584E+006  3.3299124536E+034
  1.9142002022E+006  3.3299124536E+034
  1.9159003333E+006  3.3299124536E+034
  1.9176002868E+006  3.3299124536E+034
  1.9193002598E+006  3.3299124536E+034
  1.9210002572E+006  3.3299124536E+034
  1.9227002813E+006  3.3299124536E+034
  1.9244003249E+006  3.3287973929E+034
