  0.0000000000E+000 0000
  0.1700457847E+004 0172
  0.3400418003E+004 0172
  0.5100594855E+004 0172
  0.6800582200E+004 0172
  0.8500526517E+004 0172
  0.1020032043E+005 0172
  0.1190042686E+005 0172
  0.1360051972E+005 0172
  0.1530037337E+005 0172
  0.1700040489E+005 0172
  0.1870044749E+005 0172
  0.2040037520E+005 0172
  0.2210045678E+005 0172
  0.2380045568E+005 0172
  0.2550036782E+005 0172
  0.2720037464E+005 0172
  0.2890041955E+005 0172
  0.3060050246E+005 0172
  0.3230047619E+005 0172
  0.3400051699E+005 0172
  0.3570040700E+005 0172
  0.3740033898E+005 0172
  0.3910056362E+005 0172
  0.4080031026E+005 0172
  0.4250053310E+005 0172
  0.4420039057E+005 0173
  0.4590054230E+005 0173
  0.4760043444E+005 0173
  0.4930042378E+005 0173
  0.5100047872E+005 0173
  0.5270046334E+005 0173
  0.5440058295E+005 0173
  0.5610040377E+005 0173
  0.5780039766E+005 0173
  0.5950031744E+005 0173
  0.6120036098E+005 0173
  0.6290059137E+005 0173
  0.6460045279E+005 0173
  0.6630042814E+005 0173
  0.6800052465E+005 0173
  0.6970032278E+005 0173
  0.7140040759E+005 0173
  0.7310056792E+005 0173
  0.7480034189E+005 0173
  0.7650031276E+005 0173
  0.7820038988E+005 0173
  0.7990039485E+005 0173
  0.8160055277E+005 0173
  0.8330038644E+005 0173
  0.8500055395E+005 0173
  0.8670060166E+005 0173
  0.8840036383E+005 0173
  0.9010056471E+005 0173
  0.9180058114E+005 0173
  0.9350037212E+005 0173
  0.9520058954E+005 0173
  0.9690045577E+005 0173
  0.9860046230E+005 0173
  0.1003003356E+006 0173
  0.1020003220E+006 0173
  0.1037004462E+006 0173
  0.1054003516E+006 0173
  0.1071005317E+006 0173
  0.1088005294E+006 0173
  0.1105004562E+006 0173
  0.1122005584E+006 0173
  0.1139005768E+006 0173
  0.1156004497E+006 0173
  0.1173004778E+006 0173
  0.1190005676E+006 0173
  0.1207005446E+006 0173
  0.1224003223E+006 0173
  0.1241003501E+006 0173
  0.1258005155E+006 0173
  0.1275003863E+006 0173
  0.1292004332E+006 0173
  0.1309003339E+006 0173
  0.1326005657E+006 0173
  0.1343003875E+006 0173
  0.1360005072E+006 0173
  0.1377003081E+006 0173
  0.1394005647E+006 0173
  0.1411005484E+006 0173
  0.1428004133E+006 0173
  0.1445004945E+006 0173
  0.1462005430E+006 0173
  0.1479004624E+006 0173
  0.1496003382E+006 0173
  0.1513005101E+006 0173
  0.1530005217E+006 0173
  0.1547005991E+006 0173
  0.1564005954E+006 0173
  0.1581004975E+006 0173
  0.1598003700E+006 0173
  0.1615003737E+006 0173
  0.1632003148E+006 0173
  0.1649005199E+006 0173
  0.1666005978E+006 0173
  0.1683004324E+006 0173
  0.1700005444E+006 0173
  0.1717005404E+006 0173
  0.1734005232E+006 0173
  0.1751005961E+006 0173
  0.1768005894E+006 0173
  0.1785005108E+006 0173
  0.1802003547E+006 0173
  0.1819005476E+006 0173
  0.1836004451E+006 0173
  0.1853005638E+006 0173
  0.1870003481E+006 0173
  0.1887004914E+006 0173
  0.1904005565E+006 0173
  0.1921005298E+006 0173
  0.1938004052E+006 0173
  0.1955003829E+006 0173
  0.1972003595E+006 0173
  0.1989005745E+006 0173
  0.2006004461E+006 0173
  0.2023003769E+006 0173
  0.2040004670E+006 0173
  0.2057004853E+006 0173
  0.2074003989E+006 0173
  0.2091004404E+006 0173
  0.2108004837E+006 0173
  0.2125005079E+006 0173
  0.2142004674E+006 0173
  0.2159004665E+006 0173
  0.2176003086E+006 0173
  0.2193003719E+006 0173
  0.2210006099E+006 0173
  0.2227003995E+006 0173
  0.2244005157E+006 0173
  0.2261005886E+006 0173
  0.2278003312E+006 0173
  0.2295003893E+006 0173
  0.2312005595E+006 0173
  0.2329003280E+006 0173
  0.2346005993E+006 0173
  0.2363003879E+006 0173
  0.2380005593E+006 0173
  0.2397003873E+006 0173
  0.2414004934E+006 0173
  0.2431005921E+006 0173
  0.2448005030E+006 0173
  0.2465005769E+006 0173
  0.2482005525E+006 0173
  0.2499003628E+006 0173
  0.2516005636E+006 0173
  0.2533004352E+006 0173
  0.2550005909E+006 0173
  0.2567004381E+006 0173
  0.2584003516E+006 0173
  0.2601004417E+006 0173
  0.2618004155E+006 0173
  0.2635005353E+006 0173
  0.2652004403E+006 0173
  0.2669003680E+006 0173
  0.2686005393E+006 0173
  0.2703004266E+006 0173
  0.2720003594E+006 0173
  0.2737004349E+006 0173
  0.2754003844E+006 0173
  0.2771005098E+006 0173
  0.2788003996E+006 0173
  0.2805003379E+006 0173
  0.2822005515E+006 0173
  0.2839004423E+006 0173
  0.2856003826E+006 0173
  0.2873004566E+006 0173
  0.2890003913E+006 0173
  0.2907004954E+006 0173
  0.2924004134E+006 0173
  0.2941003574E+006 0173
  0.2958006070E+006 0173
  0.2975005289E+006 0173
  0.2992004925E+006 0173
  0.3009005503E+006 0173
  0.3026004831E+006 0173
  0.3043005673E+006 0173
  0.3060004753E+006 0173
  0.3077004308E+006 0173
  0.3094003943E+006 0173
  0.3111003291E+006 0173
  0.3128005972E+006 0173
  0.3145003456E+006 0173
  0.3162005457E+006 0173
  0.3179006061E+006 0173
  0.3196004940E+006 0173
  0.3213004483E+006 0173
  0.3230004037E+006 0173
  0.3247003658E+006 0173
  0.3264003209E+006 0173
  0.3281003599E+006 0173
  0.3298005371E+006 0173
  0.3315005716E+006 0173
  0.3332004224E+006 0173
  0.3349003722E+006 0173
  0.3366003275E+006 0173
  0.3383005791E+006 0173
  0.3400005371E+006 0173
  0.3417005425E+006 0173
  0.3434003643E+006 0173
  0.3451003442E+006 0173
  0.3468004633E+006 0173
  0.3485003601E+006 0173
  0.3502006123E+006 0173
  0.3519005375E+006 0173
  0.3536004745E+006 0173
  0.3553004482E+006 0173
  0.3570005308E+006 0173
  0.3587004522E+006 0173
  0.3604005247E+006 0173
  0.3621003845E+006 0173
  0.3638006078E+006 0173
  0.3655005287E+006 0173
  0.3672004398E+006 0173
  0.3689003956E+006 0173
  0.3706004360E+006 0173
  0.3723006111E+006 0173
  0.3740003161E+006 0173
  0.3757004443E+006 0173
  0.3774006107E+006 0173
  0.3791005013E+006 0173
  0.3808003751E+006 0173
  0.3825005731E+006 0173
  0.3842005418E+006 0173
  0.3859003350E+006 0173
  0.3876005633E+006 0173
  0.3893003091E+006 0173
  0.3910004367E+006 0173
  0.3927005717E+006 0173
  0.3944004144E+006 0173
  0.3961005717E+006 0173
  0.3978004806E+006 0173
  0.3995005029E+006 0173
  0.4012003694E+006 0173
  0.4029003433E+006 0173
  0.4046004165E+006 0173
  0.4063005157E+006 0173
  0.4080003101E+006 0173
  0.4097004183E+006 0173
  0.4114005748E+006 0173
  0.4131005202E+006 0173
  0.4148006022E+006 0173
  0.4165005082E+006 0173
  0.4182005030E+006 0173
  0.4199005539E+006 0173
  0.4216005991E+006 0173
  0.4233003544E+006 0173
  0.4250004463E+006 0173
  0.4267003203E+006 0173
  0.4284003169E+006 0173
  0.4301004589E+006 0173
  0.4318003845E+006 0173
  0.4335003757E+006 0173
  0.4352003844E+006 0173
  0.4369003881E+006 0173
  0.4386004224E+006 0173
  0.4403005302E+006 0173
  0.4420004486E+006 0173
  0.4437004925E+006 0173
  0.4454003534E+006 0173
  0.4471005770E+006 0173
  0.4488005263E+006 0173
  0.4505004743E+006 0173
  0.4522004474E+006 0173
  0.4539004676E+006 0173
  0.4556006015E+006 0173
  0.4573005556E+006 0173
  0.4590003151E+006 0173
  0.4607004630E+006 0173
  0.4624003378E+006 0173
  0.4641005271E+006 0173
  0.4658004129E+006 0173
  0.4675003594E+006 0173
  0.4692003859E+006 0173
  0.4709005436E+006 0173
  0.4726005088E+006 0173
  0.4743005647E+006 0173
  0.4760003501E+006 0173
  0.4777004627E+006 0173
  0.4794005762E+006 0173
  0.4811004174E+006 0173
  0.4828003427E+006 0173
  0.4845003746E+006 0173
  0.4862005346E+006 0173
  0.4879004764E+006 0173
  0.4896004770E+006 0173
  0.4913004920E+006 0173
  0.4930005222E+006 0173
  0.4947005647E+006 0173
  0.4964003808E+006 0173
  0.4981006031E+006 0173
  0.4998003277E+006 0173
  0.5015004689E+006 0173
  0.5032003669E+006 0173
  0.5049005962E+006 0173
  0.5066005285E+006 0173
  0.5083004855E+006 0173
  0.5100004824E+006 0173
  0.5117005859E+006 0173
  0.5134004894E+006 0173
  0.5151005011E+006 0173
  0.5168005816E+006 0173
  0.5185003997E+006 0173
  0.5202005268E+006 0173
  0.5219003588E+006 0173
  0.5236005440E+006 0173
  0.5253005014E+006 0173
  0.5270005677E+006 0173
  0.5287004380E+006 0173
  0.5304004018E+006 0173
  0.5321003985E+006 0173
  0.5338004247E+006 0173
  0.5355004538E+006 0173
  0.5372005140E+006 0173
  0.5389003356E+006 0173
  0.5406005743E+006 0173
  0.5423006085E+006 0173
  0.5440004326E+006 0173
  0.5457003140E+006 0173
  0.5474005201E+006 0173
  0.5491004341E+006 0173
  0.5508003623E+006 0173
  0.5525003541E+006 0173
  0.5542004356E+006 0173
  0.5559003236E+006 0173
  0.5576006139E+006 0173
  0.5593003636E+006 0173
  0.5610004442E+006 0173
  0.5627005400E+006 0173
  0.5644003446E+006 0173
  0.5661005009E+006 0173
  0.5678004359E+006 0173
  0.5695004766E+006 0173
  0.5712003190E+006 0173
  0.5729005370E+006 0173
  0.5746004939E+006 0173
  0.5763004623E+006 0173
  0.5780004443E+006 0173
  0.5797004565E+006 0173
  0.5814005520E+006 0173
  0.5831004316E+006 0173
  0.5848004171E+006 0173
  0.5865004939E+006 0173
  0.5882006123E+006 0173
  0.5899004460E+006 0173
  0.5916005982E+006 0173
  0.5933004697E+006 0173
  0.5950003930E+006 0173
  0.5967004170E+006 0173
  0.5984005377E+006 0173
  0.6001004429E+006 0173
  0.6018004027E+006 0173
  0.6035003954E+006 0173
  0.6052003973E+006 0173
  0.6069004158E+006 0173
  0.6086004910E+006 0173
  0.6103003348E+006 0173
  0.6120005923E+006 0173
  0.6137003262E+006 0173
  0.6154004417E+006 0173
  0.6171005868E+006 0173
  0.6188004464E+006 0173
  0.6205003136E+006 0173
  0.6222005333E+006 0173
  0.6239005149E+006 0173
  0.6256005898E+006 0173
  0.6273004607E+006 0173
  0.6290004035E+006 0173
  0.6307003963E+006 0173
  0.6324004043E+006 0173
  0.6341004312E+006 0173
  0.6358004786E+006 0173
  0.6375005933E+006 0173
  0.6392004861E+006 0173
  0.6409004813E+006 0173
  0.6426005564E+006 0173
  0.6443003834E+006 0173
  0.6460005473E+006 0173
  0.6477004042E+006 0173
  0.6494006030E+006 0173
  0.6511005383E+006 0173
  0.6528005553E+006 0173
  0.6545003615E+006 0173
  0.6562005740E+006 0173
  0.6579005339E+006 0173
  0.6596005336E+006 0173
  0.6613005492E+006 0173
  0.6630005784E+006 0173
  0.6647003401E+006 0173
  0.6664004810E+006 0173
  0.6681004155E+006 0173
  0.6698004315E+006 0173
  0.6715005320E+006 0173
  0.6732003622E+006 0173
  0.6749005167E+006 0173
  0.6766003760E+006 0173
  0.6783005787E+006 0173
  0.6800005289E+006 0173
  0.6817005686E+006 0173
  0.6834003986E+006 0173
  0.6851006117E+006 0173
  0.6868005746E+006 0173
  0.6885005566E+006 0173
  0.6902005602E+006 0173
  0.6919005810E+006 0173
  0.6936003486E+006 0173
  0.6953005037E+006 0173
  0.6970004428E+006 0173
  0.6987004692E+006 0173
  0.7004005555E+006 0173
  0.7021003650E+006 0173
  0.7038004961E+006 0173
  0.7055003378E+006 0173
  0.7072005211E+006 0173
  0.7089004728E+006 0173
  0.7106005052E+006 0172
  0.7123003219E+006 0172
  0.7140005146E+006 0172
  0.7157004422E+006 0172
  0.7174003885E+006 0172
  0.7191003482E+006 0172
  0.7208003458E+006 0172
  0.7225003965E+006 0172
  0.7242005340E+006 0172
  0.7259004542E+006 0172
  0.7276004543E+006 0172
  0.7293004965E+006 0172
  0.7310005739E+006 0172
  0.7327003502E+006 0172
  0.7344004571E+006 0172
  0.7361006138E+006 0172
  0.7378005369E+006 0172
  0.7395005506E+006 0172
  0.7412003292E+006 0172
  0.7429004862E+006 0172
  0.7446003574E+006 0172
  0.7463005524E+006 0172
  0.7480004572E+006 0172
  0.7497004026E+006 0172
  0.7514004084E+006 0172
  0.7531005038E+006 0172
  0.7548003769E+006 0172
  0.7565003108E+006 0172
  0.7582005967E+006 0172
  0.7599005882E+006 0172
  0.7616006007E+006 0172
  0.7633003258E+006 0172
  0.7650004273E+006 0172
  0.7667006069E+006 0172
  0.7684005628E+006 0172
  0.7701005965E+006 0172
  0.7718003671E+006 0172
  0.7735004728E+006 0172
  0.7752005880E+006 0172
  0.7769004222E+006 0172
  0.7786006082E+006 0172
  0.7803005610E+006 0172
  0.7820005947E+006 0172
  0.7837004012E+006 0172
  0.7854005686E+006 0172
  0.7871004603E+006 0172
  0.7888003666E+006 0172
  0.7905005975E+006 0172
  0.7922005624E+006 0172
  0.7939005825E+006 0172
  0.7956003816E+006 0172
  0.7973005672E+006 0172
  0.7990005098E+006 0172
  0.8007004900E+006 0172
  0.8024004920E+006 0172
  0.8041005103E+006 0172
  0.8058005550E+006 0172
  0.8075003474E+006 0172
  0.8092005259E+006 0172
  0.8109004782E+006 0172
  0.8126004972E+006 0172
  0.8143005726E+006 0172
  0.8160003542E+006 0172
  0.8177004625E+006 0172
  0.8194005909E+006 0172
  0.8211004556E+006 0172
  0.8228003859E+006 0172
  0.8245003942E+006 0171
  0.8262004865E+006 0171
  0.8279003148E+006 0171
  0.8296004883E+006 0171
  0.8313003661E+006 0171
  0.8330005711E+006 0171
  0.8347004958E+006 0171
  0.8364004835E+006 0171
  0.8381005497E+006 0171
  0.8398003814E+006 0171
  0.8415005863E+006 0171
  0.8432005216E+006 0171
  0.8449004773E+006 0172
  0.8466004402E+006 0173
  0.8483004392E+006 0173
  0.8500004824E+006 0173
  0.8517005993E+006 0173
  0.8534004847E+006 0173
  0.8551004387E+006 0173
  0.8568004406E+006 0173
  0.8585004615E+006 0173
  0.8602005043E+006 0173
  0.8619005614E+006 0173
  0.8636003533E+006 0173
  0.8653005181E+006 0173
  0.8670004528E+006 0173
  0.8687004598E+006 0173
  0.8704005237E+006 0173
  0.8721003099E+006 0173
  0.8738004202E+006 0173
  0.8755005471E+006 0173
  0.8772003933E+006 0173
  0.8789006066E+006 0173
  0.8806005784E+006 0172
  0.8823003230E+006 0172
  0.8840004330E+006 0172
  0.8857005903E+006 0172
  0.8874004581E+006 0172
  0.8891003386E+006 0172
  0.8908005571E+006 0172
  0.8925005073E+006 0172
  0.8942005294E+006 0172
  0.8959003098E+006 0172
  0.8976004746E+006 0172
  0.8993003749E+006 0172
  0.9010006087E+006 0172
  0.9027005483E+006 0172
  0.9044005075E+006 0172
  0.9061005025E+006 0172
  0.9078005545E+006 0172
  0.9095003768E+006 0172
  0.9112005765E+006 0172
  0.9129005219E+006 0172
  0.9146004982E+006 0172
  0.9163004960E+006 0172
  0.9180005010E+006 0172
  0.9197005363E+006 0172
  0.9214003157E+006 0172
  0.9231004699E+006 0172
  0.9248003898E+006 0172
  0.9265003682E+006 0172
  0.9282003946E+006 0172
  0.9299004334E+006 0172
  0.9316004906E+006 0172
  0.9333005695E+006 0173
  0.9350003769E+006 0173
  0.9367005571E+006 0173
  0.9384004986E+006 0173
  0.9401005096E+006 0173
  0.9418005633E+006 0173
  0.9435003404E+006 0173
  0.9452004417E+006 0173
  0.9469005617E+006 0173
  0.9486004026E+006 0173
  0.9503006128E+006 0173
  0.9520005812E+006 0173
  0.9537006189E+006 0173
  0.9554004050E+006 0173
  0.9571005350E+006 0173
  0.9588003767E+006 0173
  0.9605005372E+006 0173
  0.9622004204E+006 0173
  0.9639003434E+006 0173
  0.9656003352E+006 0173
  0.9673003972E+006 0173
  0.9690005208E+006 0173
  0.9707003814E+006 0173
  0.9724005698E+006 0173
  0.9741004685E+006 0173
  0.9758003804E+006 0173
  0.9775003348E+006 0173
  0.9792003445E+006 0173
  0.9809004243E+006 0173
  0.9826005731E+006 0173
  0.9843004614E+006 0173
  0.9860003824E+006 0173
  0.9877003165E+006 0173
  0.9894005813E+006 0172
  0.9911005631E+006 0172
  0.9928005957E+006 0172
  0.9945003851E+006 0172
  0.9962005552E+006 0172
  0.9979004688E+006 0172
  0.9996004214E+006 0172
  0.1001300396E+007 0172
  0.1003000381E+007 0172
  0.1004700391E+007 0172
  0.1006400439E+007 0172
  0.1008100553E+007 0172
  0.1009800417E+007 0172
  0.1011500348E+007 0172
  0.1013200324E+007 0172
  0.1014900323E+007 0172
  0.1016600337E+007 0173
  0.1018300367E+007 0173
  0.1020000435E+007 0173
  0.1021700546E+007 0173
  0.1023400419E+007 0173
  0.1025100354E+007 0173
  0.1026800340E+007 0173
  0.1028500356E+007 0173
  0.1030200390E+007 0173
  0.1031900441E+007 0173
  0.1033600509E+007 0173
  0.1035300317E+007 0173
  0.1037000496E+007 0173
  0.1038700432E+007 0173
  0.1040400424E+007 0173
  0.1042100460E+007 0173
  0.1043800518E+007 0173
  0.1045500587E+007 0173
  0.1047200368E+007 0173
  0.1048900496E+007 0173
  0.1050600370E+007 0173
  0.1052300617E+007 0173
  0.1054000620E+007 0173
  0.1055700355E+007 0173
  0.1057400429E+007 0173
  0.1059100515E+007 0173
  0.1060800619E+007 0173
  0.1062500440E+007 0173
  0.1064200616E+007 0173
  0.1065900549E+007 0173
  0.1067600542E+007 0173
  0.1069300592E+007 0173
  0.1071000363E+007 0173
  0.1072700468E+007 0173
  0.1074400585E+007 0173
  0.1076100414E+007 0173
  0.1077800595E+007 0173
  0.1079500519E+007 0173
  0.1081200513E+007 0173
  0.1082900561E+007 0173
  0.1084600346E+007 0173
  0.1086300462E+007 0173
  0.1088000595E+007 0173
  0.1089700434E+007 0173
  0.1091400612E+007 0173
  0.1093100533E+007 0173
  0.1094800512E+007 0173
  0.1096500556E+007 0173
  0.1098200335E+007 0173
  0.1099900459E+007 0173
  0.1101600598E+007 0173
  0.1103300439E+007 0173
  0.1105000617E+007 0173
  0.1106700525E+007 0173
  0.1108400492E+007 0173
  0.1110100519E+007 0173
  0.1111800607E+007 0173
  0.1113500420E+007 0173
  0.1115200565E+007 0173
  0.1116900414E+007 0173
  0.1118600593E+007 0173
  0.1120300494E+007 0173
  0.1122000446E+007 0173
  0.1123700464E+007 0173
  0.1125400537E+007 0173
  0.1127100345E+007 0173
  0.1128800491E+007 0173
  0.1130500344E+007 0173
  0.1132200518E+007 0173
  0.1133900408E+007 0173
  0.1135600344E+007 0173
  0.1137300337E+007 0173
  0.1139000389E+007 0173
  0.1140700491E+007 0173
  0.1142400322E+007 0173
  0.1144100475E+007 0173
  0.1145800332E+007 0173
  0.1147500520E+007 0173
  0.1149200432E+007 0173
  0.1150900394E+007 0173
  0.1152600416E+007 0173
  0.1154300500E+007 0173
  0.1156000618E+007 0173
  0.1157700455E+007 0173
  0.1159400615E+007 0173
  0.1161100483E+007 0173
  0.1162800375E+007 0173
  0.1164500311E+007 0173
  0.1166200312E+007 0173
  0.1167900364E+007 0173
  0.1169600469E+007 0173
  0.1171300602E+007 0173
  0.1173000445E+007 0173
  0.1174700607E+007 0173
  0.1176400480E+007 0173
  0.1178100394E+007 0173
  0.1179800358E+007 0173
  0.1181500385E+007 0173
  0.1183200461E+007 0173
  0.1184900580E+007 0173
  0.1186600405E+007 0173
  0.1188300556E+007 0173
  0.1190000413E+007 0173
  0.1191700609E+007 0173
  0.1193400545E+007 0173
  0.1195100534E+007 0173
  0.1196800585E+007 0173
  0.1198500364E+007 0173
  0.1200200486E+007 0173
  0.1201900621E+007 0173
  0.1203600460E+007 0173
  0.1205300322E+007 0173
  0.1207000534E+007 0173
  0.1208700491E+007 0173
  0.1210400504E+007 0173
  0.1212100570E+007 0173
  0.1213800360E+007 0173
  0.1215500482E+007 0173
  0.1217200618E+007 0173
  0.1218900463E+007 0173
  0.1220600340E+007 0173
  0.1222300576E+007 0173
  0.1224000561E+007 0173
  0.1225700600E+007 0173
  0.1227400370E+007 0173
  0.1229100477E+007 0173
  0.1230800600E+007 0173
  0.1232500424E+007 0173
  0.1234200584E+007 0173
  0.1235900476E+007 0173
  0.1237600422E+007 0173
  0.1239300425E+007 0173
  0.1241000474E+007 0173
  0.1242700558E+007 0173
  0.1244400344E+007 0173
  0.1246100453E+007 0173
  0.1247800581E+007 0173
  0.1249500433E+007 0173
  0.1251200332E+007 0173
  0.1252900597E+007 0173
  0.1254600607E+007 0173
  0.1256300341E+007 0173
  0.1258000410E+007 0173
  0.1259700493E+007 0173
  0.1261400593E+007 0173
  0.1263100406E+007 0173
  0.1264800572E+007 0173
  0.1266500484E+007 0173
  0.1268200449E+007 0173
  0.1269900459E+007 0173
  0.1271600496E+007 0173
  0.1273300555E+007 0173
  0.1275000312E+007 0173
  0.1276700400E+007 0173
  0.1278400526E+007 0173
  0.1280100389E+007 0173
  0.1281800621E+007 0173
  0.1283500589E+007 0173
  0.1285200599E+007 0173
  0.1286900316E+007 0173
  0.1288600358E+007 0173
  0.1290300416E+007 0173
  0.1292000504E+007 0173
  0.1293700325E+007 0173
  0.1295400507E+007 0173
  0.1297100436E+007 0173
  0.1298800405E+007 0173
  0.1300500403E+007 0173
  0.1302200413E+007 0173
  0.1303900440E+007 0173
  0.1305600489E+007 0173
  0.1307300574E+007 0173
  0.1309000401E+007 0173
  0.1310700592E+007 0173
  0.1312400522E+007 0173
  0.1314100481E+007 0173
  0.1315800464E+007 0173
  0.1317500458E+007 0173
  0.1319200467E+007 0173
  0.1320900507E+007 0173
  0.1322600590E+007 0173
  0.1324300418E+007 0173
  0.1326000604E+007 0173
  0.1327700524E+007 0173
  0.1329400467E+007 0173
  0.1331100425E+007 0173
  0.1332800396E+007 0173
  0.1334500389E+007 0173
  0.1336200422E+007 0173
  0.1337900500E+007 0173
  0.1339600324E+007 0173
  0.1341300502E+007 0173
  0.1343000404E+007 0173
  0.1344700321E+007 0173
  0.1346400562E+007 0173
  0.1348100510E+007 0173
  0.1349800487E+007 0173
  0.1351500511E+007 0173
  0.1353200585E+007 0173
  0.1354900400E+007 0173
  0.1356600561E+007 0173
  0.1358300435E+007 0173
  0.1360000322E+007 0173
  0.1361700533E+007 0173
  0.1363400460E+007 0173
  0.1365100423E+007 0173
  0.1366800440E+007 0173
  0.1368500506E+007 0173
  0.1370200620E+007 0173
  0.1371900449E+007 0173
  0.1373600607E+007 0173
  0.1375300467E+007 0173
  0.1377000342E+007 0173
  0.1378700562E+007 0173
  0.1380400512E+007 0173
  0.1382100517E+007 0173
  0.1383800566E+007 0173
  0.1385500341E+007 0173
  0.1387200449E+007 0173
  0.1388900569E+007 0173
  0.1390600393E+007 0173
  0.1392300550E+007 0173
  0.1394000439E+007 0173
  0.1395700377E+007 0173
  0.1397400367E+007 0173
  0.1399100399E+007 0173
  0.1400800461E+007 0173
  0.1402500540E+007 0173
  0.1404200315E+007 0173
  0.1405900423E+007 0173
  0.1407600562E+007 0173
  0.1409300435E+007 0173
  0.1411000357E+007 0173
  0.1412700327E+007 0173
  0.1414400330E+007 0173
  0.1416100351E+007 0173
  0.1417800385E+007 0173
  0.1419500434E+007 0173
  0.1421200508E+007 0173
  0.1422900619E+007 0173
  0.1424600469E+007 0173
  0.1426300371E+007 0173
  0.1428000623E+007 0173
  0.1429700590E+007 0173
  0.1431400572E+007 0173
  0.1433100569E+007 0173
  0.1434800581E+007 0173
  0.1436500315E+007 0173
  0.1438200407E+007 0173
  0.1439900549E+007 0173
  0.1441600422E+007 0173
  0.1443300328E+007 0173
  0.1445000568E+007 0173
  0.1446700505E+007 0173
  0.1448400456E+007 0173
  0.1450100434E+007 0173
  0.1451800452E+007 0173
  0.1453500518E+007 0173
  0.1455200319E+007 0173
  0.1456900475E+007 0173
  0.1458600342E+007 0173
  0.1460300535E+007 0173
  0.1462000428E+007 0173
  0.1463700343E+007 0173
  0.1465400603E+007 0173
  0.1467100592E+007 0173
  0.1468800323E+007 0173
  0.1470500407E+007 0173
  0.1472200523E+007 0173
  0.1473900343E+007 0173
  0.1475600489E+007 0173
  0.1477300338E+007 0173
  0.1479000522E+007 0173
  0.1480700437E+007 0173
  0.1482400397E+007 0173
  0.1484100406E+007 0173
  0.1485800447E+007 0173
  0.1487500516E+007 0173
  0.1489200597E+007 0173
  0.1490900378E+007 0173
  0.1492600491E+007 0173
  0.1494300322E+007 0173
  0.1496000513E+007 0173
  0.1497700435E+007 0173
  0.1499400404E+007 0173
  0.1501100399E+007 0173
  0.1502800414E+007 0173
  0.1504500439E+007 0173
  0.1506200478E+007 0173
  0.1507900547E+007 0173
  0.1509600339E+007 0173
  0.1511300495E+007 0173
  0.1513000381E+007 0173
  0.1514700617E+007 0173
  0.1516400561E+007 0173
  0.1518100518E+007 0173
  0.1519800489E+007 0173
  0.1521500477E+007 0173
  0.1523200502E+007 0173
  0.1524900566E+007 0173
  0.1526600370E+007 0173
  0.1528300522E+007 0173
  0.1530000393E+007 0173
  0.1531700592E+007 0173
  0.1533400488E+007 0173
  0.1535100401E+007 0173
  0.1536800337E+007 0173
  0.1538500315E+007 0173
  0.1540200335E+007 0173
  0.1541900401E+007 0173
  0.1543600502E+007 0173
  0.1545300623E+007 0173
  0.1547000445E+007 0173
  0.1548700590E+007 0172
  0.1550400446E+007 0172
  0.1552100332E+007 0172
  0.1553800575E+007 0172
  0.1555500553E+007 0172
  0.1557200572E+007 0172
  0.1558900618E+007 0172
  0.1560600367E+007 0172
  0.1562300443E+007 0172
  0.1564000531E+007 0172
  0.1565700335E+007 0172
  0.1567400491E+007 0172
  0.1569100381E+007 0172
  0.1570800316E+007 0172
  0.1572500593E+007 0172
  0.1574200581E+007 0172
  0.1575900580E+007 0172
  0.1577600591E+007 0172
  0.1579300621E+007 0172
  0.1581000373E+007 0172
  0.1582700482E+007 0172
  0.1584400320E+007 0172
  0.1586100513E+007 0172
  0.1587800418E+007 0172
  0.1589500341E+007 0172
  0.1591200585E+007 0172
  0.1592900535E+007 0172
  0.1594600512E+007 0172
  0.1596300525E+007 0172
  0.1598000586E+007 0172
  0.1599700375E+007 0172
  0.1601400514E+007 0172
  0.1603100356E+007 0172
  0.1604800523E+007 0172
  0.1606500389E+007 0172
  0.1608200587E+007 0172
  0.1609900505E+007 0172
  0.1611600462E+007 0172
  0.1613300469E+007 0172
  0.1615000508E+007 0172
  0.1616700575E+007 0172
  0.1618400342E+007 0172
  0.1620100434E+007 0172
  0.1621800541E+007 0172
  0.1623500359E+007 0172
  0.1625200532E+007 0172
  0.1626900436E+007 0172
  0.1628600383E+007 0172
  0.1630300359E+007 0172
  0.1632000357E+007 0172
  0.1633700368E+007 0172
  0.1635400389E+007 0172
  0.1637100431E+007 0172
  0.1638800506E+007 0172
  0.1640500625E+007 0172
  0.1642200472E+007 0172
  0.1643900358E+007 0172
  0.1645600584E+007 0172
  0.1647300511E+007 0172
  0.1649000450E+007 0172
  0.1650700403E+007 0172
  0.1652400386E+007 0172
  0.1654100404E+007 0172
  0.1655800464E+007 0172
  0.1657500568E+007 0172
  0.1659200390E+007 0172
  0.1660900545E+007 0172
  0.1662600395E+007 0172
  0.1664300575E+007 0172
  0.1666000461E+007 0172
  0.1667700380E+007 0172
  0.1669400341E+007 0172
  0.1671100346E+007 0172
  0.1672800389E+007 0172
  0.1674500453E+007 0172
  0.1676200536E+007 0172
  0.1677900316E+007 0172
  0.1679600426E+007 0172
  0.1681300559E+007 0172
  0.1683000420E+007 0172
  0.1684700325E+007 0172
  0.1686400581E+007 0172
  0.1688100556E+007 0172
  0.1689800550E+007 0172
  0.1691500558E+007 0172
  0.1693200575E+007 0172
  0.1694900613E+007 0172
  0.1696600371E+007 0172
  0.1698300481E+007 0172
  0.1700000321E+007 0172
  0.1701700508E+007 0172
  0.1703400409E+007 0172
  0.1705100322E+007 0172
  0.1706800558E+007 0172
  0.1708500497E+007 0172
  0.1710200461E+007 0172
  0.1711900463E+007 0172
  0.1713600505E+007 0172
  0.1715300590E+007 0172
  0.1717000391E+007 0172
  0.1718700524E+007 0172
  0.1720400356E+007 0172
  0.1722100510E+007 0172
  0.1723800375E+007 0172
  0.1725500580E+007 0172
  0.1727200515E+007 0172
  0.1728900489E+007 0172
  0.1730600500E+007 0172
  0.1732300533E+007 0172
  0.1734000580E+007 0172
  0.1735700327E+007 0172
  0.1737400399E+007 0172
  0.1739100499E+007 0172
  0.1740800320E+007 0172
  0.1742500497E+007 0172
  0.1744200399E+007 0172
  0.1745900331E+007 0172
  0.1747600596E+007 0172
  0.1749300557E+007 0172
  0.1751000532E+007 0172
  0.1752700525E+007 0172
  0.1754400549E+007 0172
  0.1756100612E+007 0172
  0.1757800403E+007 0172
  0.1759500543E+007 0172
  0.1761200393E+007 0172
  0.1762900570E+007 0172
  0.1764600443E+007 0172
  0.1766300333E+007 0172
  0.1768000559E+007 0172
  0.1769700507E+007 0172
  0.1771400499E+007 0172
  0.1773100527E+007 0172
  0.1774800588E+007 0172
  0.1776500351E+007 0172
  0.1778200441E+007 0172
  0.1779900543E+007 0172
  0.1781600349E+007 0172
  0.1783300500E+007 0172
  0.1785000374E+007 0172
  0.1786700604E+007 0172
  0.1788400550E+007 0172
  0.1790100523E+007 0172
  0.1791800508E+007 0172
  0.1793500505E+007 0172
  0.1795200516E+007 0172
  0.1796900550E+007 0172
  0.1798600622E+007 0172
  0.1800300419E+007 0172
  0.1802000569E+007 0172
  0.1803700434E+007 0172
  0.1805400320E+007 0172
  0.1807100529E+007 0172
  0.1808800435E+007 0172
  0.1810500361E+007 0172
  0.1812200317E+007 0172
  0.1813900624E+007 0172
  0.1815600345E+007 0172
  0.1817300413E+007 0172
  0.1819000507E+007 0172
  0.1820700612E+007 0172
  0.1822400416E+007 0172
  0.1824100545E+007 0172
  0.1825800388E+007 0172
  0.1827500575E+007 0172
  0.1829200488E+007 0172
  0.1830900441E+007 0172
  0.1832600421E+007 0172
  0.1834300420E+007 0172
  0.1836000427E+007 0172
  0.1837700448E+007 0172
  0.1839400485E+007 0172
  0.1841100550E+007 0172
  0.1842800339E+007 0172
  0.1844500483E+007 0172
  0.1846200348E+007 0172
  0.1847900548E+007 0172
  0.1849600452E+007 0172
  0.1851300366E+007 0172
  0.1853000606E+007 0172
  0.1854700557E+007 0172
  0.1856400541E+007 0172
  0.1858100568E+007 0172
  0.1859800318E+007 0172
  0.1861500410E+007 0172
  0.1863200522E+007 0172
  0.1864900332E+007 0172
  0.1866600466E+007 0172
  0.1868300615E+007 0172
  0.1870000484E+007 0172
  0.1871700388E+007 0172
  0.1873400333E+007 0172
  0.1875100622E+007 0172
  0.1876800314E+007 0172
  0.1878500334E+007 0172
  0.1880200362E+007 0172
  0.1881900405E+007 0172
  0.1883600469E+007 0172
  0.1885300567E+007 0172
  0.1887000387E+007 0172
  0.1888700557E+007 0172
  0.1890400445E+007 0172
  0.1892100351E+007 0172
  0.1893800580E+007 0172
  0.1895500506E+007 0172
  0.1897200452E+007 0172
  0.1898900423E+007 0172
  0.1900600430E+007 0172
  0.1902300477E+007 0172
  0.1904000558E+007 0172
  0.1905700351E+007 0172
  0.1907400468E+007 0172
  0.1909100598E+007 0172
  0.1910800428E+007 0172
  0.1912500591E+007 0172
  0.1914200473E+007 0172
  0.1915900391E+007 0172
  0.1917600348E+007 0172
  0.1919300330E+007 0172
  0.1921000332E+007 0172
  0.1922700344E+007 0172
  0.1924400369E+007 0172
  0.1926100408E+007 0172
  0.1927800473E+007 0172
  0.1929500575E+007 0172
  0.1931200400E+007 0172
  0.1932900572E+007 0172
  0.1934600454E+007 0172
  0.1936300352E+007 0172
  0.1938000573E+007 0172
  0.1939700491E+007 0172
  0.1941400431E+007 0172
  0.1943100400E+007 0172
  0.1944800408E+007 0172
  0.1946500450E+007 0172
  0.1948200521E+007 0172
  0.1949900613E+007 0172
  0.1951600400E+007 0172
  0.1953300512E+007 0172
  0.1955000324E+007 0172
  0.1956700479E+007 0172
  0.1958400353E+007 0172
  0.1960100578E+007 0172
  0.1961800523E+007 0172
  0.1963500493E+007 0172
  0.1965200479E+007 0172
  0.1966900472E+007 0172
  0.1968600478E+007 0172
  0.1970300504E+007 0172
  0.1972000561E+007 0172
  0.1973700340E+007 0172
  0.1975400468E+007 0172
  0.1977100315E+007 0172
  0.1978800493E+007 0172
  0.1980500370E+007 0172
  0.1982200570E+007 0172
  0.1983900472E+007 0172
  0.1985600400E+007 0172
  0.1987300357E+007 0172
  0.1989000355E+007 0172
  0.1990700384E+007 0172
  0.1992400441E+007 0172
  0.1994100509E+007 0172
  0.1995800590E+007 0172
  0.1997500370E+007 0172
  0.1999200480E+007 0172
  0.2000900621E+007 0172
  0.2002600484E+007 0172
  0.2004300385E+007 0172
  0.2006000314E+007 0172
  0.2007700577E+007 0172
  0.2009400539E+007 0172
  0.2011100511E+007 0172
  0.2012800499E+007 0172
  0.2014500509E+007 0172
  0.2016200555E+007 0172
  0.2017900323E+007 0172
  0.2019600438E+007 0172
  0.2021300580E+007 0172
  0.2023000423E+007 0172
  0.2024700592E+007 0172
  0.2026400455E+007 0172
  0.2028100340E+007 0172
  0.2029800564E+007 0172
  0.2031500511E+007 0172
  0.2033200493E+007 0172
  0.2034900504E+007 0172
  0.2036600537E+007 0172
  0.2038300579E+007 0172
  0.2040000318E+007 0172
  0.2041700382E+007 0172
  0.2043400470E+007 0172
  0.2045100591E+007 0172
  0.2046800433E+007 0172
  0.2048500624E+007 0172
  0.2050200526E+007 0172
  0.2051900444E+007 0172
  0.2053600373E+007 0172
  0.2055300624E+007 0172
  0.2057000581E+007 0172
  0.2058700562E+007 0172
  0.2060400580E+007 0172
  0.2062100317E+007 0172
  0.2063800400E+007 0172
  0.2065500502E+007 0172
  0.2067200618E+007 0172
  0.2068900431E+007 0172
  0.2070600569E+007 0172
  0.2072300415E+007 0172
  0.2074000605E+007 0172
  0.2075700517E+007 0172
  0.2077400463E+007 0172
  0.2079100434E+007 0172
  0.2080800424E+007 0172
  0.2082500421E+007 0172
  0.2084200428E+007 0172
  0.2085900451E+007 0172
  0.2087600500E+007 0172
  0.2089300582E+007 0172
  0.2091000384E+007 0172
  0.2092700532E+007 0172
  0.2094400384E+007 0172
  0.2096100566E+007 0172
  0.2097800441E+007 0172
  0.2099500331E+007 0172
  0.2101200553E+007 0172
  0.2102900491E+007 0172
  0.2104600463E+007 0172
  0.2106300468E+007 0172
  0.2108000499E+007 0172
  0.2109700548E+007 0172
  0.2111400606E+007 0172
  0.2113100361E+007 0172
  0.2114800444E+007 0172
  0.2116500554E+007 0172
  0.2118200380E+007 0172
  0.2119900557E+007 0172
  0.2121600450E+007 0172
  0.2123300366E+007 0172
  0.2125000609E+007 0172
  0.2126700546E+007 0172
  0.2128400498E+007 0172
  0.2130100466E+007 0172
  0.2131800465E+007 0172
  0.2133500497E+007 0172
  0.2135200564E+007 0172
  0.2136900343E+007 0172
  0.2138600453E+007 0172
  0.2140300575E+007 0172
  0.2142000393E+007 0172
  0.2143700539E+007 0172
  0.2145400394E+007 0172
  0.2147100593E+007 0172
  0.2148800516E+007 0172
  0.2150500467E+007 0172
  0.2152200443E+007 0172
  0.2153900432E+007 0172
  0.2155600434E+007 0172
  0.2157300445E+007 0172
  0.2159000475E+007 0172
  0.2160700533E+007 0172
  0.2162400625E+007 0172
  0.2164100439E+007 0172
  0.2165800592E+007 0172
  0.2167500451E+007 0172
  0.2169200323E+007 0172
  0.2170900516E+007 0172
  0.2172600411E+007 0172
  0.2174300327E+007 0172
  0.2176000590E+007 0172
  0.2177700572E+007 0172
  0.2179400586E+007 0172
  0.2181100623E+007 0172
  0.2182800361E+007 0172
  0.2184500424E+007 0172
  0.2186200495E+007 0172
  0.2187900586E+007 0172
  0.2189600387E+007 0172
  0.2191300536E+007 0172
  0.2193000403E+007 0172
  0.2194700612E+007 0172
  0.2196400527E+007 0172
  0.2198100453E+007 0172
  0.2199800387E+007 0172
  0.2201500334E+007 0172
  0.2203200616E+007 0172
  0.2204900614E+007 0172
  0.2206600329E+007 0172
  0.2208300392E+007 0172
  0.2210000478E+007 0172
  0.2211700580E+007 0172
  0.2213400375E+007 0172
  0.2215100495E+007 0172
  0.2216800318E+007 0172
  0.2218500477E+007 0172
  0.2220200356E+007 0172
  0.2221900580E+007 0172
  0.2223600520E+007 0172
  0.2225300480E+007 0172
  0.2227000450E+007 0172
  0.2228700432E+007 0172
  0.2230400425E+007 0172
  0.2232100439E+007 0172
  0.2233800479E+007 0172
  0.2235500553E+007 0172
  0.2237200347E+007 0172
  0.2238900477E+007 0172
  0.2240600626E+007 0172
  0.2242300468E+007 0172
  0.2244000324E+007 0172
  0.2245700506E+007 0172
  0.2247400399E+007 0172
  0.2249100324E+007 0172
  0.2250800596E+007 0172
  0.2252500584E+007 0172
  0.2254200590E+007 0172
  0.2255900610E+007 0172
  0.2257600326E+007 0172
  0.2259300365E+007 0172
  0.2261000424E+007 0172
  0.2262700508E+007 0172
  0.2264400315E+007 0172
  0.2266100465E+007 0172
  0.2267800328E+007 0172
  0.2269500521E+007 0172
  0.2271200412E+007 0172
  0.2272900628E+007 0172
  0.2274600541E+007 0172
  0.2276300478E+007 0172
  0.2278000445E+007 0172
  0.2279700446E+007 0172
  0.2281400476E+007 0172
  0.2283100526E+007 0172
  0.2284800594E+007 0172
  0.2286500355E+007 0172
  0.2288200442E+007 0172
  0.2289900545E+007 0172
  0.2291600363E+007 0172
  0.2293300526E+007 0172
  0.2295000405E+007 0172
  0.2296700626E+007 0172
  0.2298400551E+007 0172
  0.2300100488E+007 0172
  0.2301800431E+007 0172
  0.2303500389E+007 0172
  0.2305200370E+007 0172
  0.2306900380E+007 0172
  0.2308600422E+007 0172
  0.2310300494E+007 0172
  0.2312000590E+007 0172
  0.2313700387E+007 0172
  0.2315400505E+007 0172
  0.2317100321E+007 0172
  0.2318800466E+007 0172
  0.2320500325E+007 0172
  0.2322200524E+007 0172
  0.2323900444E+007 0172
  0.2325600390E+007 0172
  0.2327300356E+007 0172
  0.2329000333E+007 0172
  0.2330700318E+007 0172
  0.2332400316E+007 0172
  0.2334100334E+007 0172
  0.2335800379E+007 0172
  0.2337500456E+007 0172
  0.2339200564E+007 0172
  0.2340900383E+007 0172
  0.2342600528E+007 0172
  0.2344300371E+007 0172
  0.2346000536E+007 0172
  0.2347700405E+007 0172
  0.2349400609E+007 0172
  0.2351100529E+007 0172
  0.2352800482E+007 0172
  0.2354500461E+007 0172
  0.2356200461E+007 0172
  0.2357900471E+007 0172
  0.2359600490E+007 0172
  0.2361300523E+007 0172
  0.2363000572E+007 0172
  0.2364700335E+007 0172
  0.2366400442E+007 0172
  0.2368100583E+007 0172
  0.2369800433E+007 0172
  0.2371500613E+007 0172
  0.2373200490E+007 0172
  0.2374900377E+007 0172
  0.2376600593E+007 0172
  0.2378300514E+007 0172
  0.2380000467E+007 0172
  0.2381700452E+007 0172
  0.2383400464E+007 0172
  0.2385100498E+007 0172
  0.2386800542E+007 0172
  0.2388500598E+007 0172
  0.2390200349E+007 0172
  0.2391900430E+007 0172
  0.2393600538E+007 0172
  0.2395300361E+007 0172
  0.2397000531E+007 0172
  0.2398700408E+007 0172
  0.2400400619E+007 0172
  0.2402100526E+007 0172
  0.2403800442E+007 0172
  0.2405500371E+007 0172
  0.2407200320E+007 0172
  0.2408900614E+007 0172
  0.2410600624E+007 0172
  0.2412300348E+007 0172
  0.2414000408E+007 0172
  0.2415700483E+007 0172
  0.2417400569E+007 0172
  0.2419100347E+007 0172
  0.2420800457E+007 0172
  0.2422500591E+007 0172
  0.2424200442E+007 0172
  0.2425900323E+007 0172
  0.2427600543E+007 0172
  0.2429300470E+007 0172
  0.2431000407E+007 0172
  0.2432700353E+007 0172
  0.2434400624E+007 0172
  0.2436100600E+007 0172
  0.2437800605E+007 0172
  0.2439500322E+007 0172
  0.2441200386E+007 0172
  0.2442900470E+007 0172
  0.2444600573E+007 0172
  0.2446300368E+007 0172
  0.2448000487E+007 0172
  0.2449700623E+007 0172
  0.2451400465E+007 0172
  0.2453100338E+007 0172
  0.2454800554E+007 0172
  0.2456500484E+007 0172
  0.2458200435E+007 0172
  0.2459900396E+007 0172
  0.2461600367E+007 0172
  0.2463300346E+007 0172
  0.2465000346E+007 0172
  0.2466700369E+007 0172
  0.2468400422E+007 0172
  0.2470100505E+007 0172
  0.2471800611E+007 0172
  0.2473500419E+007 0172
  0.2475200549E+007 0172
  0.2476900374E+007 0172
  0.2478600527E+007 0172
  0.2480300386E+007 0172
  0.2482000587E+007 0172
  0.2483700502E+007 0172
  0.2485400448E+007 0172
  0.2487100412E+007 0172
  0.2488800389E+007 0172
  0.2490500374E+007 0172
  0.2492200370E+007 0172
  0.2493900383E+007 0172
  0.2495600417E+007 0172
  0.2497300482E+007 0172
  0.2499000577E+007 0172
  0.2500700382E+007 0172
  0.2502400519E+007 0172
  0.2504100350E+007 0172
  0.2505800507E+007 0172
  0.2507500361E+007 0172
  0.2509200549E+007 0172
  0.2510900448E+007 0172
  0.2512600379E+007 0172
  0.2514300340E+007 0172
  0.2516000319E+007 0172
  0.2517700628E+007 0172
  0.2519400317E+007 0172
  0.2521100332E+007 0172
  0.2522800360E+007 0172
  0.2524500409E+007 0172
  0.2526200488E+007 0172
  0.2527900595E+007 0172
  0.2529600414E+007 0172
  0.2531300564E+007 0172
  0.2533000412E+007 0172
  0.2534700584E+007 0172
  0.2536400451E+007 0172
  0.2538100337E+007 0172
  0.2539800562E+007 0172
  0.2541500504E+007 0172
  0.2543200474E+007 0172
  0.2544900465E+007 0172
  0.2546600471E+007 0172
  0.2548300486E+007 0172
  0.2550000511E+007 0172
  0.2551700547E+007 0172
  0.2553400605E+007 0172
  0.2555100377E+007 0172
  0.2556800492E+007 0172
  0.2558500320E+007 0172
  0.2560200479E+007 0172
  0.2561900338E+007 0172
  0.2563600520E+007 0172
  0.2565300396E+007 0172
  0.2567000604E+007 0172
  0.2568700520E+007 0172
  0.2570400468E+007 0172
  0.2572100441E+007 0172
  0.2573800439E+007 0172
  0.2575500454E+007 0172
  0.2577200479E+007 0172
  0.2578900513E+007 0172
  0.2580600558E+007 0172
  0.2582300624E+007 0172
  0.2584000402E+007 0172
  0.2585700525E+007 0172
  0.2587400360E+007 0172
  0.2589100529E+007 0172
  0.2590800400E+007 0172
  0.2592500592E+007 0172
  0.2594200479E+007 0172
  0.2595900381E+007 0172
  0.2597600621E+007 0172
  0.2599300574E+007 0172
  0.2601000554E+007 0172
  0.2602700560E+007 0172
  0.2604400583E+007 0172
  0.2606100618E+007 0172
  0.2607800346E+007 0172
  0.2609500399E+007 0172
  0.2611200472E+007 0172
  0.2612900569E+007 0172
  0.2614600382E+007 0172
  0.2616300535E+007 0172
  0.2618000398E+007 0172
  0.2619700590E+007 0172
  0.2621400476E+007 0172
  0.2623100371E+007 0172
  0.2624800593E+007 0172
  0.2626500524E+007 0172
  0.2628200480E+007 0172
  0.2629900463E+007 0172
  0.2631600474E+007 0172
  0.2633300502E+007 0172
  0.2635000544E+007 0172
  0.2636700592E+007 0172
  0.2638400338E+007 0172
  0.2640100417E+007 0172
  0.2641800518E+007 0172
  0.2643500333E+007 0172
  0.2645200490E+007 0172
  0.2646900357E+007 0172
  0.2648600553E+007 0172
  0.2650300444E+007 0172
  0.2652000344E+007 0172
  0.2653700571E+007 0172
  0.2655400504E+007 0172
  0.2657100461E+007 0172
  0.2658800447E+007 0172
  0.2660500459E+007 0172
  0.2662200492E+007 0172
  0.2663900538E+007 0172
  0.2665600591E+007 0172
  0.2667300342E+007 0172
  0.2669000422E+007 0172
  0.2670700525E+007 0172
  0.2672400339E+007 0172
  0.2674100496E+007 0172
  0.2675800365E+007 0172
  0.2677500562E+007 0172
  0.2679200457E+007 0172
  0.2680900359E+007 0172
  0.2682600589E+007 0172
  0.2684300522E+007 0172
  0.2686000478E+007 0172
  0.2687700463E+007 0172
  0.2689400475E+007 0172
  0.2691100509E+007 0172
  0.2692800557E+007 0172
  0.2694500613E+007 0172
  0.2696200366E+007 0172
  0.2697900446E+007 0172
  0.2699600549E+007 0172
  0.2701300361E+007 0172
  0.2703000518E+007 0172
  0.2704700386E+007 0172
  0.2706400585E+007 0172
  0.2708100482E+007 0172
  0.2709800387E+007 0172
  0.2711500619E+007 0172
  0.2713200552E+007 0172
  0.2714900507E+007 0172
  0.2716600493E+007 0172
  0.2718300504E+007 0172
  0.2720000539E+007 0172
  0.2721700587E+007 0172
  0.2723400333E+007 0172
  0.2725100402E+007 0172
  0.2726800484E+007 0172
  0.2728500585E+007 0172
  0.2730200396E+007 0172
  0.2731900551E+007 0172
  0.2733600417E+007 0172
  0.2735300617E+007 0172
  0.2737000516E+007 0172
  0.2738700423E+007 0172
  0.2740400343E+007 0172
  0.2742100590E+007 0172
  0.2743800546E+007 0172
  0.2745500527E+007 0172
  0.2747200537E+007 0172
  0.2748900570E+007 0172
  0.2750600617E+007 0172
  0.2752300362E+007 0172
  0.2754000431E+007 0172
  0.2755700511E+007 0172
  0.2757400610E+007 0172
  0.2759100416E+007 0172
  0.2760800568E+007 0172
  0.2762500429E+007 0172
  0.2764200626E+007 0172
  0.2765900521E+007 0172
  0.2767600426E+007 0172
  0.2769300341E+007 0172
  0.2771000582E+007 0172
  0.2772700530E+007 0172
  0.2774400502E+007 0172
  0.2776100502E+007 0172
  0.2777800526E+007 0172
  0.2779500566E+007 0172
  0.2781200619E+007 0172
  0.2782900365E+007 0172
  0.2784600438E+007 0172
  0.2786300525E+007 0172
  0.2788000321E+007 0172
  0.2789700461E+007 0172
  0.2791400626E+007 0172
  0.2793100498E+007 0172
  0.2794800384E+007 0172
  0.2796500597E+007 0172
  0.2798200504E+007 0172
  0.2799900421E+007 0172
  0.2801600359E+007 0172
  0.2803300320E+007 0172
  0.2805000625E+007 0172
  0.2806700322E+007 0172
  0.2808400353E+007 0172
  0.2810100399E+007 0172
  0.2811800452E+007 0172
  0.2813500515E+007 0172
  0.2815200590E+007 0172
  0.2816900373E+007 0172
  0.2818600496E+007 0172
  0.2820300330E+007 0172
  0.2822000501E+007 0172
  0.2823700374E+007 0172
  0.2825400574E+007 0172
  0.2827100467E+007 0172
  0.2828800370E+007 0172
  0.2830500607E+007 0172
  0.2832200552E+007 0172
  0.2833900527E+007 0172
  0.2835600523E+007 0172
  0.2837300543E+007 0172
  0.2839000577E+007 0172
  0.2840700622E+007 0172
  0.2842400360E+007 0172
  0.2844100426E+007 0172
  0.2845800512E+007 0172
  0.2847500622E+007 0172
  0.2849200444E+007 0172
  0.2850900604E+007 0172
  0.2852600465E+007 0172
  0.2854300341E+007 0172
  0.2856000538E+007 0172
  0.2857700431E+007 0172
  0.2859400339E+007 0172
  0.2861100584E+007 0172
  0.2862800541E+007 0172
  0.2864500523E+007 0172
  0.2866200526E+007 0172
  0.2867900545E+007 0172
  0.2869600575E+007 0172
  0.2871300614E+007 0172
  0.2873000349E+007 0172
  0.2874700419E+007 0172
  0.2876400511E+007 0172
  0.2878100316E+007 0172
  0.2879800459E+007 0172
  0.2881500622E+007 0172
  0.2883200484E+007 0172
  0.2884900355E+007 0172
  0.2886600553E+007 0172
  0.2888300448E+007 0172
  0.2890000367E+007 0172
  0.2891700626E+007 0172
  0.2893400594E+007 0172
  0.2895100585E+007 0172
  0.2896800593E+007 0172
  0.2898500613E+007 0172
  0.2900200325E+007 0172
  0.2901900362E+007 0172
  0.2903600419E+007 0172
  0.2905300497E+007 0172
  0.2907000601E+007 0172
  0.2908700413E+007 0172
  0.2910400563E+007 0172
  0.2912100411E+007 0172
  0.2913800584E+007 0172
  0.2915500451E+007 0172
  0.2917200331E+007 0172
  0.2918900546E+007 0172
  0.2920600469E+007 0172
  0.2922300416E+007 0172
  0.2924000388E+007 0172
  0.2925700377E+007 0172
  0.2927400380E+007 0172
  0.2929100389E+007 0172
  0.2930800410E+007 0172
  0.2932500445E+007 0172
  0.2934200502E+007 0172
  0.2935900584E+007 0172
  0.2937600375E+007 0172
  0.2939300504E+007 0172
  0.2941000333E+007 0172
  0.2942700488E+007 0172
  0.2944400336E+007 0172
  0.2946100512E+007 0172
  0.2947800391E+007 0172
  0.2949500607E+007 0172
  0.2951200534E+007 0172
  0.2952900485E+007 0172
  0.2954600455E+007 0172
  0.2956300440E+007 0172
  0.2958000433E+007 0172
  0.2959700437E+007 0172
  0.2961400454E+007 0172
  0.2963100492E+007 0172
  0.2964800555E+007 0172
  0.2966500327E+007 0172
  0.2968200438E+007 0172
  0.2969900567E+007 0172
  0.2971600391E+007 0172
  0.2973300540E+007 0172
  0.2975000383E+007 0172
  0.2976700559E+007 0172
  0.2978400439E+007 0172
  0.2980100346E+007 0172
  0.2981800590E+007 0172
  0.2983500541E+007 0172
  0.2985200506E+007 0172
  0.2986900479E+007 0172
  0.2988600463E+007 0172
  0.2990300459E+007 0172
  0.2992000473E+007 0172
  0.2993700511E+007 0172
  0.2995400572E+007 0172
  0.2997100343E+007 0172
  0.2998800446E+007 0172
  0.3000500563E+007 0172
  0.3002200373E+007 0172
  0.3003900508E+007 0172
  0.3005600343E+007 0172
  0.3007300512E+007 0172
  0.3009000391E+007 0172
  0.3010700608E+007 0172
  0.3012400533E+007 0172
  0.3014100473E+007 0172
  0.3015800423E+007 0172
  0.3017500383E+007 0172
  0.3019200353E+007 0172
  0.3020900341E+007 0172
  0.3022600351E+007 0172
  0.3024300385E+007 0172
  0.3026000444E+007 0172
  0.3027700522E+007 0172
  0.3029400615E+007 0172
  0.3031100401E+007 0172
  0.3032800514E+007 0172
  0.3034500324E+007 0172
  0.3036200468E+007 0172
  0.3037900321E+007 0172
  0.3039600513E+007 0172
  0.3041300413E+007 0172
  0.3043000330E+007 0172
  0.3044700574E+007 0172
  0.3046400513E+007 0172
  0.3048100462E+007 0172
  0.3049800428E+007 0172
  0.3051500413E+007 0172
  0.3053200423E+007 0172
  0.3054900457E+007 0172
  0.3056600511E+007 0172
  0.3058300581E+007 0172
  0.3060000344E+007 0172
  0.3061700433E+007 0172
  0.3063400534E+007 0172
  0.3065100337E+007 0172
  0.3066800478E+007 0172
  0.3068500327E+007 0172
  0.3070200516E+007 0172
  0.3071900407E+007 0172
  0.3073600628E+007 0172
  0.3075300544E+007 0172
  0.3077000469E+007 0172
  0.3078700410E+007 0172
  0.3080400369E+007 0172
  0.3082100353E+007 0172
  0.3083800359E+007 0172
  0.3085500387E+007 0172
  0.3087200432E+007 0172
  0.3088900486E+007 0172
  0.3090600550E+007 0172
  0.3092300626E+007 0172
  0.3094000402E+007 0172
  0.3095700516E+007 0172
  0.3097400336E+007 0172
  0.3099100499E+007 0172
  0.3100800364E+007 0172
  0.3102500561E+007 0172
  0.3104200451E+007 0172
  0.3105900352E+007 0172
  0.3107600582E+007 0172
  0.3109300512E+007 0172
  0.3111000467E+007 0172
  0.3112700444E+007 0172
  0.3114400444E+007 0172
  0.3116100462E+007 0172
  0.3117800492E+007 0172
  0.3119500532E+007 0172
  0.3121200582E+007 0172
  0.3122900331E+007 0172
  0.3124600416E+007 0172
  0.3126300523E+007 0172
  0.3128000341E+007 0172
  0.3129700493E+007 0172
  0.3131400347E+007 0172
  0.3133100527E+007 0172
  0.3134800403E+007 0172
  0.3136500605E+007 0172
  0.3138200509E+007 0172
  0.3139900434E+007 0172
  0.3141600383E+007 0172
  0.3143300355E+007 0172
  0.3145000347E+007 0172
  0.3146700352E+007 0172
  0.3148400370E+007 0172
  0.3150100395E+007 0172
  0.3151800435E+007 0172
  0.3153500492E+007 0172
  0.3155200571E+007 0172
  0.3156900359E+007 0172
  0.3158600484E+007 0172
  0.3160300626E+007 0172
  0.3162000463E+007 0172
  0.3163700627E+007 0172
  0.3165400485E+007 0172
  0.3167100357E+007 0172
  0.3168800565E+007 0172
  0.3170500480E+007 0172
  0.3172200418E+007 0172
  0.3173900376E+007 0172
  0.3175600348E+007 0172
  0.3177300332E+007 0172
  0.3179000324E+007 0172
  0.3180700329E+007 0172
  0.3182400349E+007 0172
  0.3184100392E+007 0172
  0.3185800458E+007 0172
  0.3187500545E+007 0172
  0.3189200337E+007 0172
  0.3190900456E+007 0172
  0.3192600586E+007 0172
  0.3194300410E+007 0172
  0.3196000563E+007 0172
  0.3197700419E+007 0172
  0.3199400612E+007 0172
  0.3201100514E+007 0172
  0.3202800435E+007 0172
  0.3204500373E+007 0172
  0.3206200324E+007 0172
  0.3207900599E+007 0172
  0.3209600571E+007 0172
  0.3211300556E+007 0172
  0.3213000563E+007 0172
  0.3214700592E+007 0172
  0.3216400328E+007 0172
  0.3218100399E+007 0172
  0.3219800483E+007 0172
  0.3221500580E+007 0172
  0.3223200370E+007 0172
  0.3224900487E+007 0172
  0.3226600623E+007 0172
  0.3228300462E+007 0172
  0.3230000328E+007 0172
  0.3231700528E+007 0172
  0.3233400431E+007 0172
  0.3235100346E+007 0172
  0.3236800587E+007 0172
  0.3238500524E+007 0172
  0.3240200472E+007 0172
  0.3241900440E+007 0172
  0.3243600430E+007 0172
  0.3245300443E+007 0172
  0.3247000477E+007 0172
  0.3248700525E+007 0172
  0.3250400586E+007 0172
  0.3252100341E+007 0172
  0.3253800422E+007 0172
  0.3255500519E+007 0172
  0.3257200320E+007 0172
  0.3258900462E+007 0172
  0.3260600623E+007 0172
  0.3262300489E+007 0172
  0.3264000367E+007 0172
  0.3265700572E+007 0172
  0.3267400472E+007 0172
  0.3269100382E+007 0172
  0.3270800627E+007 0172
  0.3272500576E+007 0172
  0.3274200550E+007 0172
  0.3275900545E+007 0172
  0.3277600555E+007 0172
  0.3279300580E+007 0172
  0.3281000615E+007 0172
  0.3282700345E+007 0172
  0.3284400405E+007 0172
  0.3286100483E+007 0172
  0.3287800586E+007 0172
  0.3289500394E+007 0172
  0.3291200539E+007 0172
  0.3292900382E+007 0172
  0.3294600554E+007 0172
  0.3296300421E+007 0172
  0.3298000614E+007 0172
  0.3299700508E+007 0172
  0.3301400421E+007 0172
  0.3303100359E+007 0172
  0.3304800318E+007 0172
  0.3306500610E+007 0172
  0.3308200600E+007 0172
  0.3309900601E+007 0172
  0.3311600613E+007 0172
  0.3313300321E+007 0172
  0.3315000361E+007 0172
  0.3316700425E+007 0172
  0.3318400509E+007 0172
  0.3320100615E+007 0172
  0.3321800419E+007 0172
  0.3323500552E+007 0172
  0.3325200380E+007 0172
  0.3326900533E+007 0172
  0.3328600384E+007 0172
  0.3330300569E+007 0172
  0.3332000461E+007 0172
  0.3333700376E+007 0172
  0.3335400624E+007 0172
  0.3337100571E+007 0172
  0.3338800529E+007 0172
  0.3340500498E+007 0172
  0.3342200478E+007 0172
  0.3343900474E+007 0172
  0.3345600491E+007 0172
  0.3347300529E+007 0172
  0.3349000591E+007 0172
  0.3350700352E+007 0172
  0.3352400443E+007 0172
  0.3354100544E+007 0172
  0.3355800340E+007 0172
  0.3357500465E+007 0172
  0.3359200606E+007 0172
  0.3360900453E+007 0172
  0.3362600322E+007 0172
  0.3364300526E+007 0172
  0.3366000431E+007 0172
  0.3367700346E+007 0172
  0.3369400588E+007 0172
  0.3371100524E+007 0172
  0.3372800475E+007 0172
  0.3374500444E+007 0172
  0.3376200434E+007 0172
  0.3377900449E+007 0172
  0.3379600480E+007 0172
  0.3381300526E+007 0172
  0.3383000582E+007 0172
  0.3384700333E+007 0172
  0.3386400414E+007 0172
  0.3388100509E+007 0172
  0.3389800624E+007 0172
  0.3391500446E+007 0172
  0.3393200604E+007 0172
  0.3394900463E+007 0172
  0.3396600334E+007 0172
  0.3398300532E+007 0172
  0.3400000424E+007 0172
  0.3401700329E+007 0172
  0.3403400568E+007 0172
  0.3405100511E+007 0172
  0.3406800478E+007 0172
  0.3408500463E+007 0172
  0.3410200465E+007 0172
  0.3411900478E+007 0172
  0.3413600501E+007 0172
  0.3415300536E+007 0172
  0.3417000585E+007 0172
  0.3418700336E+007 0172
  0.3420400426E+007 0172
  0.3422100536E+007 0172
  0.3423800349E+007 0172
  0.3425500491E+007 0172
  0.3427200330E+007 0172
  0.3428900494E+007 0172
  0.3430600354E+007 0172
  0.3432300547E+007 0172
  0.3434000442E+007 0172
  0.3435700361E+007 0172
  0.3437400615E+007 0172
  0.3439100572E+007 0172
  0.3440800540E+007 0172
  0.3442500519E+007 0172
  0.3444200509E+007 0172
  0.3445900512E+007 0172
  0.3447600533E+007 0172
  0.3449300574E+007 0172
  0.3451000320E+007 0172
  0.3452700404E+007 0172
  0.3454400500E+007 0172
  0.3456100611E+007 0172
  0.3457800414E+007 0172
  0.3459500545E+007 0172
  0.3461200376E+007 0172
  0.3462900541E+007 0172
  0.3464600412E+007 0172
  0.3466300619E+007 0172
  0.3468000531E+007 0172
  0.3469700456E+007 0172
  0.3471400392E+007 0172
  0.3473100338E+007 0172
  0.3474800614E+007 0172
  0.3476500590E+007 0172
  0.3478200585E+007 0172
  0.3479900602E+007 0172
  0.3481600324E+007 0172
  0.3483300378E+007 0172
  0.3485000445E+007 0172
  0.3486700521E+007 0172
  0.3488400609E+007 0172
  0.3490100394E+007 0172
  0.3491800513E+007 0172
  0.3493500337E+007 0172
  0.3495200497E+007 0172
  0.3496900361E+007 0172
  0.3498600557E+007 0172
  0.3500300448E+007 0172
  0.3502000350E+007 0172
  0.3503700579E+007 0172
  0.3505400508E+007 0172
  0.3507100455E+007 0172
  0.3508800422E+007 0172
  0.3510500412E+007 0172
  0.3512200418E+007 0172
  0.3513900439E+007 0172
  0.3515600470E+007 0172
  0.3517300512E+007 0172
  0.3519000567E+007 0172
  0.3520700321E+007 0172
  0.3522400413E+007 0172
  0.3524100524E+007 0172
  0.3525800340E+007 0172
  0.3527500488E+007 0172
  0.3529200333E+007 0172
  0.3530900505E+007 0172
  0.3532600371E+007 0172
  0.3534300568E+007 0172
  0.3536000465E+007 0172
  0.3537700383E+007 0172
  0.3539400324E+007 0172
  0.3541100598E+007 0172
  0.3542800571E+007 0172
  0.3544500555E+007 0172
  0.3546200549E+007 0172
  0.3547900554E+007 0172
  0.3549600573E+007 0172
  0.3551300611E+007 0172
  0.3553000353E+007 0172
  0.3554700434E+007 0172
  0.3556400531E+007 0172
  0.3558100326E+007 0172
  0.3559800450E+007 0172
  0.3561500583E+007 0172
  0.3563200413E+007 0172
  0.3564900574E+007 0172
  0.3566600438E+007 0172
  0.3568300323E+007 0172
  0.3570000543E+007 0172
  0.3571700464E+007 0172
  0.3573400396E+007 0172
  0.3575100339E+007 0172
  0.3576800610E+007 0172
