 0001  0.9999989196328525E+000
 0002  0.9999984746401103E+000
 0003  0.9999984746401103E+000
 0004  0.9999977839878691E+000
 0005  0.9999977839878691E+000
 0006  0.9999971093738783E+000
 0007  0.9999971093738783E+000
 0008  0.9999971093738783E+000
 0009  0.9999959563652423E+000
 0010  0.9999959563652423E+000
 0011  0.9999940016466520E+000
 0012  0.9999921388003027E+000
 0013  0.9999921388003027E+000
 0014  0.9999894897752182E+000
 0015  0.9999894897752182E+000
 0016  0.9999854177064571E+000
 0017  0.9999854177064571E+000
 0018  0.9999814401988286E+000
 0019  0.9999814401988286E+000
 0020  0.9999748573473349E+000
 0021  0.9999748573473349E+000
 0022  0.9999647663917243E+000
 0023  0.9999552191107692E+000
 0024  0.9999552191107692E+000
 0025  0.9999422017146579E+000
 0026  0.9999422017146579E+000
 0027  0.9999238151422347E+000
 0028  0.9998974551788005E+000
 0029  0.9998974551788005E+000
 0030  0.9998717073435351E+000
 0031  0.9998717073435351E+000
 0032  0.9998273360836002E+000
 0033  0.9997390992440647E+000
 0034  0.9997390992440647E+000
 0035  0.9996529114307029E+000
 0036  0.9995248716662767E+000
 0037  0.9995248716662767E+000
 0038  0.9992739936147392E+000
 0039  0.9988535665398049E+000
 0040  0.9988535665398049E+000
 0041  0.9984429025761202E+000
 0042  0.9977452670309516E+000
 0043  0.9977452670309516E+000
 0044  0.9965974544088487E+000
 0045  0.9951124075977635E+000
 0046  0.9951124075977635E+000
 0047  0.9936618463802374E+000
 0048  0.9916525570954898E+000
 0049  0.9889430474621743E+000
 0050  0.9889430474621743E+000
 0051  0.9852027852372180E+000
 0052  0.9805461949937377E+000
 0053  0.9805461949937377E+000
 0054  0.9759977395762500E+000
 0055  0.9702794900428601E+000
 0056  0.9636688880019912E+000
 0057  0.9636688880019912E+000
 0058  0.9555242848534395E+000
 0059  0.9462999973096630E+000
 0060  0.9379475691785080E+000
 0061  0.9379475691785080E+000
 0062  0.9274419360203286E+000
 0063  0.9155673511190739E+000
 0064  0.9024038236755876E+000
 0065  0.8883873240924232E+000
 0066  0.8883873240924232E+000
 0067  0.8722204831398708E+000
 0068  0.8578465378323317E+000
 0069  0.8422519338609625E+000
 0070  0.8255853338837520E+000
 0071  0.8255853338837520E+000
 0072  0.8062730537695689E+000
 0073  0.7863521962008196E+000
 0074  0.7659902094231650E+000
 0075  0.7481090417273479E+000
 0076  0.7296048426551890E+000
 0077  0.7296048426551890E+000
 0078  0.7084886437433884E+000
 0079  0.6873054581907332E+000
 0080  0.6662032882291404E+000
 0081  0.6453245195800147E+000
 0082  0.6248004063433488E+000
 0083  0.6248004063433488E+000
 0084  0.6047529018047754E+000
 0085  0.5847537613199123E+000
 0086  0.5650457840307280E+000
 0087  0.5457792168931779E+000
 0088  0.5270200775034513E+000
 0089  0.5088062129891872E+000
 0090  0.5088062129891872E+000
 0091  0.4883903571192003E+000
 0092  0.4689314465513258E+000
 0093  0.4501692273151673E+000
 0094  0.4318517993395860E+000
 0095  0.4141131214807966E+000
 0096  0.3967760568953488E+000
 0097  0.3796108930596850E+000
 0098  0.3624751093663265E+000
 0099  0.3452890645835118E+000
 0100  0.3280176168783330E+000
 0101  0.3107270447143320E+000
 0102  0.2935195770365221E+000
 0103  0.2764999426825162E+000
 0104  0.2597700848440818E+000
 0105  0.2434129546543246E+000
 0106  0.2275115107360876E+000
 0107  0.2121422555900433E+000
 0108  0.1973713756061872E+000
 0109  0.1832527543662533E+000
 0110  0.1697226809885498E+000
 0111  0.1568723939081867E+000
 0112  0.1447574855522240E+000
 0113  0.1334061757470061E+000
 0114  0.1228259027959261E+000
 0115  0.1122729611773430E+000
 0116  0.1027722303991720E+000
 0117  0.9421005418122286E-001
 0118  0.8648723546996029E-001
 0119  0.7951681755187667E-001
 0120  0.6836705166280832E-001
 0121  0.6386352441293519E-001
 0122  0.5969329413337821E-001
 0123  0.5583807509554950E-001
 0124  0.5227978115802190E-001
 0125  0.4900063180894326E-001
 0126  0.4598324855312214E-001
 0127  0.4320484426561372E-001
 0128  0.4065221400070451E-001
 0129  0.3831173572467517E-001
 0130  0.3616968769259804E-001
 0131  0.3421249087841693E-001
 0132  0.3242689068615029E-001
 0133  0.3072990311834034E-001
 0134  0.2920603558065937E-001
 0135  0.2783699751756796E-001
 0136  0.2660651656155616E-001
 0137  0.2550013001397416E-001
 0138  0.2450496762152465E-001
 0139  0.2290715168379226E-001
 0140  0.2226222824316698E-001
 0141  0.2167046529017241E-001
 0142  0.2112730285748748E-001
 0143  0.2062920812036079E-001
 0144  0.2017283341980575E-001
 0145  0.1975501923290640E-001
 0146  0.1937279407753828E-001
 0147  0.1902337201724508E-001
 0148  0.1870414831858186E-001
 0149  0.1840387689750339E-001
 0150  0.1813208916507808E-001
 0151  0.1788602120331007E-001
 0152  0.1766318620439261E-001
 0153  0.1746134549812289E-001
 0154  0.1727848275593363E-001
 0155  0.1711278100635438E-001
 0156  0.1684187418686123E-001
 0157  0.1673078221420649E-001
 0158  0.1662853471444425E-001
 0159  0.1653446637623374E-001
 0160  0.1644795698366325E-001
 0161  0.1636842902650493E-001
 0162  0.1629534533756138E-001
 0163  0.1622663711015127E-001
 0164  0.1616388754575204E-001
 0165  0.1610657135703158E-001
 0166  0.1605421061896922E-001
 0167  0.1600635483013452E-001
 0168  0.1596261407618271E-001
 0169  0.1592263230149343E-001
 0170  0.1588608446159218E-001
 0171  0.1582529051918385E-001
 0172  0.1579994975806920E-001
 0173  0.1577650466048941E-001
 0174  0.1575481831455333E-001
 0175  0.1573437874451378E-001
 0176  0.1571555740459052E-001
 0177  0.1569822067669319E-001
 0178  0.1568225073764928E-001
 0179  0.1566753917580438E-001
 0180  0.1565398623410585E-001
 0181  0.1564150011449750E-001
 0182  0.1562999633862033E-001
 0183  0.1561939716022848E-001
 0184  0.1560148195183225E-001
 0185  0.1559389838687220E-001
 0186  0.1558672634487357E-001
 0187  0.1558007392957711E-001
 0188  0.1557390328501029E-001
 0189  0.1556817932926458E-001
 0190  0.1556286954995628E-001
 0191  0.1555794381486736E-001
 0192  0.1555337419662961E-001
 0193  0.1554913480748366E-001
 0194  0.1554520165301759E-001
 0195  0.1554155249275346E-001
 0196  0.1553525624885421E-001
 0197  0.1553254060653553E-001
 0198  0.1553000625437617E-001
 0199  0.1552764103059667E-001
 0200  0.1552543359369823E-001
 0201  0.1552337336680321E-001
 0202  0.1552145048579856E-001
 0203  0.1551965555338009E-001
 0204  0.1551798004631905E-001
 0205  0.1551641600868003E-001
 0206  0.1551493799543024E-001
 0207  0.1551238151413614E-001
 0208  0.1551127481609438E-001
 0209  0.1551023646791116E-001
 0210  0.1550926214565057E-001
 0211  0.1550834789729877E-001
 0212  0.1550749001465251E-001
 0213  0.1550668501831237E-001
 0214  0.1550592136346296E-001
 0215  0.1550520596796007E-001
 0216  0.1550453572849697E-001
 0217  0.1550336335302160E-001
 0218  0.1550285021772752E-001
 0219  0.1550236650343623E-001
 0220  0.1550191052163813E-001
 0221  0.1550148068069773E-001
 0222  0.1550107144762641E-001
 0223  0.1550068619088840E-001
 0224  0.1550032348598951E-001
 0225  0.1549998199415775E-001
 0226  0.1549936538360830E-001
 0227  0.1549904756064030E-001
 0228  0.1549861940277186E-001
 0229  0.1549780776902343E-001
 0230  0.1549676472778089E-001
 0231  0.1549544691785870E-001
 0232  0.1549381282053047E-001
 0233  0.1549173114415470E-001
 0234  0.1548917334469330E-001
 0235  0.1548209017226732E-001
 0236  0.1547757550711543E-001
 0237  0.1547255265027170E-001
 0238  0.1546692812111539E-001
 0239  0.1546070175828029E-001
 0240  0.1545387598728493E-001
 0241  0.1544645560778002E-001
 0242  0.1543738384751969E-001
 0243  0.1541824716674950E-001
 0244  0.1540821120852809E-001
 0245  0.1539767283003679E-001
 0246  0.1538664759590375E-001
 0247  0.1537401430243446E-001
 0248  0.1536099575179373E-001
 0249  0.1534760999590046E-001
 0250  0.1532059861529755E-001
 0251  0.1530694675139110E-001
 0252  0.1529294465598541E-001
 0253  0.1527762310490871E-001
 0254  0.1526207161333148E-001
 0255  0.1524631101787655E-001
 0256  0.1523036147200013E-001
 0257  0.1519798009318862E-001
 0258  0.1518161857956385E-001
 0259  0.1516517260513250E-001
 0260  0.1514865679705135E-001
 0261  0.1513208493859142E-001
 0262  0.1511544623311312E-001
 0263  0.1508143526423078E-001
 0264  0.1506492510770102E-001
 0265  0.1504842561314468E-001
 0266  0.1503194835043464E-001
 0267  0.1501481656272213E-001
 0268  0.1499778727185674E-001
 0269  0.1498086707410695E-001
 0270  0.1494823525451378E-001
 0271  0.1493188861918354E-001
 0272  0.1491568267317084E-001
 0273  0.1489962096341885E-001
 0274  0.1488369617458646E-001
 0275  0.1485254437193262E-001
 0276  0.1483732868485416E-001
 0277  0.1482226821566318E-001
 0278  0.1480736524364573E-001
 0279  0.1479261430034406E-001
 0280  0.1477758260973316E-001
 0281  0.1474880918342036E-001
 0282  0.1473502347078909E-001
 0283  0.1472102330240105E-001
 0284  0.1470721513608014E-001
 0285  0.1469359809425325E-001
 0286  0.1466752210891742E-001
 0287  0.1465471708732341E-001
 0288  0.1464209202031991E-001
 0289  0.1462964584595194E-001
 0290  0.1461737393813689E-001
 0291  0.1459335132603379E-001
 0292  0.1458187040623971E-001
 0293  0.1457055405124880E-001
 0294  0.1455916073272351E-001
 0295  0.1454794905074264E-001
 0296  0.1452630768968777E-001
 0297  0.1451586687676526E-001
 0298  0.1450558983717160E-001
 0299  0.1449547451214767E-001
 0300  0.1448533227094062E-001
 0301  0.1446595762698749E-001
 0302  0.1445669981823872E-001
 0303  0.1444742491882378E-001
 0304  0.1443830271636631E-001
 0305  0.1442071632578451E-001
 0306  0.1441224112891171E-001
 0307  0.1440390221289756E-001
 0308  0.1439556953032278E-001
 0309  0.1438737872925305E-001
 0310  0.1437160188501546E-001
 0311  0.1436400493432805E-001
 0312  0.1435653360641992E-001
 0313  0.1434908219919961E-001
 0314  0.1433482973707612E-001
 0315  0.1432791990774551E-001
 0316  0.1432112548830106E-001
 0317  0.1431444451151509E-001
 0318  0.1430148715894120E-001
 0319  0.1429528573532679E-001
 0320  0.1428910953596324E-001
 0321  0.1427727513377036E-001
 0322  0.1427153717182655E-001
 0323  0.1426589217354979E-001
 0324  0.1426033858689135E-001
 0325  0.1424956568754798E-001
 0326  0.1424434478013470E-001
 0327  0.1423920837973514E-001
 0328  0.1423415481647372E-001
 0329  0.1422435491865714E-001
 0330  0.1421960660136434E-001
 0331  0.1421493453987488E-001
 0332  0.1420591811118405E-001
 0333  0.1420156764948655E-001
 0334  0.1419724487076374E-001
 0335  0.1418890046724702E-001
 0336  0.1418487324689494E-001
 0337  0.1418087373076399E-001
 0338  0.1417318202964929E-001
 0339  0.1416945174382134E-001
 0340  0.1416577817644243E-001
 0341  0.1415864893778529E-001
 0342  0.1415519117253849E-001
 0343  0.1415178536191908E-001
 0344  0.1414517468183069E-001
 0345  0.1414196780459331E-001
 0346  0.1413880842724174E-001
 0347  0.1413265376194150E-001
 0348  0.1412967831672329E-001
 0349  0.1412672641571128E-001
 0350  0.1412101569198421E-001
 0351  0.1411825343699902E-001
 0352  0.1411551331827204E-001
 0353  0.1411020950178049E-001
 0354  0.1410762719790359E-001
 0355  0.1410508178240216E-001
 0356  0.1410013794535353E-001
 0357  0.1409773778773105E-001
 0358  0.1409307449099534E-001
 0359  0.1409080972371624E-001
 0360  0.1408856420163090E-001
 0361  0.1408421240816726E-001
 0362  0.1408209306629432E-001
 0363  0.1407798371290070E-001
 0364  0.1407598187529291E-001
 0365  0.1407399748497112E-001
 0366  0.1407014871384410E-001
 0367  0.1406827388846837E-001
 0368  0.1406462777884121E-001
 0369  0.1406285520087658E-001
 0370  0.1405939938240680E-001
 0371  0.1405772224315094E-001
 0372  0.1405445131143590E-001
 0373  0.1405285682960067E-001
 0374  0.1405127634760017E-001
 0375  0.1404819451602968E-001
 0376  0.1404669244441242E-001
 0377  0.1404377325005912E-001
 0378  0.1404234985952346E-001
 0379  0.1403957287165541E-001
 0380  0.1403821863833832E-001
 0381  0.1403557632918895E-001
 0382  0.1403428767568232E-001
 0383  0.1403177309268400E-001
 0384  0.1403054659308278E-001
 0385  0.1402814647815320E-001
 0386  0.1402584093794434E-001
 0387  0.1402471607855715E-001
 0388  0.1402251751704531E-001
 0389  0.1402144343207667E-001
 0390  0.1401934652478848E-001
 0391  0.1401832090871979E-001
 0392  0.1401631844209444E-001
 0393  0.1401533905870739E-001
 0394  0.1401342661509269E-001
 0395  0.1401158309029010E-001
 0396  0.1401068129843819E-001
 0397  0.1400891811250449E-001
 0398  0.1400805487262713E-001
 0399  0.1400636701700642E-001
 0400  0.1400473781498451E-001
 0401  0.1400394075531425E-001
 0402  0.1400237954816086E-001
 0403  0.1400087108978676E-001
 0404  0.1400013250535093E-001
 0405  0.1399868578752766E-001
 0406  0.1399728760223118E-001
 0407  0.1399660293185412E-001
 0408  0.1399526089676761E-001
 0409  0.1399396211270071E-001
 0410  0.1399270500381533E-001
 0411  0.1399208841044280E-001
 0412  0.1399087973890301E-001
 0413  0.1398970871968097E-001
 0414  0.1398857407719933E-001
 0415  0.1398801718196019E-001
 0416  0.1398692426313086E-001
 0417  0.1398586463137735E-001
 0418  0.1398483658389449E-001
 0419  0.1398433170600022E-001
 0420  0.1398334024360604E-001
 0421  0.1398237766807048E-001
 0422  0.1398144302676974E-001
 0423  0.1398053505828900E-001
 0424  0.1397965270139861E-001
 0425  0.1397879516417255E-001
 0426  0.1397796129041806E-001
 0427  0.1397755127430467E-001
 0428  0.1397674487011114E-001
 0429  0.1397596032790432E-001
 0430  0.1397519688591625E-001
 0431  0.1397445370794287E-001
 0432  0.1397373181522288E-001
 0433  0.1397303195193372E-001
 0434  0.1397235320418189E-001
 0435  0.1397169470578841E-001
 0436  0.1397105563530388E-001
 0437  0.1397043521324082E-001
 0438  0.1396983269950230E-001
 0439  0.1396896409778553E-001
 0440  0.1396840734868204E-001
 0441  0.1396786600345173E-001
 0442  0.1396733948227724E-001
 0443  0.1396682723287118E-001
 0444  0.1396632872890630E-001
 0445  0.1396560812846631E-001
 0446  0.1396514502164797E-001
 0447  0.1396469386198379E-001
 0448  0.1396425423015002E-001
 0449  0.1396361764753018E-001
 0450  0.1396320785259986E-001
 0451  0.1396280814389422E-001
 0452  0.1396222864727725E-001
 0453  0.1396185514429893E-001
 0454  0.1396149050929019E-001
 0455  0.1396096125089535E-001
 0456  0.1396061974062734E-001
 0457  0.1396012364411092E-001
 0458  0.1395980327629992E-001
 0459  0.1395933753390116E-001
 0460  0.1395888989372052E-001
 0461  0.1395860045937447E-001
 0462  0.1395817918323494E-001
 0463  0.1395777369004292E-001
 0464  0.1395751120868821E-001
 0465  0.1395712874271310E-001
 0466  0.1395676011173252E-001
 0467  0.1395640463535003E-001
 0468  0.1395606167603097E-001
 0469  0.1395573063582439E-001
 0470  0.1395541095337938E-001
 0471  0.1395510210122447E-001
 0472  0.1395480358328427E-001
 0473  0.1395451493260813E-001
 0474  0.1395423570929233E-001
 0475  0.1395396549857453E-001
 0476  0.1395370390908796E-001
 0477  0.1395336849936996E-001
 0478  0.1395312649333014E-001
 0479  0.1395281586513247E-001
 0480  0.1395259150896849E-001
 0481  0.1395230325121627E-001
 0482  0.1395202722366118E-001
 0483  0.1395182755814595E-001
 0484  0.1395157065251312E-001
 0485  0.1395132424534729E-001
 0486  0.1395108777316817E-001
 0487  0.1395086071117918E-001
 0488  0.1395064257002804E-001
 0489  0.1395038206412874E-001
 0490  0.1395018285951005E-001
 0491  0.1394994466674909E-001
 0492  0.1394976230240919E-001
 0493  0.1394954399234249E-001
 0494  0.1394933602395965E-001
 0495  0.1394913777416817E-001
 0496  0.1394891210451454E-001
 0497  0.1394873360298121E-001
 0498  0.1394853011131186E-001
 0499  0.1394833771769755E-001
 0500  0.1394815567153873E-001
 0501  0.1394798328590185E-001
 0502  0.1394779368112886E-001
 0503  0.1394761571218878E-001
 0504  0.1394744851403545E-001
 0505  0.1394726972474575E-001
 0506  0.1394710311878750E-001
 0507  0.1394694771064175E-001
 0508  0.1394678524424681E-001
 0509  0.1394661891069476E-001
 0510  0.1394646619520873E-001
 0511  0.1394629925201291E-001
 0512  0.1394614836920877E-001
 0513  0.1394600106742755E-001
 0514  0.1394584967977502E-001
 0515  0.1394570749298624E-001
 0516  0.1394556817842107E-001
 0517  0.1394542327825193E-001
 0518  0.1394528688339525E-001
 0519  0.1394514761022048E-001
 0520  0.1394508663038047E-001
 0521  0.1394508663038047E-001
 0522  0.1394508663038047E-001
 0523  0.1394508663038047E-001
 0524  0.1394508663038047E-001
 0525  0.1394508663038047E-001
 0526  0.1394508663038047E-001
 0527  0.1394508663038047E-001
 0528  0.1394508663038047E-001
 0529  0.1394508663038047E-001
 0530  0.1394508663038047E-001
 0531  0.1394508663038047E-001
 0532  0.1394508663038047E-001
 0533  0.1394508663038047E-001
 0534  0.1394508663038047E-001
 0535  0.1394508663038047E-001
 0536  0.1394508663038047E-001
 0537  0.1394508663038047E-001
 0538  0.1394508663038047E-001
 0539  0.1394508663038047E-001
 0540  0.1394508663038047E-001
 0541  0.1394508663038047E-001
 0542  0.1394508663038047E-001
 0543  0.1394508663038047E-001
 0544  0.1394508663038047E-001
 0545  0.1394508663038047E-001
 0546  0.1394508663038047E-001
 0547  0.1394508663038047E-001
 0548  0.1394508663038047E-001
 0549  0.1394508663038047E-001
 0550  0.1394508663038047E-001
 0551  0.1394508663038047E-001
 0552  0.1394508663038047E-001
 0553  0.1394508663038047E-001
 0554  0.1394508663038047E-001
 0555  0.1394508663038047E-001
 0556  0.1394508663038047E-001
 0557  0.1394508663038047E-001
 0558  0.1394508663038047E-001
 0559  0.1394508663038047E-001
 0560  0.1394508663038047E-001
 0561  0.1394508663038047E-001
 0562  0.1394508663038047E-001
 0563  0.1394508663038047E-001
 0564  0.1394508663038047E-001
 0565  0.1394508663038047E-001
 0566  0.1394508663038047E-001
 0567  0.1394508663038047E-001
 0568  0.1394508663038047E-001
 0569  0.1394508663038047E-001
 0570  0.1394508663038047E-001
 0571  0.1394508663038047E-001
 0572  0.1394508663038047E-001
 0573  0.1394508663038047E-001
 0574  0.1394508663038047E-001
 0575  0.1394508663038047E-001
 0576  0.1394508663038047E-001
 0577  0.1394508663038047E-001
 0578  0.1394508663038047E-001
 0579  0.1394508663038047E-001
 0580  0.1394508663038047E-001
 0581  0.1394508663038047E-001
 0582  0.1394508663038047E-001
 0583  0.1394508663038047E-001
 0584  0.1394508663038047E-001
 0585  0.1394508663038047E-001
 0586  0.1394508663038047E-001
 0587  0.1394508663038047E-001
 0588  0.1394508663038047E-001
 0589  0.1394508663038047E-001
 0590  0.1394508663038047E-001
 0591  0.1394508663038047E-001
 0592  0.1394508663038047E-001
 0593  0.1394508663038047E-001
 0594  0.1394508663038047E-001
 0595  0.1394508663038047E-001
 0596  0.1394508663038047E-001
 0597  0.1394508663038047E-001
 0598  0.1394508663038047E-001
 0599  0.1394508663038047E-001
 0600  0.1394508663038047E-001
 0601  0.1394508663038047E-001
 0602  0.1394508663038047E-001
 0603  0.1394508663038047E-001
 0604  0.1394508663038047E-001
 0605  0.1394508663038047E-001
 0606  0.1394508663038047E-001
 0607  0.1394508663038047E-001
 0608  0.1394508663038047E-001
 0609  0.1394508663038047E-001
 0610  0.1394508663038047E-001
 0611  0.1394508663038047E-001
 0612  0.1394508663038047E-001
 0613  0.1394508663038047E-001
 0614  0.1394508663038047E-001
 0615  0.1394508663038047E-001
 0616  0.1394508663038047E-001
 0617  0.1394508663038047E-001
 0618  0.1394508663038047E-001
 0619  0.1394508663038047E-001
 0620  0.1394508663038047E-001
 0621  0.1394508663038047E-001
 0622  0.1394508663038047E-001
 0623  0.1394508663038047E-001
 0624  0.1394508663038047E-001
 0625  0.1394508663038047E-001
 0626  0.1394508663038047E-001
 0627  0.1394508663038047E-001
 0628  0.1394508663038047E-001
 0629  0.1394508663038047E-001
 0630  0.1394508663038047E-001
 0631  0.1394508663038047E-001
 0632  0.1394508663038047E-001
 0633  0.1394508663038047E-001
 0634  0.1394508663038047E-001
 0635  0.1394508663038047E-001
 0636  0.1394508663038047E-001
 0637  0.1394508663038047E-001
 0638  0.1394508663038047E-001
 0639  0.1394508663038047E-001
 0640  0.1394508663038047E-001
 0641  0.1394508663038047E-001
 0642  0.1394508663038047E-001
 0643  0.1394508663038047E-001
 0644  0.1394508663038047E-001
 0645  0.1394508663038047E-001
 0646  0.1394508663038047E-001
 0647  0.1394508663038047E-001
 0648  0.1394508663038047E-001
 0649  0.1394508663038047E-001
 0650  0.1394508663038047E-001
 0651  0.1394508663038047E-001
 0652  0.1394508663038047E-001
 0653  0.1394508663038047E-001
 0654  0.1394508663038047E-001
 0655  0.1394508663038047E-001
 0656  0.1394508663038047E-001
 0657  0.1394508663038047E-001
 0658  0.1394508663038047E-001
 0659  0.1394508663038047E-001
 0660  0.1394508663038047E-001
 0661  0.1394508663038047E-001
 0662  0.1394508663038047E-001
 0663  0.1394508663038047E-001
 0664  0.1394508663038047E-001
 0665  0.1394508663038047E-001
 0666  0.1394508663038047E-001
 0667  0.1394508663038047E-001
 0668  0.1394508663038047E-001
 0669  0.1394508663038047E-001
 0670  0.1394508663038047E-001
 0671  0.1394508663038047E-001
 0672  0.1394508663038047E-001
 0673  0.1394508663038047E-001
 0674  0.1394508663038047E-001
 0675  0.1394508663038047E-001
 0676  0.1394508663038047E-001
 0677  0.1394508663038047E-001
 0678  0.1394508663038047E-001
 0679  0.1394508663038047E-001
 0680  0.1394508663038047E-001
 0681  0.1394508663038047E-001
 0682  0.1394508663038047E-001
 0683  0.1394508663038047E-001
 0684  0.1394508663038047E-001
 0685  0.1394508663038047E-001
 0686  0.1394508663038047E-001
 0687  0.1394508663038047E-001
 0688  0.1394508663038047E-001
 0689  0.1394508663038047E-001
 0690  0.1394508663038047E-001
 0691  0.1394508663038047E-001
 0692  0.1394508663038047E-001
 0693  0.1394508663038047E-001
 0694  0.1394508663038047E-001
 0695  0.1394508663038047E-001
 0696  0.1394508663038047E-001
 0697  0.1394508663038047E-001
 0698  0.1394508663038047E-001
 0699  0.1394508663038047E-001
 0700  0.1394508663038047E-001
 0701  0.1394508663038047E-001
 0702  0.1394508663038047E-001
 0703  0.1394508663038047E-001
 0704  0.1394508663038047E-001
 0705  0.1394508663038047E-001
 0706  0.1394508663038047E-001
 0707  0.1394508663038047E-001
 0708  0.1394508663038047E-001
 0709  0.1394508663038047E-001
 0710  0.1394508663038047E-001
 0711  0.1394508663038047E-001
 0712  0.1394508663038047E-001
 0713  0.1394508663038047E-001
 0714  0.1394508663038047E-001
 0715  0.1394508663038047E-001
 0716  0.1394508663038047E-001
 0717  0.1394508663038047E-001
 0718  0.1394508663038047E-001
 0719  0.1394508663038047E-001
 0720  0.1394508663038047E-001
 0721  0.1394508663038047E-001
 0722  0.1394508663038047E-001
 0723  0.1394508663038047E-001
 0724  0.1394508663038047E-001
 0725  0.1394508663038047E-001
 0726  0.1394508663038047E-001
 0727  0.1394508663038047E-001
 0728  0.1394508663038047E-001
 0729  0.1394508663038047E-001
 0730  0.1394508663038047E-001
 0731  0.1394508663038047E-001
 0732  0.1394508663038047E-001
 0733  0.1394508663038047E-001
 0734  0.1394508663038047E-001
 0735  0.1394508663038047E-001
 0736  0.1394508663038047E-001
 0737  0.1394508663038047E-001
 0738  0.1394508663038047E-001
 0739  0.1394508663038047E-001
 0740  0.1394508663038047E-001
 0741  0.1394508663038047E-001
 0742  0.1394508663038047E-001
 0743  0.1394508663038047E-001
 0744  0.1394508663038047E-001
 0745  0.1394508663038047E-001
 0746  0.1394508663038047E-001
 0747  0.1394508663038047E-001
 0748  0.1394508663038047E-001
 0749  0.1394508663038047E-001
 0750  0.1394508663038047E-001
 0751  0.1394508663038047E-001
 0752  0.1394508663038047E-001
 0753  0.1394508663038047E-001
 0754  0.1394508663038047E-001
 0755  0.1394508663038047E-001
 0756  0.1394508663038047E-001
 0757  0.1394508663038047E-001
 0758  0.1394508663038047E-001
 0759  0.1394508663038047E-001
 0760  0.1394508663038047E-001
 0761  0.1394508663038047E-001
 0762  0.1394508663038047E-001
 0763  0.1394508663038047E-001
 0764  0.1394508663038047E-001
 0765  0.1394508663038047E-001
 0766  0.1394508663038047E-001
 0767  0.1394508663038047E-001
 0768  0.1394508663038047E-001
 0769  0.1394508663038047E-001
 0770  0.1394508663038047E-001
 0771  0.1394508663038047E-001
 0772  0.1394508663038047E-001
 0773  0.1394508663038047E-001
 0774  0.1394508663038047E-001
 0775  0.1394508663038047E-001
 0776  0.1394508663038047E-001
 0777  0.1394508663038047E-001
 0778  0.1394508663038047E-001
 0779  0.1394508663038047E-001
 0780  0.1394508663038047E-001
 0781  0.1394508663038047E-001
 0782  0.1394508663038047E-001
 0783  0.1394508663038047E-001
 0784  0.1394508663038047E-001
 0785  0.1394508663038047E-001
 0786  0.1394508663038047E-001
 0787  0.1394508663038047E-001
 0788  0.1394508663038047E-001
 0789  0.1394508663038047E-001
 0790  0.1394508663038047E-001
 0791  0.1394508663038047E-001
 0792  0.1394508663038047E-001
 0793  0.1394508663038047E-001
 0794  0.1394508663038047E-001
 0795  0.1394508663038047E-001
 0796  0.1394508663038047E-001
 0797  0.1394508663038047E-001
 0798  0.1394508663038047E-001
 0799  0.1394508663038047E-001
 0800  0.1394508663038047E-001
 0801  0.1394508663038047E-001
 0802  0.1394508663038047E-001
 0803  0.1394508663038047E-001
 0804  0.1394508663038047E-001
 0805  0.1394508663038047E-001
 0806  0.1394508663038047E-001
 0807  0.1394508663038047E-001
 0808  0.1394508663038047E-001
 0809  0.1394508663038047E-001
 0810  0.1394508663038047E-001
 0811  0.1394508663038047E-001
 0812  0.1394508663038047E-001
 0813  0.1394508663038047E-001
 0814  0.1394508663038047E-001
 0815  0.1394508663038047E-001
 0816  0.1394508663038047E-001
 0817  0.1394508663038047E-001
 0818  0.1394508663038047E-001
 0819  0.1394508663038047E-001
 0820  0.1394508663038047E-001
 0821  0.1394508663038047E-001
 0822  0.1394508663038047E-001
 0823  0.1394508663038047E-001
 0824  0.1394508663038047E-001
 0825  0.1394508663038047E-001
 0826  0.1394508663038047E-001
 0827  0.1394508663038047E-001
 0828  0.1394508663038047E-001
 0829  0.1394508663038047E-001
 0830  0.1394508663038047E-001
 0831  0.1394508663038047E-001
 0832  0.1394508663038047E-001
 0833  0.1394508663038047E-001
 0834  0.1394508663038047E-001
 0835  0.1394508663038047E-001
 0836  0.1394508663038047E-001
 0837  0.1394508663038047E-001
 0838  0.1394508663038047E-001
 0839  0.1394508663038047E-001
 0840  0.1394508663038047E-001
 0841  0.1394508663038047E-001
 0842  0.1394508663038047E-001
 0843  0.1394508663038047E-001
 0844  0.1394508663038047E-001
 0845  0.1394508663038047E-001
 0846  0.1394508663038047E-001
 0847  0.1394508663038047E-001
 0848  0.1394508663038047E-001
 0849  0.1394508663038047E-001
 0850  0.1394508663038047E-001
 0851  0.1394508663038047E-001
 0852  0.1394508663038047E-001
 0853  0.1394508663038047E-001
 0854  0.1394508663038047E-001
 0855  0.1394508663038047E-001
 0856  0.1394508663038047E-001
 0857  0.1394508663038047E-001
 0858  0.1394508663038047E-001
 0859  0.1394508663038047E-001
 0860  0.1394508663038047E-001
 0861  0.1394508663038047E-001
 0862  0.1394508663038047E-001
 0863  0.1394508663038047E-001
 0864  0.1394508663038047E-001
 0865  0.1394508663038047E-001
 0866  0.1394508663038047E-001
 0867  0.1394508663038047E-001
 0868  0.1394508663038047E-001
 0869  0.1394508663038047E-001
 0870  0.1394508663038047E-001
 0871  0.1394508663038047E-001
 0872  0.1394508663038047E-001
 0873  0.1394508663038047E-001
 0874  0.1394508663038047E-001
 0875  0.1394508663038047E-001
 0876  0.1394508663038047E-001
 0877  0.1394508663038047E-001
 0878  0.1394508663038047E-001
 0879  0.1394508663038047E-001
 0880  0.1394508663038047E-001
 0881  0.1394508663038047E-001
 0882  0.1394508663038047E-001
 0883  0.1394508663038047E-001
 0884  0.1394508663038047E-001
 0885  0.1394508663038047E-001
 0886  0.1394508663038047E-001
 0887  0.1394508663038047E-001
 0888  0.1394508663038047E-001
 0889  0.1394508663038047E-001
 0890  0.1394508663038047E-001
 0891  0.1394508663038047E-001
 0892  0.1394508663038047E-001
 0893  0.1394508663038047E-001
 0894  0.1394508663038047E-001
 0895  0.1394508663038047E-001
 0896  0.1394508663038047E-001
 0897  0.1394508663038047E-001
 0898  0.1394508663038047E-001
 0899  0.1394508663038047E-001
 0900  0.1394508663038047E-001
 0901  0.1394508663038047E-001
 0902  0.1394508663038047E-001
 0903  0.1394508663038047E-001
 0904  0.1394508663038047E-001
 0905  0.1394508663038047E-001
 0906  0.1394508663038047E-001
 0907  0.1394508663038047E-001
 0908  0.1394508663038047E-001
 0909  0.1394508663038047E-001
 0910  0.1394508663038047E-001
 0911  0.1394508663038047E-001
 0912  0.1394508663038047E-001
 0913  0.1394508663038047E-001
 0914  0.1394508663038047E-001
 0915  0.1394508663038047E-001
 0916  0.1394508663038047E-001
 0917  0.1394508663038047E-001
 0918  0.1394508663038047E-001
 0919  0.1394508663038047E-001
 0920  0.1394508663038047E-001
 0921  0.1394508663038047E-001
 0922  0.1394508663038047E-001
 0923  0.1394508663038047E-001
 0924  0.1394508663038047E-001
 0925  0.1394508663038047E-001
 0926  0.1394508663038047E-001
 0927  0.1394508663038047E-001
 0928  0.1394508663038047E-001
 0929  0.1394508663038047E-001
 0930  0.1394508663038047E-001
 0931  0.1394508663038047E-001
 0932  0.1394508663038047E-001
 0933  0.1394508663038047E-001
 0934  0.1394508663038047E-001
 0935  0.1394508663038047E-001
 0936  0.1394508663038047E-001
 0937  0.1394508663038047E-001
 0938  0.1394508663038047E-001
 0939  0.1394508663038047E-001
 0940  0.1394508663038047E-001
 0941  0.1394508663038047E-001
 0942  0.1394508663038047E-001
 0943  0.1394508663038047E-001
 0944  0.1394508663038047E-001
 0945  0.1394508663038047E-001
 0946  0.1394508663038047E-001
 0947  0.1394508663038047E-001
 0948  0.1394508663038047E-001
 0949  0.1394508663038047E-001
 0950  0.1394508663038047E-001
 0951  0.1394508663038047E-001
 0952  0.1394508663038047E-001
 0953  0.1394508663038047E-001
 0954  0.1394508663038047E-001
 0955  0.1394508663038047E-001
 0956  0.1394508663038047E-001
 0957  0.1394508663038047E-001
 0958  0.1394508663038047E-001
 0959  0.1394508663038047E-001
 0960  0.1394508663038047E-001
 0961  0.1394508663038047E-001
 0962  0.1394508663038047E-001
 0963  0.1394508663038047E-001
 0964  0.1394508663038047E-001
 0965  0.1394508663038047E-001
 0966  0.1394508663038047E-001
 0967  0.1394508663038047E-001
 0968  0.1394508663038047E-001
 0969  0.1394508663038047E-001
 0970  0.1394508663038047E-001
 0971  0.1394508663038047E-001
 0972  0.1394508663038047E-001
 0973  0.1394508663038047E-001
 0974  0.1394508663038047E-001
 0975  0.1394508663038047E-001
 0976  0.1394508663038047E-001
 0977  0.1394508663038047E-001
 0978  0.1394508663038047E-001
 0979  0.1394508663038047E-001
 0980  0.1394508663038047E-001
 0981  0.1394508663038047E-001
 0982  0.1394508663038047E-001
 0983  0.1394508663038047E-001
 0984  0.1394508663038047E-001
 0985  0.1394508663038047E-001
 0986  0.1394508663038047E-001
 0987  0.1394508663038047E-001
 0988  0.1394508663038047E-001
 0989  0.1394508663038047E-001
 0990  0.1394508663038047E-001
 0991  0.1394508663038047E-001
 0992  0.1394508663038047E-001
 0993  0.1394508663038047E-001
 0994  0.1394508663038047E-001
 0995  0.1394508663038047E-001
 0996  0.1394508663038047E-001
 0997  0.1394508663038047E-001
 0998  0.1394508663038047E-001
 0999  0.1394508663038047E-001
 1000  0.1394508663038047E-001
