  0.0000000000E+000  0.0000000000E+000
  1.7002173479E+003  8.5859864783E+002
  3.4002663921E+003  8.5958093996E+002
  5.1001859244E+003  8.5998857491E+002
  6.8002765836E+003  8.6082198290E+002
  8.5001821063E+003  8.6313849038E+002
  1.0200289810E+004  8.7118813781E+002
  1.1900304913E+004  9.0282812503E+002
  1.3600253421E+004  9.9704562420E+002
  1.5300291307E+004  1.1740869122E+003
  1.7000264983E+004  1.4113493058E+003
  1.8700182141E+004  1.6831799502E+003
  2.0400225374E+004  2.1498963408E+003
  2.2100222235E+004  2.0268815972E+003
  2.3800238098E+004  1.8823406809E+003
  2.5500190298E+004  1.8981450020E+003
  2.7200249107E+004  1.8848508512E+003
  2.8900316496E+004  1.8678516292E+003
  3.0600302867E+004  1.8553445058E+003
  3.2300232698E+004  1.8450768672E+003
  3.4000226631E+004  1.8374886833E+003
  3.5700216815E+004  1.8320613655E+003
  3.7400282972E+004  1.8286307309E+003
  3.9100193618E+004  1.8312281317E+003
  4.0800285847E+004  1.8424199674E+003
  4.2500248115E+004  1.8623466518E+003
  4.4200287695E+004  1.8611796309E+003
  4.5900265820E+004  1.8564182557E+003
  4.7600291462E+004  1.8533722704E+003
  4.9300214990E+004  1.8491164925E+003
  5.1000302168E+004  1.8438795484E+003
  5.2700293109E+004  1.8377478231E+003
  5.4400317876E+004  1.8307987782E+003
  5.6100271208E+004  1.8233543958E+003
  5.7800183130E+004  1.8156757085E+003
  5.9500256871E+004  1.8090482498E+003
  6.1200225569E+004  1.8013877282E+003
  6.2900297323E+004  1.7901460006E+003
  6.4600255488E+004  1.7590844929E+003
  6.6300312074E+004  1.7391144235E+003
  6.8000185139E+004  1.7249491116E+003
  6.9700174776E+004  1.6781170401E+003
  7.1400270395E+004  1.6373187740E+003
  7.3100268172E+004  1.6074689132E+003
  7.4800311961E+004  1.5833838143E+003
  7.6500256440E+004  1.5627778055E+003
  7.8200260695E+004  1.5440323481E+003
  7.9900233843E+004  1.5262155846E+003
  8.1600277534E+004  1.5095741044E+003
  8.3300274393E+004  1.4942842942E+003
  8.5000291772E+004  1.4803112020E+003
  8.6700298442E+004  1.4675321275E+003
  8.8400178991E+004  1.4557959648E+003
  9.0100281412E+004  1.4449559755E+003
  9.1800243034E+004  1.4348903044E+003
  9.3500294285E+004  1.4254943892E+003
  9.5200299884E+004  1.4166841876E+003
  9.6900276085E+004  1.4083648051E+003
  9.8600265666E+004  1.4004042895E+003
  1.0030017462E+005  1.3928050196E+003
  1.0200024593E+005  1.3855562253E+003
  1.0370027475E+005  1.3786314962E+003
  1.0540017648E+005  1.3718809157E+003
  1.0710021260E+005  1.3651628358E+003
  1.0880024579E+005  1.3583362297E+003
  1.1050016406E+005  1.3515084818E+003
  1.1220019429E+005  1.3449031461E+003
  1.1390019264E+005  1.3385956563E+003
  1.1560030789E+005  1.3325919627E+003
  1.1730027621E+005  1.3268753492E+003
  1.1900017909E+005  1.3214213609E+003
  1.2070022433E+005  1.3162052134E+003
  1.2240018358E+005  1.3112055565E+003
  1.2410019298E+005  1.3064024411E+003
  1.2580023854E+005  1.3017787870E+003
  1.2750027937E+005  1.2973197068E+003
  1.2920017144E+005  1.2930123961E+003
  1.3090025271E+005  1.2888448451E+003
  1.3260016864E+005  1.2848091565E+003
  1.3430029165E+005  1.2808966750E+003
  1.3600029011E+005  1.2770843643E+003
  1.3770018895E+005  1.2733087805E+003
  1.3940023883E+005  1.2695444088E+003
  1.4110022205E+005  1.2658096978E+003
  1.4280025323E+005  1.2621301217E+003
  1.4450020746E+005  1.2585250945E+003
  1.4620025804E+005  1.2550051891E+003
  1.4790027218E+005  1.2515754068E+003
  1.4960018814E+005  1.2482366243E+003
  1.5130029230E+005  1.2449868894E+003
  1.5300017965E+005  1.2418244171E+003
  1.5470021141E+005  1.2387449270E+003
  1.5640020706E+005  1.2357456831E+003
  1.5810021036E+005  1.2328228302E+003
  1.5980021694E+005  1.2299724440E+003
  1.6150020869E+005  1.2271908485E+003
  1.6320021691E+005  1.2244744921E+003
  1.6490017742E+005  1.2218201777E+003
  1.6660027547E+005  1.2192245414E+003
  1.6830020619E+005  1.2166854353E+003
  1.7000029286E+005  1.2141976504E+003
  1.7170026420E+005  1.2117417912E+003
  1.7340019749E+005  1.2092967999E+003
  1.7510024438E+005  1.2068582437E+003
  1.7680026007E+005  1.2044331382E+003
  1.7850027792E+005  1.2020307717E+003
  1.8020021043E+005  1.1996591820E+003
  1.8190027152E+005  1.1973236371E+003
  1.8360026389E+005  1.1950278396E+003
  1.8530020202E+005  1.1927735633E+003
  1.8700031013E+005  1.1905611621E+003
  1.8870019476E+005  1.1883910176E+003
  1.9040022384E+005  1.1862620240E+003
  1.9210016522E+005  1.1841735378E+003
  1.9380019043E+005  1.1821243298E+003
  1.9550023285E+005  1.1801134915E+003
  1.9720023537E+005  1.1781400641E+003
  1.9890022451E+005  1.1762029187E+003
  2.0060026962E+005  1.1743008221E+003
  2.0230022991E+005  1.1724327446E+003
  2.0400021262E+005  1.1705973765E+003
  2.0570016283E+005  1.1687935452E+003
  2.0740026858E+005  1.1670175795E+003
  2.0910026618E+005  1.1652602245E+003
  2.1080016647E+005  1.1635121858E+003
  2.1250023778E+005  1.1617696329E+003
  2.1420029648E+005  1.1600339146E+003
  2.1590020011E+005  1.1583084624E+003
  2.1760030529E+005  1.1565965874E+003
  2.1930029487E+005  1.1549018490E+003
  2.2100030878E+005  1.1532266477E+003
  2.2270032032E+005  1.1515728498E+003
  2.2440017053E+005  1.1499413352E+003
  2.2610021847E+005  1.1483314152E+003
  2.2780031138E+005  1.1467439667E+003
  2.2950026379E+005  1.1451795894E+003
  2.3120021457E+005  1.1436375817E+003
  2.3290017381E+005  1.1421010508E+003
  2.3460016443E+005  1.1405604969E+003
  2.3630019225E+005  1.1390253638E+003
  2.3800024331E+005  1.1375045939E+003
  2.3970029677E+005  1.1360036918E+003
  2.4140019707E+005  1.1345256163E+003
  2.4310028813E+005  1.1330712760E+003
  2.4480025543E+005  1.1316412530E+003
  2.4650024125E+005  1.1302352051E+003
  2.4820023260E+005  1.1288518341E+003
  2.4990023816E+005  1.1274872311E+003
  2.5160027303E+005  1.1261363647E+003
  2.5330017419E+005  1.1247960201E+003
  2.5500025424E+005  1.1234645182E+003
  2.5670018732E+005  1.1221420950E+003
  2.5840029459E+005  1.1208293217E+003
  2.6010026061E+005  1.1195335598E+003
  2.6180025517E+005  1.1182588927E+003
  2.6350027275E+005  1.1170036372E+003
  2.6520029989E+005  1.1157671640E+003
  2.6690017417E+005  1.1145494630E+003
  2.6860023496E+005  1.1133504423E+003
  2.7030032268E+005  1.1121704884E+003
  2.7200026352E+005  1.1110099983E+003
  2.7370021242E+005  1.1098691003E+003
  2.7540017841E+005  1.1087479706E+003
  2.7710016315E+005  1.1076467401E+003
  2.7880016591E+005  1.1065655009E+003
  2.8050018382E+005  1.1055043178E+003
  2.8220021568E+005  1.1044632378E+003
  2.8390025853E+005  1.1034423088E+003
  2.8560031277E+005  1.1024415868E+003
  2.8730022252E+005  1.1014612259E+003
  2.8900030466E+005  1.1005011133E+003
  2.9070023599E+005  1.0995615014E+003
  2.9240017736E+005  1.0986422863E+003
  2.9410028779E+005  1.0977428426E+003
  2.9580024354E+005  1.0968621556E+003
  2.9750020951E+005  1.0959989446E+003
  2.9920018718E+005  1.0951524495E+003
  3.0090017204E+005  1.0943223746E+003
  3.0260032287E+005  1.0935086584E+003
  3.0430032102E+005  1.0927116070E+003
  3.0600017420E+005  1.0919313554E+003
  3.0770020468E+005  1.0911677494E+003
  3.0940025048E+005  1.0904205859E+003
  3.1110031751E+005  1.0896892100E+003
  3.1280024627E+005  1.0889725739E+003
  3.1450020116E+005  1.0882689522E+003
  3.1620019165E+005  1.0875760818E+003
  3.1790022853E+005  1.0868910473E+003
  3.1960030524E+005  1.0862102701E+003
  3.2130025242E+005  1.0855295924E+003
  3.2300023421E+005  1.0848441633E+003
  3.2470026279E+005  1.0841487886E+003
  3.2640017133E+005  1.0834381825E+003
  3.2810027249E+005  1.0827070097E+003
  3.2980024105E+005  1.0819507370E+003
  3.3150024054E+005  1.0811655624E+003
  3.3320027397E+005  1.0803490785E+003
  3.3490017651E+005  1.0795005967E+003
  3.3660026757E+005  1.0786209881E+003
  3.3830022095E+005  1.0777132364E+003
  3.4000019780E+005  1.0767816479E+003
  3.4170020163E+005  1.0758318049E+003
  3.4340022898E+005  1.0748699993E+003
  3.4510027824E+005  1.0739026166E+003
  3.4680018492E+005  1.0729355394E+003
  3.4850027421E+005  1.0719733790E+003
  3.5020021996E+005  1.0710200554E+003
  3.5190018340E+005  1.0700782106E+003
  3.5360016471E+005  1.0691496871E+003
  3.5530032324E+005  1.0682354939E+003
  3.5700016890E+005  1.0673363928E+003
  3.5870018717E+005  1.0664521849E+003
  3.6040022112E+005  1.0655827133E+003
  3.6210026594E+005  1.0647275511E+003
  3.6380031789E+005  1.0638861671E+003
  3.6550021928E+005  1.0630580631E+003
  3.6720029437E+005  1.0622425067E+003
  3.6890021299E+005  1.0614391089E+003
  3.7060030162E+005  1.0606472096E+003
  3.7230024430E+005  1.0598664993E+003
  3.7400019781E+005  1.0590964905E+003
  3.7570031967E+005  1.0583367177E+003
  3.7740028761E+005  1.0575870326E+003
  3.7910027357E+005  1.0568469779E+003
  3.8080027488E+005  1.0561159430E+003
  3.8250029016E+005  1.0553943806E+003
  3.8420032053E+005  1.0546826636E+003
  3.8590020593E+005  1.0539805616E+003
  3.8760027243E+005  1.0532876425E+003
  3.8930019949E+005  1.0526037965E+003
  3.9100031348E+005  1.0519286978E+003
  3.9270029134E+005  1.0512623150E+003
  3.9440029483E+005  1.0506044481E+003
  3.9610016379E+005  1.0499550807E+003
  3.9780022541E+005  1.0493142444E+003
  3.9950031918E+005  1.0486818840E+003
  4.0120028012E+005  1.0480579020E+003
  4.0290027071E+005  1.0474420948E+003
  4.0460028718E+005  1.0468343330E+003
  4.0630016881E+005  1.0462345480E+003
  4.0800024133E+005  1.0456414427E+003
  4.0970018295E+005  1.0450514869E+003
  4.1140030889E+005  1.0444628674E+003
  4.1310029264E+005  1.0438759128E+003
  4.1480030322E+005  1.0432913522E+003
  4.1650017732E+005  1.0427100530E+003
  4.1820023389E+005  1.0421325968E+003
  4.1990031121E+005  1.0415596006E+003
  4.2160024777E+005  1.0409915747E+003
  4.2330020072E+005  1.0404288422E+003
  4.2500017217E+005  1.0398717166E+003
  4.2670016619E+005  1.0393204615E+003
  4.2840017929E+005  1.0387753021E+003
  4.3010020387E+005  1.0382364293E+003
  4.3180023849E+005  1.0377040025E+003
  4.3350029330E+005  1.0371781538E+003
  4.3520020310E+005  1.0366590470E+003
  4.3690028568E+005  1.0361466791E+003
  4.3860021517E+005  1.0356412234E+003
  4.4030031895E+005  1.0351426411E+003
  4.4200027443E+005  1.0346510699E+003
  4.4370024274E+005  1.0341664924E+003
  4.4540022404E+005  1.0336889276E+003
  4.4710021463E+005  1.0332183858E+003
  4.4880021577E+005  1.0327548680E+003
  4.5050023062E+005  1.0322983682E+003
  4.5220026049E+005  1.0318488753E+003
  4.5390030335E+005  1.0314063747E+003
  4.5560019743E+005  1.0309708886E+003
  4.5730026934E+005  1.0305423114E+003
  4.5900019573E+005  1.0301207004E+003
  4.6070030061E+005  1.0297059493E+003
  4.6240026208E+005  1.0292981091E+003
  4.6410024551E+005  1.0288971105E+003
  4.6580024746E+005  1.0285029250E+003
  4.6750026949E+005  1.0281155224E+003
  4.6920031656E+005  1.0277348713E+003
  4.7090022804E+005  1.0273609765E+003
  4.7260016284E+005  1.0269937718E+003
  4.7430028437E+005  1.0266331935E+003
  4.7600027190E+005  1.0262792821E+003
  4.7770028211E+005  1.0259319778E+003
  4.7940031510E+005  1.0255912554E+003
  4.8110021369E+005  1.0252571207E+003
  4.8280030201E+005  1.0249294848E+003
  4.8450024948E+005  1.0246083865E+003
  4.8620021464E+005  1.0242937691E+003
  4.8790020614E+005  1.0239856056E+003
  4.8960022336E+005  1.0236838703E+003
  4.9130026222E+005  1.0233885384E+003
  4.9300031824E+005  1.0230995850E+003
  4.9470023217E+005  1.0228170115E+003
  4.9640016560E+005  1.0225407657E+003
  4.9810028241E+005  1.0222707980E+003
  4.9980025726E+005  1.0220071365E+003
  5.0150024788E+005  1.0217497327E+003
  5.0320025329E+005  1.0214985637E+003
  5.0490027472E+005  1.0212536070E+003
  5.0660031518E+005  1.0210148399E+003
  5.0830020863E+005  1.0207822634E+003
  5.1000027631E+005  1.0205558123E+003
  5.1170019437E+005  1.0203355092E+003
  5.1340028690E+005  1.0201212920E+003
  5.1510023133E+005  1.0199131817E+003
  5.1680018950E+005  1.0197111386E+003
  5.1850032287E+005  1.0195151259E+003
  5.2020030342E+005  1.0193251634E+003
  5.2190029573E+005  1.0191412143E+003
  5.2360030356E+005  1.0189632613E+003
  5.2530016439E+005  1.0187913038E+003
  5.2700019674E+005  1.0186252938E+003
  5.2870024318E+005  1.0184652321E+003
  5.3040030641E+005  1.0183111036E+003
  5.3210022151E+005  1.0181629081E+003
  5.3380031312E+005  1.0180206035E+003
  5.3550026156E+005  1.0178842030E+003
  5.3720023005E+005  1.0177536794E+003
  5.3890021351E+005  1.0176290200E+003
  5.4060021365E+005  1.0175102119E+003
  5.4230023748E+005  1.0173972421E+003
  5.4400028479E+005  1.0172900983E+003
  5.4570019143E+005  1.0171887781E+003
  5.4740027969E+005  1.0170932504E+003
  5.4910022970E+005  1.0170035216E+003
  5.5080020259E+005  1.0169195712E+003
  5.5250020011E+005  1.0168413881E+003
  5.5420022049E+005  1.0167689617E+003
  5.5590026218E+005  1.0167022815E+003
  5.5760032324E+005  1.0166413373E+003
  5.5930024515E+005  1.0165861240E+003
  5.6100019192E+005  1.0165366257E+003
  5.6270032153E+005  1.0164928292E+003
  5.6440030819E+005  1.0164547335E+003
  5.6610031357E+005  1.0164223251E+003
  5.6780017819E+005  1.0163955974E+003
  5.6950022460E+005  1.0163745367E+003
  5.7120029044E+005  1.0163591372E+003
  5.7290021199E+005  1.0163493915E+003
  5.7460030976E+005  1.0163452895E+003
  5.7630026301E+005  1.0163468240E+003
  5.7800023595E+005  1.0163539866E+003
  5.7970022548E+005  1.0163667695E+003
  5.8140022572E+005  1.0163851646E+003
  5.8310024063E+005  1.0164091633E+003
  5.8480027204E+005  1.0164387531E+003
  5.8650031642E+005  1.0164738938E+003
  5.8820021062E+005  1.0165145071E+003
  5.8990028080E+005  1.0165607666E+003
  5.9160020363E+005  1.0166127026E+003
  5.9330029779E+005  1.0166702737E+003
  5.9500024223E+005  1.0167334315E+003
  5.9670020241E+005  1.0168021583E+003
  5.9840017695E+005  1.0168764387E+003
  6.0010016203E+005  1.0169562614E+003
  6.0180032164E+005  1.0170416256E+003
  6.0350017353E+005  1.0171324983E+003
  6.0520020168E+005  1.0172288971E+003
  6.0690024636E+005  1.0173308065E+003
  6.0860030731E+005  1.0174382196E+003
  6.1030022169E+005  1.0175511185E+003
  6.1200031270E+005  1.0176695179E+003
  6.1370026233E+005  1.0177933891E+003
  6.1540023263E+005  1.0179227366E+003
  6.1710022160E+005  1.0180575536E+003
  6.1880022839E+005  1.0181978337E+003
  6.2050025447E+005  1.0183435704E+003
  6.2220030366E+005  1.0184947578E+003
  6.2390021314E+005  1.0186513742E+003
  6.2560030679E+005  1.0188134431E+003
  6.2730025776E+005  1.0189809268E+003
  6.2900022758E+005  1.0191538341E+003
  6.3070022006E+005  1.0193321591E+003
  6.3240023675E+005  1.0195158954E+003
  6.3410027322E+005  1.0197050362E+003
  6.3580016330E+005  1.0198995558E+003
  6.3750023555E+005  1.0200994852E+003
  6.3920016804E+005  1.0203047802E+003
  6.4090028146E+005  1.0205154730E+003
  6.4260024942E+005  1.0207315164E+003
  6.4430023551E+005  1.0209529239E+003
  6.4600023957E+005  1.0211796887E+003
  6.4770025880E+005  1.0214118035E+003
  6.4940029604E+005  1.0216492612E+003
  6.5110018889E+005  1.0218920308E+003
  6.5280025875E+005  1.0221401509E+003
  6.5450017823E+005  1.0223935660E+003
  6.5620027585E+005  1.0226523176E+003
  6.5790022755E+005  1.0229163476E+003
  6.5960019195E+005  1.0231856699E+003
  6.6130016856E+005  1.0234602729E+003
  6.6300032056E+005  1.0237401714E+003
  6.6470032356E+005  1.0240252996E+003
  6.6640017590E+005  1.0243156434E+003
  6.6810020538E+005  1.0246112464E+003
  6.6980024843E+005  1.0249120693E+003
  6.7150030258E+005  1.0252181001E+003
  6.7320020624E+005  1.0255292977E+003
  6.7490028623E+005  1.0258457109E+003
  6.7660021886E+005  1.0261672685E+003
  6.7830016509E+005  1.0264939897E+003
  6.8000028761E+005  1.0268258955E+003
  6.8170026029E+005  1.0271629118E+003
  6.8340024838E+005  1.0275050597E+003
  6.8510025449E+005  1.0278523292E+003
  6.8680027976E+005  1.0282047097E+003
  6.8850031885E+005  1.0285621894E+003
  6.9020021028E+005  1.0289247232E+003
  6.9190028480E+005  1.0292923722E+003
  6.9360021869E+005  1.0296650603E+003
  6.9530017082E+005  1.0300428268E+003
  6.9700030216E+005  1.0304257533E+003
  6.9870029180E+005  1.0308139683E+003
  7.0040030163E+005  1.0312083453E+003
  7.0210016930E+005  1.0316124331E+003
  7.0380021989E+005  1.0320437411E+003
  7.0550028954E+005  1.0326007812E+003
  7.0720021444E+005  1.0339214866E+003
  7.0890031908E+005  1.0407383911E+003
  7.1060028465E+005  1.0996532511E+003
  7.1230026917E+005  1.4138040559E+003
  7.1400026997E+005  2.7877213211E+003
  7.1570028718E+005  4.3641585776E+003
  7.1740016240E+005  4.8520584153E+003
  7.1910021685E+005  4.9884205332E+003
  7.2080028683E+005  5.1716943420E+003
  7.2250021204E+005  5.4204662623E+003
  7.2420031533E+005  5.6079693927E+003
  7.2590027157E+005  5.8107005504E+003
  7.2760024318E+005  6.0645426392E+003
  7.2930023088E+005  6.4661004623E+003
  7.3100023272E+005  6.6856549662E+003
  7.3270024802E+005  6.7982488622E+003
  7.3440027655E+005  6.9933732836E+003
  7.3610031723E+005  7.5489571088E+003
  7.3780020924E+005  6.8543992392E+003
  7.3950027690E+005  6.8479701272E+003
  7.4120019644E+005  8.6014319778E+003
  7.4290028654E+005  1.0075734013E+004
  7.4460022704E+005  1.1408240111E+004
  7.4630018309E+005  1.0845071994E+004
  7.4800031534E+005  7.7895205880E+003
  7.4970029608E+005  8.0090378487E+003
  7.5140028858E+005  8.9656950733E+003
  7.5310029694E+005  9.9212048331E+003
  7.5480031917E+005  1.0710288975E+004
  7.5650019480E+005  1.0809629635E+004
  7.5820024851E+005  1.2184585416E+004
  7.5990031619E+005  1.3005266006E+004
  7.6160023542E+005  1.3858418863E+004
  7.6330017299E+005  1.4744567756E+004
  7.6500029270E+005  1.5625064360E+004
  7.6670026560E+005  1.6485531950E+004
  7.6840025288E+005  1.7311971954E+004
  7.7010025823E+005  1.8108332954E+004
  7.7180028598E+005  1.8874089770E+004
  7.7350016939E+005  1.9612285458E+004
  7.7520023260E+005  2.0298255120E+004
  7.7690031403E+005  2.0087044938E+004
  7.7860025192E+005  2.0741529672E+004
  7.8030020911E+005  2.1360626451E+004
  7.8200018552E+005  2.1944721290E+004
  7.8370017966E+005  2.2493999515E+004
  7.8540018942E+005  2.3008578905E+004
  7.8710021714E+005  2.3488768505E+004
  7.8880026324E+005  2.3935223184E+004
  7.9050016440E+005  2.4347640700E+004
  7.9220024407E+005  2.4726146671E+004
  7.9390017796E+005  2.5071053830E+004
  7.9560028957E+005  2.5383061805E+004
  7.9730025353E+005  2.5662928338E+004
  7.9900023457E+005  2.5911639597E+004
  8.0070023085E+005  2.6130254833E+004
  8.0240024086E+005  2.6319916006E+004
  8.0410026232E+005  2.6481828905E+004
  8.0580029920E+005  2.6617245722E+004
  8.0750018819E+005  2.6727446679E+004
  8.0920025108E+005  2.6813783646E+004
  8.1090016472E+005  2.6877611729E+004
  8.1260025292E+005  2.6920353346E+004
  8.1430019065E+005  2.6943445265E+004
  8.1600030228E+005  2.6948129651E+004
  8.1770026694E+005  2.6935189018E+004
  8.1940024446E+005  2.6905690185E+004
  8.2110023132E+005  2.6860659782E+004
  8.2280022981E+005  2.6801070978E+004
  8.2450024442E+005  2.6727843613E+004
  8.2620027378E+005  2.6641830999E+004
  8.2790031372E+005  2.6543833946E+004
  8.2960020447E+005  2.6434617423E+004
  8.3130027206E+005  2.6314866330E+004
  8.3300019420E+005  2.6185264235E+004
  8.3470029320E+005  2.6046421064E+004
  8.3640024567E+005  2.5899150814E+004
  8.3810021279E+005  2.5744367922E+004
  8.3980019475E+005  2.5582954660E+004
  8.4150019607E+005  2.5415712626E+004
  8.4320021517E+005  2.5243362329E+004
  8.4490024995E+005  2.5066552169E+004
  8.4660030036E+005  2.4885871396E+004
  8.4830020725E+005  2.4701890142E+004
  8.5000029502E+005  2.4515111133E+004
  8.5170023825E+005  2.4326139542E+004
  8.5340019947E+005  2.4135366456E+004
  8.5510017716E+005  2.3943059495E+004
  8.5680017165E+005  2.3749443522E+004
  8.5850018424E+005  2.3554739223E+004
  8.6020021622E+005  2.3359340732E+004
  8.6190026306E+005  2.3163414485E+004
  8.6360016321E+005  2.2967068204E+004
  8.6530024342E+005  2.2770319205E+004
  8.6700017879E+005  2.2573243773E+004
  8.6870029042E+005  2.2376221471E+004
  8.7040025467E+005  2.2179391306E+004
  8.7210023636E+005  2.1982716693E+004
  8.7380023095E+005  2.1786296569E+004
  8.7550023830E+005  2.1590386005E+004
  8.7720026054E+005  2.1395405010E+004
  8.7890029829E+005  2.1201879445E+004
  8.8060018563E+005  2.1010328737E+004
  8.8230024640E+005  2.0821126601E+004
  8.8400032133E+005  2.0634629079E+004
  8.8570024695E+005  2.0451139429E+004
  8.8740018533E+005  2.0270308789E+004
  8.8910029746E+005  2.0091766236E+004
  8.9080025970E+005  1.9916048528E+004
  8.9250023281E+005  1.9743509627E+004
  8.9420021951E+005  1.9574398063E+004
  8.9590022070E+005  1.9408873422E+004
  8.9760023386E+005  1.9247036791E+004
  8.9930025749E+005  1.9088953442E+004
  9.0100029390E+005  1.8934667694E+004
  9.0270018378E+005  1.8784217079E+004
  9.0440024962E+005  1.8637570636E+004
  9.0610016672E+005  1.8494724854E+004
  9.0780025840E+005  1.8355589444E+004
  9.0950020228E+005  1.8220109135E+004
  9.1120016266E+005  1.8088186339E+004
  9.1290030194E+005  1.8914341058E+004
  9.1460029423E+005  1.8724503649E+004
  9.1630029911E+005  1.8536637973E+004
  9.1800032152E+005  1.8351540964E+004
  9.1970020052E+005  1.8169996430E+004
  9.2140025891E+005  1.7992715635E+004
  9.2310016961E+005  1.7820472372E+004
  9.2480025932E+005  1.7653930211E+004
  9.2650020551E+005  1.7493649933E+004
  9.2820016807E+005  1.7339860798E+004
  9.2990030976E+005  1.7192572888E+004
  9.3160030650E+005  1.7051718497E+004
  9.3330031944E+005  1.6916718762E+004
  9.3500018395E+005  1.6786882124E+004
  9.3670022886E+005  1.6662008392E+004
  9.3840029044E+005  1.6541949272E+004
  9.4010020432E+005  1.6426542500E+004
  9.4180029441E+005  1.6315552162E+004
  9.4350023785E+005  1.6208762674E+004
  9.4520019731E+005  1.6105923966E+004
  9.4690016983E+005  1.6006813563E+004
  9.4860031924E+005  1.5911242311E+004
  9.5030032047E+005  1.5819096577E+004
  9.5200017186E+005  1.5730281778E+004
  9.5370019781E+005  1.5644709440E+004
  9.5540023813E+005  1.5562319729E+004
  9.5710029215E+005  1.5483019759E+004
  9.5880019462E+005  1.5406675493E+004
  9.6050027097E+005  1.5333084127E+004
  9.6220019754E+005  1.5262039752E+004
  9.6390029971E+005  1.5193273746E+004
  9.6560025173E+005  1.5126612590E+004
  9.6730021600E+005  1.5061902614E+004
  9.6900019006E+005  1.4999030682E+004
  9.7070017632E+005  1.4937916368E+004
  9.7240017774E+005  1.4878504940E+004
  9.7410019187E+005  1.4820755989E+004
  9.7580021625E+005  1.4764629001E+004
  9.7750025194E+005  1.4710069249E+004
  9.7920030335E+005  1.4656999414E+004
  9.8090020675E+005  1.4605326780E+004
  9.8260028515E+005  1.4554931984E+004
  9.8430021482E+005  1.4505719629E+004
  9.8600032080E+005  1.4457593760E+004
  9.8770027901E+005  1.4410461655E+004
  9.8940025327E+005  1.4364224967E+004
  9.9110024496E+005  1.4318800195E+004
  9.9280024991E+005  1.4274112162E+004
  9.9450026853E+005  1.4230095121E+004
  9.9620030465E+005  1.4186686398E+004
  9.9790019748E+005  1.4143816748E+004
  9.9960026713E+005  1.4101394131E+004
  1.0013001885E+006  1.4059334643E+004
  1.0030002892E+006  1.4017536121E+004
  1.0047002447E+006  1.3975924836E+004
  1.0064002161E+006  1.3934432990E+004
  1.0081002029E+006  1.3893036290E+004
  1.0098002051E+006  1.3851791332E+004
  1.0115002217E+006  1.3810838361E+004
  1.0132002538E+006  1.3770422942E+004
  1.0149003020E+006  1.3730915471E+004
  1.0166002021E+006  1.3692804284E+004
  1.0183002784E+006  1.3656618584E+004
  1.0200002064E+006  1.3622785913E+004
  1.0217003118E+006  1.3591463945E+004
  1.0234002675E+006  1.3562483322E+004
  1.0251002375E+006  1.3535471135E+004
  1.0268002212E+006  1.3510025061E+004
  1.0285002165E+006  1.3485782764E+004
  1.0302002240E+006  1.3462446900E+004
  1.0319002453E+006  1.3439807141E+004
  1.0336002794E+006  1.3417755189E+004
  1.0353003240E+006  1.3396264538E+004
  1.0370002182E+006  1.3375353926E+004
  1.0387002867E+006  1.3355032746E+004
  1.0404002044E+006  1.3335259631E+004
  1.0421002961E+006  1.3315905886E+004
  1.0438002382E+006  1.3296794668E+004
  1.0455001914E+006  1.3277734750E+004
  1.0472003165E+006  1.3258562832E+004
  1.0489002929E+006  1.3239173300E+004
  1.0506002838E+006  1.3219520971E+004
  1.0523002868E+006  1.3199628124E+004
  1.0540002992E+006  1.3179574596E+004
  1.0557001633E+006  1.3159476371E+004
  1.0574002053E+006  1.3139456327E+004
  1.0591002610E+006  1.3119636444E+004
  1.0608001673E+006  1.3100114799E+004
  1.0625002494E+006  1.3080941643E+004
  1.0642001843E+006  1.3062112611E+004
  1.0659002967E+006  1.3043553277E+004
  1.0676002635E+006  1.3025156480E+004
  1.0693002446E+006  1.3006809231E+004
  1.0710002395E+006  1.2988418833E+004
  1.0727002499E+006  1.2969914937E+004
  1.0744002780E+006  1.2951256487E+004
  1.0761003224E+006  1.2932431923E+004
  1.0778002183E+006  1.2913462028E+004
  1.0795002919E+006  1.2894388914E+004
  1.0812002191E+006  1.2875280012E+004
  1.0829001627E+006  1.2856205605E+004
  1.0846002833E+006  1.2837235090E+004
  1.0863002568E+006  1.2818434239E+004
  1.0880002435E+006  1.2799847959E+004
  1.0897002451E+006  1.2781502651E+004
  1.0914002626E+006  1.2763402763E+004
  1.0931002937E+006  1.2745536212E+004
  1.0948001753E+006  1.2727883935E+004
  1.0965002325E+006  1.2710416659E+004
  1.0982003045E+006  1.2693118861E+004
  1.0999002258E+006  1.2675989033E+004
  1.1016003216E+006  1.2659036086E+004
  1.1033002686E+006  1.2642277197E+004
  1.1050002276E+006  1.2625734323E+004
  1.1067001965E+006  1.2609435853E+004
  1.1084001773E+006  1.2593409713E+004
  1.1101001719E+006  1.2577678230E+004
  1.1118001775E+006  1.2562265135E+004
  1.1135001929E+006  1.2547181514E+004
  1.1152002197E+006  1.2532404613E+004
  1.1169002595E+006  1.2517890639E+004
  1.1186003104E+006  1.2503581328E+004
  1.1203002106E+006  1.2489412011E+004
  1.1220002855E+006  1.2475314018E+004
  1.1237002084E+006  1.2461229424E+004
  1.1254003062E+006  1.2447100278E+004
  1.1271002558E+006  1.2432887127E+004
  1.1288002191E+006  1.2418563333E+004
  1.1305001928E+006  1.2404118157E+004
  1.1322001790E+006  1.2389554842E+004
  1.1339001805E+006  1.2374889732E+004
  1.1356001964E+006  1.2360149205E+004
  1.1373002261E+006  1.2345366264E+004
  1.1390002687E+006  1.2330576982E+004
  1.1407001632E+006  1.2315817372E+004
  1.1424002352E+006  1.2301115727E+004
  1.1441003236E+006  1.2286499031E+004
  1.1458002641E+006  1.2271987097E+004
  1.1475002171E+006  1.2257587520E+004
  1.1492001849E+006  1.2243300524E+004
  1.1509001701E+006  1.2229119010E+004
  1.1526001711E+006  1.2215036441E+004
  1.1543001845E+006  1.2201046083E+004
  1.1560002133E+006  1.2187141503E+004
  1.1577002573E+006  1.2173317644E+004
  1.1594003164E+006  1.2159571573E+004
  1.1611002271E+006  1.2145910818E+004
  1.1628003153E+006  1.2132337659E+004
  1.1645002540E+006  1.2118854901E+004
  1.1662002052E+006  1.2105459214E+004
  1.1679001723E+006  1.2092146486E+004
  1.1696003158E+006  1.2078909796E+004
  1.1713003089E+006  1.2065742742E+004
  1.1730003134E+006  1.2052631361E+004
  1.1747001703E+006  1.2039560512E+004
  1.1764002023E+006  1.2026508366E+004
  1.1781002452E+006  1.2013455155E+004
  1.1798003002E+006  1.2000390481E+004
  1.1815002052E+006  1.1987305144E+004
  1.1832002839E+006  1.1974184521E+004
  1.1849002108E+006  1.1961021541E+004
  1.1866003134E+006  1.1947802494E+004
  1.1883002648E+006  1.1934524423E+004
  1.1900002267E+006  1.1921184464E+004
  1.1917001997E+006  1.1907784714E+004
  1.1934001847E+006  1.1894330644E+004
  1.1951001811E+006  1.1880832857E+004
  1.1968001891E+006  1.1867305057E+004
  1.1985002089E+006  1.1853758307E+004
  1.2002002389E+006  1.1840204657E+004
  1.2019002815E+006  1.1826656038E+004
  1.2036001753E+006  1.1813124675E+004
  1.2053002446E+006  1.1799617168E+004
  1.2070003245E+006  1.1786141689E+004
  1.2087002546E+006  1.1772703684E+004
  1.2104001998E+006  1.1759302965E+004
  1.2121003208E+006  1.1745936341E+004
  1.2138002929E+006  1.1732602586E+004
  1.2155002780E+006  1.1719295212E+004
  1.2172002771E+006  1.1706008088E+004
  1.2189002898E+006  1.1692734795E+004
  1.2206003186E+006  1.1679469149E+004
  1.2223002002E+006  1.1666206942E+004
  1.2240002561E+006  1.1652941668E+004
  1.2257001630E+006  1.1639673926E+004
  1.2274002494E+006  1.1626399064E+004
  1.2291001895E+006  1.1613118763E+004
  1.2308003042E+006  1.1599830862E+004
  1.2325002694E+006  1.1586539281E+004
  1.2342002499E+006  1.1573244891E+004
  1.2359002455E+006  1.1559950088E+004
  1.2376002543E+006  1.1546657444E+004
  1.2393002761E+006  1.1533369524E+004
  1.2410003112E+006  1.1520089315E+004
  1.2427001964E+006  1.1506830039E+004
  1.2444002586E+006  1.1493595459E+004
  1.2461001718E+006  1.1480391127E+004
  1.2478002592E+006  1.1467215424E+004
  1.2495001953E+006  1.1454070942E+004
  1.2512003073E+006  1.1440953290E+004
  1.2529002697E+006  1.1427861843E+004
  1.2546002429E+006  1.1414791136E+004
  1.2563002276E+006  1.1401735971E+004
  1.2580002234E+006  1.1388690188E+004
  1.2597002308E+006  1.1375646793E+004
  1.2614002495E+006  1.1362598167E+004
  1.2631002802E+006  1.1349536098E+004
  1.2648003211E+006  1.1336451838E+004
  1.2665002102E+006  1.1323337321E+004
  1.2682002736E+006  1.1310178187E+004
  1.2699001861E+006  1.1296964000E+004
  1.2716002718E+006  1.1283682327E+004
  1.2733002063E+006  1.1270325340E+004
  1.2750003156E+006  1.1256879828E+004
  1.2767002729E+006  1.1243337726E+004
  1.2784002418E+006  1.1229687451E+004
  1.2801002240E+006  1.1215919597E+004
  1.2818002195E+006  1.1202015201E+004
  1.2835002257E+006  1.1187965612E+004
  1.2852002435E+006  1.1173773807E+004
  1.2869002765E+006  1.1159448647E+004
  1.2886003230E+006  1.1145007568E+004
  1.2903002199E+006  1.1130480058E+004
  1.2920002918E+006  1.1115904369E+004
  1.2937002159E+006  1.1101339437E+004
  1.2954003161E+006  1.1086856915E+004
  1.2971002688E+006  1.1072553414E+004
  1.2988002358E+006  1.1058541514E+004
  1.3005002155E+006  1.1044945480E+004
  1.3022002085E+006  1.1031901157E+004
  1.3039002169E+006  1.1019550042E+004
  1.3056002412E+006  1.1008030878E+004
  1.3073002778E+006  1.0997469953E+004
  1.3090001642E+006  1.0987972065E+004
  1.3107002276E+006  1.0979605773E+004
  1.3124003058E+006  1.0972376659E+004
  1.3141002348E+006  1.0966206621E+004
  1.3158001754E+006  1.0960952744E+004
  1.3175002907E+006  1.0956430686E+004
  1.3192002560E+006  1.0952446412E+004
  1.3209002359E+006  1.0948825752E+004
  1.3226002278E+006  1.0945419833E+004
  1.3243002304E+006  1.0942105010E+004
  1.3260002437E+006  1.0938784455E+004
  1.3277002706E+006  1.0935383906E+004
  1.3294003095E+006  1.0931838937E+004
  1.3311001958E+006  1.0928097013E+004
  1.3328002555E+006  1.0924114354E+004
  1.3345001639E+006  1.0919857609E+004
  1.3362002461E+006  1.0915300555E+004
  1.3379001765E+006  1.0910426385E+004
  1.3396002811E+006  1.0905226969E+004
  1.3413002333E+006  1.0899709987E+004
  1.3430001955E+006  1.0893892617E+004
  1.3447001697E+006  1.0887802087E+004
  1.3464003184E+006  1.0881476484E+004
  1.3481003153E+006  1.0874958615E+004
  1.3498003220E+006  1.0868290450E+004
  1.3515001794E+006  1.0861515298E+004
  1.3532002111E+006  1.0854670321E+004
  1.3549002540E+006  1.0847790488E+004
  1.3566003094E+006  1.0840907368E+004
  1.3583002156E+006  1.0834046877E+004
  1.3600002960E+006  1.0827224468E+004
  1.3617002257E+006  1.0820448037E+004
  1.3634001699E+006  1.0813714445E+004
  1.3651002900E+006  1.0807014525E+004
  1.3668002605E+006  1.0800332881E+004
  1.3685002432E+006  1.0793647883E+004
  1.3702002404E+006  1.0786937110E+004
  1.3719002516E+006  1.0780178825E+004
  1.3736002768E+006  1.0773353486E+004
  1.3753003156E+006  1.0766444685E+004
  1.3770002043E+006  1.0759440239E+004
  1.3787002693E+006  1.0752329658E+004
  1.3804001864E+006  1.0745110084E+004
  1.3821002807E+006  1.0737778397E+004
  1.3838002238E+006  1.0730335631E+004
  1.3855001797E+006  1.0722782912E+004
  1.3872003125E+006  1.0715121197E+004
  1.3889002965E+006  1.0707357206E+004
  1.3906002929E+006  1.0699498407E+004
  1.3923003011E+006  1.0691555709E+004
  1.3940003216E+006  1.0683542797E+004
  1.3957001915E+006  1.0675477280E+004
  1.3974002381E+006  1.0667375796E+004
  1.3991002964E+006  1.0659258515E+004
  1.4008002021E+006  1.0651146521E+004
  1.4025002804E+006  1.0643058967E+004
  1.4042002099E+006  1.0635017917E+004
  1.4059003138E+006  1.0627041585E+004
  1.4076002639E+006  1.0619149851E+004
  1.4093002237E+006  1.0611358763E+004
  1.4110001954E+006  1.0603682230E+004
  1.4127001789E+006  1.0596130849E+004
  1.4144001721E+006  1.0588710161E+004
  1.4161001758E+006  1.0581417974E+004
  1.4178001900E+006  1.0574247720E+004
  1.4195002142E+006  1.0567188530E+004
  1.4212002504E+006  1.0560225381E+004
  1.4229002981E+006  1.0553340549E+004
  1.4246001936E+006  1.0546515170E+004
  1.4263002615E+006  1.0539727259E+004
  1.4280001800E+006  1.0532957394E+004
  1.4297002733E+006  1.0526192128E+004
  1.4314002156E+006  1.0519421858E+004
  1.4331001693E+006  1.0512627435E+004
  1.4348002982E+006  1.0505792434E+004
  1.4365002772E+006  1.0498905500E+004
  1.4382002688E+006  1.0491956082E+004
  1.4399002739E+006  1.0484936017E+004
  1.4416002913E+006  1.0477838848E+004
  1.4433003213E+006  1.0470660893E+004
  1.4450002021E+006  1.0463401066E+004
  1.4467002592E+006  1.0456057116E+004
  1.4484001667E+006  1.0448630660E+004
  1.4501002498E+006  1.0441123797E+004
  1.4518001842E+006  1.0433543204E+004
  1.4535002933E+006  1.0425894578E+004
  1.4552002531E+006  1.0418188231E+004
  1.4569002267E+006  1.0410433495E+004
  1.4586002140E+006  1.0402641824E+004
  1.4603002118E+006  1.0394826004E+004
  1.4620002226E+006  1.0386999516E+004
  1.4637002476E+006  1.0379175985E+004
  1.4654002849E+006  1.0371369594E+004
  1.4671001710E+006  1.0363595183E+004
  1.4688002313E+006  1.0355864916E+004
  1.4705003042E+006  1.0348192450E+004
  1.4722002262E+006  1.0340590458E+004
  1.4739003232E+006  1.0333068282E+004
  1.4756002690E+006  1.0325636646E+004
  1.4773002248E+006  1.0318302335E+004
  1.4790001913E+006  1.0311070768E+004
  1.4807001707E+006  1.0303944932E+004
  1.4824003246E+006  1.0296924047E+004
  1.4841003242E+006  1.0290006501E+004
  1.4858001714E+006  1.0283186695E+004
  1.4875001931E+006  1.0276455366E+004
  1.4892002270E+006  1.0269803190E+004
  1.4909002704E+006  1.0263218646E+004
  1.4926003237E+006  1.0256689144E+004
  1.4943002246E+006  1.0250202106E+004
  1.4960002993E+006  1.0243742655E+004
  1.4977002234E+006  1.0237299036E+004
  1.4994003202E+006  1.0230857893E+004
  1.5011002641E+006  1.0224409292E+004
  1.5028002189E+006  1.0217942370E+004
  1.5045001872E+006  1.0211448004E+004
  1.5062001670E+006  1.0204918293E+004
  1.5079003200E+006  1.0198345944E+004
  1.5096003221E+006  1.0191726745E+004
  1.5113001743E+006  1.0185056374E+004
  1.5130002021E+006  1.0178330276E+004
  1.5147002423E+006  1.0171546873E+004
  1.5164002954E+006  1.0164705023E+004
  1.5181001975E+006  1.0157805062E+004
  1.5198002753E+006  1.0150845638E+004
  1.5215002049E+006  1.0143829257E+004
  1.5232003104E+006  1.0136756250E+004
  1.5249002649E+006  1.0129629421E+004
  1.5266002320E+006  1.0122451324E+004
  1.5283002140E+006  1.0115226270E+004
  1.5300002082E+006  1.0107959491E+004
  1.5317002146E+006  1.0100656999E+004
  1.5334002343E+006  1.0093325265E+004
  1.5351002673E+006  1.0085971128E+004
  1.5368003117E+006  1.0078601685E+004
  1.5385002063E+006  1.0071224848E+004
  1.5402002768E+006  1.0063846419E+004
  1.5419001964E+006  1.0056474894E+004
  1.5436002898E+006  1.0049115689E+004
  1.5453002322E+006  1.0041776743E+004
  1.5470001872E+006  1.0034463416E+004
  1.5487003158E+006  1.0027180420E+004
  1.5504002930E+006  1.0019933826E+004
  1.5521002811E+006  1.0012726838E+004
  1.5538002795E+006  1.0005562278E+004
  1.5555002892E+006  9.9984420114E+003
  1.5572003103E+006  9.9913669806E+003
  1.5589001794E+006  9.9843377785E+003
  1.5606002196E+006  9.9773520367E+003
  1.5623002710E+006  9.9704083187E+003
  1.5640001710E+006  9.9635043743E+003
  1.5657002444E+006  9.9566352794E+003
  1.5674001646E+006  9.9497981985E+003
  1.5691002574E+006  9.9429872850E+003
  1.5708001982E+006  9.9361986322E+003
  1.5725003130E+006  9.9294254558E+003
  1.5742002766E+006  9.9226644902E+003
  1.5759002497E+006  9.9159107272E+003
  1.5776002323E+006  9.9091600860E+003
  1.5793002269E+006  9.9024079308E+003
  1.5810002348E+006  9.8956505544E+003
  1.5827002533E+006  9.8888853013E+003
  1.5844002814E+006  9.8821100683E+003
  1.5861003220E+006  9.8753232768E+003
  1.5878002134E+006  9.8685247664E+003
  1.5895002798E+006  9.8617128864E+003
  1.5912001947E+006  9.8548891171E+003
  1.5929002849E+006  9.8480560756E+003
  1.5946002245E+006  9.8412176951E+003
  1.5963001773E+006  9.8343744195E+003
