  0.0000000000E+000  0.0000000000E+000
  1.7002712042E+003  2.8942891337E+004
  3.4001923563E+003  2.8772603670E+004
  5.1001744457E+003  2.8597012416E+004
  6.8002993626E+003  2.8418690579E+004
  8.5002103993E+003  2.8241176391E+004
  1.0200167711E+004  2.8068327543E+004
  1.1900263106E+004  2.7896571123E+004
  1.3600164208E+004  2.7718872093E+004
  1.5300209269E+004  2.7534828474E+004
  1.7000265281E+004  2.7347230673E+004
  1.8700294879E+004  2.7157900666E+004
  2.0400280277E+004  2.6967663266E+004
  2.2100161851E+004  2.6776838480E+004
  2.3800297122E+004  2.6585546580E+004
  2.5500155327E+004  2.6393938125E+004
  2.7200254505E+004  2.6201947036E+004
  2.8900289451E+004  2.6009333794E+004
  3.0600238358E+004  2.5815835943E+004
  3.2300169419E+004  2.5624462281E+004
  3.4000234585E+004  2.5436598344E+004
  3.5700161703E+004  2.5252786171E+004
  3.7400153303E+004  2.5075921414E+004
  3.9100221483E+004  2.4919207801E+004
  4.0800252730E+004  2.4758087833E+004
  4.2500171288E+004  2.4582150465E+004
  4.4200253448E+004  2.4405869758E+004
  4.5900250195E+004  2.4229590414E+004
  4.7600294031E+004  2.4053365413E+004
  4.9300202671E+004  2.3877467579E+004
  5.1000226392E+004  2.3701796368E+004
  5.2700156140E+004  2.3525769441E+004
  5.4400302613E+004  2.3349221121E+004
  5.6100154675E+004  2.3172353702E+004
  5.7800159284E+004  2.2995545890E+004
  5.9500182242E+004  2.2818605013E+004
  6.1200198928E+004  2.2641322638E+004
  6.2900191099E+004  2.2463634609E+004
  6.4600264099E+004  2.2285505821E+004
  6.6300260406E+004  2.2106978146E+004
  6.8000170708E+004  2.1928247639E+004
  6.9700186167E+004  2.1749203234E+004
  7.1400173050E+004  2.1569767912E+004
  7.3100260580E+004  2.1389834164E+004
  7.4800177159E+004  2.1209370965E+004
  7.6500190444E+004  2.1028305886E+004
  7.8200206792E+004  2.0846650845E+004
  7.9900176058E+004  2.0664550488E+004
  8.1600303051E+004  2.0481835186E+004
  8.3300263447E+004  2.0298281879E+004
  8.5000170014E+004  2.0113716351E+004
  8.6700168704E+004  1.9927989691E+004
  8.8400258074E+004  1.9740975367E+004
  9.0100237643E+004  1.9552586551E+004
  9.1800194689E+004  1.9362731501E+004
  9.3500184030E+004  1.9171442745E+004
  9.5200176646E+004  1.8979047513E+004
  9.6900284970E+004  1.8786199707E+004
  9.8600287796E+004  1.8594043346E+004
  1.0030023547E+005  1.8405675345E+004
  1.0200028363E+005  1.8215874224E+004
  1.0370023342E+005  1.8024175449E+004
  1.0540026004E+005  1.7831152516E+004
  1.0710030211E+005  1.7637139127E+004
  1.0880025382E+005  1.7442390720E+004
  1.1050024633E+005  1.7247118045E+004
  1.1220015324E+005  1.7051561298E+004
  1.1390022673E+005  1.6855910965E+004
  1.1560024381E+005  1.6660309141E+004
  1.1730016647E+005  1.6464439939E+004
  1.1900029520E+005  1.6268268424E+004
  1.2070024305E+005  1.6071906630E+004
  1.2240022289E+005  1.5875397905E+004
  1.2410027318E+005  1.5678805307E+004
  1.2580023685E+005  1.5482213040E+004
  1.2750024924E+005  1.5285669307E+004
  1.2920024715E+005  1.5089241760E+004
  1.3090016837E+005  1.4892990520E+004
  1.3260027983E+005  1.4696943983E+004
  1.3430029625E+005  1.4501303390E+004
  1.3600015638E+005 -1.6462705361E+004
  1.3770021738E+005 -1.6851034602E+004
  1.3940022342E+005 -1.7244435974E+004
  1.4110030323E+005 -1.7651267188E+004
  1.4280025013E+005 -1.8078575183E+004
  1.4450016715E+005 -1.8533453507E+004
  1.4620016746E+005 -1.9024194551E+004
  1.4790017689E+005 -1.9561305410E+004
  1.4960022857E+005 -2.0157224583E+004
  1.5130015580E+005 -2.0587225353E+004
  1.5300030175E+005 -2.0870111310E+004
  1.5470026246E+005 -2.1157563536E+004
  1.5640029525E+005 -2.1450021266E+004
  1.5810017736E+005 -2.1747932917E+004
  1.5980017509E+005 -2.2051788923E+004
  1.6150023672E+005 -2.2362021375E+004
  1.6320029241E+005 -2.2679088336E+004
  1.6490024498E+005 -2.3006847012E+004
  1.6660023610E+005 -2.3354995125E+004
  1.6830015566E+005 -2.3722507364E+004
  1.7000020839E+005 -2.4101115172E+004
  1.7170019766E+005 -2.4473305068E+004
  1.7340017027E+005 -2.4817253150E+004
  1.7510023368E+005 -2.5122615369E+004
  1.7680020192E+005 -2.5401456504E+004
  1.7850016154E+005 -2.5665768191E+004
  1.8020017117E+005 -2.5923029722E+004
  1.8190022818E+005 -2.6177169686E+004
  1.8360022655E+005 -2.6430114255E+004
  1.8530022002E+005 -2.6682853345E+004
  1.8700015452E+005 -2.6935932848E+004
  1.8870021206E+005 -2.7189754837E+004
  1.9040019951E+005 -2.7444599300E+004
  1.9210023138E+005 -2.7700780485E+004
  1.9380023786E+005 -2.7958333383E+004
  1.9550030414E+005 -2.8216742265E+004
  1.9720028288E+005 -2.8475845707E+004
  1.9890020485E+005 -2.8735515674E+004
  2.0060028206E+005 -2.8995644349E+004
  2.0230015553E+005 -2.9256040762E+004
  2.0400030174E+005 -2.9516639128E+004
  2.0570020974E+005 -2.9777213071E+004
  2.0740029946E+005 -3.0037670919E+004
  2.0910020656E+005 -3.0297798065E+004
  2.1080017834E+005 -3.0557476818E+004
  2.1250022763E+005 -3.0816562540E+004
  2.1420022944E+005 -3.1074904050E+004
  2.1590024942E+005 -3.1332397787E+004
  2.1760021650E+005 -3.1588940524E+004
  2.1930028405E+005 -3.1844480916E+004
  2.2100026385E+005 -3.2098934158E+004
  2.2270027211E+005 -3.2352283875E+004
  2.2440023391E+005 -3.2604504854E+004
  2.2610026112E+005 -3.2856709466E+004
  2.2780022623E+005 -3.3111330591E+004
  2.2950015823E+005 -3.3367994677E+004
  2.3120027175E+005 -3.3626347829E+004
  2.3290017204E+005 -3.3885943952E+004
  2.3460016126E+005 -3.4146372028E+004
  2.3630021131E+005 -3.4407187836E+004
  2.3800028067E+005 -3.4667882779E+004
  2.3970030125E+005 -3.4927841761E+004
  2.4140024082E+005 -3.5183855804E+004
  2.4310027209E+005 -3.5439049495E+004
  2.4480027899E+005 -3.5690642321E+004
  2.4650017553E+005 -3.5937680008E+004
  2.4820016754E+005 -3.6180459736E+004
  2.4990023487E+005 -3.6419851921E+004
  2.5160019776E+005 -3.6656882385E+004
  2.5330017538E+005 -3.6892522099E+004
  2.5500025534E+005 -3.7127459614E+004
  2.5670025891E+005 -3.7362045981E+004
  2.5840020688E+005 -3.7596464485E+004
  2.6010029286E+005 -3.7830813903E+004
  2.6180027769E+005 -3.8065087263E+004
  2.6350019814E+005 -3.8299302950E+004
  2.6520018924E+005 -3.8533489732E+004
  2.6690022399E+005 -3.8767637338E+004
  2.6860025950E+005 -3.9001714838E+004
  2.7030024084E+005 -3.9235696329E+004
  2.7200015596E+005 -3.9469584393E+004
  2.7370017935E+005 -3.9703385796E+004
  2.7540019311E+005 -3.9937060226E+004
  2.7710025828E+005 -4.0170724243E+004
  2.7880025834E+005 -4.0404428156E+004
  2.8050017432E+005 -4.0638204733E+004
  2.8220027897E+005 -4.0872114670E+004
  2.8390022127E+005 -4.1106128189E+004
  2.8560026150E+005 -4.1340296704E+004
  2.8730024179E+005 -4.1574611512E+004
  2.8900018427E+005 -4.1809086474E+004
  2.9070027909E+005 -4.2043756906E+004
  2.9240027722E+005 -4.2278596481E+004
  2.9410020287E+005 -4.2513615938E+004
  2.9580019062E+005 -4.2748838619E+004
  2.9750021163E+005 -4.2984251236E+004
  2.9920021878E+005 -4.3219820422E+004
  3.0090016411E+005 -4.3455515707E+004
  3.0260020554E+005 -4.3691352568E+004
  3.0430022027E+005 -4.3927322206E+004
  3.0600024465E+005 -4.4163444539E+004
  3.0770017500E+005 -4.4399721078E+004
  3.0940017848E+005 -4.4636189546E+004
  3.1110023791E+005 -4.4872860056E+004
  3.1280017192E+005 -4.5109717905E+004
  3.1450023734E+005 -4.5346807787E+004
  3.1620024597E+005 -4.5584111002E+004
  3.1790020464E+005 -4.5821634960E+004
  3.1960028976E+005 -4.6059410108E+004
  3.2130023856E+005 -4.6297404844E+004
  3.2300025217E+005 -4.6535651747E+004
  3.2470018475E+005 -4.6774133374E+004
  3.2640016285E+005 -4.7012868892E+004
  3.2810015790E+005 -4.7251851897E+004
  3.2980028286E+005 -4.7490988909E+004
  3.3150020355E+005 -4.7730306209E+004
  3.3320023015E+005 -4.7969915418E+004
  3.3490023402E+005 -4.8209799295E+004
  3.3660025996E+005 -4.8449958773E+004
  3.3830020001E+005 -4.8690377995E+004
  3.4000020778E+005 -4.8931080250E+004
  3.4170025715E+005 -4.9172063666E+004
  3.4340016680E+005 -4.9413304185E+004
  3.4510019716E+005 -4.9654840366E+004
  3.4680017629E+005 -4.9896648525E+004
  3.4850027074E+005 -5.0138748190E+004
  3.5020019716E+005 -5.0381089428E+004
  3.5190030282E+005 -5.0623713914E+004
  3.5360016837E+005 -5.0866560260E+004
  3.5530024939E+005 -5.1109696708E+004
  3.5700021773E+005 -5.1353042873E+004
  3.5870019081E+005 -5.1596558330E+004
  3.6040028076E+005 -5.1840308786E+004
  3.6210017121E+005 -5.2084311797E+004
  3.6380017968E+005 -5.2328641327E+004
  3.6550017951E+005 -5.2573288039E+004
  3.6720021383E+005 -5.2818261822E+004
  3.6890015908E+005 -5.3063547866E+004
  3.7060015932E+005 -5.3309169825E+004
  3.7230019397E+005 -5.3555127467E+004
  3.7400023166E+005 -5.3801418819E+004
  3.7570023386E+005 -5.4048040762E+004
  3.7740018685E+005 -5.4294993708E+004
  3.7910026061E+005 -5.4542304769E+004
  3.8080018276E+005 -5.4789936708E+004
  3.8250029731E+005 -5.5037942050E+004
  3.8420016795E+005 -5.5286259541E+004
  3.8590023928E+005 -5.5534956550E+004
  3.8760018950E+005 -5.5783988480E+004
  3.8930029084E+005 -5.6033397703E+004
  3.9100020111E+005 -5.6283136520E+004
  3.9270021943E+005 -5.6533251398E+004
  3.9440021012E+005 -5.6783724982E+004
  3.9610020426E+005 -5.7034564465E+004
  3.9780024438E+005 -5.7285778796E+004
  3.9950019228E+005 -5.7537350230E+004
  4.0120018664E+005 -5.7789302010E+004
  4.0290020382E+005 -5.8041633427E+004
  4.0460021156E+005 -5.8294342503E+004
  4.0630018331E+005 -5.8547428122E+004
  4.0800026706E+005 -5.8800915227E+004
  4.0970017494E+005 -5.9054763788E+004
  4.1140024373E+005 -5.9309027049E+004
  4.1310020697E+005 -5.9563668164E+004
  4.1480022876E+005 -5.9818714716E+004
  4.1650029354E+005 -6.0074167463E+004
  4.1820022550E+005 -6.0330003037E+004
  4.1990029565E+005 -6.0586265339E+004
  4.2160017284E+005 -6.0842907208E+004
  4.2330016782E+005 -6.1099974390E+004
  4.2500029993E+005 -6.1357460655E+004
  4.2670029280E+005 -6.1615312248E+004
  4.2840017863E+005 -6.1873527057E+004
  4.3010027138E+005 -6.2132152354E+004
  4.3180025419E+005 -6.2391143740E+004
  4.3350025424E+005 -6.2650526216E+004
  4.3520023406E+005 -6.2910300286E+004
  4.3690017216E+005 -6.3170466635E+004
  4.3860023219E+005 -6.3430995510E+004
  4.4030028039E+005 -6.3691809816E+004
  4.4200019564E+005 -6.3952946714E+004
  4.4370015928E+005 -6.4214492006E+004
  4.4540017426E+005 -6.4476470409E+004
  4.4710022533E+005 -6.4738887091E+004
  4.4880028782E+005 -6.5001741859E+004
  4.5050017751E+005 -6.5265009455E+004
  4.5220018031E+005 -6.5528737420E+004
  4.5390030486E+005 -6.5792930373E+004
  4.5560026902E+005 -6.6057547543E+004
  4.5730025868E+005 -6.6322620840E+004
  4.5900029941E+005 -6.6588157243E+004
  4.6070023525E+005 -6.6854135277E+004
  4.6240020141E+005 -6.7120578882E+004
  4.6410017494E+005 -6.7387487156E+004
  4.6580027701E+005 -6.7654881758E+004
  4.6750019072E+005 -6.7922715313E+004
  4.6920023129E+005 -6.8191039854E+004
  4.7090026652E+005 -6.8459836889E+004
  4.7260017684E+005 -6.8729089687E+004
  4.7430029110E+005 -6.8998852389E+004
  4.7600029997E+005 -6.9269077491E+004
  4.7770018322E+005 -6.9539762797E+004
  4.7940021927E+005 -6.9810953680E+004
  4.8110022856E+005 -7.0082622237E+004
  4.8280020626E+005 -7.0354760794E+004
  4.8450016143E+005 -7.0627338913E+004
  4.8620026670E+005 -7.0900338193E+004
  4.8790025066E+005 -7.1173683851E+004
  4.8960028578E+005 -7.1447395558E+004
  4.9130021218E+005 -7.1721454227E+004
  4.9300016313E+005 -7.1995893553E+004
  4.9470026325E+005 -7.2270746425E+004
  4.9640018169E+005 -7.2545970591E+004
  4.9810022043E+005 -7.2821624045E+004
  4.9980024071E+005 -7.3097691439E+004
  5.0150026685E+005 -7.3374182035E+004
  5.0320017526E+005 -7.3651079206E+004
  5.0490028315E+005 -7.3928436161E+004
  5.0660027758E+005 -7.4206201693E+004
  5.0830029516E+005 -7.4484396539E+004
  5.1000015406E+005 -7.4762988233E+004
  5.1170028718E+005 -7.5042034988E+004
  5.1340023631E+005 -7.5321448811E+004
  5.1510017037E+005 -7.5601266201E+004
  5.1680026742E+005 -7.5881512309E+004
  5.1850025011E+005 -7.6162132308E+004
  5.2020027925E+005 -7.6443142346E+004
  5.2190019044E+005 -7.6724503779E+004
  5.2360027091E+005 -7.7006249264E+004
  5.2530019151E+005 -7.7288284624E+004
  5.2700023579E+005 -7.7570574346E+004
  5.2870025083E+005 -7.7853009237E+004
  5.3040025147E+005 -7.8135543672E+004
  5.3210026606E+005 -7.8418165995E+004
  5.3380017070E+005 -7.8700852641E+004
  5.3550027248E+005 -7.8983651900E+004
  5.3720025377E+005 -7.9266502243E+004
  5.3890024779E+005 -7.9549408764E+004
  5.4060022943E+005 -7.9832405400E+004
  5.4230018202E+005 -8.0115542120E+004
  5.4400026105E+005 -8.0398798960E+004
  5.4570017905E+005 -8.0682096572E+004
  5.4740026630E+005 -8.0965464891E+004
  5.4910024146E+005 -8.1248831202E+004
  5.5080026061E+005 -8.1532192631E+004
  5.5250015845E+005 -8.1815488955E+004
  5.5420021752E+005 -8.2098730396E+004
  5.5590025887E+005 -8.2381846424E+004
  5.5760027111E+005 -8.2664791001E+004
  5.5930026228E+005 -8.2947517901E+004
  5.6100024895E+005 -8.3229978386E+004
  5.6270025551E+005 -8.3512110989E+004
  5.6440030251E+005 -8.3793812781E+004
  5.6610023908E+005 -8.4074935094E+004
  5.6780020347E+005 -8.4355404270E+004
  5.6950017434E+005 -8.4635132960E+004
  5.7120027819E+005 -8.4914083052E+004
  5.7290019986E+005 -8.5192163267E+004
  5.7460025520E+005 -8.5469376562E+004
  5.7630015711E+005 -8.5745615884E+004
  5.7800023670E+005 -8.6020864026E+004
  5.7970020376E+005 -8.6294993451E+004
  5.8140020821E+005 -8.6567939784E+004
  5.8310023868E+005 -8.6839605900E+004
  5.8480027287E+005 -8.7109888193E+004
  5.8650028608E+005 -8.7378680278E+004
  5.8820027005E+005 -8.7645878973E+004
  5.8990023648E+005 -8.7911388703E+004
  5.9160020662E+005 -8.8175124959E+004
  5.9330020428E+005 -8.8437019846E+004
  5.9500024378E+005 -8.8694877095E+004
  5.9670016685E+005 -8.8951662700E+004
  5.9840026302E+005 -8.9208273037E+004
  6.0010020561E+005 -8.9464255390E+004
  6.0180027938E+005 -8.9719390926E+004
  6.0350017591E+005 -8.9973567470E+004
  6.0520020926E+005 -9.0226917217E+004
  6.0690024691E+005 -9.0479539437E+004
  6.0860016288E+005 -9.0731579857E+004
  6.1030027458E+005 -9.0983302206E+004
  6.1200026720E+005 -9.1234929757E+004
  6.1370027625E+005 -9.1486802819E+004
  6.1540027999E+005 -9.1739281937E+004
  6.1710026165E+005 -9.1992760089E+004
  6.1880022099E+005 -9.2247647572E+004
  6.2050016814E+005 -9.2504350183E+004
  6.2220027592E+005 -9.2763269571E+004
  6.2390026235E+005 -9.3024686787E+004
  6.2560028929E+005 -9.3288879743E+004
  6.2730019704E+005 -9.3553805956E+004
  6.2900027245E+005 -9.3817702026E+004
  6.3070018630E+005 -9.4080622773E+004
  6.3240022846E+005 -9.4342657828E+004
  6.3410024944E+005 -9.4603804883E+004
  6.3580026266E+005 -9.4864076011E+004
  6.3750028780E+005 -9.5123479994E+004
  6.3920019359E+005 -9.5381993802E+004
  6.4090029052E+005 -9.5639658807E+004
  6.4260026488E+005 -9.5896450840E+004
  6.4430025127E+005 -9.6152456078E+004
  6.4600022730E+005 -9.6407861264E+004
  6.4770017932E+005 -9.6663638401E+004
  6.4940026256E+005 -9.6927302155E+004
  6.5110018737E+005 -9.7277109130E+004
  6.5280028216E+005 -9.8478170713E+004
  6.5450026016E+005 -9.6259038380E+004
  6.5620027382E+005 -9.8350937800E+004
  6.5790016021E+005 -9.9298888459E+004
  6.5960020900E+005 -1.0223233712E+005
  6.6130024703E+005 -1.0514422603E+005
  6.6300026086E+005 -1.0757610776E+005
  6.6470025503E+005 -1.0893528759E+005
  6.6640024602E+005 -1.0986758785E+005
  6.6810025753E+005 -1.0935077738E+005
  6.6980015334E+005 -1.0579804859E+005
  6.7150023622E+005 -1.0002109515E+005
  6.7320019003E+005 -9.3895905700E+004
  6.7490030169E+005 -4.1857880859E+004
  6.7660024709E+005 -3.3397593053E+004
  6.7830017078E+005 -2.2610059899E+004
  6.8000023026E+005 -1.7503942077E+003
  6.8170028854E+005  3.5804552616E+004
  6.8340021581E+005  1.2672471546E+005
  6.8510018074E+005  2.4826942625E+005
  6.8680018062E+005  4.2608761546E+005
  6.8850020110E+005  6.7063238555E+005
  6.9020022299E+005  1.0044418523E+006
  6.9190022871E+005  1.4572820563E+006
  6.9360021325E+005  2.0416097381E+006
  6.9530018442E+005  2.7749829621E+006
  6.9700015868E+005  3.6672197474E+006
  6.9870015686E+005  4.7598036786E+006
  7.0040019032E+005  6.0430162381E+006
  7.0210025652E+005  7.5199669836E+006
  7.0380019014E+005  9.1886623723E+006
  7.0550027645E+005  1.1042862967E+007
  7.0720019027E+005  1.3007489114E+007
  7.0890023512E+005  1.5181702221E+007
  7.1060027058E+005  1.7499515721E+007
  7.1230016042E+005  1.9940845144E+007
  7.1400022899E+005  2.2483968467E+007
  7.1570017871E+005  2.5104823620E+007
  7.1740015836E+005  2.7779457013E+007
  7.1910015624E+005  3.0483947327E+007
  7.2080030331E+005  3.3195601300E+007
  7.2250027919E+005  3.5980374194E+007
  7.2420023443E+005  3.8631484873E+007
  7.2590018034E+005  4.1229770824E+007
  7.2760028859E+005  4.3762079492E+007
  7.2930027319E+005  4.6216347487E+007
  7.3100029336E+005  4.8583878638E+007
  7.3270018744E+005  5.0857697398E+007
  7.3440024744E+005  5.3033465749E+007
  7.3610030289E+005  5.5108165994E+007
  7.3780018689E+005  5.7080572885E+007
  7.3950020508E+005  5.8951356425E+007
  7.4120021564E+005  6.0722100969E+007
  7.4290023817E+005  6.2396124195E+007
  7.4460029152E+005  6.3977513575E+007
  7.4630022727E+005  6.5470572175E+007
  7.4800018870E+005  6.6879964558E+007
  7.4970016017E+005  6.8210340163E+007
  7.5140027551E+005  6.9466707362E+007
  7.5310021934E+005  7.0653672062E+007
  7.5480030097E+005  7.1776104936E+007
  7.5650022546E+005  7.2838331196E+007
  7.5820016333E+005  7.3844714264E+007
  7.5990028467E+005  7.4799264677E+007
  7.6160028766E+005  7.5705648685E+007
  7.6330016300E+005  7.6733782868E+007
  7.6500019750E+005  7.7565324067E+007
  7.6670022095E+005  7.8367460509E+007
  7.6840022594E+005  7.9142463367E+007
  7.7010021717E+005  7.9892428749E+007
  7.7180020706E+005  8.0619261092E+007
  7.7350021344E+005  8.1324657135E+007
  7.7520025111E+005  8.2010182410E+007
  7.7690016822E+005  8.2678883863E+007
  7.7860026004E+005  8.3334664002E+007
  7.8030020548E+005  8.3980976410E+007
  7.8200029113E+005  8.4621705444E+007
  7.8370020405E+005  8.5260288890E+007
  7.8540025676E+005  8.5899869376E+007
  7.8710015905E+005  8.6542904335E+007
  7.8880023451E+005  8.7191693362E+007
  7.9050018870E+005  8.7847983250E+007
  7.9220017238E+005  8.8512866359E+007
  7.9390017536E+005  8.9186988251E+007
  7.9560018195E+005  8.9870863051E+007
  7.9730017569E+005  9.0564951836E+007
  7.9900030329E+005  9.1269698703E+007
  8.0070026619E+005  9.1985270650E+007
  8.0240023269E+005  9.2711984424E+007
  8.0410022246E+005  9.3450040889E+007
  8.0580024534E+005  9.4199538743E+007
  8.0750029608E+005  9.4960421166E+007
  8.0920020958E+005  9.5732272551E+007
  8.1090027603E+005  9.6514626242E+007
  8.1260017755E+005  9.7308468729E+007
  8.1430021459E+005  9.8112545972E+007
  8.1600024106E+005  9.8925404331E+007
  8.1770027347E+005  9.9746768797E+007
  8.1940017785E+005  1.0057601580E+008
  8.2110026767E+005  1.0141245037E+008
  8.2280023175E+005  1.0225543672E+008
  8.2450021006E+005  1.0310487757E+008
  8.2620018619E+005  1.0396039735E+008
  8.2790029932E+005  1.0482147860E+008
  8.2960024424E+005  1.0568763684E+008
  8.3130018247E+005  1.0655907073E+008
  8.3300028189E+005  1.0743603096E+008
  8.3470025338E+005  1.0831820029E+008
  8.3640025650E+005  1.0920528955E+008
  8.3810028639E+005  1.1009708998E+008
  8.3980017616E+005  1.1099354454E+008
  8.4150021323E+005  1.1189483173E+008
  8.4320023353E+005  1.1280075073E+008
  8.4490023936E+005  1.1371113310E+008
  8.4660024151E+005  1.1462577184E+008
  8.4830025507E+005  1.1554489092E+008
  8.5000029541E+005  1.1646851550E+008
  8.5170021281E+005  1.1739626278E+008
  8.5340015398E+005  1.1832787834E+008
  8.5510025903E+005  1.1926339258E+008
  8.5680020488E+005  1.2020291080E+008
  8.5850028672E+005  1.2114698630E+008
  8.6020020102E+005  1.2209569174E+008
  8.6190026625E+005  1.2304926009E+008
  8.6360019429E+005  1.2400756172E+008
  8.6530030206E+005  1.2497098188E+008
  8.6700028598E+005  1.2593872480E+008
  8.6870029108E+005  1.2690534417E+008
  8.7040030497E+005  1.2786556462E+008
  8.7210015865E+005  1.2881845745E+008
  8.7380030072E+005  1.2976591482E+008
  8.7550027774E+005  1.3070856659E+008
  8.7720025378E+005  1.3164547951E+008
  8.7890024662E+005  1.3257497066E+008
  8.8060026879E+005  1.3349663896E+008
  8.8230016746E+005  1.3441183305E+008
  8.8400023802E+005  1.3532253788E+008
  8.8570016007E+005  1.3622923350E+008
  8.8740022550E+005  1.3713107151E+008
  8.8910027611E+005  1.3802607148E+008
  8.9080016386E+005  1.3891286584E+008
  8.9250020469E+005  1.3979165757E+008
  8.9420026333E+005  1.4066359004E+008
  8.9590019937E+005  1.4152994928E+008
  8.9760016354E+005  1.4239150123E+008
  8.9930029842E+005  1.4324809569E+008
  9.0100028214E+005  1.4409869181E+008
  9.0270025418E+005  1.4494265752E+008
  9.0440021181E+005  1.4577981576E+008
  9.0610016127E+005  1.4661047228E+008
  9.0780026810E+005  1.4743509468E+008
  9.0950024103E+005  1.4825360254E+008
  9.1120024259E+005  1.4906567406E+008
  9.1290027157E+005  1.4987069414E+008
  9.1460016417E+005  1.5066819306E+008
  9.1630021021E+005  1.5145845401E+008
  9.1800024270E+005  1.5224215775E+008
  9.1970026083E+005  1.5302034519E+008
  9.2140027277E+005  1.5379385264E+008
  9.2310029126E+005  1.5456304174E+008
  9.2480017898E+005  1.5532765519E+008
  9.2650024781E+005  1.5608721842E+008
  9.2820018854E+005  1.5684092201E+008
  9.2990029584E+005  1.5758848004E+008
  9.3160024965E+005  1.5832967764E+008
  9.3330019090E+005  1.5906473810E+008
  9.3500026996E+005  1.5979394201E+008
  9.3670019028E+005  1.6051728348E+008
  9.3840027277E+005  1.6123488640E+008
  9.4010022726E+005  1.6194656620E+008
  9.4180021021E+005  1.6265241346E+008
  9.4350021509E+005  1.6335262596E+008
  9.4520023114E+005  1.6404755643E+008
  9.4690024485E+005  1.6473758889E+008
  9.4860024578E+005  1.6542297046E+008
  9.5030023346E+005  1.6610366893E+008
  9.5200021716E+005  1.6677934326E+008
  9.5370021194E+005  1.6744945747E+008
  9.5540023178E+005  1.6811347089E+008
  9.5710028057E+005  1.6877100791E+008
  9.5880019766E+005  1.6942188546E+008
  9.6050027586E+005  1.7006634176E+008
  9.6220019620E+005  1.7070455508E+008
  9.6390025657E+005  1.7133701696E+008
  9.6560015342E+005  1.7196377739E+008
  9.6730020051E+005  1.7258508902E+008
  9.6900025983E+005  1.7320100164E+008
  9.7070019240E+005  1.7381146315E+008
  9.7240015310E+005  1.7441647752E+008
  9.7410028667E+005  1.7501605261E+008
  9.7580027454E+005  1.7561008595E+008
  9.7750025524E+005  1.7619868745E+008
  9.7920022196E+005  1.7678195594E+008
  9.8090017898E+005  1.7736001843E+008
  9.8260028986E+005  1.7793306146E+008
  9.8430026331E+005  1.7850111395E+008
  9.8600026215E+005  1.7906435618E+008
  9.8770028661E+005  1.7962292146E+008
  9.8940017790E+005  1.8017691184E+008
  9.9110022774E+005  1.8072660561E+008
  9.9280026880E+005  1.8127215921E+008
  9.9450029523E+005  1.8181380606E+008
  9.9620016028E+005  1.8235175996E+008
  9.9790018167E+005  1.8288636684E+008
  9.9960022079E+005  1.8341778578E+008
  1.0013002857E+006  1.8394617291E+008
  1.0030002225E+006  1.8447160662E+008
  1.0047001758E+006  1.8499431048E+008
  1.0064002854E+006  1.8551473934E+008
  1.0081002337E+006  1.8603011365E+008
  1.0098001685E+006  1.8653285735E+008
  1.0115002480E+006  1.8701847467E+008
  1.0132001793E+006  1.8748626619E+008
  1.0149002829E+006  1.8793799397E+008
  1.0166002610E+006  1.8837605357E+008
  1.0183002626E+006  1.8880300097E+008
  1.0200002783E+006  1.8922108490E+008
  1.0217002954E+006  1.8963219322E+008
  1.0234003027E+006  1.9003783996E+008
  1.0251002977E+006  1.9043920552E+008
  1.0268002867E+006  1.9083682362E+008
  1.0285002818E+006  1.9123069613E+008
  1.0302002973E+006  1.9162057337E+008
  1.0319001872E+006  1.9200586692E+008
  1.0336002534E+006  1.9238589212E+008
  1.0353001794E+006  1.9275986758E+008
  1.0370002561E+006  1.9312734477E+008
  1.0387001690E+006  1.9348802826E+008
  1.0404002241E+006  1.9384205130E+008
  1.0421002754E+006  1.9418970185E+008
  1.0438001822E+006  1.9453145466E+008
  1.0455002623E+006  1.9486798688E+008
  1.0472002167E+006  1.9519989780E+008
  1.0489001937E+006  1.9552781970E+008
  1.0506001810E+006  1.9585235768E+008
  1.0523001651E+006  1.9617408600E+008
  1.0540002901E+006  1.9649339078E+008
  1.0557002521E+006  1.9681032888E+008
  1.0574002128E+006  1.9712486811E+008
  1.0591001839E+006  1.9743684905E+008
  1.0608001772E+006  1.9774600067E+008
  1.0625001960E+006  1.9805188559E+008
  1.0642002350E+006  1.9835401234E+008
  1.0659002842E+006  1.9865191409E+008
  1.0676001764E+006  1.9894518320E+008
  1.0693002088E+006  1.9923361715E+008
  1.0710002312E+006  1.9951707590E+008
  1.0727002532E+006  1.9979558112E+008
  1.0744002887E+006  2.0006927021E+008
  1.0761001950E+006  2.0033834572E+008
  1.0778002786E+006  2.0060314700E+008
  1.0795002277E+006  2.0086396029E+008
  1.0812001840E+006  2.0112116617E+008
  1.0829002881E+006  2.0137515084E+008
  1.0846002280E+006  2.0162622650E+008
  1.0863001586E+006  2.0187475622E+008
  1.0880002423E+006  2.0212108939E+008
  1.0897001882E+006  2.0236549416E+008
  1.0914001597E+006  2.0260820729E+008
  1.0931001556E+006  2.0284933669E+008
  1.0948001673E+006  2.0308890244E+008
  1.0965001833E+006  2.0332686229E+008
  1.0982001936E+006  2.0356313621E+008
  1.0999001930E+006  2.0379762227E+008
  1.1016001847E+006  2.0403015693E+008
  1.1033001789E+006  2.0426051476E+008
  1.1050001888E+006  2.0448845369E+008
  1.1067002242E+006  2.0471373622E+008
  1.1084002830E+006  2.0493614713E+008
  1.1101002046E+006  2.0515548934E+008
  1.1118002817E+006  2.0537167185E+008
  1.1135001976E+006  2.0558457664E+008
  1.1152002554E+006  2.0579421401E+008
  1.1169001551E+006  2.0600056667E+008
  1.1186002124E+006  2.0620373282E+008
  1.1203002866E+006  2.0640378787E+008
  1.1220002324E+006  2.0660083359E+008
  1.1237002015E+006  2.0679502472E+008
  1.1254001849E+006  2.0698650833E+008
  1.1271001695E+006  2.0717543865E+008
  1.1288002974E+006  2.0736199017E+008
  1.1305002617E+006  2.0754628739E+008
  1.1322002220E+006  2.0772850168E+008
  1.1339001895E+006  2.0790878041E+008
  1.1356001764E+006  2.0808726311E+008
  1.1373001870E+006  2.0826409096E+008
  1.1390002187E+006  2.0843938288E+008
  1.1407002629E+006  2.0861323931E+008
  1.1424001551E+006  2.0878572980E+008
  1.1441001902E+006  2.0895694730E+008
  1.1458002138E+006  2.0912691565E+008
  1.1475002347E+006  2.0929565629E+008
  1.1492002653E+006  2.0946317561E+008
  1.1509001637E+006  2.0962945158E+008
  1.1526002387E+006  2.0979448817E+008
  1.1543001802E+006  2.0995821421E+008
  1.1560002850E+006  2.1012060720E+008
  1.1577002359E+006  2.1028157903E+008
  1.1594001771E+006  2.1044108244E+008
  1.1611002618E+006  2.1059907080E+008
  1.1628001917E+006  2.1075545891E+008
  1.1645002845E+006  2.1091022477E+008
  1.1662002464E+006  2.1106329927E+008
  1.1679002330E+006  2.1121466478E+008
  1.1696002382E+006  2.1136430039E+008
  1.1713002512E+006  2.1151219654E+008
  1.1730002607E+006  2.1165835514E+008
  1.1747002606E+006  2.1180278987E+008
  1.1764002529E+006  2.1194552541E+008
  1.1781002447E+006  2.1208659604E+008
  1.1798002482E+006  2.1222604426E+008
  1.1815002733E+006  2.1236391882E+008
  1.1832001699E+006  2.1250026098E+008
  1.1849002373E+006  2.1263515218E+008
  1.1866001584E+006  2.1276862729E+008
  1.1883002268E+006  2.1290077087E+008
  1.1900002845E+006  2.1303163259E+008
  1.1917001832E+006  2.1316126276E+008
  1.1934002373E+006  2.1328974533E+008
  1.1951003045E+006  2.1341712701E+008
  1.1968002408E+006  2.1354345168E+008
  1.1985002000E+006  2.1366878234E+008
  1.2002001759E+006  2.1379318125E+008
  1.2019001572E+006  2.1391669609E+008
  1.2036002846E+006  2.1403937339E+008
  1.2053002491E+006  2.1416122172E+008
  1.2070002078E+006  2.1428227773E+008
  1.2087001702E+006  2.1440256184E+008
  1.2104003009E+006  2.1452209982E+008
  1.2121003014E+006  2.1464087954E+008
  1.2138001707E+006  2.1475890475E+008
  1.2155002072E+006  2.1487619513E+008
  1.2172002476E+006  2.1499273429E+008
  1.2189002816E+006  2.1510851272E+008
  1.2206001527E+006  2.1522350839E+008
  1.2223001710E+006  2.1533772799E+008
  1.2240001945E+006  2.1545114583E+008
  1.2257002358E+006  2.1556374589E+008
  1.2274003002E+006  2.1567551188E+008
  1.2291002325E+006  2.1578641739E+008
  1.2308001773E+006  2.1589645645E+008
  1.2325002768E+006  2.1600562493E+008
  1.2342002167E+006  2.1611394927E+008
  1.2359002999E+006  2.1622147658E+008
  1.2376002266E+006  2.1632817456E+008
  1.2393001594E+006  2.1643404224E+008
  1.2410002632E+006  2.1653908130E+008
  1.2427002384E+006  2.1664326787E+008
  1.2444002334E+006  2.1674660889E+008
  1.2461002392E+006  2.1684910463E+008
  1.2478002444E+006  2.1695075822E+008
  1.2495002421E+006  2.1705157571E+008
  1.2512002319E+006  2.1715156612E+008
  1.2529002191E+006  2.1725074091E+008
  1.2546002144E+006  2.1734911378E+008
  1.2563002284E+006  2.1744670028E+008
  1.2580002658E+006  2.1754351727E+008
  1.2597001697E+006  2.1763957314E+008
  1.2614002361E+006  2.1773490259E+008
  1.2631003011E+006  2.1782951510E+008
  1.2648002042E+006  2.1792342107E+008
  1.2665002523E+006  2.1801665718E+008
  1.2682003002E+006  2.1810923505E+008
  1.2699002059E+006  2.1820116612E+008
  1.2716002838E+006  2.1829248596E+008
  1.2733002305E+006  2.1838319623E+008
  1.2750001956E+006  2.1847332219E+008
  1.2767001698E+006  2.1856287982E+008
  1.2784002942E+006  2.1865189261E+008
  1.2801002561E+006  2.1874035778E+008
  1.2818002103E+006  2.1882829492E+008
  1.2835001659E+006  2.1891571497E+008
  1.2852002866E+006  2.1900263490E+008
  1.2869002752E+006  2.1908904623E+008
  1.2886002854E+006  2.1917496192E+008
  1.2903001587E+006  2.1926037683E+008
  1.2920001917E+006  2.1934530620E+008
  1.2937002216E+006  2.1942973999E+008
  1.2954002425E+006  2.1951367406E+008
  1.2971002565E+006  2.1959710245E+008
  1.2988002726E+006  2.1968001770E+008
  1.3005003027E+006  2.1976241103E+008
  1.3022002017E+006  2.1984426446E+008
  1.3039002744E+006  2.1992557959E+008
  1.3056002089E+006  2.2000632691E+008
  1.3073003013E+006  2.2008650452E+008
  1.3090002366E+006  2.2016608038E+008
  1.3107001633E+006  2.2024504332E+008
  1.3124002376E+006  2.2032338153E+008
  1.3141001625E+006  2.2040106192E+008
  1.3158002546E+006  2.2047807937E+008
  1.3175002159E+006  2.2055440088E+008
  1.3192001984E+006  2.2063001477E+008
  1.3209001947E+006  2.2070490250E+008
  1.3226001936E+006  2.2077904535E+008
  1.3243001863E+006  2.2085242569E+008
  1.3260001713E+006  2.2092502755E+008
  1.3277001528E+006  2.2099683646E+008
  1.3294002920E+006  2.2106784594E+008
  1.3311002936E+006  2.2113803209E+008
  1.3328001642E+006  2.2120738553E+008
  1.3345002084E+006  2.2127591048E+008
  1.3362002649E+006  2.2134359399E+008
  1.3379001705E+006  2.2141042509E+008
  1.3396002214E+006  2.2147641272E+008
  1.3413002642E+006  2.2154158075E+008
  1.3430003052E+006  2.2160599860E+008
  1.3447002007E+006  2.2166966798E+008
  1.3464002658E+006  2.2173260646E+008
  1.3481001989E+006  2.2179480996E+008
  1.3498003036E+006  2.2185629799E+008
  1.3515002674E+006  2.2191706893E+008
  1.3532002319E+006  2.2197713872E+008
  1.3549001888E+006  2.2203651874E+008
  1.3566002905E+006  2.2209522677E+008
  1.3583002381E+006  2.2215326590E+008
  1.3600001946E+006  2.2221065586E+008
  1.3617001693E+006  2.2226741167E+008
  1.3634001654E+006  2.2232354860E+008
  1.3651001788E+006  2.2237908208E+008
  1.3668002016E+006  2.2243402775E+008
  1.3685002240E+006  2.2248840140E+008
  1.3702002396E+006  2.2254221908E+008
  1.3719002480E+006  2.2259549707E+008
  1.3736002553E+006  2.2264825183E+008
  1.3753002727E+006  2.2270049986E+008
  1.3770001570E+006  2.2275225279E+008
  1.3787002161E+006  2.2280353568E+008
  1.3804002912E+006  2.2285435901E+008
  1.3821002206E+006  2.2290473307E+008
  1.3838003014E+006  2.2295468106E+008
  1.3855002219E+006  2.2300420768E+008
  1.3872002896E+006  2.2305333525E+008
  1.3889002051E+006  2.2310206800E+008
  1.3906002844E+006  2.2315042727E+008
  1.3923002309E+006  2.2319841632E+008
  1.3940001984E+006  2.2324605059E+008
  1.3957001818E+006  2.2329334032E+008
  1.3974001711E+006  2.2334029498E+008
  1.3991001565E+006  2.2338692339E+008
  1.4008002875E+006  2.2343323798E+008
  1.4025002610E+006  2.2347923820E+008
  1.4042002373E+006  2.2352493537E+008
  1.4059002257E+006  2.2357033586E+008
  1.4076002338E+006  2.2361544503E+008
  1.4093002626E+006  2.2366026770E+008
  1.4110001533E+006  2.2370480390E+008
  1.4127002019E+006  2.2374906484E+008
  1.4144002461E+006  2.2379304906E+008
  1.4161002823E+006  2.2383675871E+008
  1.4178001615E+006  2.2388019168E+008
  1.4195001979E+006  2.2392335707E+008
  1.4212002489E+006  2.2396625176E+008
