  0.0000000000E+000  0.0000000000E+000
  1.7002169102E+003  1.8458298851E+036
  3.4002321372E+003  1.8754873970E+036
  5.1001274449E+003  1.9626014153E+036
  6.8001523757E+003  2.2655685922E+036
  8.5001760096E+003  3.1415145344E+036
  1.0200230340E+004  5.3526142665E+036
  1.1900148106E+004  9.9236268762E+036
  1.3600138276E+004  1.8196346308E+037
  1.5300226930E+004  3.5058724312E+037
  1.7000237264E+004  6.7927283710E+037
  1.8700139552E+004  6.9070519490E+037
  2.0400174265E+004  6.7233041592E+037
  2.2100184552E+004  6.5014853031E+037
  2.3800182698E+004  6.2818195771E+037
  2.5500209027E+004  6.0750167727E+037
  2.7200201917E+004  6.3405634328E+037
  2.8900187178E+004  6.1353013051E+037
  3.0600163682E+004  5.9500174665E+037
  3.2300238877E+004  5.7787663366E+037
  3.4000129999E+004  5.6204084760E+037
  3.5700227160E+004  5.4756914549E+037
  3.7400164033E+004  5.3424275600E+037
  3.9100207697E+004  5.2173812101E+037
  4.0800148919E+004  5.0998705708E+037
  4.2500240059E+004  4.9903018705E+037
  4.4200237533E+004  4.8880036701E+037
  4.5900200035E+004  4.7920033649E+037
  4.7600131463E+004  4.7000129444E+037
  4.9300230841E+004  4.6132346736E+037
  5.1000137490E+004  4.4969552034E+037
  5.2700181806E+004  4.3814202284E+037
  5.4400135490E+004  4.2939399657E+037
  5.6100222339E+004  4.2168703564E+037
  5.7800133330E+004  4.1457294710E+037
  5.9500191421E+004  4.0628293446E+037
  6.1200161710E+004  3.9934886527E+037
  6.2900159681E+004  3.9299101324E+037
  6.4600143838E+004  3.8701090352E+037
  6.6300163686E+004  3.8138733337E+037
  6.8000248881E+004  3.7600543155E+037
  6.9700131610E+004  3.7082542043E+037
  7.1400163451E+004  3.6592474934E+037
  7.3100247636E+004  3.6126184575E+037
  7.4800177199E+004  3.5682849238E+037
  7.6500155923E+004  3.5259592762E+037
  7.8200191430E+004  3.4856274871E+037
  7.9900173752E+004  3.4472984945E+037
  8.1600135369E+004  3.4107553853E+037
  8.3300199971E+004  3.3759744261E+037
  8.5000129269E+004  3.3424074398E+037
  8.6700168692E+004  3.3099549739E+037
  8.8400176567E+004  3.2778562764E+037
  9.0100223910E+004  3.2454330202E+037
  9.1800186680E+004  3.2126412720E+037
  9.3500182416E+004  3.1807950608E+037
  9.5200172532E+004  3.1514662833E+037
  9.6900183035E+004  3.1235296248E+037
  9.8600218210E+004  3.0966888513E+037
  1.0030020705E+005  3.0707705454E+037
  1.0200021781E+005  3.0454158935E+037
  1.0370012869E+005  3.0207786673E+037
  1.0540017665E+005  2.9969663095E+037
  1.0710023232E+005  2.9739208694E+037
  1.0880020848E+005  2.9516361275E+037
  1.1050024445E+005  2.9301155906E+037
  1.1220016229E+005  2.9093033255E+037
  1.1390014681E+005  2.8892066357E+037
  1.1560022955E+005  2.8658035418E+037
  1.1730018140E+005  2.8437188652E+037
  1.1900021699E+005  2.8234679621E+037
  1.2070014539E+005  2.7943474293E+037
  1.2240016722E+005  2.7768782216E+037
  1.2410023839E+005  2.7599875368E+037
  1.2580022299E+005  2.7439103267E+037
  1.2750017887E+005  2.7285813352E+037
  1.2920022586E+005  2.7139800792E+037
  1.3090015381E+005  2.7000965749E+037
  1.3260017749E+005  2.6869127437E+037
  1.3430018873E+005  2.6743889440E+037
  1.3600024388E+005  2.6624592951E+037
  1.3770024174E+005  2.6511105743E+037
  1.3940014060E+005  2.6403492967E+037
  1.4110020679E+005  2.6301738882E+037
  1.4280022017E+005  2.6205823715E+037
  1.4450019450E+005  2.6115675935E+037
  1.4620020362E+005  2.6031147261E+037
  1.4790018861E+005  2.5951861442E+037
  1.4960016102E+005  2.5877623059E+037
  1.5130020740E+005  2.5808433568E+037
  1.5300018305E+005  2.5744311992E+037
  1.5470016154E+005  2.5685236120E+037
  1.5640018606E+005  2.5631160424E+037
  1.5810013345E+005  2.5582029687E+037
  1.5980015949E+005  2.5537772199E+037
  1.6150024296E+005  2.5498315499E+037
  1.6320018830E+005  2.5463594713E+037
  1.6490024270E+005  2.5433532280E+037
  1.6660014110E+005  2.5408062950E+037
  1.6830022859E+005  2.5387114419E+037
  1.7000016938E+005  2.5370626413E+037
  1.7170014616E+005  2.5358532276E+037
  1.7340016437E+005  2.5350777086E+037
  1.7510024658E+005  2.5347303474E+037
  1.7680013408E+005  2.5348057388E+037
  1.7850016005E+005  2.5352987049E+037
  1.8020016763E+005  2.5362042383E+037
  1.8190015261E+005  2.5375174481E+037
  1.8360022212E+005  2.5392341004E+037
  1.8530013306E+005  2.5413494434E+037
  1.8700019003E+005  2.5438596064E+037
  1.8870015923E+005  2.5467601259E+037
  1.9040017853E+005  2.5500471334E+037
  1.9210024727E+005  2.5537168336E+037
  1.9380021791E+005  2.5577649989E+037
  1.9550017552E+005  2.5621879905E+037
  1.9720024011E+005  2.5669785365E+037
  1.9890015304E+005  2.5721069621E+037
  2.0060015788E+005  2.5775582852E+037
  2.0230017180E+005  2.5833346326E+037
  2.0400021774E+005  2.5894405459E+037
  2.0570017795E+005  2.5958783651E+037
  2.0740018277E+005  2.6026494877E+037
  2.0910021740E+005  2.6097534727E+037
  2.1080024990E+005  2.6171893361E+037
  2.1250014252E+005  2.6249503836E+037
  2.1420014106E+005  2.6329992680E+037
  2.1590023962E+005  2.6413038493E+037
  2.1760021001E+005  2.6498686122E+037
  2.1930020801E+005  2.6587058284E+037
  2.2100023852E+005  2.6678244657E+037
  2.2270017712E+005  2.6772268487E+037
  2.2440014795E+005  2.6869146672E+037
  2.2610012714E+005  2.6968683309E+037
  2.2780022118E+005  2.7070295809E+037
  2.2950017306E+005  2.7173925558E+037
  2.3120023953E+005  2.7279790310E+037
  2.3290017111E+005  2.7388015354E+037
  2.3460024682E+005  2.7498707139E+037
  2.3630022262E+005  2.7611881231E+037
  2.3800023134E+005  2.7727164106E+037
  2.3970013629E+005  2.7842536204E+037
  2.4140018110E+005  2.7958606344E+037
  2.4310022329E+005  2.8076753063E+037
  2.4480012666E+005  2.8197125267E+037
  2.4650015062E+005  2.8319716935E+037
  2.4820016806E+005  2.8444431983E+037
  2.4990019739E+005  2.8570441906E+037
  2.5160024908E+005  2.8697488974E+037
  2.5330020292E+005  2.8805499298E+037
  2.5500017302E+005  2.8915124403E+037
  2.5670015911E+005  2.9032893352E+037
  2.5840014679E+005  2.9155244607E+037
  2.6010012738E+005  2.9280649908E+037
  2.6180022827E+005  2.9407989438E+037
  2.6350020271E+005  2.9537174121E+037
  2.6520018417E+005  2.9668327492E+037
  2.6690018593E+005  2.9801506662E+037
  2.6860020746E+005  2.9936724667E+037
  2.7030024785E+005  3.0073744734E+037
  2.7200017678E+005  3.0211597857E+037
  2.7370023475E+005  3.0350220678E+037
  2.7540016544E+005  3.0489954753E+037
  2.7710021704E+005  3.0628774535E+037
  2.7880014661E+005  3.0768354740E+037
  2.8050020604E+005  3.0909534209E+037
  2.8220015515E+005  3.1051064588E+037
  2.8390024743E+005  3.1192812129E+037
  2.8560023354E+005  3.1335220086E+037
  2.8730022655E+005  3.1478574758E+037
  2.8900022970E+005  3.1623006506E+037
  2.9070023548E+005  3.1768559276E+037
  2.9240023654E+005  3.1914239745E+037
  2.9410024368E+005  3.2058653483E+037
  2.9580013000E+005  3.2202343699E+037
  2.9750015366E+005  3.2345866815E+037
  2.9920019078E+005  3.2489512885E+037
  3.0090024638E+005  3.2633509459E+037
  3.0260018326E+005  3.2777989348E+037
  3.0430012888E+005  3.2921813427E+037
  3.0600020531E+005  3.3064797047E+037
  3.0770015789E+005  3.3207853338E+037
  3.0940023925E+005  3.3351870208E+037
  3.1110020224E+005  3.3497002097E+037
  3.1280017413E+005  3.3643159886E+037
  3.1450015906E+005  3.3787210017E+037
  3.1620015618E+005  3.3931166649E+037
  3.1790016418E+005  3.4074097080E+037
  3.1960017967E+005  3.4216654280E+037
  3.2130020102E+005  3.4359257892E+037
  3.2300022680E+005  3.4502072331E+037
  3.2470012864E+005  3.4645136929E+037
  3.2640016673E+005  3.4788461760E+037
  3.2810021189E+005  3.4931984766E+037
  3.2980014337E+005  3.5074272405E+037
  3.3150021015E+005  3.5214529146E+037
  3.3320016295E+005  3.5353898002E+037
  3.3490024854E+005  3.5492954857E+037
  3.3660021395E+005  3.5631855043E+037
  3.3830018502E+005  3.5770685553E+037
  3.4000016107E+005  3.5909430079E+037
  3.4170014481E+005  3.6048061692E+037
  3.4340013637E+005  3.6186365644E+037
  3.4510013826E+005  3.6321988732E+037
  3.4680014878E+005  3.6455828554E+037
  3.4850017195E+005  3.6588866940E+037
  3.5020020105E+005  3.6721429383E+037
  3.5190023579E+005  3.6853668682E+037
  3.5360015359E+005  3.6985621531E+037
  3.5530020270E+005  3.7117309825E+037
  3.5700013010E+005  3.7248696677E+037
  3.5870019365E+005  3.7379757101E+037
  3.6040013976E+005  3.7509932187E+037
  3.6210022098E+005  3.7636763964E+037
  3.6380018348E+005  3.7760846950E+037
  3.6550015606E+005  3.7882519683E+037
  3.6720013610E+005  3.8004660342E+037
  3.6890024788E+005  3.8126874509E+037
  3.7060024088E+005  3.8248932669E+037
  3.7230024198E+005  3.8370774158E+037
  3.7400024967E+005  3.8492329150E+037
  3.7570013846E+005  3.8613534036E+037
  3.7740016423E+005  3.8734346338E+037
  3.7910019525E+005  3.8854516720E+037
  3.8080023572E+005  3.8970978239E+037
  3.8250015771E+005  3.9085885550E+037
  3.8420021085E+005  3.9200133369E+037
  3.8590014697E+005  3.9313874783E+037
  3.8760021653E+005  3.9427179577E+037
  3.8930016692E+005  3.9540036947E+037
  3.9100025173E+005  3.9652459812E+037
  3.9270021968E+005  3.9764410151E+037
  3.9440019338E+005  3.9875846700E+037
  3.9610017588E+005  3.9986743123E+037
  3.9780016539E+005  4.0097049342E+037
  3.9950016031E+005  4.0206740414E+037
  4.0120016383E+005  4.0315363249E+037
  4.0290017377E+005  4.0419827437E+037
  4.0460019128E+005  4.0523292941E+037
  4.0630021553E+005  4.0626182370E+037
  4.0800024985E+005  4.0728554024E+037
  4.0970016427E+005  4.0830412004E+037
  4.1140021197E+005  4.0931755680E+037
  4.1310014238E+005  4.1032552543E+037
  4.1480020536E+005  4.1132795769E+037
  4.1650014727E+005  4.1232449815E+037
  4.1820022438E+005  4.1331510131E+037
  4.1990018124E+005  4.1429936279E+037
  4.2160014439E+005  4.1526968544E+037
  4.2330024213E+005  4.1620928006E+037
  4.2500022169E+005  4.1714525762E+037
  4.2670020638E+005  4.1808021666E+037
  4.2840019927E+005  4.1898320911E+037
  4.3010020137E+005  4.1987139602E+037
  4.3180020797E+005  4.2075864825E+037
  4.3350022280E+005  4.2164348516E+037
  4.3520024527E+005  4.2252517635E+037
  4.3690014909E+005  4.2340314020E+037
  4.3860018335E+005  4.2427705546E+037
  4.4030022840E+005  4.2514646169E+037
  4.4200015207E+005  4.2601099285E+037
  4.4370020990E+005  4.2687037488E+037
  4.4540014896E+005  4.2771791204E+037
  4.4710022097E+005  4.2855102755E+037
  4.4880017590E+005  4.2938131851E+037
  4.5050013834E+005  4.3020709103E+037
  4.5220023492E+005  4.3102775369E+037
  4.5390021226E+005  4.3184259165E+037
  4.5560020085E+005  4.3265137322E+037
  4.5730019475E+005  4.3345384923E+037
  4.5900019771E+005  4.3424981687E+037
  4.6070021013E+005  4.3500298754E+037
  4.6240023033E+005  4.3574905354E+037
  4.6410013145E+005  4.3649243362E+037
  4.6580016919E+005  4.3723157132E+037
  4.6750021569E+005  4.3796584154E+037
  4.6920014520E+005  4.3869488855E+037
  4.7090020878E+005  4.3941869981E+037
  4.7260015670E+005  4.4013783843E+037
  4.7430023894E+005  4.4085271545E+037
  4.7600020295E+005  4.4156390597E+037
  4.7770017705E+005  4.4227905613E+037
  4.7940015786E+005  4.4306519552E+037
  4.8110014726E+005  4.4482372590E+037
  4.8280014538E+005  4.6653968632E+037
  4.8450015237E+005  1.4042618856E+038
  4.8620016466E+005  2.2106923463E+039
  4.8790018981E+005  3.0924174629E+039
  4.8960022027E+005  6.1582868121E+039
  4.9130013390E+005  1.1836378830E+040
  4.9300018158E+005  2.4433731105E+040
  4.9470023892E+005  1.0484592451E+041
  4.9640017630E+005  5.2685502955E+041
  4.9810024787E+005  1.4874249897E+042
  4.9980020197E+005  3.2000645097E+042
  5.0150016295E+005  5.8813311614E+042
  5.0320013155E+005  9.4370772506E+042
  5.0490023420E+005  1.3543347062E+043
  5.0660021909E+005  1.7356175841E+043
  5.0830020961E+005  2.0525414886E+043
  5.1000021003E+005  2.2601421501E+043
  5.1170021727E+005  2.3418550508E+043
  5.1340023206E+005  2.3015073475E+043
  5.1510012832E+005  2.1602581717E+043
  5.1680015961E+005  1.9497678060E+043
  5.1850019660E+005  1.7202593670E+043
  5.2020024264E+005  1.4644195227E+043
  5.2190016857E+005  1.2183125619E+043
  5.2360022876E+005  9.9917729282E+042
  5.2530016847E+005  8.2227757692E+042
  5.2700024318E+005  6.8365903112E+042
  5.2870019649E+005  5.7562281332E+042
  5.3040015929E+005  4.9472298565E+042
  5.3210012897E+005  4.2986212347E+042
  5.3380023153E+005  3.7916863894E+042
  5.3550021629E+005  3.3930470249E+042
  5.3720020874E+005  3.0798443324E+042
  5.3890020679E+005  2.8124801634E+042
  5.4060021086E+005  2.6086662231E+042
  5.4230022496E+005  2.4468670847E+042
  5.4400024167E+005  2.2958176899E+042
  5.4570014009E+005  2.1580661399E+042
  5.4740017156E+005  2.0557870585E+042
  5.4910021050E+005  1.9671120379E+042
  5.5080012825E+005  1.8803218630E+042
  5.5250018039E+005  1.7882556753E+042
  5.5420023930E+005  1.6987587793E+042
  5.5590017859E+005  1.6401953592E+042
  5.5760025001E+005  1.5879626161E+042
  5.5930020276E+005  1.5369397179E+042
  5.6100016147E+005  1.4859570364E+042
  5.6270025224E+005  1.4335762093E+042
  5.6440022462E+005  1.3815568822E+042
  5.6610020256E+005  1.3255234742E+042
  5.6780018570E+005  1.2780463980E+042
  5.6950017770E+005  1.2524124329E+042
  5.7120017499E+005  1.2260205186E+042
  5.7290017745E+005  1.1976361795E+042
  5.7460018893E+005  1.1691493066E+042
  5.7630020585E+005  1.1410183858E+042
  5.7800022910E+005  1.1128106746E+042
  5.7970013287E+005  1.0857519952E+042
  5.8140017107E+005  1.0584598928E+042
  5.8310021336E+005  1.0335383496E+042
  5.8480013740E+005  1.0089508573E+042
  5.8650019400E+005  9.8323695540E+041
  5.8820013022E+005  9.5857836171E+041
  5.8990019920E+005  9.3393238977E+041
  5.9160014895E+005  9.0867201959E+041
  5.9330023118E+005  8.9715935403E+041
  5.9500019320E+005  8.9179545243E+041
  5.9670016398E+005  8.8166756303E+041
  5.9840014001E+005  8.6892384217E+041
  6.0010025013E+005  8.5674387085E+041
  6.0180024063E+005  8.4370727980E+041
  6.0350023782E+005  8.2988960737E+041
  6.0520024129E+005  8.1799967965E+041
  6.0690025206E+005  8.0619111349E+041
  6.0860014285E+005  7.9405946115E+041
  6.1030016652E+005  7.8223722276E+041
  6.1200019816E+005  7.7069626543E+041
  6.1370023565E+005  7.6024857403E+041
  6.1540015429E+005  7.4988653724E+041
  6.1710020700E+005  7.3863171202E+041
  6.1880014036E+005  7.2804744639E+041
  6.2050020652E+005  7.1918978606E+041
  6.2220015473E+005  7.1116619313E+041
  6.2390023747E+005  7.0300150405E+041
  6.2560019904E+005  6.9430673008E+041
  6.2730016879E+005  6.8522434897E+041
  6.2900014743E+005  6.7659143684E+041
  6.3070013164E+005  6.6890244268E+041
  6.3240024943E+005  6.6169167311E+041
  6.3410024981E+005  6.5449049844E+041
  6.3580013026E+005  6.4739073026E+041
  6.3750014412E+005  6.4049037633E+041
  6.3920016679E+005  6.3362445087E+041
  6.4090019709E+005  6.2664024954E+041
  6.4260023459E+005  6.1958221942E+041
  6.4430015327E+005  6.1256096482E+041
  6.4600020612E+005  6.0560709923E+041
  6.4770013985E+005  5.9871115206E+041
  6.4940020624E+005  5.9185356333E+041
  6.5110015563E+005  5.8519265892E+041
  6.5280023653E+005  5.7954520689E+041
  6.5450019915E+005  5.7615550465E+041
  6.5620017002E+005  5.7541826589E+041
  6.5790014742E+005  5.7504818276E+041
  6.5960013140E+005  5.7349925599E+041
  6.6130025099E+005  5.7082429152E+041
  6.6300025011E+005  5.6742345056E+041
  6.6470012940E+005  5.6381173304E+041
  6.6640014420E+005  5.6032850226E+041
  6.6810016459E+005  5.5692339761E+041
  6.6980019307E+005  5.5346870626E+041
  6.7150022826E+005  5.4997362886E+041
  6.7320014436E+005  5.4647431527E+041
  6.7490019288E+005  5.4298204530E+041
  6.7660024951E+005  5.3955554903E+041
  6.7830018570E+005  5.3628282918E+041
  6.8000012873E+005  5.3315623722E+041
  6.8170020497E+005  5.3008661285E+041
  6.8340016259E+005  5.2699387889E+041
  6.8510012650E+005  5.2387591550E+041
  6.8680022417E+005  5.2074770283E+041
  6.8850020275E+005  5.1764046736E+041
  6.9020018829E+005  5.1457675651E+041
  6.9190017952E+005  5.1158632689E+041
  6.9360017851E+005  5.0868305699E+041
  6.9530018311E+005  5.0587494451E+041
  6.9700019446E+005  5.0315766823E+041
  6.9870021225E+005  5.0051254055E+041
  7.0040023684E+005  4.9790242701E+041
  7.0210014098E+005  4.9529960471E+041
  7.0380017907E+005  4.9270222367E+041
  7.0550022391E+005  4.9010689218E+041
  7.0720014724E+005  4.8751749803E+041
  7.0890020579E+005  4.8495121898E+041
  7.1060014347E+005  4.8241574270E+041
  7.1230021345E+005  4.7991470499E+041
  7.1400016295E+005  4.7745609436E+041
  7.1570024777E+005  4.7504255002E+041
  7.1740020854E+005  4.7268030148E+041
  7.1910017756E+005  4.7037818628E+041
  7.2080015295E+005  4.6813701652E+041
  7.2250013370E+005  4.6595294421E+041
  7.2420024687E+005  4.6382257806E+041
  7.2590024124E+005  4.6173654361E+041
  7.2760024110E+005  4.5968821373E+041
  7.2930024731E+005  4.5767045476E+041
  7.3100013367E+005  4.5567558756E+041
  7.3270015302E+005  4.5370345577E+041
  7.3440017811E+005  4.5175249364E+041
  7.3610020893E+005  4.4982311932E+041
  7.3780024709E+005  4.4791481166E+041
  7.3950016336E+005  4.4602649555E+041
  7.4120021194E+005  4.4416116621E+041
  7.4290014173E+005  4.4231801185E+041
  7.4460020328E+005  4.4049887795E+041
  7.4630014366E+005  4.3870495333E+041
  7.4800021923E+005  4.3693733546E+041
  7.4970017309E+005  4.3519679738E+041
  7.5140013363E+005  4.3348318345E+041
  7.5310022680E+005  4.3179645226E+041
  7.5480020066E+005  4.3013468588E+041
  7.5650017878E+005  4.2849746424E+041
  7.5820016535E+005  4.2688397906E+041
  7.5990015630E+005  4.2529407458E+041
  7.6160015437E+005  4.2372596160E+041
  7.6330015847E+005  4.2217916104E+041
  7.6500016942E+005  4.2065250991E+041
  7.6670018573E+005  4.1914530130E+041
  7.6840020924E+005  4.1765655169E+041
  7.7010023977E+005  4.1618505297E+041
  7.7180014858E+005  4.1473009573E+041
  7.7350019179E+005  4.1329156940E+041
  7.7520024122E+005  4.1186960192E+041
  7.7690017099E+005  4.1046389352E+041
  7.7860023271E+005  4.0907411567E+041
  7.8030017603E+005  4.0769936128E+041
  7.8200025121E+005  4.0633895407E+041
  7.8370020700E+005  4.0499282611E+041
  7.8540016881E+005  4.0366100873E+041
  7.8710013765E+005  4.0234382299E+041
  7.8880023910E+005  4.0104779519E+041
  7.9050022151E+005  3.9976691962E+041
  7.9220021040E+005  3.9850041426E+041
  7.9390020622E+005  3.9724813138E+041
  7.9560020895E+005  3.9600960338E+041
  7.9730021963E+005  3.9478481497E+041
  7.9900023517E+005  3.9357370490E+041
  8.0070013258E+005  3.9237507980E+041
  8.0240016317E+005  3.9118850007E+041
  8.0410019933E+005  3.9001425817E+041
  8.0580024251E+005  3.8885217715E+041
  8.0750016733E+005  3.8770219394E+041
  8.0920022338E+005  3.8656394574E+041
  8.1090016033E+005  3.8543716136E+041
  8.1260023200E+005  3.8432148934E+041
  8.1430018202E+005  3.8321678910E+041
  8.1600014023E+005  3.8212244899E+041
  8.1770023148E+005  3.8103708446E+041
  8.1940020363E+005  3.7996100332E+041
  8.2110018086E+005  3.7889414824E+041
  8.2280016666E+005  3.7783633639E+041
  8.2450015843E+005  3.7678748115E+041
  8.2620015627E+005  3.7574762909E+041
  8.2790016031E+005  3.7471660990E+041
  8.2960017259E+005  3.7369452951E+041
  8.3130018935E+005  3.7268068740E+041
  8.3300021301E+005  3.7167431158E+041
  8.3470024479E+005  3.7067587630E+041
  8.3640015561E+005  3.6968562198E+041
  8.3810019917E+005  3.6870341653E+041
  8.3980025059E+005  3.6772938546E+041
  8.4150018172E+005  3.6676370914E+041
  8.4320024525E+005  3.6580618373E+041
  8.4490018902E+005  3.6485639049E+041
  8.4660013936E+005  3.6391518872E+041
  8.4830022148E+005  3.6298229156E+041
  8.5000018395E+005  3.6205787068E+041
  8.5170015293E+005  3.6114185239E+041
  8.5340012735E+005  3.6023406964E+041
  8.5510023559E+005  3.5933437636E+041
  8.5680022378E+005  3.5844209961E+041
  8.5850021754E+005  3.5755729229E+041
  8.6020021776E+005  3.5668016459E+041
  8.6190022532E+005  3.5581071364E+041
  8.6360023739E+005  3.5494902684E+041
  8.6530013029E+005  3.5409524064E+041
  8.6700015514E+005  3.5324886242E+041
  8.6870018654E+005  3.5240963090E+041
  8.7040022330E+005  3.5157766870E+041
  8.7210014031E+005  3.5075309693E+041
  8.7380018930E+005  3.4993588740E+041
  8.7550024430E+005  3.4912608027E+041
  8.7720017876E+005  3.4832362285E+041
  8.7890024582E+005  3.4752814153E+041
  8.8060019188E+005  3.4673989880E+041
  8.8230014403E+005  3.4595893185E+041
  8.8400022976E+005  3.4518521620E+041
  8.8570019318E+005  3.4441903158E+041
  8.8740016396E+005  3.4365970097E+041
  8.8910014092E+005  3.4290715510E+041
  8.9080024912E+005  3.4216149134E+041
  8.9250023675E+005  3.4142288458E+041
  8.9420023121E+005  3.4069139923E+041
  8.9590022999E+005  3.3996672594E+041
  8.9760023474E+005  3.3924857293E+041
  8.9930024607E+005  3.3853704297E+041
  9.0100013584E+005  3.3783217648E+041
  9.0270015859E+005  3.3713375244E+041
  9.0440018735E+005  3.3644162276E+041
  9.0610022216E+005  3.3575549055E+041
  9.0780013602E+005  3.3507549069E+041
  9.0950018284E+005  3.3440156292E+041
  9.1120023554E+005  3.3373387607E+041
  9.1290016659E+005  3.3307232304E+041
  9.1460023097E+005  3.3241707681E+041
  9.1630017457E+005  3.3176794683E+041
  9.1800024951E+005  3.3112469652E+041
  9.1970020410E+005  3.3048734150E+041
  9.2140016572E+005  3.2985547772E+041
  9.2310013175E+005  3.2922901893E+041
  9.2480023064E+005  3.2860795243E+041
  9.2650021038E+005  3.2799231758E+041
  9.2820019515E+005  3.2738177440E+041
  9.2990018585E+005  3.2677606067E+041
  9.3160018332E+005  3.2617526423E+041
  9.3330018711E+005  3.2557956516E+041
  9.3500019520E+005  3.2498887789E+041
  9.3670021078E+005  3.2440292348E+041
  9.3840023214E+005  3.2382161234E+041
  9.4010013160E+005  3.2324488469E+041
  9.4180016487E+005  3.2267266165E+041
  9.4350020457E+005  3.2210479306E+041
  9.4520024932E+005  3.2154122850E+041
  9.4690017422E+005  3.2098204878E+041
  9.4860023322E+005  3.2042714944E+041
  9.5030017030E+005  3.1987636529E+041
  9.5200024113E+005  3.1932966897E+041
  9.5370019142E+005  3.1878747645E+041
  9.5540014835E+005  3.1824965540E+041
  9.5710023712E+005  3.1771588171E+041
  9.5880020624E+005  3.1718614081E+041
  9.6050018167E+005  3.1666023467E+041
  9.6220016291E+005  3.1613808161E+041
  9.6390015034E+005  3.1561953918E+041
  9.6560014481E+005  3.1510461628E+041
  9.6730014489E+005  3.1459345262E+041
  9.6900015146E+005  3.1408593093E+041
  9.7070016493E+005  3.1358181853E+041
  9.7240018377E+005  3.1308113613E+041
  9.7410020969E+005  3.1258389513E+041
  9.7580024234E+005  3.1208999645E+041
  9.7750015364E+005  3.1159925669E+041
  9.7920019847E+005  3.1111138559E+041
  9.8090025004E+005  3.1062648163E+041
  9.8260017990E+005  3.1014490348E+041
  9.8430024304E+005  3.0966660077E+041
  9.8600018614E+005  3.0919157128E+041
  9.8770013464E+005  3.0871959657E+041
  9.8940021585E+005  3.0825052218E+041
  9.9110017761E+005  3.0778445420E+041
  9.9280014478E+005  3.0732131670E+041
  9.9450024532E+005  3.0686128724E+041
  9.9620022535E+005  3.0640456220E+041
  9.9790021220E+005  3.0595092462E+041
  9.9960020374E+005  3.0550029210E+041
  1.0013002028E+006  3.0505267535E+041
  1.0030002070E+006  3.0460808214E+041
  1.0047002170E+006  3.0416639573E+041
  1.0064002326E+006  3.0372768784E+041
  1.0081001290E+006  3.0329202245E+041
  1.0098001564E+006  3.0285923731E+041
  1.0115001902E+006  3.0242881074E+041
  1.0132002309E+006  3.0200085380E+041
  1.0149001504E+006  3.0157541276E+041
  1.0166002020E+006  3.0115246039E+041
  1.0183001338E+006  3.0073211214E+041
  1.0200001983E+006  3.0031429564E+041
  1.0217001406E+006  2.9989903827E+041
  1.0234002168E+006  2.9948629131E+041
  1.0251001717E+006  2.9907612030E+041
  1.0268001317E+006  2.9866858740E+041
  1.0285002247E+006  2.9826354173E+041
  1.0302001972E+006  2.9786096899E+041
  1.0319001739E+006  2.9746085989E+041
  1.0336001578E+006  2.9706328334E+041
  1.0353001470E+006  2.9666812359E+041
  1.0370001413E+006  2.9627529323E+041
  1.0387001419E+006  2.9588503996E+041
  1.0404001489E+006  2.9549738234E+041
  1.0421001606E+006  2.9511217152E+041
  1.0438001784E+006  2.9472943889E+041
  1.0455002020E+006  2.9434923028E+041
  1.0472002319E+006  2.9397147093E+041
  1.0489001389E+006  2.9359610378E+041
  1.0506001797E+006  2.9322296825E+041
  1.0523002257E+006  2.9285208198E+041
  1.0540001500E+006  2.9248354605E+041
  1.0557002065E+006  2.9211722420E+041
  1.0574001435E+006  2.9175309222E+041
  1.0591002106E+006  2.9139109468E+041
  1.0608001584E+006  2.9103132786E+041
  1.0625002387E+006  2.9067369689E+041
  1.0642001971E+006  2.9031824377E+041
  1.0659001617E+006  2.8996490991E+041
  1.0676001325E+006  2.8961367247E+041
  1.0693002350E+006  2.8926443580E+041
  1.0710002158E+006  2.8891744915E+041
  1.0727002036E+006  2.8857266383E+041
  1.0744001959E+006  2.8823004399E+041
  1.0761001939E+006  2.8788953680E+041
  1.0778001973E+006  2.8755111134E+041
  1.0795002078E+006  2.8721471901E+041
  1.0812002225E+006  2.8688030229E+041
  1.0829002439E+006  2.8654785193E+041
  1.0846001446E+006  2.8621737356E+041
  1.0863001776E+006  2.8588879659E+041
  1.0880002161E+006  2.8556206615E+041
  1.0897001345E+006  2.8523721298E+041
  1.0914001844E+006  2.8491427081E+041
  1.0931002404E+006  2.8459321179E+041
  1.0948001755E+006  2.8427400950E+041
  1.0965002428E+006  2.8395681108E+041
  1.0982001890E+006  2.8364122856E+041
  1.0999001420E+006  2.8332716276E+041
  1.1016002266E+006  2.8301470081E+041
  1.1033001907E+006  2.8270396682E+041
  1.1050001611E+006  2.8239493303E+041
  1.1067001375E+006  2.8208755314E+041
  1.1084002455E+006  2.8178184636E+041
  1.1101002343E+006  2.8147785203E+041
  1.1118002283E+006  2.8117549435E+041
  1.1135002277E+006  2.8087471897E+041
  1.1152002340E+006  2.8057497000E+041
  1.1169002457E+006  2.8027651416E+041
  1.1186001363E+006  2.7997963415E+041
  1.1203001598E+006  2.7968425241E+041
  1.1220001895E+006  2.7939035222E+041
  1.1237002237E+006  2.7909792387E+041
  1.1254001387E+006  2.7880700710E+041
  1.1271001855E+006  2.7851755437E+041
  1.1288002389E+006  2.7822958414E+041
  1.1305001706E+006  2.7794310987E+041
  1.1322002367E+006  2.7765810263E+041
  1.1339001811E+006  2.7737450459E+041
  1.1356001310E+006  2.7709167344E+041
  1.1373002139E+006  2.7680996316E+041
  1.1390001766E+006  2.7652955240E+041
  1.1407001431E+006  2.7625044830E+041
  1.1424002434E+006  2.7597262947E+041
  1.1441002229E+006  2.7569603526E+041
  1.1458002074E+006  2.7542051768E+041
  1.1475001982E+006  2.7514619163E+041
  1.1492001956E+006  2.7487308413E+041
  1.1509001978E+006  2.7460123190E+041
  1.1526002065E+006  2.7433065544E+041
  1.1543002211E+006  2.7406149337E+041
  1.1560002412E+006  2.7379376895E+041
  1.1577001399E+006  2.7352744729E+041
  1.1594001720E+006  2.7326246367E+041
  1.1611002092E+006  2.7299885879E+041
  1.1628002515E+006  2.7273662162E+041
  1.1645001738E+006  2.7247574041E+041
  1.1662002283E+006  2.7221615707E+041
  1.1679001606E+006  2.7195792446E+041
  1.1696002263E+006  2.7170102920E+041
  1.1713001712E+006  2.7144565019E+041
  1.1730002471E+006  2.7119170376E+041
