  0.0000000000E+000  0.0000000000E+000
  1.7002587448E+003  9.3982178203E+002
  3.4002939968E+003  9.4477133301E+002
  5.1002214985E+003  9.7301331472E+002
  6.8002654566E+003  1.0821129009E+003
  8.5002393166E+003  1.2967769476E+003
  1.0200171640E+004  1.5477016778E+003
  1.1900226759E+004  1.8015381872E+003
  1.3600273623E+004  2.3008735345E+003
  1.5300265703E+004  2.2876874811E+003
  1.7000256763E+004  2.2575345637E+003
  1.8700185341E+004  2.2301915920E+003
  2.0400243083E+004  2.2057267730E+003
  2.2100204369E+004  2.1785579490E+003
  2.3800218089E+004  2.0845524233E+003
  2.5500260760E+004  2.0263575151E+003
  2.7200246366E+004  1.9908658726E+003
  2.8900239157E+004  1.9671408417E+003
  3.0600302305E+004  1.9497114229E+003
  3.2300302118E+004  1.9353155132E+003
  3.4000171035E+004  1.9222735796E+003
  3.5700208851E+004  1.9102648112E+003
  3.7400205548E+004  1.8989621664E+003
  3.9100287024E+004  1.8882927846E+003
  4.0800242648E+004  1.8780859289E+003
  4.2500177771E+004  1.8684125351E+003
  4.4200223213E+004  1.8592336204E+003
  4.5900274433E+004  1.8504935075E+003
  4.7600266346E+004  1.8420152578E+003
  4.9300271129E+004  1.8337840124E+003
  5.1000233698E+004  1.8258929322E+003
  5.2700207320E+004  1.8183355463E+003
  5.4400275113E+004  1.8040774658E+003
  5.6100297048E+004  1.7950561101E+003
  5.7800300028E+004  1.7872397778E+003
  5.9500203453E+004  1.7800484250E+003
  6.1200196445E+004  1.7732961730E+003
  6.2900163326E+004  1.7668847931E+003
  6.4600254637E+004  1.7607702158E+003
  6.6300198345E+004  1.7548583190E+003
  6.8000170178E+004  1.7490840245E+003
  6.9700288771E+004  1.7420174637E+003
  7.1400151615E+004  1.7353158769E+003
  7.3100282031E+004  1.7293778101E+003
  7.4800239166E+004  1.7238532640E+003
  7.6500196189E+004  1.7185974639E+003
  7.8200262222E+004  1.7135760645E+003
  7.9900198716E+004  1.7087498312E+003
  8.1600155311E+004  1.7040212710E+003
  8.3300262633E+004  1.6994743247E+003
  8.5000276487E+004  1.6950968093E+003
  8.6700160727E+004  1.6908831211E+003
  8.8400264398E+004  1.6868209540E+003
  9.0100269853E+004  1.6828859192E+003
  9.1800157779E+004  1.6790800806E+003
  9.3500233668E+004  1.6753962237E+003
  9.5200151534E+004  1.6718210897E+003
  9.6900259903E+004  1.6683608940E+003
  9.8600202930E+004  1.6650318293E+003
  1.0030017757E+005  1.6618176444E+003
  1.0200018351E+005  1.6587272481E+003
  1.0370019498E+005  1.6557690788E+003
  1.0540022624E+005  1.6529302989E+003
  1.0710023325E+005  1.6502059830E+003
  1.0880024639E+005  1.6475976651E+003
  1.1050021917E+005  1.6451026836E+003
  1.1220019813E+005  1.6427107150E+003
  1.1390017380E+005  1.6404190637E+003
  1.1560028518E+005  1.6382291694E+003
  1.1730026401E+005  1.6361422538E+003
  1.1900022018E+005  1.6341533304E+003
  1.2070017092E+005  1.6322564262E+003
  1.2240028042E+005  1.6304509467E+003
  1.2410023569E+005  1.6287384629E+003
  1.2580022590E+005  1.6271045857E+003
  1.2750023122E+005  1.6255561040E+003
  1.2920027441E+005  1.6241020015E+003
  1.3090019471E+005  1.6227402374E+003
  1.3260028992E+005  1.6214702829E+003
  1.3430027769E+005  1.6202932641E+003
  1.3600026453E+005  1.6192095026E+003
  1.3770029398E+005  1.6182249843E+003
  1.3940017871E+005  1.6173372879E+003
  1.4110022706E+005  1.6165036372E+003
  1.4280029610E+005  1.6156686006E+003
  1.4450021316E+005  1.6149827724E+003
  1.4620015321E+005  1.6144176099E+003
  1.4790023323E+005  1.6139573991E+003
  1.4960017991E+005  1.6135949228E+003
  1.5130026426E+005  1.6133257123E+003
  1.5300018889E+005  1.6131471928E+003
  1.5470027189E+005  1.6130571817E+003
  1.5640017934E+005  1.6130537828E+003
  1.5810024938E+005  1.6131353435E+003
  1.5980016508E+005  1.6133003676E+003
  1.6150023214E+005  1.6135473773E+003
  1.6320015704E+005  1.6138751598E+003
  1.6490022929E+005  1.6142825847E+003
  1.6660017136E+005  1.6147683981E+003
  1.6830027133E+005  1.6153315346E+003
  1.7000024783E+005  1.6159707706E+003
  1.7170025481E+005  1.6166419980E+003
  1.7340027338E+005  1.6173063607E+003
  1.7510018619E+005  1.6180685369E+003
  1.7680025148E+005  1.6189135239E+003
  1.7850019012E+005  1.6198274440E+003
  1.8020029561E+005  1.6208030209E+003
  1.8190026008E+005  1.6218417025E+003
  1.8360024699E+005  1.6229438425E+003
  1.8530023401E+005  1.6241091687E+003
  1.8700024365E+005  1.6253373051E+003
  1.8870024424E+005  1.6266258059E+003
  1.9040025722E+005  1.6279610549E+003
  1.9210026932E+005  1.6293337562E+003
  1.9380026973E+005  1.6307574809E+003
  1.9550028296E+005  1.6322367772E+003
  1.9720028387E+005  1.6337728169E+003
  1.9890029132E+005  1.6353644546E+003
  2.0060029278E+005  1.6370038590E+003
  2.0230029652E+005  1.6386858524E+003
  2.0400015709E+005  1.6404106164E+003
  2.0570016711E+005  1.6421795365E+003
  2.0740020049E+005  1.6439928457E+003
  2.0910023884E+005  1.6458462657E+003
  2.1080029535E+005  1.6477291762E+003
  2.1250022924E+005  1.6496392589E+003
  2.1420016742E+005  1.6515791770E+003
  2.1590029111E+005  1.6535512379E+003
  2.1760027403E+005  1.6555548115E+003
  2.1930027833E+005  1.6575791996E+003
  2.2100029897E+005  1.6596178617E+003
  2.2270017594E+005  1.6616730873E+003
  2.2440022692E+005  1.6637483508E+003
  2.2610027436E+005  1.6658251094E+003
  2.2780019495E+005  1.6678870425E+003
  2.2950026410E+005  1.6699401342E+003
  2.3120018687E+005  1.6720051448E+003
  2.3290027058E+005  1.6740882416E+003
  2.3460019248E+005  1.6761922647E+003
  2.3630027475E+005  1.6783166424E+003
  2.3800019705E+005  1.6804454143E+003
  2.3970028027E+005  1.6825751846E+003
  2.4140020874E+005  1.6847127668E+003
  2.4310028981E+005  1.6868615341E+003
  2.4480023083E+005  1.6890228466E+003
  2.4650016613E+005  1.6911868803E+003
  2.4820027196E+005  1.6933397783E+003
  2.4990023333E+005  1.6954874079E+003
  2.5160020678E+005  1.6976382268E+003
  2.5330020555E+005  1.6997942811E+003
  2.5500021430E+005  1.7019555190E+003
  2.5670024751E+005  1.7041048328E+003
  2.5840029090E+005  1.7062344833E+003
  2.6010020205E+005  1.7083454971E+003
  2.6180027994E+005  1.7104215730E+003
  2.6350021398E+005  1.7125017453E+003
  2.6520017342E+005  1.7145886341E+003
  2.6690028210E+005  1.7166642420E+003
  2.6860025876E+005  1.7187185633E+003
  2.7030023881E+005  1.7207625370E+003
  2.7200021996E+005  1.7228033556E+003
  2.7370021144E+005  1.7248422712E+003
  2.7540019716E+005  1.7268799426E+003
  2.7710019442E+005  1.7289079866E+003
  2.7880018230E+005  1.7309057662E+003
  2.8050017935E+005  1.7328832923E+003
  2.8220017706E+005  1.7348505567E+003
  2.8390017132E+005  1.7368107944E+003
  2.8560017989E+005  1.7387657983E+003
  2.8730018292E+005  1.7407160172E+003
  2.8900020146E+005  1.7426498818E+003
  2.9070022734E+005  1.7445507376E+003
  2.9240026401E+005  1.7459068039E+003
  2.9410016766E+005  1.7474678553E+003
  2.9580023344E+005  1.7491266928E+003
  2.9750017211E+005  1.7508389273E+003
  2.9920027080E+005  1.7525856153E+003
  3.0090023752E+005  1.7543499117E+003
  3.0260022003E+005  1.7560743107E+003
  3.0430020772E+005  1.7577837625E+003
  3.0600021701E+005  1.7594980771E+003
  3.0770022863E+005  1.7612191858E+003
  3.0940025565E+005  1.7629459791E+003
  3.1110028963E+005  1.7646773300E+003
  3.1280017705E+005  1.7664109711E+003
  3.1450022366E+005  1.7681423329E+003
  3.1620026460E+005  1.7698487297E+003
  3.1790016681E+005  1.7715326924E+003
  3.1960021253E+005  1.7732045341E+003
  3.2130026458E+005  1.7748692754E+003
  3.2300017162E+005  1.7765270585E+003
  3.2470022543E+005  1.7781780177E+003
  3.2640029172E+005  1.7798214334E+003
  3.2810020321E+005  1.7814564879E+003
  3.2980027867E+005  1.7830783811E+003
  3.3150020835E+005  1.7846650589E+003
  3.3320030115E+005  1.7862246143E+003
  3.3490025970E+005  1.7877677655E+003
  3.3660022468E+005  1.7892987071E+003
  3.3830021590E+005  1.7908184698E+003
  3.4000021355E+005  1.7923269156E+003
  3.4170022796E+005  1.7938247541E+003
  3.4340025786E+005  1.7953097273E+003
  3.4510029506E+005  1.7967810863E+003
  3.4680019913E+005  1.7982366481E+003
  3.4850025822E+005  1.7996560436E+003
  3.5020018300E+005  1.8010423276E+003
  3.5190026138E+005  1.8024117741E+003
  3.5360019675E+005  1.8037622153E+003
  3.5530029220E+005  1.8050743928E+003
  3.5700023156E+005  1.8063829125E+003
  3.5870018347E+005  1.8076851196E+003
  3.6040028275E+005  1.8089785883E+003
  3.6210023533E+005  1.8102617951E+003
  3.6380019159E+005  1.8115326879E+003
  3.6550029991E+005  1.8127905303E+003
  3.6720026574E+005  1.8137340247E+003
  3.6890022974E+005  1.8144304023E+003
  3.7060020640E+005  1.8152718229E+003
  3.7230018712E+005  1.8161831002E+003
  3.7400017676E+005  1.8171359036E+003
  3.7570018407E+005  1.8181159334E+003
  3.7740019543E+005  1.8191143483E+003
  3.7910022946E+005  1.8201250313E+003
  3.8080027193E+005  1.8211437126E+003
  3.8250017837E+005  1.8221671533E+003
  3.8420024911E+005  1.8231925499E+003
  3.8590017721E+005  1.8242176738E+003
  3.8760027471E+005  1.8252411308E+003
  3.8930022220E+005  1.8262614666E+003
  3.9100018932E+005  1.8272755298E+003
  3.9270015951E+005  1.8282702831E+003
  3.9440028851E+005  1.8292482624E+003
  3.9610027645E+005  1.8302151601E+003
  3.9780026109E+005  1.8311739593E+003
  3.9950025721E+005  1.8321258247E+003
  4.0120025015E+005  1.8330715580E+003
  4.0290025135E+005  1.8340111233E+003
  4.0460025207E+005  1.8349441983E+003
  4.0630025605E+005  1.8358705688E+003
  4.0800026846E+005  1.8367899275E+003
  4.0970027715E+005  1.8377020177E+003
  4.1140029882E+005  1.8386071848E+003
  4.1310017246E+005  1.8395049122E+003
  4.1480020620E+005  1.8403950387E+003
  4.1650025339E+005  1.8412770834E+003
  4.1820015590E+005  1.8421414617E+003
  4.1990022771E+005  1.8429846959E+003
  4.2160015573E+005  1.8438144689E+003
  4.2330025231E+005  1.8446233026E+003
  4.2500020758E+005  1.8454161713E+003
  4.2670017279E+005  1.8462034751E+003
  4.2840015705E+005  1.8469860992E+003
  4.3010029440E+005  1.8477638843E+003
  4.3180029688E+005  1.8485369604E+003
  4.3350015406E+005  1.8493044793E+003
  4.3520017033E+005  1.8500661662E+003
  4.3690019472E+005  1.8508217037E+003
  4.3860021999E+005  1.8515713425E+003
  4.4030025605E+005  1.8523213137E+003
  4.4200028776E+005  1.8531702608E+003
  4.4370017784E+005  1.8566945162E+003
  4.4540021898E+005  2.0490015603E+003
  4.4710026185E+005  5.8193684132E+003
  4.4880016303E+005  7.1031326966E+003
  4.5050021184E+005  8.5339784712E+003
  4.5220027278E+005  1.3803982325E+004
  4.5390018398E+005  2.1187821239E+004
  4.5560025802E+005  2.6584489414E+004
  4.5730018913E+005  3.2821467757E+004
  4.5900027858E+005  3.8901392851E+004
  4.6070023537E+005  4.3684073555E+004
  4.6240019597E+005  4.7383747056E+004
  4.6410017498E+005  4.9534916379E+004
  4.6580016295E+005  5.0719431200E+004
  4.6750016158E+005  5.0824543147E+004
  4.6920017590E+005  5.0175964352E+004
  4.7090019578E+005  4.8446022900E+004
  4.7260023050E+005  4.6304932676E+004
  4.7430026901E+005  4.3934598622E+004
  4.7600016848E+005  4.1395822320E+004
  4.7770022304E+005  3.8827060569E+004
  4.7940028183E+005  3.6478055253E+004
  4.8110020025E+005  3.4530924462E+004
  4.8280026735E+005  3.2963397772E+004
  4.8450019178E+005  3.1749562741E+004
  4.8620026806E+005  3.0749637233E+004
  4.8790019660E+005  2.9945496562E+004
  4.8960028171E+005  2.9206214646E+004
  4.9130021572E+005  2.8608299232E+004
  4.9300016052E+005  2.8039957548E+004
  4.9470025685E+005  2.7509410125E+004
  4.9640021375E+005  2.7113812143E+004
  4.9810017762E+005  2.6717135489E+004
  4.9980029810E+005  2.6264823158E+004
  5.0150028353E+005  2.5908403098E+004
  5.0320027337E+005  2.5628162635E+004
  5.0490027955E+005  2.5338221720E+004
  5.0660029452E+005  2.5031064096E+004
  5.0830017161E+005  2.4712476444E+004
  5.1000021188E+005  2.4374869935E+004
  5.1170025788E+005  2.4149505517E+004
  5.1340016938E+005  2.3949303430E+004
  5.1510023338E+005  2.3728485830E+004
  5.1680016032E+005  2.3505940603E+004
  5.1850024414E+005  2.3282975916E+004
  5.2020018147E+005  2.3071840018E+004
  5.2190028016E+005  2.2865384143E+004
  5.2360022647E+005  2.2654387967E+004
  5.2530018207E+005  2.2424603954E+004
  5.2700028598E+005  2.2197145048E+004
  5.2870024715E+005  2.2032564723E+004
  5.3040021019E+005  2.1924178553E+004
  5.3210017507E+005  2.1781319246E+004
  5.3380030167E+005  2.1632678754E+004
  5.3550027543E+005  2.1476526493E+004
  5.3720026061E+005  2.1327774279E+004
  5.3890024945E+005  2.1180273062E+004
  5.4060024724E+005  2.1030825997E+004
  5.4230025584E+005  2.0889317980E+004
  5.4400027130E+005  2.0753314643E+004
  5.4570015153E+005  2.0610053864E+004
  5.4740018825E+005  2.0470053496E+004
  5.4910024093E+005  2.0342942541E+004
  5.5080015200E+005  2.0211654120E+004
  5.5250022151E+005  2.0076321329E+004
  5.5420015453E+005  1.9940167079E+004
  5.5590024377E+005  1.9810952223E+004
  5.5760019418E+005  1.9686763280E+004
  5.5930030016E+005  1.9560511280E+004
  5.6100026406E+005  1.9434627625E+004
  5.6270023340E+005  1.9306874024E+004
  5.6440020446E+005  1.9171486058E+004
  5.6610018510E+005  1.9040241312E+004
  5.6780016343E+005  1.8956079950E+004
  5.6950030147E+005  1.8918716948E+004
  5.7120029012E+005  1.8860569270E+004
  5.7290028123E+005  1.8779633054E+004
  5.7460028018E+005  1.8693255087E+004
  5.7630027960E+005  1.8606787670E+004
  5.7800028927E+005  1.8517810814E+004
  5.7970030021E+005  1.8428639433E+004
  5.8140017130E+005  1.8342016349E+004
  5.8310020184E+005  1.8258904246E+004
  5.8480023804E+005  1.8176029506E+004
  5.8650029017E+005  1.8092627786E+004
  5.8820019498E+005  1.8010402156E+004
  5.8990026671E+005  1.7930893061E+004
  5.9160019433E+005  1.7854290839E+004
  5.9330028442E+005  1.7777978797E+004
  5.9500023462E+005  1.7700097736E+004
  5.9670019024E+005  1.7621160318E+004
  5.9840016068E+005  1.7542239911E+004
  6.0010028340E+005  1.7464618137E+004
  6.0180026731E+005  1.7389319063E+004
  6.0350025551E+005  1.7316596442E+004
  6.0520024760E+005  1.7245675438E+004
  6.0690024839E+005  1.7175273087E+004
  6.0860024951E+005  1.7104726688E+004
  6.1030025904E+005  1.7034102945E+004
  6.1200026677E+005  1.6963860332E+004
  6.1370028253E+005  1.6894407793E+004
  6.1540030046E+005  1.6826054425E+004
  6.1710016972E+005  1.6758829070E+004
  6.1880020034E+005  1.6692578869E+004
  6.2050023085E+005  1.6627030590E+004
  6.2220027287E+005  1.6562076818E+004
  6.2390016817E+005  1.6497857427E+004
  6.2560022305E+005  1.6434616079E+004
  6.2730028821E+005  1.6372432991E+004
  6.2900020903E+005  1.6311318777E+004
  6.3070029587E+005  1.6251228599E+004
  6.3240023660E+005  1.6191908915E+004
  6.3410019189E+005  1.6132981319E+004
  6.3580015553E+005  1.6074216047E+004
  6.3750027773E+005  1.6015547857E+004
  6.3920026109E+005  1.5957016145E+004
  6.4090024855E+005  1.5898793281E+004
  6.4260024815E+005  1.5841056949E+004
  6.4430025102E+005  1.5783993398E+004
  6.4600026211E+005  1.5727809773E+004
  6.4770027817E+005  1.5672611123E+004
  6.4940029618E+005  1.5618387536E+004
  6.5110017103E+005  1.5565080763E+004
  6.5280019546E+005  1.5512527891E+004
  6.5450022840E+005  1.5460568567E+004
  6.5620026345E+005  1.5409077833E+004
  6.5790030203E+005  1.5357953372E+004
  6.5960019590E+005  1.5307203299E+004
  6.6130024315E+005  1.5256830530E+004
  6.6300030032E+005  1.5206871300E+004
  6.6470020754E+005  1.5157370139E+004
  6.6640027843E+005  1.5108328793E+004
  6.6810020512E+005  1.5059768910E+004
  6.6980028970E+005  1.5011640524E+004
  6.7150023726E+005  1.4963924593E+004
  6.7320018868E+005  1.4916596967E+004
  6.7490015476E+005  1.4869672087E+004
  6.7660027843E+005  1.4823171224E+004
  6.7830026176E+005  1.4777143341E+004
  6.8000025435E+005  1.4731625652E+004
  6.8170025315E+005  1.4686640117E+004
  6.8340026434E+005  1.4642185083E+004
  6.8510027608E+005  1.4598247359E+004
  6.8680030006E+005  1.4554809532E+004
  6.8850017538E+005  1.4511815434E+004
  6.9020020716E+005  1.4469181108E+004
  6.9190024607E+005  1.4426840425E+004
  6.9360028545E+005  1.4384748856E+004
  6.9530018162E+005  1.4342889705E+004
  6.9700022758E+005  1.4301255309E+004
  6.9870028205E+005  1.4259865171E+004
  7.0040018705E+005  1.4218743825E+004
  7.0210024771E+005  1.4177907153E+004
  7.0380016552E+005  1.4137382660E+004
  7.0550023576E+005  1.4097185416E+004
  7.0720016618E+005  1.4057324001E+004
  7.0890025145E+005  1.4017788291E+004
  7.1060019520E+005  1.3978566731E+004
  7.1230029872E+005  1.3939622416E+004
  7.1400025906E+005  1.3900925311E+004
  7.1570023241E+005  1.3862433758E+004
  7.1740021000E+005  1.3824114920E+004
  7.1910020199E+005  1.3785941279E+004
  7.2080020007E+005  1.3747908034E+004
  7.2250020632E+005  1.3710000023E+004
  7.2420022295E+005  1.3672206905E+004
  7.2590024452E+005  1.3634521897E+004
  7.2760027651E+005  1.3596938226E+004
  7.2930015933E+005  1.3559451494E+004
  7.3100020283E+005  1.3522049356E+004
  7.3270024882E+005  1.3484728842E+004
  7.3440029848E+005  1.3447492477E+004
  7.3610020360E+005  1.3410361517E+004
  7.3780025948E+005  1.3373370439E+004
  7.3950017237E+005  1.3214490673E+004
  7.4120023777E+005  1.2801843736E+004
  7.4290015694E+005  1.2446975819E+004
  7.4460023229E+005  1.2145570810E+004
  7.4630016035E+005  1.1896416408E+004
  7.4800024867E+005  1.1699771471E+004
  7.4970018793E+005  1.1556622854E+004
  7.5140029105E+005  1.1468245352E+004
  7.5310024779E+005  1.1436096787E+004
  7.5480021302E+005  1.1461240643E+004
  7.5650018959E+005  1.1538923474E+004
  7.5820017131E+005  1.1655583976E+004
  7.5990016644E+005  1.1793467218E+004
  7.6160016654E+005  1.1935269344E+004
  7.6330017856E+005  1.2066749530E+004
  7.6500019708E+005  1.2177545354E+004
  7.6670022272E+005  1.2261116315E+004
  7.6840025827E+005  1.2314267093E+004
  7.7010029538E+005  1.2336640259E+004
  7.7180019302E+005  1.2330213544E+004
  7.7350024340E+005  1.2298861976E+004
  7.7520030063E+005  1.2248418487E+004
  7.7690021066E+005  1.2186238955E+004
  7.7860027461E+005  1.2119791909E+004
  7.8030019375E+005  1.2055673953E+004
  7.8200026338E+005  1.1999073963E+004
  7.8370019122E+005  1.1953701724E+004
  7.8540027084E+005  1.1921841034E+004
  7.8710020525E+005  1.1904551062E+004
  7.8880029752E+005  1.1901576081E+004
  7.9050024094E+005  1.1910979355E+004
  7.9220019462E+005  1.1929326021E+004
  7.9390030283E+005  1.1952686158E+004
  7.9560027164E+005  1.1976945275E+004
  7.9730024606E+005  1.1998044906E+004
  7.9900023029E+005  1.2012533880E+004
  8.0070022489E+005  1.2017761434E+004
  8.0240022381E+005  1.2011954333E+004
  8.0410023681E+005  1.1994233976E+004
  8.0580025387E+005  1.1964629536E+004
  8.0750028149E+005  1.1924202466E+004
  8.0920016457E+005  1.1875065128E+004
  8.1090020584E+005  1.1820096814E+004
  8.1260025516E+005  1.1762593112E+004
  8.1430015466E+005  1.1705872391E+004
  8.1600021613E+005  1.1652946376E+004
  8.1770027761E+005  1.1606366634E+004
  8.1940019461E+005  1.1568110566E+004
  8.2110026710E+005  1.1539560566E+004
  8.2280018982E+005  1.1521540904E+004
  8.2450027057E+005  1.1514212452E+004
  8.2620020023E+005  1.1516894271E+004
  8.2790028931E+005  1.1528109198E+004
  8.2960022903E+005  1.1545772146E+004
  8.3130017605E+005  1.1567408738E+004
  8.3300028037E+005  1.1590375976E+004
  8.3470023713E+005  1.1612064589E+004
  8.3640020527E+005  1.1630102398E+004
  8.3810017680E+005  1.1642471503E+004
  8.3980015913E+005  1.1647596776E+004
  8.4150030108E+005  1.1644406387E+004
  8.4320029966E+005  1.1632365914E+004
  8.4490015675E+005  1.1611479107E+004
  8.4660017054E+005  1.1582282280E+004
  8.4830019618E+005  1.1545931783E+004
  8.5000022540E+005  1.1504111668E+004
  8.5170026466E+005  1.1458826479E+004
  8.5340015915E+005  1.1412197914E+004
  8.5510020960E+005  1.1366268325E+004
  8.5680026876E+005  1.1322887710E+004
  8.5850017778E+005  1.1283614217E+004
  8.6020024635E+005  1.1249670081E+004
  8.6190016517E+005  1.1221948777E+004
  8.6360024138E+005  1.1200998760E+004
  8.6530016981E+005  1.1186990571E+004
  8.6700025154E+005  1.1179563311E+004
  8.6870018970E+005  1.1178049089E+004
  8.7040027883E+005  1.1181436079E+004
  8.7210022437E+005  1.1188468136E+004
  8.7380017387E+005  1.1197752913E+004
  8.7550028070E+005  1.1207866637E+004
  8.7720024355E+005  1.1217440982E+004
  8.7890021052E+005  1.1225237231E+004
  8.8060018900E+005  1.1230196335E+004
  8.8230017086E+005  1.1213802687E+004
  8.8400016438E+005  1.1193758144E+004
  8.8570016573E+005  1.1173718599E+004
  8.8740017407E+005  1.1153694397E+004
  8.8910019345E+005  1.1133696470E+004
  8.9080021675E+005  1.1113739365E+004
  8.9250025137E+005  1.1093838595E+004
  8.9420028947E+005  1.1074010912E+004
  8.9590018546E+005  1.1054275841E+004
  8.9760023811E+005  1.1034649315E+004
  8.9930029487E+005  1.1015151752E+004
  9.0100020893E+005  1.0993897930E+004
  9.0270027366E+005  1.0964484262E+004
  9.0440019530E+005  1.0937216744E+004
  9.0610026998E+005  1.0912641803E+004
  9.0780019852E+005  1.0891165482E+004
  9.0950028238E+005  1.0873032262E+004
  9.1120021734E+005  1.0858326345E+004
  9.1290016006E+005  1.0846945077E+004
  9.1460025384E+005  1.0838613073E+004
  9.1630020590E+005  1.0828894267E+004
  9.1800016137E+005  1.0811003673E+004
  9.1970027477E+005  1.0793184374E+004
  9.2140024512E+005  1.0775425475E+004
  9.2310021979E+005  1.0757713604E+004
  9.2480020548E+005  1.0740041746E+004
  9.2650019519E+005  1.0722407353E+004
  9.2820019652E+005  1.0704812623E+004
  9.2990020370E+005  1.0687256210E+004
  9.3160021921E+005  1.0669740430E+004
  9.3330024449E+005  1.0652269666E+004
  9.3500027257E+005  1.0634848163E+004
  9.3670016042E+005  1.0617483926E+004
  9.3840020289E+005  1.0600182435E+004
  9.4010025366E+005  1.0582953081E+004
  9.4180015747E+005  1.0565805706E+004
  9.4350021773E+005  1.0548748301E+004
  9.4520028429E+005  1.0531793283E+004
  9.4690019939E+005  1.0514951843E+004
  9.4860027473E+005  1.0498227346E+004
  9.5030019883E+005  1.0481625274E+004
  9.5200028027E+005  1.0465149047E+004
  9.5370021453E+005  1.0448804633E+004
  9.5540015150E+005  1.0432590976E+004
  9.5710024698E+005  1.0416504389E+004
  9.5880019262E+005  1.0400540906E+004
  9.6050029876E+005  1.0384688227E+004
  9.6220025684E+005  1.0368937020E+004
  9.6390022319E+005  1.0353271922E+004
  9.6560019720E+005  1.0337681664E+004
  9.6730017573E+005  1.0322151272E+004
  9.6900016570E+005  1.0306666562E+004
  9.7070016011E+005  1.0291216092E+004
  9.7240016459E+005  1.0275790697E+004
  9.7410017568E+005  1.0260383312E+004
  9.7580019455E+005  1.0244989130E+004
  9.7750022134E+005  1.0229606122E+004
  9.7920025190E+005  1.0214234264E+004
  9.8090029261E+005  1.0198875258E+004
  9.8260018385E+005  1.0183531378E+004
  9.8430023433E+005  1.0168201772E+004
  9.8600028932E+005  1.0152891226E+004
  9.8770019647E+005  1.0137605352E+004
  9.8940026108E+005  1.0122345614E+004
  9.9110017520E+005  1.0107120574E+004
  9.9280024822E+005  1.0091932607E+004
  9.9450017084E+005  1.0076790491E+004
  9.9620025126E+005  1.0061698414E+004
  9.9790018437E+005  1.0046666039E+004
  9.9960027191E+005  1.0031698600E+004
  1.0013002161E+006  1.0016807113E+004
  1.0030001623E+006  1.0001998420E+004
  1.0047002687E+006  9.9872785990E+003
  1.0064002283E+006  9.9726565309E+003
  1.0081001957E+006  9.9581364021E+003
  1.0098001706E+006  9.9437241595E+003
  1.0115003021E+006  9.9294221611E+003
  1.0132002930E+006  9.9152353316E+003
  1.0149002875E+006  9.9011648141E+003
  1.0166002922E+006  9.8872098034E+003
  1.0183001517E+006  9.8733697613E+003
  1.0200001692E+006  9.8596392760E+003
  1.0217001947E+006  9.8460146734E+003
  1.0234002236E+006  9.8324895304E+003
  1.0251002619E+006  9.8190565607E+003
  1.0268003018E+006  9.8057073761E+003
  1.0285001981E+006  9.7924339274E+003
  1.0302002493E+006  9.7792245326E+003
  1.0319001522E+006  9.7660701392E+003
  1.0336002131E+006  9.7529526294E+003
  1.0353002744E+006  9.7398704545E+003
  1.0370001916E+006  9.7268198656E+003
  1.0387002619E+006  9.7137940944E+003
  1.0404001871E+006  9.7007916684E+003
  1.0421002676E+006  9.6877755160E+003
  1.0438002005E+006  9.6747470585E+003
  1.0455002936E+006  9.6617147553E+003
  1.0472002367E+006  9.6486867063E+003
  1.0489001902E+006  9.6356679284E+003
  1.0506002998E+006  9.6226608498E+003
  1.0523002655E+006  9.6096713159E+003
  1.0540002386E+006  9.5967014698E+003
  1.0557002174E+006  9.5837546455E+003
  1.0574002063E+006  9.5708341568E+003
  1.0591001981E+006  9.5579437412E+003
  1.0608002008E+006  9.5450871491E+003
  1.0625002077E+006  9.5322684980E+003
  1.0642002212E+006  9.5194922439E+003
  1.0659002419E+006  9.5067616688E+003
  1.0676002655E+006  9.4940801961E+003
  1.0693002977E+006  9.4814506265E+003
  1.0710001801E+006  9.4688722076E+003
  1.0727002219E+006  9.4563459335E+003
  1.0744002655E+006  9.4438767428E+003
  1.0761001623E+006  9.4314688494E+003
  1.0778002163E+006  9.4191227436E+003
  1.0795002709E+006  9.4068399210E+003
  1.0812001825E+006  9.3946218921E+003
  1.0829002468E+006  9.3824664423E+003
  1.0846001663E+006  9.3703748297E+003
  1.0863002409E+006  9.3583437908E+003
  1.0880001695E+006  9.3463739810E+003
  1.0897002568E+006  9.3344628425E+003
  1.0914001953E+006  9.3226099486E+003
  1.0931002964E+006  9.3108103127E+003
  1.0948002491E+006  9.2990634041E+003
  1.0965002106E+006  9.2873657133E+003
  1.0982001787E+006  9.2757146193E+003
  1.0999001526E+006  9.2641063093E+003
  1.1016002874E+006  9.2525368821E+003
  1.1033002743E+006  9.2410075466E+003
  1.1050002712E+006  9.2295161187E+003
  1.1067002708E+006  9.2180617898E+003
  1.1084002784E+006  9.2066440501E+003
  1.1101002910E+006  9.1952634049E+003
  1.1118001553E+006  9.1839220508E+003
  1.1135001793E+006  9.1726180507E+003
  1.1152002045E+006  9.1613534244E+003
  1.1169002368E+006  9.1501297027E+003
  1.1186002710E+006  9.1389468875E+003
  1.1203001593E+006  9.1277947531E+003
  1.1220002029E+006  9.1166793766E+003
  1.1237002494E+006  9.1056096472E+003
  1.1254001526E+006  9.0945959098E+003
  1.1271002081E+006  9.0836342605E+003
  1.1288002713E+006  9.0726971654E+003
  1.1305001869E+006  9.0618050607E+003
  1.1322002600E+006  9.0509692944E+003
  1.1339001883E+006  9.0402035519E+003
  1.1356002727E+006  9.0295178206E+003
  1.1373002150E+006  9.0189268610E+003
  1.1390001604E+006  9.0084451334E+003
  1.1407002669E+006  8.9980870349E+003
  1.1424002270E+006  8.9878752387E+003
  1.1441001933E+006  8.9778350508E+003
  1.1458001682E+006  8.9680008132E+003
  1.1475002982E+006  8.9584197714E+003
  1.1492002854E+006  8.9491619047E+003
  1.1509002756E+006  8.9403316740E+003
  1.1526002734E+006  8.9321039215E+003
  1.1543002749E+006  8.9247943996E+003
  1.1560002812E+006  8.9190331140E+003
  1.1577002943E+006  8.9164495329E+003
  1.1594001565E+006  8.9222095342E+003
  1.1611001777E+006  8.9572811444E+003
  1.1628002009E+006  9.0207554439E+003
  1.1645002295E+006  9.0009137216E+003
  1.1662002621E+006  8.9777905821E+003
  1.1679002989E+006  8.9581395648E+003
  1.1696001906E+006  8.9120490384E+003
  1.1713002356E+006  8.9012564093E+003
  1.1730002892E+006  8.8889788929E+003
  1.1747001946E+006  8.8766704075E+003
  1.1764002582E+006  8.8646130376E+003
  1.1781001774E+006  8.8528884438E+003
  1.1798002528E+006  8.8414526377E+003
  1.1815001852E+006  8.8302868225E+003
  1.1832002729E+006  8.8193718289E+003
  1.1849002182E+006  8.8086697637E+003
  1.1866001680E+006  8.7980677715E+003
  1.1883002764E+006  8.7875700664E+003
  1.1900002403E+006  8.7772066953E+003
  1.1917002072E+006  8.7669836069E+003
  1.1934001827E+006  8.7569048541E+003
  1.1951001608E+006  8.7469648556E+003
  1.1968002973E+006  8.7371511270E+003
  1.1985002860E+006  8.7274310041E+003
  1.2002002799E+006  8.7177320471E+003
  1.2019002787E+006  8.7080636944E+003
  1.2036002792E+006  8.6984462676E+003
  1.2053002876E+006  8.6888960193E+003
  1.2070002972E+006  8.6794307333E+003
  1.2087001615E+006  8.6700826995E+003
  1.2104001819E+006  8.6608302899E+003
  1.2121002061E+006  8.6515987247E+003
  1.2138002366E+006  8.6423950808E+003
  1.2155002700E+006  8.6332280545E+003
  1.2172001605E+006  8.6241002233E+003
  1.2189002054E+006  8.6150245059E+003
  1.2206002582E+006  8.6060164345E+003
  1.2223001654E+006  8.5970700304E+003
  1.2240002287E+006  8.5881283149E+003
  1.2257003009E+006  8.5792171798E+003
  1.2274002250E+006  8.5703443528E+003
  1.2291001580E+006  8.5615290802E+003
  1.2308002466E+006  8.5527786024E+003
  1.2325001910E+006  8.5440821447E+003
  1.2342002920E+006  8.5353958506E+003
  1.2359002454E+006  8.5267259885E+003
  1.2376002074E+006  8.5180665393E+003
  1.2393001706E+006  8.5094537625E+003
  1.2410002930E+006  8.5008987156E+003
  1.2427002669E+006  8.4924012884E+003
  1.2444002454E+006  8.4839170887E+003
  1.2461002284E+006  8.4754551373E+003
  1.2478002145E+006  8.4670271384E+003
  1.2495002079E+006  8.4586084689E+003
  1.2512002020E+006  8.4502078985E+003
  1.2529002040E+006  8.4418411509E+003
  1.2546002090E+006  8.4335023386E+003
  1.2563002186E+006  8.4252275476E+003
  1.2580002352E+006  8.4169959595E+003
  1.2597002551E+006  8.4088032191E+003
  1.2614002834E+006  8.4006259383E+003
  1.2631001631E+006  8.3924393153E+003
  1.2648002027E+006  8.3842633747E+003
  1.2665002467E+006  8.3761437697E+003
  1.2682002969E+006  8.3681145484E+003
  1.2699002037E+006  8.3601476865E+003
  1.2716002647E+006  8.3521717403E+003
  1.2733001833E+006  8.3441926981E+003
  1.2750002566E+006  8.3362286298E+003
  1.2767001852E+006  8.3283027882E+003
  1.2784002700E+006  8.3204474017E+003
  1.2801002083E+006  8.3126225717E+003
  1.2818001534E+006  8.3047897101E+003
  1.2835002513E+006  8.2969657576E+003
  1.2852002062E+006  8.2891654745E+003
  1.2869001622E+006  8.2814049262E+003
  1.2886002756E+006  8.2737033269E+003
  1.2903002420E+006  8.2660212630E+003
  1.2920002120E+006  8.2583324034E+003
  1.2937001882E+006  8.2506694904E+003
  1.2954001659E+006  8.2430457918E+003
  1.2971001519E+006  8.2354600075E+003
  1.2988002913E+006  8.2279100898E+003
  1.3005002860E+006  8.2204026887E+003
  1.3022002864E+006  8.2128938167E+003
  1.3039002905E+006  8.2054211760E+003
  1.3056003030E+006  8.1979737437E+003
  1.3073001666E+006  8.1905584086E+003
  1.3090001906E+006  8.1831893063E+003
  1.3107002183E+006  8.1758560733E+003
  1.3124002535E+006  8.1685387921E+003
  1.3141002946E+006  8.1612390925E+003
  1.3158001877E+006  8.1539734523E+003
  1.3175002412E+006  8.1467510651E+003
  1.3192002966E+006  8.1395553130E+003
