  0.0000000000E+000  0.0000000000E+000
  1.7002753772E+003  2.8943268474E+004
  3.4001984168E+003  2.8774996121E+004
  5.1001960639E+003  2.8602802154E+004
  6.8002298491E+003  2.8428643707E+004
  8.5002076715E+003  2.8253570064E+004
  1.0200260208E+004  2.8078182238E+004
  1.1900222303E+004  2.7902899670E+004
  1.3600246334E+004  2.7727957103E+004
  1.5300277890E+004  2.7553518075E+004
  1.7000337021E+004  2.7379712189E+004
  1.8700265371E+004  2.7206669597E+004
  2.0400304239E+004  2.7034460615E+004
  2.2100255817E+004  2.6863129665E+004
  2.3800194099E+004  2.6692715097E+004
  2.5500318731E+004  2.6523265895E+004
  2.7200252805E+004  2.6354862646E+004
  2.8900299592E+004  2.6187493440E+004
  3.0600285831E+004  2.6021176947E+004
  3.2300332456E+004  2.5855934137E+004
  3.4000201449E+004  2.5691712000E+004
  3.5700213879E+004  2.5528393508E+004
  3.7400239165E+004  2.5365920395E+004
  3.9100247818E+004  2.5204229147E+004
  4.0800196323E+004  2.5043251345E+004
  4.2500245679E+004  2.4882866454E+004
  4.4200312601E+004  2.4723030717E+004
  4.5900315200E+004  2.4563699699E+004
  4.7600245812E+004  2.4404838526E+004
  4.9300223642E+004  2.4246411627E+004
  5.1000215390E+004  2.4088414868E+004
  5.2700214315E+004  2.3930883048E+004
  5.4400267884E+004  2.3773794084E+004
  5.6100337598E+004  2.3617079356E+004
  5.7800231733E+004  2.3460690092E+004
  5.9500214773E+004  2.3304573677E+004
  6.1200300179E+004  2.3148680860E+004
  6.2900239571E+004  2.2992965151E+004
  6.4600195731E+004  2.2837436572E+004
  6.6300332764E+004  2.2682086171E+004
  6.8000281598E+004  2.2526937185E+004
  6.9700350762E+004  2.2371946611E+004
  7.1400215551E+004  2.2217148008E+004
  7.3100211078E+004  2.2062469741E+004
  7.4800309269E+004  2.1907850112E+004
  7.6500330162E+004  2.1753290760E+004
  7.8200322008E+004  2.1598786827E+004
  7.9900252601E+004  2.1444342479E+004
  8.1600336537E+004  2.1289903982E+004
  8.3300295987E+004  2.1135467441E+004
  8.5000298867E+004  2.0981032119E+004
  8.6700178645E+004  2.0826615983E+004
  8.8400238352E+004  2.0672190911E+004
  9.0100225364E+004  2.0517777698E+004
  9.1800192837E+004  2.0363378279E+004
  9.3500281481E+004  2.0209012047E+004
  9.5200228880E+004  2.0054709981E+004
  9.6900256982E+004  1.9900440704E+004
  9.8600339928E+004  1.9746190996E+004
  1.0030024257E+005  1.9591967543E+004
  1.0200029037E+005  1.9437717442E+004
  1.0370033603E+005  1.9283412607E+004
  1.0540022124E+005  1.9129034980E+004
  1.0710027290E+005  1.8974548236E+004
  1.0880031949E+005  1.8819972559E+004
  1.1050029816E+005  1.8665322224E+004
  1.1220027759E+005  1.8510635686E+004
  1.1390025633E+005  1.8355923468E+004
  1.1560027363E+005  1.8201171404E+004
  1.1730034816E+005  1.8046367509E+004
  1.1900018315E+005  1.7891530058E+004
  1.2070023323E+005  1.7736601498E+004
  1.2240029386E+005  1.7581501702E+004
  1.2410032013E+005  1.7426210735E+004
  1.2580025812E+005  1.7270764806E+004
  1.2750030905E+005  1.7115167340E+004
  1.2920031954E+005  1.6959445010E+004
  1.3090023583E+005  1.6803624642E+004
  1.3260021803E+005  1.6647747065E+004
  1.3430022919E+005  1.6491770914E+004
  1.3600029908E+005  1.6335660367E+004
  1.3770025747E+005  1.6179426930E+004
  1.3940025030E+005  1.6023064772E+004
  1.4110020577E+005  1.5866566334E+004
  1.4280032406E+005  1.5709850486E+004
  1.4450025356E+005  1.5552983256E+004
  1.4620020277E+005  1.5395980731E+004
  1.4790032810E+005  1.5238851968E+004
  1.4960024045E+005  1.5081649523E+004
  1.5130032865E+005  1.4924336947E+004
  1.5300026389E+005  1.4766902460E+004
  1.5470024528E+005  1.4609342544E+004
  1.5640026642E+005  1.4451698077E+004
  1.5810033458E+005  1.4293998654E+004
  1.5980034338E+005  1.4136273642E+004
  1.6150030407E+005  1.3978547523E+004
  1.6320021019E+005  1.3820872331E+004
  1.6490018800E+005  1.3663252011E+004
  1.6660025359E+005  1.3505666686E+004
  1.6830025857E+005  1.3348112565E+004
  1.7000018228E+005  1.3190581122E+004
  1.7170034295E+005  1.3032999914E+004
  1.7340019416E+005  1.2875377493E+004
  1.7510026534E+005  1.2717672219E+004
  1.7680023130E+005  1.2559929813E+004
  1.7850024568E+005  1.2402152414E+004
  1.8020025532E+005  1.2244358072E+004
  1.8190027099E+005  1.2086562167E+004
  1.8360028950E+005  1.1928771019E+004
  1.8530033846E+005  1.1770983799E+004
  1.8700022575E+005  1.1613224533E+004
  1.8870028057E+005  1.1455467846E+004
  1.9040033952E+005  1.1297733312E+004
  1.9210025425E+005  1.1140008173E+004
  1.9380021382E+005  1.0982223329E+004
  1.9550021687E+005  1.0824389001E+004
  1.9720026286E+005  1.0666529698E+004
  1.9890019878E+005  1.0508679978E+004
  2.0060024322E+005  1.0350831635E+004
  2.0230021089E+005  1.0193041354E+004
  2.0400026001E+005  1.0035318815E+004
  2.0570019870E+005  9.8776507166E+003
  2.0740022612E+005  9.7200009930E+003
  2.0910034901E+005  9.5623657666E+003
  2.1080017933E+005  9.4047953260E+003
  2.1250023417E+005  9.2472307338E+003
  2.1420032123E+005  9.0896692540E+003
  2.1590029055E+005  8.9321417733E+003
  2.1760032075E+005  8.7746471077E+003
  2.1930019685E+005  8.6172150907E+003
  2.2100025168E+005  8.4598185545E+003
  2.2270032256E+005  8.3024571646E+003
  2.2440023926E+005  8.1451339870E+003
  2.2610018373E+005  7.9878366633E+003
  2.2780030929E+005  7.8305596149E+003
  2.2950025152E+005  7.6733448166E+003
  2.3120023618E+005  7.5161714211E+003
  2.3290025604E+005  7.3590425653E+003
  2.3460032606E+005  7.2019525241E+003
  2.3630025910E+005  7.0449094198E+003
  2.3800025139E+005  6.8878939196E+003
  2.3970032982E+005  6.7309072449E+003
  2.4140032233E+005  6.5739549800E+003
  2.4310020629E+005  6.4170463595E+003
  2.4480033333E+005  6.2601447376E+003
  2.4650017715E+005  6.1033108735E+003
  2.4820027823E+005  5.9465067961E+003
  2.4990027750E+005  5.7897735232E+003
  2.5160032197E+005  5.6330796108E+003
  2.5330023888E+005 -1.2834170639E+004
  2.5500020157E+005 -1.2912542501E+004
  2.5670021954E+005 -1.2990300322E+004
  2.5840027201E+005 -1.3067846304E+004
  2.6010033547E+005 -1.3146611620E+004
  2.6180023722E+005 -1.3223932473E+004
  2.6350033863E+005 -1.3300183509E+004
  2.6520029390E+005 -1.3377400674E+004
  2.6690026931E+005 -1.3455261146E+004
  2.6860025793E+005 -1.3533548755E+004
  2.7030026390E+005 -1.3607068573E+004
  2.7200032123E+005 -1.3669707143E+004
  2.7370023698E+005 -1.3736888845E+004
  2.7540019669E+005 -1.3806188360E+004
  2.7710019501E+005 -1.3876995836E+004
  2.7880025592E+005 -1.3948993569E+004
  2.8050022507E+005 -1.4022741379E+004
  2.8220026502E+005 -1.4098033791E+004
  2.8390018334E+005 -1.4174540988E+004
  2.8560034253E+005 -1.4251768014E+004
  2.8730022046E+005 -1.4329458838E+004
  2.8900034300E+005 -1.4407506618E+004
  2.9070034587E+005 -1.4484540333E+004
  2.9240019985E+005 -1.4559966118E+004
  2.9410027826E+005 -1.4636238399E+004
  2.9580023532E+005 -1.4713140187E+004
  2.9750023522E+005 -1.4790505447E+004
  2.9920026137E+005 -1.4868226636E+004
  3.0090030148E+005 -1.4945816287E+004
  3.0260018604E+005 -1.5022930628E+004
  3.0430028217E+005 -1.5100085227E+004
  3.0600022530E+005 -1.5177389388E+004
  3.0770035148E+005 -1.5254930929E+004
  3.0940032701E+005 -1.5332708114E+004
  3.1110033287E+005 -1.5407461394E+004
  3.1280021454E+005 -1.5480137910E+004
  3.1450030818E+005 -1.5554030595E+004
  3.1620026464E+005 -1.5628969036E+004
  3.1790026811E+005 -1.5704725078E+004
  3.1960034463E+005 -1.5781126187E+004
  3.2130030786E+005 -1.5861310830E+004
  3.2300033321E+005 -1.5941852749E+004
  3.2470023398E+005 -1.6021708597E+004
  3.2640020412E+005 -1.6101275546E+004
  3.2810024349E+005 -1.6180733471E+004
  3.2980034200E+005 -1.6260166870E+004
  3.3150030827E+005 -1.6325079022E+004
  3.3320031304E+005 -1.6394218527E+004
  3.3490018817E+005 -1.6465870695E+004
  3.3660029035E+005 -1.6539058174E+004
  3.3830025106E+005 -1.6613331068E+004
  3.4000023454E+005 -1.6688446124E+004
  3.4170024244E+005 -1.6765466167E+004
  3.4340027796E+005 -1.6839252362E+004
  3.4510034547E+005 -1.6913844185E+004
  3.4680025634E+005 -1.6989292184E+004
  3.4850017906E+005 -1.7065448515E+004
  3.5020031141E+005 -1.7143379268E+004
  3.5190030348E+005 -1.7229666326E+004
  3.5360033891E+005 -1.7313432075E+004
  3.5530023380E+005 -1.7395933758E+004
  3.5700034384E+005 -1.7477756159E+004
  3.5870032478E+005 -1.7559149179E+004
  3.6040019898E+005 -1.7636052533E+004
  3.6210030128E+005 -1.7705952169E+004
  3.6380028444E+005 -1.7780307645E+004
  3.6550032020E+005 -1.7856610473E+004
  3.6720024121E+005 -1.7934027046E+004
  3.6890022743E+005 -1.8012171492E+004
  3.7060026590E+005 -1.8087631808E+004
  3.7230033926E+005 -1.8160514790E+004
  3.7400027848E+005 -1.8234644501E+004
  3.7570026511E+005 -1.8309769141E+004
  3.7740029387E+005 -1.8385695956E+004
  3.7910018616E+005 -1.8462268563E+004
  3.8080027248E+005 -1.8538355195E+004
  3.8250021062E+005 -1.8612958581E+004
  3.8420017986E+005 -1.8687804106E+004
  3.8590017854E+005 -1.8763149868E+004
  3.8760018981E+005 -1.8839029109E+004
  3.8930022657E+005 -1.8915409288E+004
  3.9100028611E+005 -1.8988533776E+004
  3.9270021824E+005 -1.9061736248E+004
  3.9440018627E+005 -1.9136986295E+004
  3.9610018855E+005 -1.9213399060E+004
  3.9780022874E+005 -1.9290611601E+004
  3.9950032352E+005 -1.9368417020E+004
  4.0120029410E+005 -1.9456386563E+004
  4.0290032279E+005 -1.9540673642E+004
  4.0460022244E+005 -1.9623057332E+004
  4.0630017862E+005 -1.9704655476E+004
  4.0800020250E+005 -1.9785782710E+004
  4.0970028244E+005 -1.9866600950E+004
  4.1140023128E+005 -1.9935667312E+004
  4.1310021824E+005 -2.0010639454E+004
  4.1480024362E+005 -2.0088210559E+004
  4.1650031659E+005 -2.0166921882E+004
  4.1820025955E+005 -2.0246265808E+004
  4.1990023112E+005 -2.0326016253E+004
  4.2160022883E+005 -2.0400779116E+004
  4.2330025582E+005 -2.0476499065E+004
  4.2500031168E+005 -2.0552263067E+004
  4.2670021835E+005 -2.0628287532E+004
  4.2840032135E+005 -2.0706608823E+004
  4.3010026881E+005 -2.0785983529E+004
  4.3180025165E+005 -2.0863903004E+004
  4.3350027536E+005 -2.0942264819E+004
  4.3520033124E+005 -2.1021255505E+004
  4.3690024584E+005 -2.1100684632E+004
  4.3860019091E+005 -2.1180442882E+004
  4.4030018767E+005 -2.1259252267E+004
  4.4200023896E+005 -2.1334376744E+004
  4.4370034137E+005 -2.1410890184E+004
  4.4540031136E+005 -2.1488369309E+004
  4.4710033827E+005 -2.1566577028E+004
  4.4880024102E+005 -2.1645327156E+004
  4.5050020075E+005 -2.1723114195E+004
  4.5220020045E+005 -2.1800050734E+004
  4.5390023692E+005 -2.1878666421E+004
  4.5560031886E+005 -2.1957948954E+004
  4.5730027289E+005 -2.2037604450E+004
  4.5900026432E+005 -2.2117526020E+004
  4.6070028602E+005 -2.2197408825E+004
  4.6240033386E+005 -2.2275611324E+004
  4.6410023046E+005 -2.2353282303E+004
  4.6580034207E+005 -2.2431178611E+004
  4.6750030256E+005 -2.2509442249E+004
  4.6920028743E+005 -2.2588093819E+004
  4.7090029548E+005 -2.2665392268E+004
  4.7260033694E+005 -2.2741945151E+004
  4.7430022873E+005 -2.2819671032E+004
  4.7600033579E+005 -2.2898197738E+004
  4.7770028987E+005 -2.2977273840E+004
  4.7940028647E+005 -2.3056767956E+004
  4.8110032944E+005 -2.3134611083E+004
  4.8280024710E+005 -2.3213706817E+004
  4.8450020593E+005 -2.3293612084E+004
  4.8620021370E+005 -2.3373864212E+004
  4.8790026186E+005 -2.3454358120E+004
  4.8960019215E+005 -2.3534995530E+004
  4.9130035160E+005 -2.3608369385E+004
  4.9300020264E+005 -2.3679706215E+004
  4.9470027065E+005 -2.3753039262E+004
  4.9640020822E+005 -2.3827882167E+004
  4.9810018447E+005 -2.3903952175E+004
  4.9980019941E+005 -2.3980962215E+004
  5.0150024542E+005 -2.4067320030E+004
  5.0320032093E+005 -2.4151281288E+004
  5.0490025608E+005 -2.4233733457E+004
  5.0660022323E+005 -2.4315554178E+004
  5.0830021413E+005 -2.4397086699E+004
  5.1000022605E+005 -2.4478490415E+004
  5.1170026154E+005 -2.4538267372E+004
  5.1340032164E+005 -2.4606171452E+004
  5.1510024370E+005 -2.4677469409E+004
  5.1680019438E+005 -2.4750888180E+004
  5.1850035409E+005 -2.4825822606E+004
  5.2020019368E+005 -2.4903632405E+004
  5.2190025153E+005 -2.4989009154E+004
  5.2360034650E+005 -2.5070953472E+004
  5.2530031253E+005 -2.5151991599E+004
  5.2700031828E+005 -2.5232743756E+004
  5.2870019969E+005 -2.5313372501E+004
  5.3040031035E+005 -2.5394961074E+004
  5.3210029091E+005 -2.5478817511E+004
  5.3380031006E+005 -2.5563264774E+004
  5.3550019661E+005 -2.5647745696E+004
  5.3720030001E+005 -2.5732095326E+004
  5.3890027362E+005 -2.5816253717E+004
  5.4060028800E+005 -2.5895669850E+004
  5.4230033296E+005 -2.5969970887E+004
  5.4400022944E+005 -2.6046582749E+004
  5.4570033734E+005 -2.6124476424E+004
  5.4740029380E+005 -2.6203242165E+004
  5.4910027815E+005 -2.6282657116E+004
  5.5080028823E+005 -2.6362875371E+004
  5.5250032135E+005 -2.6441004367E+004
  5.5420020693E+005 -2.6517871165E+004
  5.5590029908E+005 -2.6594848605E+004
  5.5760023796E+005 -2.6672247814E+004
  5.5930020715E+005 -2.6750143160E+004
  5.6100021336E+005 -2.6822674386E+004
  5.6270025551E+005 -2.6898317193E+004
  5.6440033949E+005 -2.6977584247E+004
  5.6610028239E+005 -2.7057508085E+004
  5.6780026265E+005 -2.7137903479E+004
  5.6950028884E+005 -2.7218664737E+004
  5.7120019017E+005 -2.7300494952E+004
  5.7290031199E+005 -2.7381899912E+004
  5.7460030140E+005 -2.7463577636E+004
  5.7630032877E+005 -2.7545614884E+004
  5.7800022075E+005 -2.7627933201E+004
  5.7970033071E+005 -2.7710481941E+004
  5.8140030242E+005 -2.7784509956E+004
  5.8310030767E+005 -2.7860420972E+004
  5.8480035242E+005 -2.7938180434E+004
  5.8650025379E+005 -2.8017028970E+004
  5.8820018677E+005 -2.8096674888E+004
  5.8990032189E+005 -2.8176956234E+004
  5.9160030269E+005 -2.8258939548E+004
  5.9330030828E+005 -2.8339672885E+004
  5.9500034808E+005 -2.8420618833E+004
  5.9670023975E+005 -2.8501960149E+004
  5.9840033378E+005 -2.8583695107E+004
  6.0010027287E+005 -2.8666000510E+004
  6.0180024089E+005 -2.8751946049E+004
  6.0350024275E+005 -2.8836530512E+004
  6.0520028260E+005 -2.8920682667E+004
  6.0690018059E+005 -2.9004583326E+004
  6.0860029187E+005 -2.9088331842E+004
  6.1030026681E+005 -2.9173497531E+004
  6.1200028612E+005 -2.9297748429E+004
  6.1370034782E+005 -2.9718408963E+004
  6.1540027320E+005 -3.0822734849E+004
  6.1710024140E+005 -3.2689125498E+004
  6.1880025122E+005 -3.4861197027E+004
  6.2050030579E+005 -3.9610922169E+004
  6.2220022006E+005 -4.3874968723E+004
  6.2390034541E+005 -5.0777174849E+004
  6.2560032590E+005 -5.7318655321E+004
  6.2730034569E+005 -6.4077964155E+004
  6.2900021948E+005 -7.0301449340E+004
  6.3070030049E+005 -7.7049128237E+004
  6.3240022534E+005 -8.0836043541E+004
  6.3410035131E+005 -8.3181073148E+004
  6.3580032719E+005 -2.8354922833E+004
  6.3750033734E+005 -2.7257049312E+004
  6.3920019072E+005 -2.2875725168E+004
  6.4090024698E+005 -1.7519202748E+004
  6.4260032723E+005 -4.7167426564E+003
  6.4430025836E+005  2.0608503691E+004
  6.4600022150E+005  7.1108699882E+004
  6.4770022372E+005  1.8355403116E+005
  6.4940025671E+005  3.3774313623E+005
  6.5110032919E+005  5.5967936543E+005
  6.5280026341E+005  8.7026036039E+005
  6.5450023564E+005  1.3064670984E+006
  6.5620024436E+005  1.8885895428E+006
  6.5790029689E+005  2.6375771754E+006
  6.5960021248E+005  3.5720140636E+006
  6.6130035141E+005  4.7347992083E+006
  6.6300035188E+005  6.1218594394E+006
  6.6470020799E+005  7.7394389219E+006
  6.6640027564E+005  9.5283069874E+006
  6.6810020515E+005  1.1578650616E+007
  6.6980034737E+005  1.3841897613E+007
  6.7150034490E+005  1.6302114813E+007
  6.7320019182E+005  1.8938814037E+007
  6.7490023878E+005  2.1728109497E+007
  6.7660031396E+005  2.4642333127E+007
  6.7830024152E+005  2.7651938479E+007
  6.8000019533E+005  3.0727307694E+007
  6.8170034682E+005  3.3838612468E+007
  6.8340034599E+005  3.6956416044E+007
  6.8510019293E+005  4.0054173857E+007
  6.8680024918E+005  4.3108754685E+007
  6.8850033463E+005  4.6211934893E+007
  6.9020027503E+005  4.9102151910E+007
  6.9190024466E+005  5.1895971784E+007
  6.9360025307E+005  5.4583592638E+007
  6.9530029532E+005  5.7156575082E+007
  6.9700019844E+005  5.9609701244E+007
  6.9870031569E+005  6.1940968143E+007
  7.0040030022E+005  6.4149418070E+007
  7.0210032407E+005  6.6236697340E+007
  7.0380021374E+005  6.8205631135E+007
  7.0550031236E+005  7.0060981972E+007
  7.0720026784E+005  7.1807863948E+007
  7.0890025865E+005  7.3452616243E+007
  7.1060029324E+005  7.5001960956E+007
  7.1230018055E+005  7.6462562877E+007
  7.1400027800E+005  7.7841353067E+007
  7.1570022213E+005  7.9144334214E+007
  7.1740019310E+005  8.0377282915E+007
  7.1910019244E+005  8.1545562765E+007
  7.2080022389E+005  8.2654843860E+007
  7.2250027602E+005  8.3710909532E+007
  7.2420035260E+005  8.4719320554E+007
  7.2590027558E+005  8.5876396704E+007
  7.2760022612E+005  8.6808937009E+007
  7.2930020485E+005  8.7717215592E+007
  7.3100021287E+005  8.8603545785E+007
  7.3270024597E+005  8.9470046506E+007
  7.3440031043E+005  9.0318547373E+007
  7.3610022979E+005  9.1150639723E+007
  7.3780018345E+005  9.1968143666E+007
  7.3950035079E+005  9.2772964571E+007
  7.4120020184E+005  9.3568854082E+007
  7.4290026737E+005  9.4359991176E+007
  7.4460019307E+005  9.5149414793E+007
  7.4630033247E+005  9.5940122738E+007
  7.4800033114E+005  9.6734345849E+007
  7.4970019041E+005  9.7534163134E+007
  7.5140026806E+005  9.8341763408E+007
  7.5310020326E+005  9.9158907548E+007
  7.5480034514E+005  9.9987613581E+007
  7.5650033618E+005  1.0082931990E+008
  7.5820018192E+005  1.0168512866E+008
  7.5990023688E+005  1.0255625552E+008
  7.6160032274E+005  1.0344354068E+008
  7.6330025526E+005  1.0434745780E+008
  7.6500020906E+005  1.0526765059E+008
  7.6670018296E+005  1.0620176350E+008
  7.6840018832E+005  1.0714714447E+008
  7.7010021818E+005  1.0810254550E+008
  7.7180027435E+005  1.0906695730E+008
  7.7350035371E+005  1.1003913671E+008
  7.7520028276E+005  1.1101817765E+008
  7.7690023985E+005  1.1200366504E+008
  7.7860023445E+005  1.1299556474E+008
  7.8030025773E+005  1.1399477797E+008
  7.8200031425E+005  1.1500095925E+008
  7.8370022524E+005  1.1601389600E+008
  7.8540035182E+005  1.1703351293E+008
  7.8710033619E+005  1.1805889845E+008
  7.8880018449E+005  1.1908952608E+008
  7.9050024328E+005  1.2012537758E+008
  7.9220034010E+005  1.2116614104E+008
  7.9390029188E+005  1.2221134277E+008
  7.9560027925E+005  1.2326076574E+008
  7.9730029739E+005  1.2431433581E+008
  7.9900035184E+005  1.2537210196E+008
  8.0070025975E+005  1.2643378093E+008
  8.0240019746E+005  1.2749907517E+008
  8.0410033463E+005  1.2856776406E+008
  8.0580031940E+005  1.2963964187E+008
  8.0750032826E+005  1.3071512198E+008
  8.0920018645E+005  1.3179439926E+008
  8.1090024854E+005  1.3287779800E+008
  8.1260033384E+005  1.3396487888E+008
  8.1430025854E+005  1.3505499032E+008
  8.1600020998E+005  1.3614839187E+008
  8.1770019048E+005  1.3724294298E+008
  8.1940019856E+005  1.3833155671E+008
  8.2110023380E+005  1.3941053815E+008
  8.2280029682E+005  1.4048106737E+008
  8.2450021021E+005  1.4154504258E+008
  8.2620033860E+005  1.4260250017E+008
  8.2790032638E+005  1.4365129171E+008
  8.2960034681E+005  1.4469052006E+008
  8.3130022097E+005  1.4572143326E+008
  8.3300030755E+005  1.4674658932E+008
  8.3470025292E+005  1.4776678184E+008
  8.3640023764E+005  1.4878104917E+008
  8.3810025717E+005  1.4978719575E+008
  8.3980030796E+005  1.5078390310E+008
  8.4150020843E+005  1.5177155975E+008
  8.4320032001E+005  1.5275212509E+008
  8.4490028487E+005  1.5372679968E+008
  8.4660028137E+005  1.5469598555E+008
  8.4830030231E+005  1.5565888980E+008
  8.5000035057E+005  1.5661447564E+008
  8.5170024241E+005  1.5756221602E+008
  8.5340033895E+005  1.5850258733E+008
  8.5510028046E+005  1.5943580883E+008
  8.5680024768E+005  1.6036192519E+008
  8.5850023553E+005  1.6128027264E+008
  8.6020025173E+005  1.6219006094E+008
  8.6190029021E+005  1.6309099198E+008
  8.6360017891E+005  1.6398351738E+008
  8.6530027130E+005  1.6486902373E+008
  8.6700021700E+005  1.6574848560E+008
  8.6870018914E+005  1.6662245737E+008
  8.7040019631E+005  1.6749073002E+008
  8.7210023362E+005  1.6835253441E+008
  8.7380030584E+005  1.6920701551E+008
  8.7550023327E+005  1.7005356388E+008
  8.7720019648E+005  1.7089218320E+008
  8.7890018874E+005  1.7172304076E+008
  8.8060021536E+005  1.7254630923E+008
  8.8230027527E+005  1.7336200227E+008
  8.8400019262E+005  1.7416992480E+008
  8.8570031974E+005  1.7497017915E+008
  8.8740029861E+005  1.7576276022E+008
  8.8910030219E+005  1.7654820018E+008
  8.9080033386E+005  1.7732712656E+008
  8.9250021647E+005  1.7810001829E+008
  8.9420030607E+005  1.7886730514E+008
  8.9590023991E+005  1.7962867867E+008
  8.9760019504E+005  1.8038372933E+008
  8.9930035197E+005  1.8113192317E+008
  9.0100035563E+005  1.8187262098E+008
  9.0270020504E+005  1.8260562213E+008
  9.0440025647E+005  1.8333117175E+008
  9.0610032733E+005  1.8404948138E+008
  9.0780024429E+005  1.8476083317E+008
  9.0950019163E+005  1.8546560472E+008
  9.1120034664E+005  1.8616404940E+008
  9.1290034883E+005  1.8685608254E+008
  9.1460020132E+005  1.8754170241E+008
  9.1630025856E+005  1.8822103969E+008
  9.1800035106E+005  1.8889404419E+008
  9.1970030130E+005  1.8956070164E+008
  9.2140028690E+005  1.9022115521E+008
  9.2310030019E+005  1.9087544919E+008
  9.2480034439E+005  1.9152361537E+008
  9.2650024236E+005  1.9216556304E+008
  9.2820035566E+005  1.9280140363E+008
  9.2990032076E+005  1.9343087610E+008
  9.3160031671E+005  1.9405400404E+008
  9.3330033783E+005  1.9467104016E+008
  9.3500020885E+005  1.9528227887E+008
  9.3670028585E+005  1.9588828008E+008
  9.3840021333E+005  1.9648938588E+008
  9.4010033901E+005  1.9708620126E+008
  9.4180030927E+005  1.9767903533E+008
  9.4350030364E+005  1.9826829935E+008
  9.4520032226E+005  1.9885426157E+008
  9.4690018529E+005  1.9943710892E+008
  9.4860024795E+005  2.0001737877E+008
  9.5030033079E+005  2.0059385854E+008
  9.5200025830E+005  2.0115737089E+008
  9.5370021546E+005  2.0170090564E+008
  9.5540019977E+005  2.0222315498E+008
  9.5710021107E+005  2.0272628391E+008
  9.5880024789E+005  2.0321365132E+008
  9.6050031496E+005  2.0368859874E+008
  9.6220023333E+005  2.0415393982E+008
  9.6390018609E+005  2.0461199894E+008
  9.6560034841E+005  2.0506454001E+008
  9.6730018814E+005  2.0551230420E+008
  9.6900023371E+005  2.0595547028E+008
  9.7070031427E+005  2.0639360349E+008
  9.7240024700E+005  2.0682578807E+008
  9.7410021045E+005  2.0725100314E+008
  9.7580020179E+005  2.0766833180E+008
  9.7750022324E+005  2.0807723275E+008
  9.7920026974E+005  2.0847763402E+008
  9.8090034502E+005  2.0886988657E+008
  9.8260026697E+005  2.0925461369E+008
  9.8430021274E+005  2.0963271240E+008
  9.8600017936E+005  2.1000512458E+008
  9.8770034841E+005  2.1037282832E+008
  9.8940018356E+005  2.1073661840E+008
  9.9110022024E+005  2.1109737161E+008
  9.9280027878E+005  2.1145541576E+008
  9.9450018215E+005  2.1181073994E+008
  9.9620028415E+005  2.1216323777E+008
  9.9790023277E+005  2.1251252849E+008
  9.9960020797E+005  2.1285809620E+008
  1.0013002101E+006  2.1319925733E+008
  1.0030002371E+006  2.1353535682E+008
  1.0047002917E+006  2.1386587735E+008
  1.0064001957E+006  2.1419047082E+008
  1.0081003074E+006  2.1450911476E+008
  1.0098002712E+006  2.1482186007E+008
  1.0115002680E+006  2.1512902815E+008
  1.0132002928E+006  2.1543098976E+008
  1.0149003502E+006  2.1572818988E+008
  1.0166002602E+006  2.1602112061E+008
  1.0183002014E+006  2.1631034654E+008
  1.0200003489E+006  2.1659641431E+008
  1.0217003466E+006  2.1687976200E+008
  1.0234001924E+006  2.1716087818E+008
  1.0251002462E+006  2.1744015886E+008
  1.0268003258E+006  2.1771772997E+008
  1.0285002535E+006  2.1799357330E+008
  1.0302002017E+006  2.1826762972E+008
  1.0319003493E+006  2.1853978581E+008
  1.0336003431E+006  2.1880979842E+008
  1.0353001835E+006  2.1907736090E+008
  1.0370002237E+006  2.1934215978E+008
  1.0387002848E+006  2.1960379789E+008
  1.0404001899E+006  2.1986191844E+008
  1.0421002938E+006  2.2011631341E+008
  1.0438002446E+006  2.2036675356E+008
  1.0455002193E+006  2.2061317825E+008
  1.0472002189E+006  2.2085558633E+008
  1.0489002414E+006  2.2109405105E+008
  1.0506002943E+006  2.2132870721E+008
  1.0523001956E+006  2.2155970849E+008
  1.0540003051E+006  2.2178731303E+008
  1.0557002609E+006  2.2201170031E+008
  1.0574002485E+006  2.2223313092E+008
  1.0591002651E+006  2.2245184024E+008
  1.0608003154E+006  2.2266805703E+008
  1.0625002152E+006  2.2288197253E+008
  1.0642003224E+006  2.2309382615E+008
  1.0659002735E+006  2.2330374302E+008
  1.0676002566E+006  2.2351188818E+008
  1.0693002674E+006  2.2371837386E+008
  1.0710003052E+006  2.2392327624E+008
  1.0727001873E+006  2.2412661036E+008
  1.0744002723E+006  2.2432842299E+008
  1.0761002003E+006  2.2452864844E+008
  1.0778003311E+006  2.2472727398E+008
  1.0795003064E+006  2.2492417694E+008
  1.0812003025E+006  2.2511927924E+008
  1.0829003184E+006  2.2531247374E+008
  1.0846001786E+006  2.2550363077E+008
  1.0863002404E+006  2.2569268427E+008
  1.0880003224E+006  2.2587951781E+008
  1.0897002473E+006  2.2606403229E+008
  1.0914001950E+006  2.2624618864E+008
  1.0931003486E+006  2.2642596634E+008
  1.0948003492E+006  2.2660331104E+008
  1.0965001997E+006  2.2677822726E+008
  1.0982002523E+006  2.2695077742E+008
  1.0999003315E+006  2.2712099994E+008
  1.1016002617E+006  2.2728893967E+008
  1.1033002241E+006  2.2745468771E+008
  1.1050002141E+006  2.2761832526E+008
  1.1067002321E+006  2.2777994018E+008
  1.1084002764E+006  2.2793962430E+008
  1.1101003500E+006  2.2809747150E+008
  1.1118002728E+006  2.2825355817E+008
  1.1135002229E+006  2.2840799256E+008
  1.1152001982E+006  2.2856086056E+008
  1.1169001995E+006  2.2871224331E+008
  1.1186002253E+006  2.2886221545E+008
  1.1203002759E+006  2.2901084434E+008
  1.1220003484E+006  2.2915818835E+008
  1.1237002611E+006  2.2930428155E+008
  1.1254001957E+006  2.2944918015E+008
  1.1271003332E+006  2.2959293002E+008
  1.1288003129E+006  2.2973552179E+008
  1.1305003129E+006  2.2987698281E+008
  1.1322003318E+006  2.3001731693E+008
  1.1339001934E+006  2.3015650427E+008
  1.1356002557E+006  2.3029456358E+008
  1.1373003430E+006  2.3043146452E+008
  1.1390002756E+006  2.3056717276E+008
  1.1407002313E+006  2.3070168013E+008
  1.1424002117E+006  2.3083496278E+008
  1.1441002195E+006  2.3096699750E+008
  1.1458002537E+006  2.3109776203E+008
  1.1475003144E+006  2.3122723695E+008
  1.1492002248E+006  2.3135539325E+008
  1.1509003434E+006  2.3148224623E+008
  1.1526003124E+006  2.3160776368E+008
  1.1543003092E+006  2.3173195743E+008
  1.1560003338E+006  2.3185483189E+008
  1.1577002042E+006  2.3197639323E+008
  1.1594002830E+006  2.3209669934E+008
  1.1611002102E+006  2.3221574526E+008
  1.1628003422E+006  2.3233358056E+008
  1.1645003165E+006  2.3245021002E+008
  1.1662003151E+006  2.3256567915E+008
  1.1679003356E+006  2.3268002401E+008
  1.1696002017E+006  2.3279327192E+008
  1.1713002648E+006  2.3290549034E+008
  1.1730003503E+006  2.3301670693E+008
  1.1747002771E+006  2.3312695418E+008
  1.1764002254E+006  2.3323628963E+008
  1.1781001917E+006  2.3334475838E+008
  1.1798001801E+006  2.3345240514E+008
  1.1815001870E+006  2.3355927222E+008
  1.1832002180E+006  2.3366540538E+008
  1.1849002738E+006  2.3377084542E+008
  1.1866003520E+006  2.3387563139E+008
  1.1883002736E+006  2.3397978965E+008
  1.1900002190E+006  2.3408336617E+008
  1.1917001936E+006  2.3418639614E+008
  1.1934001953E+006  2.3428894643E+008
  1.1951002253E+006  2.3439110825E+008
  1.1968002803E+006  2.3449289622E+008
  1.1985001866E+006  2.3459430842E+008
  1.2002002976E+006  2.3469536977E+008
  1.2019002604E+006  2.3479605738E+008
  1.2036002477E+006  2.3489638258E+008
  1.2053002623E+006  2.3499633613E+008
  1.2070003013E+006  2.3509590645E+008
  1.2087001921E+006  2.3519506840E+008
  1.2104002831E+006  2.3529382534E+008
  1.2121002178E+006  2.3539213624E+008
  1.2138003509E+006  2.3548999246E+008
  1.2155003310E+006  2.3558735041E+008
  1.2172003340E+006  2.3568419275E+008
  1.2189001789E+006  2.3578047995E+008
  1.2206002202E+006  2.3587620047E+008
  1.2223002799E+006  2.3597131290E+008
  1.2240001823E+006  2.3606578153E+008
  1.2257002849E+006  2.3615959502E+008
  1.2274002307E+006  2.3625270552E+008
  1.2291001929E+006  2.3634509506E+008
  1.2308003559E+006  2.3643674533E+008
  1.2325001863E+006  2.3652760640E+008
  1.2342002207E+006  2.3661768316E+008
  1.2359002764E+006  2.3670694408E+008
  1.2376001791E+006  2.3679536253E+008
  1.2393002856E+006  2.3688294194E+008
  1.2410002442E+006  2.3696965529E+008
  1.2427002281E+006  2.3705549647E+008
  1.2444002374E+006  2.3714045850E+008
  1.2461002700E+006  2.3722453684E+008
  1.2478003315E+006  2.3730772895E+008
  1.2495002430E+006  2.3739002560E+008
  1.2512001821E+006  2.3747143501E+008
  1.2529003214E+006  2.3755197252E+008
  1.2546003036E+006  2.3763162516E+008
  1.2563003125E+006  2.3771040770E+008
  1.2580003465E+006  2.3778832793E+008
  1.2597002244E+006  2.3786538673E+008
  1.2614003001E+006  2.3794161660E+008
  1.2631002183E+006  2.3801700311E+008
  1.2648003353E+006  2.3809157690E+008
  1.2665002954E+006  2.3816533721E+008
  1.2682002730E+006  2.3823830486E+008
  1.2699002699E+006  2.3831049327E+008
  1.2716002858E+006  2.3838191282E+008
  1.2733003250E+006  2.3845258271E+008
  1.2750002063E+006  2.3852250822E+008
  1.2767002855E+006  2.3859171691E+008
  1.2784002038E+006  2.3866020737E+008
  1.2801003260E+006  2.3872800738E+008
  1.2818002949E+006  2.3879511770E+008
  1.2835002884E+006  2.3886155433E+008
  1.2852003041E+006  2.3892732926E+008
  1.2869003448E+006  2.3899245439E+008
  1.2886002323E+006  2.3905693382E+008
  1.2903003254E+006  2.3912079196E+008
  1.2920002664E+006  2.3918402327E+008
  1.2937002337E+006  2.3924664242E+008
  1.2954002273E+006  2.3930865813E+008
  1.2971002472E+006  2.3937007739E+008
  1.2988002930E+006  2.3943094795E+008
  1.3005001831E+006  2.3949133643E+008
  1.3022002744E+006  2.3955126357E+008
  1.3039002128E+006  2.3961072222E+008
  1.3056003542E+006  2.3966972863E+008
  1.3073003369E+006  2.3972827353E+008
  1.3090003389E+006  2.3978636554E+008
  1.3107001825E+006  2.3984400032E+008
  1.3124002265E+006  2.3990119071E+008
  1.3141002897E+006  2.3995793067E+008
  1.3158001925E+006  2.4001421391E+008
  1.3175002923E+006  2.4007005128E+008
  1.3192002345E+006  2.4012542966E+008
  1.3209001957E+006  2.4018035291E+008
  1.3226003562E+006  2.4023482495E+008
  1.3243001787E+006  2.4028882601E+008
  1.3260002017E+006  2.4034237058E+008
  1.3277002496E+006  2.4039545039E+008
  1.3294003223E+006  2.4044806285E+008
  1.3311002373E+006  2.4050020013E+008
  1.3328003527E+006  2.4055187050E+008
  1.3345003164E+006  2.4060306155E+008
  1.3362003082E+006  2.4065377680E+008
  1.3379003263E+006  2.4070401467E+008
  1.3396001879E+006  2.4075376884E+008
  1.3413002531E+006  2.4080304897E+008
  1.3430003455E+006  2.4085185093E+008
  1.3447002860E+006  2.4090016984E+008
  1.3464002497E+006  2.4094801209E+008
  1.3481002375E+006  2.4099537974E+008
  1.3498002473E+006  2.4104227515E+008
  1.3515002826E+006  2.4108870029E+008
  1.3532003397E+006  2.4113466014E+008
  1.3549002381E+006  2.4118015516E+008
  1.3566003326E+006  2.4122519993E+008
  1.3583002721E+006  2.4126979101E+008
  1.3600002329E+006  2.4131393958E+008
  1.3617002130E+006  2.4135765537E+008
  1.3634002076E+006  2.4140094167E+008
  1.3651002202E+006  2.4144380775E+008
  1.3668002541E+006  2.4148626241E+008
  1.3685003080E+006  2.4152831461E+008
  1.3702002024E+006  2.4156996868E+008
  1.3719002943E+006  2.4161124141E+008
  1.3736002299E+006  2.4165213686E+008
  1.3753001857E+006  2.4169266846E+008
  1.3770003441E+006  2.4173285056E+008
  1.3787003451E+006  2.4177268485E+008
  1.3804001928E+006  2.4181218243E+008
  1.3821002440E+006  2.4185136160E+008
  1.3838003217E+006  2.4189022782E+008
  1.3855002435E+006  2.4192878764E+008
  1.3872001895E+006  2.4196705519E+008
  1.3889003403E+006  2.4200504434E+008
  1.3906003408E+006  2.4204275633E+008
  1.3923001858E+006  2.4208020130E+008
  1.3940002308E+006  2.4211739507E+008
  1.3957002996E+006  2.4215434237E+008
  1.3974002137E+006  2.4219104786E+008
  1.3991003290E+006  2.4222752754E+008
  1.4008002845E+006  2.4226378164E+008
  1.4025002614E+006  2.4229982168E+008
  1.4042002587E+006  2.4233565360E+008
  1.4059002772E+006  2.4237128289E+008
  1.4076003112E+006  2.4240671465E+008
  1.4093001851E+006  2.4244194985E+008
  1.4110002550E+006  2.4247699976E+008
  1.4127003479E+006  2.4251186383E+008
  1.4144002805E+006  2.4254653976E+008
  1.4161002315E+006  2.4258103404E+008
  1.4178001976E+006  2.4261534813E+008
  1.4195001862E+006  2.4264948305E+008
  1.4212001979E+006  2.4268343947E+008
  1.4229002305E+006  2.4271721519E+008
  1.4246002829E+006  2.4275081233E+008
  1.4263003558E+006  2.4278422920E+008
  1.4280002757E+006  2.4281746094E+008
  1.4297002182E+006  2.4285050927E+008
  1.4314001843E+006  2.4288336764E+008
  1.4331003509E+006  2.4291604561E+008
  1.4348001878E+006  2.4294852581E+008
  1.4365002264E+006  2.4298081495E+008
  1.4382002899E+006  2.4301290593E+008
  1.4399001946E+006  2.4304479160E+008
  1.4416003025E+006  2.4307647856E+008
  1.4433002558E+006  2.4310792147E+008
  1.4450002331E+006  2.4313908055E+008
  1.4467002312E+006  2.4316995269E+008
  1.4484002494E+006  2.4320053499E+008
  1.4501002890E+006  2.4323082442E+008
  1.4518003484E+006  2.4326081967E+008
  1.4535002493E+006  2.4329051461E+008
  1.4552003450E+006  2.4331991309E+008
  1.4569002828E+006  2.4334900727E+008
  1.4586002391E+006  2.4337779852E+008
  1.4603002140E+006  2.4340628441E+008
  1.4620002025E+006  2.4343446548E+008
  1.4637002111E+006  2.4346234047E+008
  1.4654002396E+006  2.4348990727E+008
  1.4671002894E+006  2.4351716629E+008
  1.4688003548E+006  2.4354411819E+008
  1.4705002598E+006  2.4357075882E+008
  1.4722001872E+006  2.4359709174E+008
  1.4739003175E+006  2.4362312674E+008
  1.4756002912E+006  2.4364885954E+008
  1.4773002868E+006  2.4367430410E+008
  1.4790003061E+006  2.4369946603E+008
  1.4807003491E+006  2.4372434659E+008
  1.4824002393E+006  2.4374895116E+008
  1.4841003294E+006  2.4377328469E+008
  1.4858002653E+006  2.4379734660E+008
  1.4875002249E+006  2.4382114396E+008
  1.4892002112E+006  2.4384468152E+008
  1.4909002184E+006  2.4386796569E+008
  1.4926002465E+006  2.4389100287E+008
  1.4943002936E+006  2.4391379643E+008
  1.4960001866E+006  2.4393634980E+008
  1.4977002793E+006  2.4395867356E+008
  1.4994002106E+006  2.4398076895E+008
  1.5011003391E+006  2.4400264580E+008
  1.5028003080E+006  2.4402430429E+008
  1.5045002961E+006  2.4404575705E+008
  1.5062002999E+006  2.4406700944E+008
  1.5079003225E+006  2.4408806757E+008
  1.5096001841E+006  2.4410893550E+008
  1.5113002454E+006  2.4412962378E+008
  1.5130003210E+006  2.4415013813E+008
  1.5147002365E+006  2.4417048050E+008
  1.5164003502E+006  2.4419066203E+008
  1.5181003080E+006  2.4421068494E+008
  1.5198002858E+006  2.4423055755E+008
  1.5215002836E+006  2.4425028310E+008
  1.5232003002E+006  2.4426987071E+008
  1.5249003400E+006  2.4428932664E+008
  1.5266002253E+006  2.4430865400E+008
  1.5283003108E+006  2.4432786214E+008
  1.5300002401E+006  2.4434695230E+008
  1.5317001914E+006  2.4436593003E+008
  1.5334003481E+006  2.4438480573E+008
  1.5351003476E+006  2.4440357813E+008
  1.5368001901E+006  2.4442225150E+008
  1.5385002317E+006  2.4444083404E+008
  1.5402003006E+006  2.4445933060E+008
  1.5419002113E+006  2.4447774042E+008
  1.5436003206E+006  2.4449606720E+008
  1.5453002684E+006  2.4451431427E+008
  1.5470002377E+006  2.4453248664E+008
  1.5487002280E+006  2.4455058705E+008
  1.5504002361E+006  2.4456861767E+008
  1.5521002612E+006  2.4458658362E+008
  1.5538003040E+006  2.4460448349E+008
  1.5555001869E+006  2.4462231775E+008
  1.5572002636E+006  2.4464009188E+008
  1.5589001801E+006  2.4465780369E+008
  1.5606002928E+006  2.4467545411E+008
  1.5623002475E+006  2.4469304623E+008
  1.5640002191E+006  2.4471058235E+008
  1.5657002089E+006  2.4472806159E+008
  1.5674002164E+006  2.4474548415E+008
  1.5691002474E+006  2.4476285012E+008
  1.5708003005E+006  2.4478016036E+008
  1.5725001952E+006  2.4479740979E+008
  1.5742002889E+006  2.4481460345E+008
  1.5759002246E+006  2.4483173733E+008
  1.5776001858E+006  2.4484881329E+008
  1.5793003479E+006  2.4486583223E+008
  1.5810003530E+006  2.4488278780E+008
  1.5827002002E+006  2.4489968311E+008
  1.5844002533E+006  2.4491651771E+008
  1.5861003267E+006  2.4493328860E+008
  1.5878002425E+006  2.4494999293E+008
  1.5895003558E+006  2.4496663294E+008
  1.5912003143E+006  2.4498320089E+008
  1.5929002945E+006  2.4499970161E+008
  1.5946002929E+006  2.4501613322E+008
  1.5963003078E+006  2.4503249368E+008
  1.5980003423E+006  2.4504878169E+008
  1.5997002175E+006  2.4506499429E+008
  1.6014002882E+006  2.4508113300E+008
  1.6031001980E+006  2.4509719481E+008
  1.6048003034E+006  2.4511318119E+008
  1.6065002495E+006  2.4512908789E+008
  1.6082002104E+006  2.4514491573E+008
  1.6099001886E+006  2.4516066391E+008
  1.6116001850E+006  2.4517633506E+008
  1.6133002031E+006  2.4519192249E+008
  1.6150002389E+006  2.4520742833E+008
  1.6167002926E+006  2.4522285270E+008
  1.6184001853E+006  2.4523819399E+008
  1.6201002785E+006  2.4525345604E+008
  1.6218002170E+006  2.4526863385E+008
  1.6235003550E+006  2.4528373319E+008
  1.6252003356E+006  2.4529875055E+008
  1.6269003372E+006  2.4531368806E+008
  1.6286001854E+006  2.4532854495E+008
  1.6303002339E+006  2.4534332463E+008
  1.6320003053E+006  2.4535802731E+008
  1.6337002179E+006  2.4537265243E+008
  1.6354003354E+006  2.4538720477E+008
  1.6371002948E+006  2.4540168210E+008
  1.6388002735E+006  2.4541608713E+008
  1.6405002716E+006  2.4543042301E+008
  1.6422002921E+006  2.4544468832E+008
  1.6439003337E+006  2.4545882095E+008
  1.6456002134E+006  2.4547279787E+008
  1.6473002898E+006  2.4548662625E+008
  1.6490002049E+006  2.4550030728E+008
  1.6507003194E+006  2.4551384643E+008
  1.6524002689E+006  2.4552724646E+008
  1.6541002360E+006  2.4554051385E+008
  1.6558002213E+006  2.4555365219E+008
  1.6575002255E+006  2.4556666540E+008
  1.6592002445E+006  2.4557955741E+008
  1.6609002795E+006  2.4559233105E+008
  1.6626003337E+006  2.4560499247E+008
  1.6643002308E+006  2.4561754356E+008
  1.6660003269E+006  2.4562999062E+008
  1.6677002603E+006  2.4564233484E+008
  1.6694002150E+006  2.4565458139E+008
  1.6711001906E+006  2.4566673455E+008
  1.6728001899E+006  2.4567879714E+008
  1.6745002090E+006  2.4569077263E+008
  1.6762002501E+006  2.4570266491E+008
  1.6779003121E+006  2.4571447750E+008
  1.6796002185E+006  2.4572621257E+008
  1.6813003236E+006  2.4573787376E+008
  1.6830002715E+006  2.4574946518E+008
  1.6847002417E+006  2.4576099043E+008
  1.6864002337E+006  2.4577245210E+008
  1.6881002464E+006  2.4578385296E+008
  1.6898002759E+006  2.4579519568E+008
  1.6915003257E+006  2.4580648321E+008
  1.6932002158E+006  2.4581771695E+008
  1.6949003047E+006  2.4582890088E+008
  1.6966002287E+006  2.4584003509E+008
  1.6983003506E+006  2.4585112423E+008
  1.7000003105E+006  2.4586216795E+008
  1.7017002881E+006  2.4587316947E+008
  1.7034002798E+006  2.4588412929E+008
  1.7051002883E+006  2.4589505051E+008
  1.7068003167E+006  2.4590593440E+008
  1.7085001839E+006  2.4591678104E+008
  1.7102002459E+006  2.4592759458E+008
  1.7119003230E+006  2.4593837481E+008
  1.7136002430E+006  2.4594912083E+008
  1.7153001827E+006  2.4595983480E+008
  1.7170003222E+006  2.4597051881E+008
  1.7187002988E+006  2.4598117147E+008
  1.7204002982E+006  2.4599179200E+008
  1.7221003186E+006  2.4600238458E+008
  1.7238001818E+006  2.4601294912E+008
  1.7255002442E+006  2.4602348734E+008
  1.7272003312E+006  2.4603399850E+008
  1.7289002619E+006  2.4604448184E+008
  1.7306002120E+006  2.4605493876E+008
  1.7323001821E+006  2.4606536984E+008
  1.7340003522E+006  2.4607577618E+008
  1.7357001882E+006  2.4608615495E+008
  1.7374002215E+006  2.4609650972E+008
  1.7391002729E+006  2.4610683970E+008
  1.7408003418E+006  2.4611714557E+008
  1.7425002528E+006  2.4612742524E+008
  1.7442001806E+006  2.4613768085E+008
  1.7459003044E+006  2.4614791371E+008
  1.7476002655E+006  2.4615812190E+008
  1.7493002444E+006  2.4616830685E+008
  1.7510002403E+006  2.4617846849E+008
  1.7527002498E+006  2.4618860813E+008
  1.7544002764E+006  2.4619872588E+008
  1.7561003200E+006  2.4620882208E+008
  1.7578002036E+006  2.4621889624E+008
  1.7595002812E+006  2.4622895108E+008
  1.7612001974E+006  2.4623898546E+008
  1.7629003096E+006  2.4624900215E+008
  1.7646002632E+006  2.4625899955E+008
  1.7663002349E+006  2.4626897976E+008
  1.7680002261E+006  2.4627894388E+008
  1.7697002381E+006  2.4628889307E+008
  1.7714002708E+006  2.4629882864E+008
  1.7731003236E+006  2.4630875180E+008
  1.7748002161E+006  2.4631866317E+008
  1.7765003117E+006  2.4632856644E+008
  1.7782002501E+006  2.4633846122E+008
  1.7799002106E+006  2.4634835039E+008
  1.7816001876E+006  2.4635823630E+008
  1.7833001861E+006  2.4636812047E+008
  1.7850002063E+006  2.4637800536E+008
  1.7867002485E+006  2.4638789334E+008
  1.7884003083E+006  2.4639778688E+008
  1.7901002071E+006  2.4640768741E+008
  1.7918003047E+006  2.4641759910E+008
  1.7935002403E+006  2.4642751613E+008
  1.7952001933E+006  2.4643743935E+008
  1.7969003411E+006  2.4644737271E+008
  1.7986003297E+006  2.4645731721E+008
  1.8003003334E+006  2.4646727731E+008
  1.8020003525E+006  2.4647725635E+008
  1.8037002061E+006  2.4648725610E+008
  1.8054002591E+006  2.4649728274E+008
  1.8071003287E+006  2.4650733895E+008
  1.8088002350E+006  2.4651742755E+008
  1.8105003358E+006  2.4652755640E+008
  1.8122002763E+006  2.4653772454E+008
  1.8139002367E+006  2.4654793867E+008
  1.8156002130E+006  2.4655820277E+008
  1.8173002084E+006  2.4656852158E+008
  1.8190002247E+006  2.4657890002E+008
  1.8207002636E+006  2.4658934331E+008
  1.8224003198E+006  2.4659985420E+008
  1.8241002167E+006  2.4661043983E+008
  1.8258003140E+006  2.4662110782E+008
