 0001  0.2399999999993897E+000
 0002  0.2399999999993897E+000
 0003  0.2399999999993932E+000
 0004  0.2399999999993932E+000
 0005  0.2399999999993971E+000
 0006  0.2399999999993971E+000
 0007  0.2399999999994009E+000
 0008  0.2399999999994009E+000
 0009  0.2399999999994051E+000
 0010  0.2399999999994051E+000
 0011  0.2399999999994099E+000
 0012  0.2399999999994099E+000
 0013  0.2399999999994145E+000
 0014  0.2399999999994145E+000
 0015  0.2399999999994198E+000
 0016  0.2399999999994198E+000
 0017  0.2399999999994255E+000
 0018  0.2399999999994255E+000
 0019  0.2399999999994310E+000
 0020  0.2399999999994310E+000
 0021  0.2399999999994372E+000
 0022  0.2399999999994438E+000
 0023  0.2399999999994438E+000
 0024  0.2399999999994503E+000
 0025  0.2399999999994503E+000
 0026  0.2399999999994575E+000
 0027  0.2399999999994575E+000
 0028  0.2399999999994653E+000
 0029  0.2399999999994735E+000
 0030  0.2399999999994735E+000
 0031  0.2399999999994815E+000
 0032  0.2399999999994815E+000
 0033  0.2399999999994903E+000
 0034  0.2399999999994995E+000
 0035  0.2399999999994995E+000
 0036  0.2399999999995094E+000
 0037  0.2399999999995186E+000
 0038  0.2399999999995186E+000
 0039  0.2399999999989088E+000
 0040  0.2399999999972246E+000
 0041  0.2399999999972246E+000
 0042  0.2399999999955796E+000
 0043  0.2399999996867488E+000
 0044  0.2399999996867488E+000
 0045  0.2399999914338136E+000
 0046  0.2399999765927498E+000
 0047  0.2399999765927498E+000
 0048  0.2399998968068786E+000
 0049  0.2399998232587569E+000
 0050  0.2399994607892183E+000
 0051  0.2399994607892183E+000
 0052  0.2399981790024368E+000
 0053  0.2399956017966706E+000
 0054  0.2399932380926161E+000
 0055  0.2399932380926161E+000
 0056  0.2399869551505569E+000
 0057  0.2399776931383858E+000
 0058  0.2399776931383858E+000
 0059  0.2399285458751894E+000
 0060  0.2397876715624061E+000
 0061  0.2396601123804676E+000
 0062  0.2393658436438808E+000
 0063  0.2393658436438808E+000
 0064  0.2388054788670613E+000
 0065  0.2379521177060114E+000
 0066  0.2368782925698340E+000
 0067  0.2368782925698340E+000
 0068  0.2354183694953739E+000
 0069  0.2341203512562452E+000
 0070  0.2324262869270598E+000
 0071  0.2303128841396219E+000
 0072  0.2303128841396219E+000
 0073  0.2275202675502662E+000
 0074  0.2242928200975854E+000
 0075  0.2206513543238093E+000
 0076  0.2174535494695735E+000
 0077  0.2138568603327401E+000
 0078  0.2138568603327401E+000
 0079  0.2094155717719944E+000
 0080  0.2046230298911750E+000
 0081  0.1995224467064423E+000
 0082  0.1941693742934375E+000
 0083  0.1886244487185721E+000
 0084  0.1886244487185721E+000
 0085  0.1832082867949682E+000
 0086  0.1774695911428045E+000
 0087  0.1715314041104031E+000
 0088  0.1654895709113300E+000
 0089  0.1594310404669130E+000
 0090  0.1534108915539854E+000
 0091  0.1534108915539854E+000
 0092  0.1465364707095831E+000
 0093  0.1398906328268471E+000
 0094  0.1334292605689425E+000
 0095  0.1272332673674400E+000
 0096  0.1212613424961739E+000
 0097  0.1154448343097614E+000
 0098  0.1097390939445751E+000
 0099  0.1041166582608028E+000
 0100  0.9856220497365761E-001
 0101  0.9308492892233791E-001
 0102  0.8770840234313008E-001
 0103  0.8245811915930223E-001
 0104  0.7735895283790602E-001
 0105  0.7243354497247145E-001
 0106  0.6765629839640390E-001
 0107  0.6306981215401201E-001
 0108  0.5870287163325957E-001
 0109  0.5457348010274728E-001
 0110  0.5069128558268741E-001
 0111  0.4676501312459605E-001
 0112  0.4320930478554607E-001
 0113  0.3998548974655270E-001
 0114  0.3705991429434103E-001
 0115  0.3440312524821237E-001
 0116  0.3011590858822345E-001
 0117  0.2836821921104494E-001
 0118  0.2674074913117834E-001
 0119  0.2522799555864302E-001
 0120  0.2382437557350710E-001
 0121  0.2252426782140140E-001
 0122  0.2132205476209859E-001
 0123  0.2021216321937636E-001
 0124  0.1918669507082165E-001
 0125  0.1824154885319578E-001
 0126  0.1737234690856180E-001
 0127  0.1657456991339604E-001
 0128  0.1584362813380871E-001
 0129  0.1517495886936360E-001
 0130  0.1453640600731440E-001
 0131  0.1396170876574166E-001
 0132  0.1344414020914743E-001
 0133  0.1297773453647496E-001
 0134  0.1255719390408761E-001
 0135  0.1217780747599865E-001
 0136  0.1156587365112068E-001
 0137  0.1131758362753824E-001
 0138  0.1108867057073213E-001
 0139  0.1087782473927403E-001
 0140  0.1068379182275167E-001
 0141  0.1050537689929923E-001
 0142  0.1034144675460550E-001
 0143  0.1019093089381924E-001
 0144  0.1005282152157289E-001
 0145  0.9921886925977331E-002
 0146  0.9802945879640070E-002
 0147  0.9694859331891863E-002
 0148  0.9596602046685937E-002
 0149  0.9507250518970849E-002
 0150  0.9425972254902099E-002
 0151  0.9352016253729233E-002
 0152  0.9230321122528543E-002
 0153  0.9180070910838445E-002
 0154  0.9133618112175980E-002
 0155  0.9090694986574901E-002
 0156  0.9051050220728361E-002
 0157  0.9014448255200556E-002
 0158  0.8980668586528863E-002
 0159  0.8948668129856119E-002
 0160  0.8919341765740753E-002
 0161  0.8892460452061296E-002
 0162  0.8867815465128539E-002
 0163  0.8845205697915141E-002
 0164  0.8824461766556624E-002
 0165  0.8805428401241258E-002
 0166  0.8787963376181318E-002
 0167  0.8758750319442548E-002
 0168  0.8746501389902945E-002
 0169  0.8735126057421756E-002
 0170  0.8724564737390470E-002
 0171  0.8714543517025400E-002
 0172  0.8705287503019929E-002
 0173  0.8696734381071831E-002
 0174  0.8688830365655698E-002
 0175  0.8681525822400990E-002
 0176  0.8674774944655874E-002
 0177  0.8668535455511718E-002
 0178  0.8662768333261663E-002
 0179  0.8657437558430174E-002
 0180  0.8648384812489040E-002
 0181  0.8644533687073415E-002
 0182  0.8640870024400308E-002
 0183  0.8637462557545814E-002
 0184  0.8634293253150701E-002
 0185  0.8631345356618646E-002
 0186  0.8628603300692077E-002
 0187  0.8626052620623065E-002
 0188  0.8623679875458734E-002
 0189  0.8621472571952234E-002
 0190  0.8619419100974446E-002
 0191  0.8617508674339825E-002
 0192  0.8614195289225451E-002
 0193  0.8612758868192610E-002
 0194  0.8611415187504027E-002
 0195  0.8610158225560391E-002
 0196  0.8608982354427948E-002
 0197  0.8607882313886947E-002
 0198  0.8606853187208377E-002
 0199  0.8605890225111630E-002
 0200  0.8604989175585016E-002
 0201  0.8604146058840275E-002
 0202  0.8603345792010504E-002
 0203  0.8601957440298550E-002
 0204  0.8601354517189956E-002
 0205  0.8600787664056248E-002
 0206  0.8600254646144303E-002
 0207  0.8599753444463534E-002
 0208  0.8599282160155342E-002
 0209  0.8598839007388533E-002
 0210  0.8598416984740977E-002
 0211  0.8598020919551126E-002
 0212  0.8597649181312004E-002
 0213  0.8596997171840527E-002
 0214  0.8596710980181161E-002
 0215  0.8596440697927265E-002
 0216  0.8596185440932352E-002
 0217  0.8595944373975348E-002
 0218  0.8595714068912436E-002
 0219  0.8595496903762889E-002
 0220  0.8595292116606515E-002
 0221  0.8595098990351199E-002
 0222  0.8594757139541900E-002
 0223  0.8594605733501017E-002
 0224  0.8594462189151950E-002
 0225  0.8594324670953330E-002
 0226  0.8594194477019920E-002
 0227  0.8594071211376174E-002
 0228  0.8593954499772107E-002
 0229  0.8593843988452372E-002
 0230  0.8593739336273592E-002
 0231  0.8593551734452219E-002
 0232  0.8593467653043035E-002
 0233  0.8593387761328380E-002
 0234  0.8593311843518305E-002
 0235  0.8593239699650045E-002
 0236  0.8593171139920206E-002
 0237  0.8593105984173940E-002
 0238  0.8593043513630582E-002
 0239  0.8592931400337097E-002
 0240  0.8592881068184942E-002
 0241  0.8592833086840184E-002
 0242  0.8592787345315831E-002
 0243  0.8592743735975397E-002
 0244  0.8592701816055641E-002
 0245  0.8592661885140502E-002
 0246  0.8592589757267515E-002
 0247  0.8592557167237959E-002
 0248  0.8592526010333274E-002
 0249  0.8592495995202292E-002
 0250  0.8592467322107295E-002
 0251  0.8592439928976783E-002
 0252  0.8592413757659083E-002
 0253  0.8592366207437443E-002
 0254  0.8592344443309065E-002
 0255  0.8592323597872060E-002
 0256  0.8592303631695877E-002
 0257  0.8592284507067413E-002
 0258  0.8592266187393180E-002
 0259  0.8592248520552636E-002
 0260  0.8592216284120045E-002
 0261  0.8592201572463237E-002
 0262  0.8592187447457496E-002
 0263  0.8592173885359546E-002
 0264  0.8592160780663124E-002
 0265  0.8592148204606876E-002
 0266  0.8592125147189078E-002
 0267  0.8592114574588113E-002
 0268  0.8592104340737455E-002
 0269  0.8592094498757700E-002
 0270  0.8592085033149432E-002
 0271  0.8592075929235084E-002
 0272  0.8592059074164935E-002
 0273  0.8592051317763645E-002
 0274  0.8592043843390396E-002
 0275  0.8592036640472133E-002
 0276  0.8592029661595318E-002
 0277  0.8592016768302449E-002
 0278  0.8592010811516020E-002
 0279  0.8592005031437207E-002
 0280  0.8591999453420832E-002
 0281  0.8591994070245206E-002
 0282  0.8591988874880420E-002
 0283  0.8591979218362562E-002
 0284  0.8591974730851774E-002
 0285  0.8591970392829747E-002
 0286  0.8591966199211040E-002
 0287  0.8591962126060584E-002
 0288  0.8591954551692966E-002
 0289  0.8591951029550350E-002
 0290  0.8591947604114364E-002
 0291  0.8591944288544434E-002
 0292  0.8591938103909709E-002
 0293  0.8591935206798421E-002
 0294  0.8591932398644577E-002
 0295  0.8591929676654328E-002
 0296  0.8591927027265715E-002
 0297  0.8591922073035451E-002
 0298  0.8591919756557338E-002
 0299  0.8591917499242934E-002
 0300  0.8591915308747606E-002
 0301  0.8591911194205135E-002
 0302  0.8591909261914917E-002
 0303  0.8591907384514057E-002
 0304  0.8591905553740934E-002
 0305  0.8591903775281512E-002
 0306  0.8591900433516380E-002
 0307  0.8591898857885243E-002
 0308  0.8591897325503108E-002
 0309  0.8591895835143448E-002
 0310  0.8591893018879467E-002
 0311  0.8591891693029135E-002
 0312  0.8591890397885072E-002
 0313  0.8591889137101519E-002
 0314  0.8591886754348100E-002
 0315  0.8591885628487794E-002
 0316  0.8591884527999989E-002
 0317  0.8591883455762896E-002
 0318  0.8591881425875691E-002
 0319  0.8591880465102944E-002
 0320  0.8591879528088486E-002
 0321  0.8591877748361492E-002
 0322  0.8591876903384525E-002
 0323  0.8591876078668161E-002
 0324  0.8591875273710241E-002
 0325  0.8591873742588537E-002
 0326  0.8591873014577709E-002
 0327  0.8591872303485933E-002
 0328  0.8591870950776084E-002
 0329  0.8591870307426235E-002
 0330  0.8591869676942233E-002
 0331  0.8591868475933280E-002
 0332  0.8591867903954912E-002
 0333  0.8591867344444955E-002
 0334  0.8591866795818984E-002
 0335  0.8591865749340571E-002
 0336  0.8591865250290414E-002
 0337  0.8591864760699864E-002
 0338  0.8591863825660965E-002
 0339  0.8591863379197687E-002
 0340  0.8591862940979647E-002
 0341  0.8591862103051523E-002
 0342  0.8591861702478677E-002
 0343  0.8591861309114565E-002
 0344  0.8591860556089482E-002
 0345  0.8591860195692448E-002
 0346  0.8591859503639014E-002
 0347  0.8591859172069553E-002
 0348  0.8591858846176040E-002
 0349  0.8591858220986853E-002
 0350  0.8591857920605881E-002
 0351  0.8591857625782198E-002
 0352  0.8591857059141636E-002
 0353  0.8591856786886619E-002
 0354  0.8591856263147067E-002
 0355  0.8591856011275493E-002
 0356  0.8591855763431563E-002
 0357  0.8591855286646034E-002
 0358  0.8591855056985594E-002
 0359  0.8591854614792244E-002
 0360  0.8591854401620138E-002
 0361  0.8591854192014947E-002
 0362  0.8591853787517246E-002
 0363  0.8591853592381902E-002
 0364  0.8591853216064028E-002
 0365  0.8591853034383704E-002
 0366  0.8591852683511286E-002
 0367  0.8591852514108279E-002
 0368  0.8591852347132244E-002
 0369  0.8591852024246484E-002
 0370  0.8591851868162536E-002
 0371  0.8591851566329096E-002
 0372  0.8591851420410983E-002
 0373  0.8591851137884356E-002
 0374  0.8591851001134344E-002
 0375  0.8591850736207881E-002
 0376  0.8591850607903118E-002
 0377  0.8591850359200468E-002
 0378  0.8591850238686525E-002
 0379  0.8591850004960645E-002
 0380  0.8591849891642916E-002
 0381  0.8591849671758406E-002
 0382  0.8591849565000406E-002
 0383  0.8591849357750375E-002
 0384  0.8591849257170029E-002
 0385  0.8591849061736602E-002
 0386  0.8591848875001326E-002
 0387  0.8591848784287778E-002
 0388  0.8591848607797834E-002
 0389  0.8591848522023901E-002
 0390  0.8591848355080188E-002
 0391  0.8591848195191102E-002
 0392  0.8591848117366047E-002
 0393  0.8591847965828261E-002
 0394  0.8591847892063903E-002
 0395  0.8591847748292305E-002
 0396  0.8591847610354010E-002
 0397  0.8591847543121017E-002
 0398  0.8591847412027608E-002
 0399  0.8591847286081537E-002
 0400  0.8591847224653512E-002
 0401  0.8591847104770496E-002
 0402  0.8591846989426583E-002
 0403  0.8591846933123615E-002
 0404  0.8591846823178989E-002
 0405  0.8591846717282277E-002
 0406  0.8591846665553108E-002
 0407  0.8591846564465953E-002
 0408  0.8591846466989204E-002
 0409  0.8591846372987136E-002
 0410  0.8591846327012542E-002
 0411  0.8591846237076723E-002
 0412  0.8591846150247327E-002
 0413  0.8591846066364896E-002
 0414  0.8591846025316069E-002
 0415  0.8591845944920132E-002
 0416  0.8591845867194508E-002
 0417  0.8591845792006631E-002
 0418  0.8591845719249256E-002
 0419  0.8591845648809989E-002
 0420  0.8591845580595964E-002
 0421  0.8591845547153597E-002
 0422  0.8591845481561586E-002
 0423  0.8591845417987009E-002
 0424  0.8591845356347213E-002
 0425  0.8591845296556343E-002
 0426  0.8591845238541257E-002
 0427  0.8591845182230513E-002
 0428  0.8591845127592746E-002
 0429  0.8591845074622179E-002
 0430  0.8591845023249917E-002
 0431  0.8591844973410295E-002
 0432  0.8591844925041014E-002
 0433  0.8591844878083095E-002
 0434  0.8591844832480742E-002
 0435  0.8591844788180522E-002
 0436  0.8591844745131928E-002
 0437  0.8591844683021309E-002
 0438  0.8591844643178494E-002
 0439  0.8591844604415672E-002
 0440  0.8591844566693029E-002
 0441  0.8591844529972538E-002
 0442  0.8591844476873341E-002
 0443  0.8591844442736312E-002
 0444  0.8591844409471607E-002
 0445  0.8591844377048755E-002
 0446  0.8591844330085703E-002
 0447  0.8591844299844201E-002
 0448  0.8591844270340198E-002
 0449  0.8591844227552650E-002
 0450  0.8591844199966645E-002
 0451  0.8591844159926271E-002
 0452  0.8591844134089905E-002
 0453  0.8591844096558528E-002
 0454  0.8591844072321496E-002
 0455  0.8591844037086457E-002
 0456  0.8591844014315271E-002
 0457  0.8591843981186814E-002
 0458  0.8591843949317630E-002
 0459  0.8591843928697426E-002
 0460  0.8591843898664298E-002
 0461  0.8591843869732814E-002
 0462  0.8591843841847670E-002
 0463  0.8591843823778386E-002
 0464  0.8591843797422614E-002
 0465  0.8591843771988909E-002
 0466  0.8591843747433351E-002
 0467  0.8591843723714838E-002
 0468  0.8591843700795066E-002
 0469  0.8591843678637360E-002
 0470  0.8591843650272627E-002
 0471  0.8591843629838922E-002
 0472  0.8591843610057234E-002
 0473  0.8591843590899437E-002
 0474  0.8591843566324742E-002
 0475  0.8591843548586048E-002
 0476  0.8591843525808348E-002
 0477  0.8591843509350395E-002
 0478  0.8591843488196861E-002
 0479  0.8591843467932181E-002
 0480  0.8591843448507022E-002
 0481  0.8591843434443719E-002
 0482  0.8591843416333735E-002
 0483  0.8591843394736435E-002
 0484  0.8591843378243414E-002
 0485  0.8591843362390215E-002
 0486  0.8591843347144712E-002
 0487  0.8591843328918467E-002
 0488  0.8591843311580713E-002
 0489  0.8591843298300088E-002
 0490  0.8591843282394242E-002
 0491  0.8591843264304648E-002
 0492  0.8591843250008325E-002
 0493  0.8591843236362834E-002
 0494  0.8591843220809503E-002
 0495  0.8591843206106843E-002
 0496  0.8591843192197092E-002
 0497  0.8591843179027491E-002
 0498  0.8591843164544461E-002
 0499  0.8591843150952436E-002
 0500  0.8591843138184741E-002
 0501  0.8591843126181250E-002
 0502  0.8591843113336441E-002
 0503  0.8591843099925497E-002
 0504  0.8591843087526497E-002
 0505  0.8591843076050060E-002
 0506  0.8591843063172393E-002
 0507  0.8591843052463494E-002
 0508  0.8591843040744340E-002
 0509  0.8591843029307692E-002
 0510  0.8591843017558654E-002
 0511  0.8591843006527957E-002
 0512  0.8591842995724254E-002
 0513  0.8591842984958513E-002
 0514  0.8591842974686134E-002
 0515  0.8591842964324213E-002
 0516  0.8591842956631245E-002
 0517  0.8591842956631245E-002
 0518  0.8591842956631245E-002
 0519  0.8591842956631245E-002
 0520  0.8591842956631245E-002
 0521  0.8591842956631245E-002
 0522  0.8591842956631245E-002
 0523  0.8591842956631245E-002
 0524  0.8591842956631245E-002
 0525  0.8591842956631245E-002
 0526  0.8591842956631245E-002
 0527  0.8591842956631245E-002
 0528  0.8591842956631245E-002
 0529  0.8591842956631245E-002
 0530  0.8591842956631245E-002
 0531  0.8591842956631245E-002
 0532  0.8591842956631245E-002
 0533  0.8591842956631245E-002
 0534  0.8591842956631245E-002
 0535  0.8591842956631245E-002
 0536  0.8591842956631245E-002
 0537  0.8591842956631245E-002
 0538  0.8591842956631245E-002
 0539  0.8591842956631245E-002
 0540  0.8591842956631245E-002
 0541  0.8591842956631245E-002
 0542  0.8591842956631245E-002
 0543  0.8591842956631245E-002
 0544  0.8591842956631245E-002
 0545  0.8591842956631245E-002
 0546  0.8591842956631245E-002
 0547  0.8591842956631245E-002
 0548  0.8591842956631245E-002
 0549  0.8591842956631245E-002
 0550  0.8591842956631245E-002
 0551  0.8591842956631245E-002
 0552  0.8591842956631245E-002
 0553  0.8591842956631245E-002
 0554  0.8591842956631245E-002
 0555  0.8591842956631245E-002
 0556  0.8591842956631245E-002
 0557  0.8591842956631245E-002
 0558  0.8591842956631245E-002
 0559  0.8591842956631245E-002
 0560  0.8591842956631245E-002
 0561  0.8591842956631245E-002
 0562  0.8591842956631245E-002
 0563  0.8591842956631245E-002
 0564  0.8591842956631245E-002
 0565  0.8591842956631245E-002
 0566  0.8591842956631245E-002
 0567  0.8591842956631245E-002
 0568  0.8591842956631245E-002
 0569  0.8591842956631245E-002
 0570  0.8591842956631245E-002
 0571  0.8591842956631245E-002
 0572  0.8591842956631245E-002
 0573  0.8591842956631245E-002
 0574  0.8591842956631245E-002
 0575  0.8591842956631245E-002
 0576  0.8591842956631245E-002
 0577  0.8591842956631245E-002
 0578  0.8591842956631245E-002
 0579  0.8591842956631245E-002
 0580  0.8591842956631245E-002
 0581  0.8591842956631245E-002
 0582  0.8591842956631245E-002
 0583  0.8591842956631245E-002
 0584  0.8591842956631245E-002
 0585  0.8591842956631245E-002
 0586  0.8591842956631245E-002
 0587  0.8591842956631245E-002
 0588  0.8591842956631245E-002
 0589  0.8591842956631245E-002
 0590  0.8591842956631245E-002
 0591  0.8591842956631245E-002
 0592  0.8591842956631245E-002
 0593  0.8591842956631245E-002
 0594  0.8591842956631245E-002
 0595  0.8591842956631245E-002
 0596  0.8591842956631245E-002
 0597  0.8591842956631245E-002
 0598  0.8591842956631245E-002
 0599  0.8591842956631245E-002
 0600  0.8591842956631245E-002
 0601  0.8591842956631245E-002
 0602  0.8591842956631245E-002
 0603  0.8591842956631245E-002
 0604  0.8591842956631245E-002
 0605  0.8591842956631245E-002
 0606  0.8591842956631245E-002
 0607  0.8591842956631245E-002
 0608  0.8591842956631245E-002
 0609  0.8591842956631245E-002
 0610  0.8591842956631245E-002
 0611  0.8591842956631245E-002
 0612  0.8591842956631245E-002
 0613  0.8591842956631245E-002
 0614  0.8591842956631245E-002
 0615  0.8591842956631245E-002
 0616  0.8591842956631245E-002
 0617  0.8591842956631245E-002
 0618  0.8591842956631245E-002
 0619  0.8591842956631245E-002
 0620  0.8591842956631245E-002
 0621  0.8591842956631245E-002
 0622  0.8591842956631245E-002
 0623  0.8591842956631245E-002
 0624  0.8591842956631245E-002
 0625  0.8591842956631245E-002
 0626  0.8591842956631245E-002
 0627  0.8591842956631245E-002
 0628  0.8591842956631245E-002
 0629  0.8591842956631245E-002
 0630  0.8591842956631245E-002
 0631  0.8591842956631245E-002
 0632  0.8591842956631245E-002
 0633  0.8591842956631245E-002
 0634  0.8591842956631245E-002
 0635  0.8591842956631245E-002
 0636  0.8591842956631245E-002
 0637  0.8591842956631245E-002
 0638  0.8591842956631245E-002
 0639  0.8591842956631245E-002
 0640  0.8591842956631245E-002
 0641  0.8591842956631245E-002
 0642  0.8591842956631245E-002
 0643  0.8591842956631245E-002
 0644  0.8591842956631245E-002
 0645  0.8591842956631245E-002
 0646  0.8591842956631245E-002
 0647  0.8591842956631245E-002
 0648  0.8591842956631245E-002
 0649  0.8591842956631245E-002
 0650  0.8591842956631245E-002
 0651  0.8591842956631245E-002
 0652  0.8591842956631245E-002
 0653  0.8591842956631245E-002
 0654  0.8591842956631245E-002
 0655  0.8591842956631245E-002
 0656  0.8591842956631245E-002
 0657  0.8591842956631245E-002
 0658  0.8591842956631245E-002
 0659  0.8591842956631245E-002
 0660  0.8591842956631245E-002
 0661  0.8591842956631245E-002
 0662  0.8591842956631245E-002
 0663  0.8591842956631245E-002
 0664  0.8591842956631245E-002
 0665  0.8591842956631245E-002
 0666  0.8591842956631245E-002
 0667  0.8591842956631245E-002
 0668  0.8591842956631245E-002
 0669  0.8591842956631245E-002
 0670  0.8591842956631245E-002
 0671  0.8591842956631245E-002
 0672  0.8591842956631245E-002
 0673  0.8591842956631245E-002
 0674  0.8591842956631245E-002
 0675  0.8591842956631245E-002
 0676  0.8591842956631245E-002
 0677  0.8591842956631245E-002
 0678  0.8591842956631245E-002
 0679  0.8591842956631245E-002
 0680  0.8591842956631245E-002
 0681  0.8591842956631245E-002
 0682  0.8591842956631245E-002
 0683  0.8591842956631245E-002
 0684  0.8591842956631245E-002
 0685  0.8591842956631245E-002
 0686  0.8591842956631245E-002
 0687  0.8591842956631245E-002
 0688  0.8591842956631245E-002
 0689  0.8591842956631245E-002
 0690  0.8591842956631245E-002
 0691  0.8591842956631245E-002
 0692  0.8591842956631245E-002
 0693  0.8591842956631245E-002
 0694  0.8591842956631245E-002
 0695  0.8591842956631245E-002
 0696  0.8591842956631245E-002
 0697  0.8591842956631245E-002
 0698  0.8591842956631245E-002
 0699  0.8591842956631245E-002
 0700  0.8591842956631245E-002
 0701  0.8591842956631245E-002
 0702  0.8591842956631245E-002
 0703  0.8591842956631245E-002
 0704  0.8591842956631245E-002
 0705  0.8591842956631245E-002
 0706  0.8591842956631245E-002
 0707  0.8591842956631245E-002
 0708  0.8591842956631245E-002
 0709  0.8591842956631245E-002
 0710  0.8591842956631245E-002
 0711  0.8591842956631245E-002
 0712  0.8591842956631245E-002
 0713  0.8591842956631245E-002
 0714  0.8591842956631245E-002
 0715  0.8591842956631245E-002
 0716  0.8591842956631245E-002
 0717  0.8591842956631245E-002
 0718  0.8591842956631245E-002
 0719  0.8591842956631245E-002
 0720  0.8591842956631245E-002
 0721  0.8591842956631245E-002
 0722  0.8591842956631245E-002
 0723  0.8591842956631245E-002
 0724  0.8591842956631245E-002
 0725  0.8591842956631245E-002
 0726  0.8591842956631245E-002
 0727  0.8591842956631245E-002
 0728  0.8591842956631245E-002
 0729  0.8591842956631245E-002
 0730  0.8591842956631245E-002
 0731  0.8591842956631245E-002
 0732  0.8591842956631245E-002
 0733  0.8591842956631245E-002
 0734  0.8591842956631245E-002
 0735  0.8591842956631245E-002
 0736  0.8591842956631245E-002
 0737  0.8591842956631245E-002
 0738  0.8591842956631245E-002
 0739  0.8591842956631245E-002
 0740  0.8591842956631245E-002
 0741  0.8591842956631245E-002
 0742  0.8591842956631245E-002
 0743  0.8591842956631245E-002
 0744  0.8591842956631245E-002
 0745  0.8591842956631245E-002
 0746  0.8591842956631245E-002
 0747  0.8591842956631245E-002
 0748  0.8591842956631245E-002
 0749  0.8591842956631245E-002
 0750  0.8591842956631245E-002
 0751  0.8591842956631245E-002
 0752  0.8591842956631245E-002
 0753  0.8591842956631245E-002
 0754  0.8591842956631245E-002
 0755  0.8591842956631245E-002
 0756  0.8591842956631245E-002
 0757  0.8591842956631245E-002
 0758  0.8591842956631245E-002
 0759  0.8591842956631245E-002
 0760  0.8591842956631245E-002
 0761  0.8591842956631245E-002
 0762  0.8591842956631245E-002
 0763  0.8591842956631245E-002
 0764  0.8591842956631245E-002
 0765  0.8591842956631245E-002
 0766  0.8591842956631245E-002
 0767  0.8591842956631245E-002
 0768  0.8591842956631245E-002
 0769  0.8591842956631245E-002
 0770  0.8591842956631245E-002
 0771  0.8591842956631245E-002
 0772  0.8591842956631245E-002
 0773  0.8591842956631245E-002
 0774  0.8591842956631245E-002
 0775  0.8591842956631245E-002
 0776  0.8591842956631245E-002
 0777  0.8591842956631245E-002
 0778  0.8591842956631245E-002
 0779  0.8591842956631245E-002
 0780  0.8591842956631245E-002
 0781  0.8591842956631245E-002
 0782  0.8591842956631245E-002
 0783  0.8591842956631245E-002
 0784  0.8591842956631245E-002
 0785  0.8591842956631245E-002
 0786  0.8591842956631245E-002
 0787  0.8591842956631245E-002
 0788  0.8591842956631245E-002
 0789  0.8591842956631245E-002
 0790  0.8591842956631245E-002
 0791  0.8591842956631245E-002
 0792  0.8591842956631245E-002
 0793  0.8591842956631245E-002
 0794  0.8591842956631245E-002
 0795  0.8591842956631245E-002
 0796  0.8591842956631245E-002
 0797  0.8591842956631245E-002
 0798  0.8591842956631245E-002
 0799  0.8591842956631245E-002
 0800  0.8591842956631245E-002
 0801  0.8591842956631245E-002
 0802  0.8591842956631245E-002
 0803  0.8591842956631245E-002
 0804  0.8591842956631245E-002
 0805  0.8591842956631245E-002
 0806  0.8591842956631245E-002
 0807  0.8591842956631245E-002
 0808  0.8591842956631245E-002
 0809  0.8591842956631245E-002
 0810  0.8591842956631245E-002
 0811  0.8591842956631245E-002
 0812  0.8591842956631245E-002
 0813  0.8591842956631245E-002
 0814  0.8591842956631245E-002
 0815  0.8591842956631245E-002
 0816  0.8591842956631245E-002
 0817  0.8591842956631245E-002
 0818  0.8591842956631245E-002
 0819  0.8591842956631245E-002
 0820  0.8591842956631245E-002
 0821  0.8591842956631245E-002
 0822  0.8591842956631245E-002
 0823  0.8591842956631245E-002
 0824  0.8591842956631245E-002
 0825  0.8591842956631245E-002
 0826  0.8591842956631245E-002
 0827  0.8591842956631245E-002
 0828  0.8591842956631245E-002
 0829  0.8591842956631245E-002
 0830  0.8591842956631245E-002
 0831  0.8591842956631245E-002
 0832  0.8591842956631245E-002
 0833  0.8591842956631245E-002
 0834  0.8591842956631245E-002
 0835  0.8591842956631245E-002
 0836  0.8591842956631245E-002
 0837  0.8591842956631245E-002
 0838  0.8591842956631245E-002
 0839  0.8591842956631245E-002
 0840  0.8591842956631245E-002
 0841  0.8591842956631245E-002
 0842  0.8591842956631245E-002
 0843  0.8591842956631245E-002
 0844  0.8591842956631245E-002
 0845  0.8591842956631245E-002
 0846  0.8591842956631245E-002
 0847  0.8591842956631245E-002
 0848  0.8591842956631245E-002
 0849  0.8591842956631245E-002
 0850  0.8591842956631245E-002
 0851  0.8591842956631245E-002
 0852  0.8591842956631245E-002
 0853  0.8591842956631245E-002
 0854  0.8591842956631245E-002
 0855  0.8591842956631245E-002
 0856  0.8591842956631245E-002
 0857  0.8591842956631245E-002
 0858  0.8591842956631245E-002
 0859  0.8591842956631245E-002
 0860  0.8591842956631245E-002
 0861  0.8591842956631245E-002
 0862  0.8591842956631245E-002
 0863  0.8591842956631245E-002
 0864  0.8591842956631245E-002
 0865  0.8591842956631245E-002
 0866  0.8591842956631245E-002
 0867  0.8591842956631245E-002
 0868  0.8591842956631245E-002
 0869  0.8591842956631245E-002
 0870  0.8591842956631245E-002
 0871  0.8591842956631245E-002
 0872  0.8591842956631245E-002
 0873  0.8591842956631245E-002
 0874  0.8591842956631245E-002
 0875  0.8591842956631245E-002
 0876  0.8591842956631245E-002
 0877  0.8591842956631245E-002
 0878  0.8591842956631245E-002
 0879  0.8591842956631245E-002
 0880  0.8591842956631245E-002
 0881  0.8591842956631245E-002
 0882  0.8591842956631245E-002
 0883  0.8591842956631245E-002
 0884  0.8591842956631245E-002
 0885  0.8591842956631245E-002
 0886  0.8591842956631245E-002
 0887  0.8591842956631245E-002
 0888  0.8591842956631245E-002
 0889  0.8591842956631245E-002
 0890  0.8591842956631245E-002
 0891  0.8591842956631245E-002
 0892  0.8591842956631245E-002
 0893  0.8591842956631245E-002
 0894  0.8591842956631245E-002
 0895  0.8591842956631245E-002
 0896  0.8591842956631245E-002
 0897  0.8591842956631245E-002
 0898  0.8591842956631245E-002
 0899  0.8591842956631245E-002
 0900  0.8591842956631245E-002
 0901  0.8591842956631245E-002
 0902  0.8591842956631245E-002
 0903  0.8591842956631245E-002
 0904  0.8591842956631245E-002
 0905  0.8591842956631245E-002
 0906  0.8591842956631245E-002
 0907  0.8591842956631245E-002
 0908  0.8591842956631245E-002
 0909  0.8591842956631245E-002
 0910  0.8591842956631245E-002
 0911  0.8591842956631245E-002
 0912  0.8591842956631245E-002
 0913  0.8591842956631245E-002
 0914  0.8591842956631245E-002
 0915  0.8591842956631245E-002
 0916  0.8591842956631245E-002
 0917  0.8591842956631245E-002
 0918  0.8591842956631245E-002
 0919  0.8591842956631245E-002
 0920  0.8591842956631245E-002
 0921  0.8591842956631245E-002
 0922  0.8591842956631245E-002
 0923  0.8591842956631245E-002
 0924  0.8591842956631245E-002
 0925  0.8591842956631245E-002
 0926  0.8591842956631245E-002
 0927  0.8591842956631245E-002
 0928  0.8591842956631245E-002
 0929  0.8591842956631245E-002
 0930  0.8591842956631245E-002
 0931  0.8591842956631245E-002
 0932  0.8591842956631245E-002
 0933  0.8591842956631245E-002
 0934  0.8591842956631245E-002
 0935  0.8591842956631245E-002
 0936  0.8591842956631245E-002
 0937  0.8591842956631245E-002
 0938  0.8591842956631245E-002
 0939  0.8591842956631245E-002
 0940  0.8591842956631245E-002
 0941  0.8591842956631245E-002
 0942  0.8591842956631245E-002
 0943  0.8591842956631245E-002
 0944  0.8591842956631245E-002
 0945  0.8591842956631245E-002
 0946  0.8591842956631245E-002
 0947  0.8591842956631245E-002
 0948  0.8591842956631245E-002
 0949  0.8591842956631245E-002
 0950  0.8591842956631245E-002
 0951  0.8591842956631245E-002
 0952  0.8591842956631245E-002
 0953  0.8591842956631245E-002
 0954  0.8591842956631245E-002
 0955  0.8591842956631245E-002
 0956  0.8591842956631245E-002
 0957  0.8591842956631245E-002
 0958  0.8591842956631245E-002
 0959  0.8591842956631245E-002
 0960  0.8591842956631245E-002
 0961  0.8591842956631245E-002
 0962  0.8591842956631245E-002
 0963  0.8591842956631245E-002
 0964  0.8591842956631245E-002
 0965  0.8591842956631245E-002
 0966  0.8591842956631245E-002
 0967  0.8591842956631245E-002
 0968  0.8591842956631245E-002
 0969  0.8591842956631245E-002
 0970  0.8591842956631245E-002
 0971  0.8591842956631245E-002
 0972  0.8591842956631245E-002
 0973  0.8591842956631245E-002
 0974  0.8591842956631245E-002
 0975  0.8591842956631245E-002
 0976  0.8591842956631245E-002
 0977  0.8591842956631245E-002
 0978  0.8591842956631245E-002
 0979  0.8591842956631245E-002
 0980  0.8591842956631245E-002
 0981  0.8591842956631245E-002
 0982  0.8591842956631245E-002
 0983  0.8591842956631245E-002
 0984  0.8591842956631245E-002
 0985  0.8591842956631245E-002
 0986  0.8591842956631245E-002
 0987  0.8591842956631245E-002
 0988  0.8591842956631245E-002
 0989  0.8591842956631245E-002
 0990  0.8591842956631245E-002
 0991  0.8591842956631245E-002
 0992  0.8591842956631245E-002
 0993  0.8591842956631245E-002
 0994  0.8591842956631245E-002
 0995  0.8591842956631245E-002
 0996  0.8591842956631245E-002
 0997  0.8591842956631245E-002
 0998  0.8591842956631245E-002
 0999  0.8591842956631245E-002
 1000  0.8591842956631245E-002
