  0.0000000000E+000  0.0000000000E+000
  1.7002378262E+003  1.6604995701E+039
  3.4003552995E+003  1.2452280077E+039
  5.1002573159E+003  9.7814207149E+038
  6.8001890772E+003  7.9817235689E+038
  8.5003166780E+003  6.7193691013E+038
  1.0200339866E+004  5.8026647575E+038
  1.1900316601E+004  5.1162524547E+038
  1.3600205982E+004  4.5882314448E+038
  1.5300190963E+004  4.1722218933E+038
  1.7000227448E+004  3.8375639215E+038
  1.8700334706E+004  3.5633801360E+038
  2.0400319162E+004  3.3350863195E+038
  2.2100246778E+004  3.1422208713E+038
  2.3800210089E+004  2.9772270287E+038
  2.5500223222E+004  2.8344746958E+038
  2.7200196471E+004  2.7097278365E+038
  2.8900279853E+004  2.5997261964E+038
  3.0600317898E+004  2.5019465723E+038
  3.2300184935E+004  2.4144007830E+038
  3.4000322662E+004  2.3355101142E+038
  3.5700220438E+004  2.2640107031E+038
  3.7400203337E+004  2.1961098605E+038
  3.9100256000E+004  2.1328742934E+038
  4.0800241343E+004  2.0038532500E+038
  4.2500330394E+004  1.7997571742E+038
  4.4200299186E+004  1.7381648884E+038
  4.5900304417E+004  1.7074271915E+038
  4.7600330498E+004  1.6787772186E+038
  4.9300274889E+004  1.6505384712E+038
  5.1000237583E+004  1.6235202902E+038
  5.2700197940E+004  1.5980005360E+038
  5.4400328122E+004  1.5739928149E+038
  5.6100299349E+004  1.5513665535E+038
  5.7800310408E+004  1.5299773879E+038
  5.9500243463E+004  1.5097006461E+038
  6.1200235610E+004  1.4903417324E+038
  6.2900247053E+004  1.4719029909E+038
  6.4600291538E+004  1.4543208107E+038
  6.6300325305E+004  1.4376242856E+038
  6.8000336745E+004  1.4217588869E+038
  6.9700333226E+004  1.4066388466E+038
  7.1400316232E+004  1.3920698259E+038
  7.3100250259E+004  1.3782330380E+038
  7.4800299213E+004  1.3648257947E+038
  7.6500218847E+004  1.3500992416E+038
  7.8200314655E+004  1.3358301965E+038
  7.9900255546E+004  1.3221002510E+038
  8.1600231539E+004  1.3075431429E+038
  8.3300223055E+004  1.2931187801E+038
  8.5000342654E+004  1.2768636873E+038
  8.6700288617E+004  1.2604436655E+038
  8.8400246188E+004  1.2483672517E+038
  9.0100320290E+004  1.2373341720E+038
  9.1800317882E+004  1.2268543914E+038
  9.3500302999E+004  1.2169143539E+038
  9.5200274531E+004  1.2074561292E+038
  9.6900277349E+004  1.1984382641E+038
  9.8600218343E+004  1.1898246204E+038
  1.0030032364E+005  1.1815713530E+038
  1.0200025758E+005  1.1736307394E+038
  1.0370035341E+005  1.1660092861E+038
  1.0540032882E+005  1.1586833732E+038
  1.0710019294E+005  1.1516357457E+038
  1.0880032592E+005  1.1448489121E+038
  1.1050018532E+005  1.1382840438E+038
  1.1220031164E+005  1.1319151101E+038
  1.1390023467E+005  1.1258000004E+038
  1.1560026180E+005  1.1199155714E+038
  1.1730028909E+005  1.1142465120E+038
  1.1900020812E+005  1.1087803398E+038
  1.2070032605E+005  1.1034872790E+038
  1.2240022119E+005  1.0983690787E+038
  1.2410026893E+005  1.0934210490E+038
  1.2580034330E+005  1.0886259114E+038
  1.2750027325E+005  1.0839837367E+038
  1.2920019196E+005  1.0794903930E+038
  1.3090025777E+005  1.0750960320E+038
  1.3260032092E+005  1.0708223564E+038
  1.3430021691E+005  1.0667020754E+038
  1.3600028720E+005  1.0627218544E+038
  1.3770034079E+005  1.0588728371E+038
  1.3940019945E+005  1.0551483085E+038
  1.4110023079E+005  1.0515051713E+038
  1.4280024884E+005  1.0479742419E+038
  1.4450023840E+005  1.0445606503E+038
  1.4620019019E+005  1.0412545404E+038
  1.4790027984E+005  1.0380505756E+038
  1.4960033350E+005  1.0349458364E+038
  1.5130034376E+005  1.0319240328E+038
  1.5300030500E+005  1.0289834968E+038
  1.5470021747E+005  1.0261358232E+038
  1.5640026430E+005  1.0233804605E+038
  1.5810029072E+005  1.0207150518E+038
  1.5980032228E+005  1.0181368077E+038
  1.6150020714E+005  1.0155736171E+038
  1.6320035335E+005  1.0131246253E+038
  1.6490025761E+005  1.0107653660E+038
  1.6660025393E+005  1.0084841774E+038
  1.6830032690E+005  1.0062782738E+038
  1.7000029232E+005  1.0041470638E+038
  1.7170032582E+005  1.0020651442E+038
  1.7340023305E+005  1.0000399997E+038
  1.7510034228E+005  9.9808523619E+037
  1.7680030420E+005  9.9620480452E+037
  1.7850029854E+005  9.9439808549E+037
  1.8020030645E+005  9.9265095712E+037
  1.8190031406E+005  9.9092386794E+037
  1.8360030778E+005  9.8930237735E+037
  1.8530029491E+005  9.8775871684E+037
  1.8700026447E+005  9.8628353822E+037
  1.8870019109E+005  9.8487360156E+037
  1.9040025799E+005  9.8351861409E+037
  1.9210029069E+005  9.8220472357E+037
  1.9380028849E+005  9.8095424806E+037
  1.9550024953E+005  9.7976596952E+037
  1.9720035363E+005  9.7863986638E+037
  1.9890026279E+005  9.7757537699E+037
  2.0060033834E+005  9.7655304570E+037
  2.0230023036E+005  9.7557009812E+037
  2.0400031156E+005  9.7465431167E+037
  2.0570024715E+005  9.7379840083E+037
  2.0740023350E+005  9.7298320817E+037
  2.0910027488E+005  9.7218351852E+037
  2.1080019185E+005  9.7139457874E+037
  2.1250034571E+005  9.7062585418E+037
  2.1420020008E+005  9.6991248432E+037
  2.1590027070E+005  9.6926295105E+037
  2.1760018890E+005  9.6868062434E+037
  2.1930030827E+005  9.6816661223E+037
  2.2100027936E+005  9.6767128575E+037
  2.2270027179E+005  9.6723230206E+037
  2.2440026930E+005  9.6686958934E+037
  2.2610026829E+005  9.6657647031E+037
  2.2780025989E+005  9.6635125983E+037
  2.2950023859E+005  9.6619323091E+037
  2.3120019854E+005  9.6608261285E+037
  2.3290031082E+005  9.6604189735E+037
  2.3460022312E+005  9.6606978369E+037
  2.3630029066E+005  9.6616263500E+037
  2.3800033499E+005  9.6631934842E+037
  2.3970018454E+005  9.6653938785E+037
  2.4140019836E+005  9.6678553452E+037
  2.4310020464E+005  9.6709234233E+037
  2.4480021137E+005  9.6746193467E+037
  2.4650022992E+005  9.6789368825E+037
  2.4820027783E+005  9.6838799235E+037
  2.4990018705E+005  9.6894501529E+037
  2.5160031111E+005  9.6952815136E+037
  2.5330029600E+005  9.7016215741E+037
  2.5500031989E+005  9.7081870150E+037
  2.5670020440E+005  9.7149773044E+037
  2.5840030633E+005  9.7220783524E+037
  2.6010026059E+005  9.7295288218E+037
  2.6180023543E+005  9.7368273694E+037
  2.6350022770E+005  9.7446804865E+037
  2.6520023245E+005  9.7531181685E+037
  2.6690024808E+005  9.7621438415E+037
  2.6860026994E+005  9.7717536341E+037
  2.7030028928E+005  9.7818849284E+037
  2.7200029836E+005  9.7924522222E+037
  2.7370029139E+005  9.8036726266E+037
  2.7540027052E+005  9.8154757385E+037
  2.7710023481E+005  9.8278465613E+037
  2.7880017875E+005  9.8407822758E+037
  2.8050028066E+005  9.8542653336E+037
  2.8220019545E+005  9.8682124556E+037
  2.8390028477E+005  9.8827037204E+037
  2.8560020140E+005  9.8977536884E+037
  2.8730029888E+005  9.9133748417E+037
  2.8900022782E+005  9.9295734294E+037
  2.9070017864E+005  9.9461565794E+037
  2.9240033655E+005  9.9630959509E+037
  2.9410035368E+005  9.9806747894E+037
  2.9580022846E+005  9.9988951999E+037
  2.9750031318E+005  1.0017759471E+038
  2.9920025074E+005  1.0037259624E+038
  3.0090021457E+005  1.0056971157E+038
  3.0260020401E+005  1.0077263655E+038
  3.0430021688E+005  1.0098344034E+038
  3.0600024624E+005  1.0120112701E+038
  3.0770028873E+005  1.0142547247E+038
  3.0940033677E+005  1.0165643976E+038
  3.1110021061E+005  1.0189214000E+038
  3.1280026068E+005  1.0213295089E+038
  3.1450030037E+005  1.0238093299E+038
  3.1620032881E+005  1.0263609111E+038
  3.1790034644E+005  1.0289828119E+038
  3.1960035365E+005  1.0316743326E+038
  3.2130035281E+005  1.0343784221E+038
  3.2300034107E+005  1.0371649076E+038
  3.2470032169E+005  1.0400306370E+038
  3.2640029798E+005  1.0429691386E+038
  3.2810027404E+005  1.0459792141E+038
  3.2980026405E+005  1.0490608751E+038
  3.3150027188E+005  1.0521972720E+038
  3.3320029901E+005  1.0554194566E+038
  3.3490035054E+005  1.0587144405E+038
  3.3660024677E+005  1.0620786211E+038
  3.3830035254E+005  1.0655133642E+038
  3.4000031262E+005  1.0690193204E+038
  3.4170029984E+005  1.0725319626E+038
  3.4340031274E+005  1.0761274909E+038
  3.4510034669E+005  1.0798071728E+038
  3.4680022174E+005  1.0835701792E+038
  3.4850029021E+005  1.0874161500E+038
  3.5020018827E+005  1.0913426149E+038
  3.5190026674E+005  1.0953410476E+038
  3.5360034915E+005  1.0994204056E+038
  3.5530025438E+005  1.1035797420E+038
  3.5700033624E+005  1.1078229278E+038
  3.5870023357E+005  1.1121488539E+038
  3.6040029627E+005  1.1165320266E+038
  3.6210034927E+005  1.1209523060E+038
  3.6380021498E+005  1.1254703881E+038
  3.6550025308E+005  1.1300762322E+038
  3.6720029072E+005  1.1347665704E+038
  3.6890032825E+005  1.1395361234E+038
  3.7060019324E+005  1.1443771024E+038
  3.7230024423E+005  1.1492719971E+038
  3.7400031045E+005  1.1542325288E+038
  3.7570021961E+005  1.1592626330E+038
  3.7740033106E+005  1.1643647687E+038
  3.7910029146E+005  1.1695386279E+038
  3.8080027799E+005  1.1747522318E+038
  3.8250028950E+005  1.1800462914E+038
  3.8420032591E+005  1.1854240697E+038
  3.8590020529E+005  1.1908715335E+038
  3.8760028017E+005  1.1963885031E+038
  3.8930019240E+005  1.2019743569E+038
  3.9100029607E+005  1.2076013907E+038
  3.9270023263E+005  1.2132930764E+038
  3.9440035426E+005  1.2190611407E+038
  3.9610029689E+005  1.2249010904E+038
  3.9780023694E+005  1.2308126510E+038
  3.9950034960E+005  1.2367961881E+038
  4.0120028186E+005  1.2428146593E+038
  4.0290021069E+005  1.2488989594E+038
  4.0460030850E+005  1.2550541395E+038
  4.0630022152E+005  1.2612775793E+038
  4.0800030857E+005  1.2675697938E+038
  4.0970021740E+005  1.2739282401E+038
  4.1140030865E+005  1.2803137247E+038
  4.1310022873E+005  1.2867681104E+038
  4.1480033908E+005  1.2932885546E+038
  4.1650029018E+005  1.2998700706E+038
  4.1820026125E+005  1.3061081091E+038
  4.1990025349E+005  1.3117462209E+038
  4.2160026593E+005  1.3171447248E+038
  4.2330029868E+005  1.3225751747E+038
  4.2500017874E+005  1.3280891382E+038
  4.2670026023E+005  1.3336977851E+038
  4.2840018398E+005  1.3393977438E+038
  4.3010030411E+005  1.3451807663E+038
  4.3180025682E+005  1.3510080101E+038
  4.3350022082E+005  1.3565446667E+038
  4.3520019276E+005  1.3616513916E+038
  4.3690034674E+005  1.3669364852E+038
  4.3860032642E+005  1.3724047362E+038
  4.4030030474E+005  1.3780265320E+038
  4.4200027985E+005  1.3837690416E+038
  4.4370025207E+005  1.3896064586E+038
  4.4540021698E+005  1.3955358071E+038
  4.4710035476E+005  1.4015515420E+038
  4.4880031197E+005  1.4076459138E+038
  4.5050026776E+005  1.4137804219E+038
  4.5220022860E+005  1.4199567013E+038
  4.5390019454E+005  1.4262211367E+038
  4.5560034730E+005  1.4325517292E+038
  4.5730033401E+005  1.4389408721E+038
  4.5900033292E+005  1.4453854329E+038
  4.6070035084E+005  1.4518864677E+038
  4.6240021440E+005  1.4584218093E+038
  4.6410027895E+005  1.4649799142E+038
  4.6580018827E+005  1.4715605513E+038
  4.6750029342E+005  1.4781657350E+038
  4.6920023903E+005  1.4847945863E+038
  4.7090020305E+005  1.4914118467E+038
  4.7260018440E+005  1.4980393687E+038
  4.7430017878E+005  1.5046977278E+038
  4.7600018159E+005  1.5113829026E+038
  4.7770019136E+005  1.5180943187E+038
  4.7940020502E+005  1.5248311852E+038
  4.8110021995E+005  1.5315590671E+038
  4.8280023288E+005  1.5383187297E+038
  4.8450024166E+005  1.5451024526E+038
  4.8620024755E+005  1.5519055249E+038
  4.8790025295E+005  1.5587263738E+038
  4.8960025793E+005  1.5655635484E+038
  4.9130026116E+005  1.5723666826E+038
  4.9300026259E+005  1.5791934150E+038
  4.9470026495E+005  1.5860452442E+038
  4.9640027450E+005  1.5929138223E+038
  4.9810029667E+005  1.5997948919E+038
  4.9980033342E+005  1.6066858304E+038
  5.0150020828E+005  1.6135701034E+038
  5.0320027818E+005  1.6204540750E+038
  5.0490018822E+005  1.6273369530E+038
  5.0660029793E+005  1.6342208907E+038
  5.0830024965E+005  1.6411051355E+038
  5.1000022137E+005  1.6479902350E+038
  5.1170021125E+005  1.6548278733E+038
  5.1340021575E+005  1.6616731825E+038
  5.1510023540E+005  1.6685204170E+038
  5.1680026610E+005  1.6753663420E+038
  5.1850030404E+005  1.6822084445E+038
  5.2020034781E+005  1.6890344333E+038
  5.2190021570E+005  1.6958160204E+038
  5.2360026551E+005  1.7026113388E+038
  5.2530031708E+005  1.7093983899E+038
  5.2700018881E+005  1.7161725050E+038
  5.2870023546E+005  1.7229335940E+038
  5.3040027600E+005  1.7296679541E+038
  5.3210031533E+005  1.7363642108E+038
  5.3380017990E+005  1.7430705113E+038
  5.3550022576E+005  1.7497524836E+038
  5.3720027739E+005  1.7564010698E+038
  5.3890033497E+005  1.7630189171E+038
  5.4060022241E+005  1.7695898888E+038
  5.4230030285E+005  1.7761160641E+038
  5.4400022173E+005  1.7826210549E+038
  5.4570033709E+005  1.7891016355E+038
  5.4740029381E+005  1.7955558327E+038
  5.4910026853E+005  1.8019840254E+038
  5.5080026395E+005  1.8083640852E+038
  5.5250027759E+005  1.8147087108E+038
  5.5420030497E+005  1.8210309342E+038
  5.5590034652E+005  1.8273248834E+038
  5.5760022115E+005  1.8335898500E+038
  5.5930028714E+005  1.8398275795E+038
  5.6100018700E+005  1.8460079124E+038
  5.6270026961E+005  1.8521489080E+038
  5.6440035300E+005  1.8582651317E+038
  5.6610025683E+005  1.8643529714E+038
  5.6780033772E+005  1.8704121384E+038
  5.6950024153E+005  1.8764402905E+038
  5.7120032315E+005  1.8824297527E+038
  5.7290022606E+005  1.8883852170E+038
  5.7460030715E+005  1.8943116758E+038
  5.7630021093E+005  1.9002052714E+038
  5.7800029704E+005  1.9060657926E+038
  5.7970021005E+005  1.9118914696E+038
  5.8140030912E+005  1.9176215802E+038
  5.8310024238E+005  1.9233318534E+038
  5.8480018944E+005  1.9290163550E+038
  5.8650033191E+005  1.9346684419E+038
  5.8820031328E+005  1.9402856170E+038
  5.8990031152E+005  1.9458684377E+038
  5.9160032727E+005  1.9513848019E+038
  5.9330018186E+005  1.9568705001E+038
  5.9500023253E+005  1.9623234559E+038
  5.9670030003E+005  1.9677414815E+038
  5.9840020301E+005  1.9731240271E+038
  6.0010029534E+005  1.9784683632E+038
  6.0180021661E+005  1.9837300245E+038
  6.0350032203E+005  1.9889764679E+038
  6.0520025581E+005  1.9941980873E+038
  6.0690019329E+005  1.9993892616E+038
  6.0860031045E+005  2.0045471122E+038
  6.1030025000E+005  2.0096604794E+038
  6.1200018741E+005  2.0147062975E+038
  6.1370030345E+005  2.0197271949E+038
  6.1540024167E+005  2.0247150872E+038
  6.1710018052E+005  2.0296667329E+038
  6.1880030085E+005  2.0345817353E+038
  6.2050024784E+005  2.0394549385E+038
  6.2220020328E+005  2.0442773024E+038
  6.2390034601E+005  2.0490591693E+038
  6.2560031915E+005  2.0538002782E+038
  6.2730030481E+005  2.0585042463E+038
  6.2900030666E+005  2.0631733212E+038
  6.3070032760E+005  2.0677981375E+038
  6.3240019103E+005  2.0723661299E+038
  6.3410024913E+005  2.0768983790E+038
  6.3580032169E+005  2.0813990108E+038
  6.3750023116E+005  2.0858678431E+038
  6.3920033152E+005  2.0890655188E+038
  6.4090026678E+005  2.0922773261E+038
  6.4260021333E+005  2.0956828744E+038
  6.4430034615E+005  2.0992171001E+038
  6.4600030983E+005  2.1028368645E+038
  6.4770027827E+005  2.1065174724E+038
  6.4940024851E+005  2.1102420932E+038
  6.5110021906E+005  2.1139692712E+038
  6.5280018740E+005  2.1177154756E+038
  6.5450033555E+005  2.1210618741E+038
  6.5620030761E+005  2.1242022985E+038
  6.5790028161E+005  2.1274516691E+038
  6.5960025798E+005  2.1307636676E+038
  6.6130023552E+005  2.1340967973E+038
  6.6300021697E+005  2.1374456238E+038
  6.6470020706E+005  2.1408098345E+038
  6.6640020705E+005  2.1441830395E+038
  6.6810022108E+005  2.1475596715E+038
  6.6980025043E+005  2.1509360430E+038
  6.7150029409E+005  2.1542877858E+038
  6.7320035437E+005  2.1576438803E+038
  6.7490025243E+005  2.1609918599E+038
  6.7660034476E+005  2.1643270827E+038
  6.7830027534E+005  2.1676467808E+038
  6.8000021924E+005  2.1709500978E+038
  6.8170035554E+005  2.1742341701E+038
  6.8340032645E+005  2.1774874997E+038
  6.8510030675E+005  2.1807179758E+038
  6.8680029516E+005  2.1839284460E+038
  6.8850028680E+005  2.1871195131E+038
  6.9020028297E+005  2.1902884291E+038
  6.9190028345E+005  2.1934092245E+038
  6.9360028710E+005  2.1965122935E+038
  6.9530029143E+005  2.1995982494E+038
  6.9700029378E+005  2.2026662523E+038
  6.9870029559E+005  2.2057155149E+038
  7.0040029930E+005  2.2087468013E+038
  7.0210030780E+005  2.2117525748E+038
  7.0380032289E+005  2.2147353679E+038
  7.0550034349E+005  2.2177007997E+038
  7.0720019311E+005  2.2206516696E+038
  7.0890023152E+005  2.2235955355E+038
  7.1060028172E+005  2.2265300311E+038
  7.1230034588E+005  2.2294743661E+038
  7.1400024635E+005  2.2324946366E+038
  7.1570034012E+005  2.2356589708E+038
  7.1740027397E+005  2.2390879695E+038
  7.1910022534E+005  2.2429905198E+038
  7.2080019119E+005  2.2477254388E+038
  7.2250034757E+005  2.2539267217E+038
  7.2420033542E+005  2.2626538900E+038
  7.2590033486E+005  2.2757845023E+038
  7.2760034567E+005  2.2966817812E+038
  7.2930018714E+005  2.3314956914E+038
  7.3100021310E+005  2.3919025010E+038
  7.3270024067E+005  2.5011130558E+038
  7.3440026904E+005  2.7106929145E+038
  7.3610029990E+005  3.1539736129E+038
  7.3780033261E+005  4.1539465654E+038
  7.3950018881E+005  1.6738851601E+039
  7.4120022503E+005  2.2686054804E+039
  7.4290026311E+005  2.3074509666E+039
  7.4460030588E+005  3.1544749624E+039
  7.4630035323E+005  3.8849516604E+039
  7.4800022776E+005  4.1520917726E+039
  7.4970028912E+005  4.5803168469E+039
  7.5140018225E+005  4.8949511039E+039
  7.5310026784E+005  5.5439916856E+039
  7.5480019180E+005  6.4292845375E+039
  7.5650030749E+005  6.4587408119E+039
  7.5820026057E+005  8.5084824109E+039
  7.5990022729E+005  8.5236324827E+039
  7.6160020775E+005  1.1327161128E+040
  7.6330020459E+005  1.1183014445E+040
  7.6500021515E+005  1.3480380624E+040
  7.6670023811E+005  1.5601663016E+040
  7.6840027037E+005  1.5077680319E+040
  7.7010030874E+005  1.5846285300E+040
  7.7180035487E+005  2.8797184987E+040
  7.7350022818E+005  1.8910195130E+040
  7.7520028373E+005  1.3503392250E+040
  7.7690034322E+005  2.1734344423E+040
  7.7860022551E+005  4.6031066298E+040
  7.8030028809E+005  7.9923818016E+040
  7.8200035256E+005  4.9755852916E+040
  7.8370023910E+005  2.0818876562E+040
  7.8540030582E+005  1.8279242503E+040
  7.8710019859E+005  3.3467140692E+040
  7.8880027683E+005  5.6935951329E+040
  7.9050018784E+005  8.2154817082E+040
  7.9220028579E+005  1.1140620241E+041
  7.9390021552E+005  1.3841319820E+041
  7.9560033409E+005  1.8599967008E+041
  7.9730028743E+005  2.5029823746E+041
  7.9900025779E+005  3.3514259901E+041
  8.0070024320E+005  4.3891971345E+041
  8.0240024358E+005  5.6338557285E+041
  8.0410025805E+005  7.1211188296E+041
  8.0580028541E+005  8.8615164334E+041
  8.0750032601E+005  1.1531966945E+042
  8.0920019815E+005  1.4588188108E+042
  8.1090025743E+005  1.8395399995E+042
  8.1260032555E+005  1.8549435509E+042
  8.1430022293E+005  2.1419024153E+042
  8.1600030519E+005  2.4720601190E+042
  8.1770021170E+005  2.8348152592E+042
  8.1940029694E+005  3.2176480701E+042
  8.2110020532E+005  3.6187137443E+042
  8.2280029377E+005  4.0481013228E+042
  8.2450020760E+005  4.5159408680E+042
  8.2620030334E+005  5.0288516769E+042
  8.2790022408E+005  5.5787963830E+042
  8.2960032756E+005  6.1538340236E+042
  8.3130025882E+005  6.7418924391E+042
  8.3300019708E+005  7.3328484978E+042
  8.3470032416E+005  7.9271265103E+042
  8.3640028411E+005  8.5238586900E+042
  8.3810025728E+005  9.1212539876E+042
  8.3980024470E+005  9.7174412971E+042
  8.4150024589E+005  1.0310556764E+043
  8.4320026189E+005  1.0898760061E+043
  8.4490029156E+005  1.1478507213E+043
  8.4660033468E+005  1.1624111228E+043
  8.4830021340E+005  1.2154273392E+043
  8.5000028331E+005  1.2669253530E+043
  8.5170018671E+005  1.3167033797E+043
  8.5340027667E+005  1.3645951662E+043
  8.5510019341E+005  1.4104289496E+043
  8.5680029313E+005  1.4540681772E+043
  8.5850021947E+005  1.4953735901E+043
  8.6020032931E+005  1.5342402608E+043
  8.6190026585E+005  1.5705633695E+043
  8.6360020444E+005  1.6042675609E+043
  8.6530032161E+005  1.6352935632E+043
  8.6700026302E+005  1.6635889610E+043
  8.6870020645E+005  1.6891268996E+043
  8.7040033304E+005  1.7118947922E+043
  8.7210028639E+005  1.7318878379E+043
  8.7380024622E+005  1.7491227479E+043
  8.7550021666E+005  1.7636271653E+043
  8.7720019722E+005  1.7754413505E+043
  8.7890018964E+005  1.7846174300E+043
  8.8060019369E+005  1.7912184578E+043
  8.8230020811E+005  1.7953176086E+043
  8.8400023763E+005  1.7969974952E+043
  8.8570028360E+005  1.7963494990E+043
  8.8740034444E+005  1.7934731697E+043
  8.8910024098E+005  1.7884654933E+043
  8.9080032543E+005  1.7812648661E+043
  8.9250024136E+005  1.7719780994E+043
  8.9420034607E+005  1.7608096762E+043
  8.9590028154E+005  1.7479433426E+043
  8.9760022558E+005  1.7335565286E+043
  8.9930035356E+005  1.7178220873E+043
  9.0100030698E+005  1.7009112088E+043
  9.0270026535E+005  1.6829813168E+043
  9.0440022604E+005  1.6641811301E+043
  9.0610018833E+005  1.6446480878E+043
  9.0780033070E+005  1.6245057246E+043
  9.0950029673E+005  1.6038720682E+043
  9.1120026846E+005  1.5828470871E+043
  9.1290024623E+005  1.5615213603E+043
  9.1460022961E+005  1.5399746307E+043
  9.1630021911E+005  1.5182237378E+043
  9.1800021562E+005  1.4962015387E+043
  9.1970022317E+005  1.4739428611E+043
  9.2140024357E+005  1.4514868756E+043
  9.2310027722E+005  1.4288728608E+043
  9.2480032447E+005  1.4061400474E+043
  9.2650020562E+005  1.3833299287E+043
  9.2820027791E+005  1.3604765335E+043
  9.2990018602E+005  1.3376229053E+043
  9.3160028532E+005  1.3148017290E+043
  9.3330021932E+005  1.2920541936E+043
  9.3500034247E+005  1.2694106637E+043
  9.3670029686E+005  1.2469094574E+043
  9.3840025919E+005  1.2245799473E+043
  9.4010022730E+005  1.2024517599E+043
  9.4180020025E+005  1.2680045273E+043
  9.4350035531E+005  1.2424042618E+043
  9.4520033556E+005  1.2171295484E+043
  9.4690032073E+005  1.1921908767E+043
  9.4860030931E+005  1.1675987633E+043
  9.5030030030E+005  1.1433613928E+043
  9.5200029377E+005  1.1194849702E+043
  9.5370028933E+005  1.0959788616E+043
  9.5540028982E+005  1.0728818737E+043
  9.5710029803E+005  1.0501951294E+043
  9.5880031502E+005  1.0279105889E+043
  9.6050034200E+005  1.0060201676E+043
  9.6220020015E+005  9.8451809954E+042
  9.6390024716E+005  9.6339202990E+042
  9.6560030680E+005  9.4263676515E+042
  9.6730020120E+005  9.2224772379E+042
  9.6900028759E+005  9.0221434834E+042
  9.7070020991E+005  8.8253527908E+042
  9.7240032418E+005  8.6320174262E+042
  9.7410027359E+005  8.4421484787E+042
  9.7580023408E+005  8.2557093558E+042
  9.7750020208E+005  8.0726887242E+042
  9.7920035616E+005  7.8930637976E+042
  9.8090033947E+005  7.7168744961E+042
  9.8260033167E+005  7.5441079124E+042
  9.8430033099E+005  7.3747712109E+042
  9.8600033345E+005  7.2086155070E+042
  9.8770033938E+005  7.0453224019E+042
  9.8940034704E+005  6.8851311776E+042
  9.9110017942E+005  6.7282699034E+042
  9.9280019397E+005  6.5748797703E+042
  9.9450021094E+005  6.4251167103E+042
  9.9620023291E+005  6.2790878660E+042
  9.9790026099E+005  6.1368720637E+042
  9.9960029552E+005  5.9985230139E+042
  1.0013003386E+006  5.8640723573E+042
  1.0030002110E+006  5.7335465787E+042
  1.0047002714E+006  5.6069145755E+042
  1.0064003453E+006  5.4841714814E+042
  1.0081002541E+006  5.3653018887E+042
  1.0098003552E+006  5.2502448983E+042
  1.0115002905E+006  5.1389812376E+042
  1.0132002364E+006  5.0314484005E+042
  1.0149001952E+006  4.9275896413E+042
  1.0166003441E+006  4.8273272465E+042
  1.0183003270E+006  4.7304925136E+042
  1.0200003213E+006  4.6368212132E+042
  1.0217003229E+006  4.5460837861E+042
  1.0234003322E+006  4.4580665234E+042
  1.0251003470E+006  4.3725706256E+042
  1.0268001880E+006  4.2894195735E+042
  1.0285002124E+006  4.2084236825E+042
  1.0302002391E+006  4.1294319747E+042
  1.0319002699E+006  4.0522961651E+042
  1.0336003049E+006  3.9768793128E+042
  1.0353003431E+006  3.9030553958E+042
  1.0370002068E+006  3.8307163413E+042
  1.0387002520E+006  3.7597420458E+042
  1.0404003018E+006  3.6900469344E+042
  1.0421001816E+006  3.6215455958E+042
  1.0438002494E+006  3.5541456143E+042
  1.0455003282E+006  3.4877890502E+042
  1.0472002390E+006  3.4224468693E+042
  1.0489003374E+006  3.3580856428E+042
  1.0506002694E+006  3.2947544380E+042
  1.0523002141E+006  3.2325402312E+042
  1.0540003511E+006  3.1715194126E+042
  1.0557003242E+006  3.1117833527E+042
  1.0574003089E+006  3.0534004716E+042
  1.0591003048E+006  2.9964421485E+042
  1.0608003111E+006  2.9409765114E+042
  1.0625003264E+006  2.8870682148E+042
  1.0642003495E+006  2.8347776764E+042
  1.0659002001E+006  2.7841649061E+042
  1.0676002355E+006  2.7352662261E+042
  1.0693002774E+006  2.6881212752E+042
  1.0710003243E+006  2.6427443055E+042
  1.0727001967E+006  2.5991301269E+042
  1.0744002490E+006  2.5572369124E+042
  1.0761003031E+006  2.5170183236E+042
  1.0778001831E+006  2.4784153402E+042
  1.0795002471E+006  2.4413502929E+042
  1.0812003173E+006  2.4057558384E+042
  1.0829002152E+006  2.3715654926E+042
  1.0846002969E+006  2.3387244722E+042
  1.0863002083E+006  2.3072048302E+042
  1.0880003082E+006  2.2768849040E+042
  1.0897002411E+006  2.2476626163E+042
  1.0914001864E+006  2.2194372223E+042
  1.0931003219E+006  2.1921185780E+042
  1.0948002924E+006  2.1656345382E+042
  1.0965002762E+006  2.1399129733E+042
  1.0982002712E+006  2.1148924035E+042
  1.0999002771E+006  2.0905181305E+042
  1.1016002928E+006  2.0667413979E+042
  1.1033003195E+006  2.0435185222E+042
  1.1050001793E+006  2.0208124582E+042
  1.1067002261E+006  1.9985824394E+042
  1.1084002790E+006  1.9767973347E+042
  1.1101003363E+006  1.9554253829E+042
  1.1118002190E+006  1.9344382597E+042
  1.1135002854E+006  1.9138019378E+042
  1.1152003553E+006  1.8934908596E+042
  1.1169002508E+006  1.8734806498E+042
  1.1186003288E+006  1.8537420169E+042
  1.1203002313E+006  1.8342561666E+042
  1.1220003167E+006  1.8149985781E+042
  1.1237002287E+006  1.7959557313E+042
  1.1254003242E+006  1.7771091510E+042
  1.1271002499E+006  1.7584634858E+042
  1.1288001852E+006  1.7401114139E+042
  1.1305003097E+006  1.7220705722E+042
  1.1322002675E+006  1.7043421920E+042
  1.1339002351E+006  1.6869236771E+042
  1.1356002143E+006  1.6698160429E+042
  1.1373002050E+006  1.6530263821E+042
  1.1390002083E+006  1.6365629415E+042
  1.1407002258E+006  1.6204312783E+042
  1.1424002551E+006  1.6046372813E+042
  1.1441002950E+006  1.5891867690E+042
  1.1458003445E+006  1.5740851891E+042
  1.1475002230E+006  1.5593391629E+042
  1.1492002879E+006  1.5449500311E+042
  1.1509001809E+006  1.5309243887E+042
  1.1526002576E+006  1.5172617643E+042
  1.1543003399E+006  1.5039648168E+042
  1.1560002482E+006  1.4910345528E+042
  1.1577003388E+006  1.4784661238E+042
  1.1594002545E+006  1.4662580003E+042
  1.1611003507E+006  1.4544013251E+042
  1.1628002728E+006  1.4428902745E+042
  1.1645002004E+006  1.4317134861E+042
  1.1662003131E+006  1.4208582146E+042
  1.1679002556E+006  1.4103139121E+042
  1.1696002042E+006  1.4000657684E+042
  1.1713003384E+006  1.3900985735E+042
  1.1730003041E+006  1.3804000485E+042
  1.1747002811E+006  1.3709548647E+042
  1.1764002716E+006  1.3617490699E+042
  1.1781002742E+006  1.3527691976E+042
  1.1798002883E+006  1.3440023878E+042
  1.1815003145E+006  1.3354364984E+042
  1.1832003519E+006  1.3270601787E+042
  1.1849002222E+006  1.3188637269E+042
  1.1866002809E+006  1.3108298241E+042
  1.1883003484E+006  1.3029334435E+042
  1.1900002470E+006  1.2951684521E+042
  1.1917003326E+006  1.2875280432E+042
  1.1934002464E+006  1.2800091366E+042
  1.1951003436E+006  1.2726059373E+042
  1.1968002649E+006  1.2653162471E+042
  1.1985001901E+006  1.2581359501E+042
  1.2002002986E+006  1.2510613677E+042
  1.2019002340E+006  1.2440914432E+042
  1.2036003525E+006  1.2372229538E+042
  1.2053002959E+006  1.2304553281E+042
  1.2070002425E+006  1.2237858311E+042
  1.2087001950E+006  1.2172125322E+042
  1.2104003327E+006  1.2107330507E+042
  1.2121003012E+006  1.2043486630E+042
  1.2138002791E+006  1.1980580594E+042
  1.2155002671E+006  1.1918598499E+042
  1.2172002673E+006  1.1857521631E+042
  1.2189002785E+006  1.1797323346E+042
  1.2206003008E+006  1.1737973430E+042
  1.2223003341E+006  1.1679434797E+042
  1.2240001998E+006  1.1621665217E+042
  1.2257002570E+006  1.1564607840E+042
  1.2274003269E+006  1.1508224491E+042
  1.2291002291E+006  1.1452476739E+042
  1.2308003181E+006  1.1397308811E+042
  1.2325002353E+006  1.1342688712E+042
  1.2342003373E+006  1.1288562148E+042
  1.2359002679E+006  1.1234898743E+042
  1.2376002038E+006  1.1181652549E+042
  1.2393003238E+006  1.1128779254E+042
  1.2410002692E+006  1.1076252732E+042
  1.2427002179E+006  1.1024032203E+042
  1.2444003495E+006  1.0972090486E+042
  1.2461003056E+006  1.0920445198E+042
  1.2478002665E+006  1.0869077384E+042
  1.2495002329E+006  1.0817974242E+042
  1.2512002058E+006  1.0767123422E+042
  1.2529001871E+006  1.0716513395E+042
  1.2546003544E+006  1.0666128435E+042
  1.2563003519E+006  1.0615969789E+042
  1.2580001807E+006  1.0566029277E+042
  1.2597001977E+006  1.0516289529E+042
  1.2614002276E+006  1.0466749787E+042
  1.2631002700E+006  1.0417405132E+042
  1.2648003245E+006  1.0368251715E+042
  1.2665002126E+006  1.0319291825E+042
  1.2682002888E+006  1.0270513372E+042
  1.2699001966E+006  1.0221924567E+042
  1.2716002932E+006  1.0173498931E+042
  1.2733002203E+006  1.0125243913E+042
  1.2750003344E+006  1.0077153678E+042
  1.2767002771E+006  1.0029243239E+042
  1.2784002258E+006  9.9815103155E+041
  1.2801001800E+006  9.9339604970E+041
  1.2818003160E+006  9.8865982604E+041
  1.2835002778E+006  9.8394471240E+041
  1.2852002438E+006  9.7925207965E+041
  1.2869002143E+006  9.7458441842E+041
  1.2886001908E+006  9.6994489059E+041
  1.2903003506E+006  9.6533735571E+041
  1.2920003356E+006  9.6076878435E+041
  1.2937003257E+006  9.5624611358E+041
  1.2954003224E+006  9.5177825103E+041
  1.2971003289E+006  9.4737563607E+041
  1.2988003465E+006  9.4305029773E+041
  1.3005001957E+006  9.3881632172E+041
  1.3022002343E+006  9.3468805785E+041
  1.3039002835E+006  9.3068272395E+041
  1.3056003440E+006  9.2681846286E+041
  1.3073002379E+006  9.2311493638E+041
  1.3090003202E+006  9.1959145449E+041
  1.3107002354E+006  9.1626918967E+041
  1.3124003409E+006  9.1316769379E+041
  1.3141002780E+006  9.1030705160E+041
  1.3158002246E+006  9.0770470223E+041
  1.3175003556E+006  9.0537583443E+041
  1.3192003131E+006  9.0333297593E+041
  1.3209002771E+006  9.0158118357E+041
  1.3226002469E+006  9.0011696693E+041
  1.3243002229E+006  8.9892756838E+041
  1.3260002033E+006  8.9799164567E+041
  1.3277001863E+006  8.9728230555E+041
  1.3294003517E+006  8.9676856742E+041
  1.3311003423E+006  8.9641566258E+041
  1.3328003384E+006  8.9618738396E+041
  1.3345003411E+006  8.9604816890E+041
  1.3362003496E+006  8.9596444953E+041
  1.3379001882E+006  8.9590607829E+041
  1.3396002144E+006  8.9585255123E+041
  1.3413002497E+006  8.9578642308E+041
  1.3430002948E+006  8.9569237814E+041
  1.3447003492E+006  8.9555787070E+041
  1.3464002365E+006  8.9537288501E+041
  1.3481003153E+006  8.9512955287E+041
  1.3498002279E+006  8.9482199915E+041
  1.3515003307E+006  8.9444584606E+041
  1.3532002646E+006  8.9399822627E+041
  1.3549002069E+006  8.9347730803E+041
  1.3566003376E+006  8.9288217411E+041
  1.3583002985E+006  8.9221282250E+041
  1.3600002679E+006  8.9146979941E+041
  1.3617002440E+006  8.9065442529E+041
  1.3634002250E+006  8.8976891344E+041
  1.3651002112E+006  8.8881705744E+041
  1.3668002016E+006  8.8780305977E+041
  1.3685001963E+006  8.8673148307E+041
  1.3702001954E+006  8.8560730633E+041
  1.3719001986E+006  8.8443589323E+041
  1.3736002075E+006  8.8322293466E+041
  1.3753002218E+006  8.8197433302E+041
  1.3770002416E+006  8.8069610971E+041
  1.3787002672E+006  8.7939437044E+041
  1.3804002992E+006  8.7807523216E+041
  1.3821003401E+006  8.7674473617E+041
  1.3838002135E+006  8.7540890437E+041
  1.3855002764E+006  8.7407308594E+041
  1.3872003508E+006  8.7274271793E+041
  1.3889002571E+006  8.7142277563E+041
  1.3906003519E+006  8.7011420968E+041
  1.3923002793E+006  8.6881977731E+041
  1.3940002175E+006  8.6754304262E+041
  1.3957003456E+006  8.6628657546E+041
  1.3974003057E+006  8.6505225659E+041
  1.3991002748E+006  8.6384075046E+041
  1.4008002525E+006  8.6265177130E+041
  1.4025002370E+006  8.6148509306E+041
  1.4042002273E+006  8.6034079972E+041
  1.4059002229E+006  8.5921759337E+041
  1.4076002233E+006  8.5811336017E+041
  1.4093002297E+006  8.5702536225E+041
  1.4110002415E+006  8.5595043155E+041
  1.4127002571E+006  8.5488515939E+041
  1.4144002762E+006  8.5382606115E+041
  1.4161002984E+006  8.5276971730E+041
  1.4178003259E+006  8.5171288859E+041
  1.4195001825E+006  8.5065271983E+041
  1.4212002253E+006  8.4958635971E+041
  1.4229002761E+006  8.4851167333E+041
  1.4246003357E+006  8.4742685581E+041
  1.4263002256E+006  8.4633062949E+041
  1.4280003046E+006  8.4522170041E+041
  1.4297002152E+006  8.4409956281E+041
  1.4314003145E+006  8.4296315373E+041
  1.4331002473E+006  8.4181125353E+041
  1.4348001917E+006  8.4064313244E+041
  1.4365003268E+006  8.3945846465E+041
  1.4382002935E+006  8.3825761885E+041
  1.4399002678E+006  8.3704084926E+041
  1.4416002504E+006  8.3580874058E+041
  1.4433002413E+006  8.3456205193E+041
  1.4450002404E+006  8.3330167440E+041
  1.4467002469E+006  8.3202860770E+041
  1.4484002580E+006  8.3074394293E+041
  1.4501002736E+006  8.2944884525E+041
  1.4518002934E+006  8.2814530842E+041
  1.4535003175E+006  8.2683597390E+041
  1.4552003467E+006  8.2552318727E+041
  1.4569002017E+006  8.2420930357E+041
  1.4586002404E+006  8.2289616712E+041
  1.4603002854E+006  8.2158595998E+041
  1.4620003364E+006  8.2028066410E+041
  1.4637002160E+006  8.1898234226E+041
  1.4654002809E+006  8.1769259644E+041
  1.4671003534E+006  8.1641338374E+041
  1.4688002582E+006  8.1514659980E+041
  1.4705003528E+006  8.1389368036E+041
  1.4722002810E+006  8.1265651405E+041
  1.4739002199E+006  8.1143651035E+041
  1.4756003463E+006  8.1023499238E+041
  1.4773003047E+006  8.0905355754E+041
  1.4790002739E+006  8.0789331509E+041
  1.4807002539E+006  8.0675538194E+041
  1.4824002446E+006  8.0564074700E+041
  1.4841002432E+006  8.0455026374E+041
  1.4858002495E+006  8.0348463227E+041
  1.4875002630E+006  8.0244436007E+041
  1.4892002819E+006  8.0142972546E+041
  1.4909003064E+006  8.0044095744E+041
  1.4926003354E+006  7.9947870854E+041
  1.4943001909E+006  7.9854337537E+041
  1.4960002307E+006  7.9763463024E+041
  1.4977002749E+006  7.9675206066E+041
  1.4994003235E+006  7.9589480847E+041
  1.5011001974E+006  7.9506179342E+041
  1.5028002540E+006  7.9425140969E+041
  1.5045003181E+006  7.9346208919E+041
  1.5062002120E+006  7.9269207522E+041
  1.5079002931E+006  7.9193923258E+041
  1.5096002052E+006  7.9120142200E+041
  1.5113003043E+006  7.9047558561E+041
  1.5130002344E+006  7.8975933619E+041
  1.5147003536E+006  7.8904989298E+041
  1.5164003050E+006  7.8834456053E+041
  1.5181002682E+006  7.8764079595E+041
  1.5198002422E+006  7.8693634562E+041
  1.5215002270E+006  7.8622916671E+041
  1.5232002221E+006  7.8551774097E+041
  1.5249002255E+006  7.8480103646E+041
  1.5266002371E+006  7.8407812158E+041
  1.5283002558E+006  7.8334816318E+041
  1.5300002814E+006  7.8261043093E+041
  1.5317003144E+006  7.8186429856E+041
  1.5334003531E+006  7.8110890890E+041
  1.5351002180E+006  7.8034346065E+041
  1.5368002653E+006  7.7956746135E+041
  1.5385003158E+006  7.7878075898E+041
  1.5402001931E+006  7.7798330132E+041
  1.5419002546E+006  7.7717489639E+041
  1.5436003218E+006  7.7635565825E+041
  1.5453002168E+006  7.7552574306E+041
  1.5470002960E+006  7.7468490800E+041
  1.5487002039E+006  7.7383339857E+041
  1.5504002984E+006  7.7297142456E+041
  1.5521002223E+006  7.7209970098E+041
  1.5538003348E+006  7.7121859116E+041
  1.5555002794E+006  7.7032882228E+041
  1.5572002356E+006  7.6943083339E+041
  1.5589002038E+006  7.6852514296E+041
  1.5606001814E+006  7.6761212497E+041
  1.5623003469E+006  7.6669187823E+041
  1.5640003433E+006  7.6576489069E+041
  1.5657003500E+006  7.6483140616E+041
  1.5674001889E+006  7.6389189502E+041
  1.5691002145E+006  7.6294655444E+041
  1.5708002473E+006  7.6199589134E+041
  1.5725002864E+006  7.6104033097E+041
  1.5742003309E+006  7.6008039545E+041
  1.5759002028E+006  7.5911681600E+041
  1.5776002577E+006  7.5815003427E+041
  1.5793003172E+006  7.5718078326E+041
  1.5810002039E+006  7.5620977992E+041
  1.5827002737E+006  7.5523742149E+041
  1.5844003491E+006  7.5426439295E+041
  1.5861002504E+006  7.5329136447E+041
  1.5878003343E+006  7.5231868441E+041
  1.5895002465E+006  7.5134709411E+041
  1.5912003452E+006  7.5037691210E+041
  1.5929002754E+006  7.4940885485E+041
  1.5946002155E+006  7.4844331939E+041
  1.5963003424E+006  7.4748070882E+041
  1.5980003004E+006  7.4652178669E+041
  1.5997002685E+006  7.4556703604E+041
  1.6014002473E+006  7.4461703183E+041
  1.6031002379E+006  7.4367226541E+041
  1.6048002387E+006  7.4273333886E+041
  1.6065002496E+006  7.4180112292E+041
  1.6082002706E+006  7.4087591306E+041
  1.6099003000E+006  7.3995797949E+041
  1.6116003376E+006  7.3904758709E+041
  1.6133002030E+006  7.3814509220E+041
  1.6150002530E+006  7.3725054883E+041
  1.6167003100E+006  7.3636427699E+041
  1.6184001946E+006  7.3548658917E+041
  1.6201002631E+006  7.3461753840E+041
  1.6218003356E+006  7.3375745255E+041
  1.6235002326E+006  7.3290663014E+041
  1.6252003129E+006  7.3206505898E+041
  1.6269002205E+006  7.3123303489E+041
  1.6286003128E+006  7.3041045160E+041
  1.6303002335E+006  7.2959745206E+041
  1.6320003388E+006  7.2879371414E+041
  1.6337002724E+006  7.2799925339E+041
  1.6354002144E+006  7.2721380000E+041
  1.6371003433E+006  7.2643705535E+041
  1.6388003040E+006  7.2566892733E+041
  1.6405002750E+006  7.2490904663E+041
  1.6422002567E+006  7.2415711678E+041
  1.6439002501E+006  7.2341282912E+041
  1.6456002533E+006  7.2267581557E+041
  1.6473002662E+006  7.2194560218E+041
  1.6490002884E+006  7.2122176328E+041
  1.6507003192E+006  7.2050387040E+041
  1.6524001814E+006  7.1979156834E+041
  1.6541002310E+006  7.1908427528E+041
  1.6558002878E+006  7.1838163055E+041
  1.6575003512E+006  7.1768320113E+041
  1.6592002404E+006  7.1698864023E+041
  1.6609003133E+006  7.1629739756E+041
  1.6626002130E+006  7.1560922907E+041
  1.6643002961E+006  7.1492361575E+041
  1.6660002065E+006  7.1424033978E+041
  1.6677003003E+006  7.1355891058E+041
  1.6694002202E+006  7.1287916126E+041
  1.6711003243E+006  7.1220068932E+041
  1.6728002547E+006  7.1152339543E+041
  1.6745001918E+006  7.1084694194E+041
  1.6762003152E+006  7.1017103486E+041
  1.6779002692E+006  7.0949575114E+041
  1.6796002341E+006  7.0882075294E+041
  1.6813002087E+006  7.0814557961E+041
  1.6830001925E+006  7.0746999974E+041
  1.6847001855E+006  7.0679385664E+041
  1.6864001882E+006  7.0611704465E+041
  1.6881002023E+006  7.0543946274E+041
  1.6898002274E+006  7.0476096010E+041
  1.6915002623E+006  7.0408143546E+041
  1.6932003066E+006  7.0340083147E+041
  1.6949001804E+006  7.0271918787E+041
  1.6966002405E+006  7.0203637050E+041
  1.6983003078E+006  7.0135251095E+041
  1.7000002018E+006  7.0066776442E+041
  1.7017002805E+006  6.9998207783E+041
  1.7034001866E+006  6.9929569189E+041
  1.7051002769E+006  6.9860856121E+041
  1.7068001939E+006  6.9792092960E+041
  1.7085002925E+006  6.9723275230E+041
  1.7102002165E+006  6.9654427114E+041
  1.7119003245E+006  6.9585543654E+041
  1.7136002605E+006  6.9516649200E+041
  1.7153002041E+006  6.9447746359E+041
  1.7170003333E+006  6.9378838090E+041
  1.7187002906E+006  6.9309949289E+041
  1.7204002561E+006  6.9241083268E+041
  1.7221002304E+006  6.9172252263E+041
  1.7238002150E+006  6.9103471055E+041
  1.7255002098E+006  6.9034754984E+041
  1.7272002147E+006  6.8966119075E+041
  1.7289002305E+006  6.8897577656E+041
  1.7306002569E+006  6.8829144377E+041
  1.7323002930E+006  6.8760832369E+041
  1.7340003383E+006  6.8692653360E+041
  1.7357002129E+006  6.8624619064E+041
  1.7374002746E+006  6.8556719786E+041
  1.7391003452E+006  6.8488969451E+041
  1.7408002451E+006  6.8421382177E+041
  1.7425003300E+006  6.8353952369E+041
  1.7442002407E+006  6.8286706146E+041
  1.7459003343E+006  6.8219639795E+041
  1.7476002547E+006  6.8152779993E+041
  1.7493001806E+006  6.8086133459E+041
  1.7510002909E+006  6.8019707152E+041
  1.7527002274E+006  6.7953528965E+041
  1.7544003472E+006  6.7887598551E+041
  1.7561002944E+006  6.7821942899E+041
  1.7578002473E+006  6.7756567886E+041
  1.7595002071E+006  6.7691485922E+041
  1.7612003531E+006  6.7626702091E+041
  1.7629003292E+006  6.7562241812E+041
  1.7646003162E+006  6.7498109473E+041
  1.7663003133E+006  6.7434315966E+041
  1.7680003197E+006  6.7370871958E+041
  1.7697003356E+006  6.7307778020E+041
  1.7714001815E+006  6.7245037505E+041
  1.7731002167E+006  6.7182642964E+041
  1.7748002630E+006  6.7120605899E+041
  1.7765003191E+006  6.7058930149E+041
  1.7782002063E+006  6.6997628186E+041
  1.7799002797E+006  6.6936694556E+041
  1.7816001813E+006  6.6876149741E+041
  1.7833002685E+006  6.6815989375E+041
  1.7850001824E+006  6.6756233882E+041
  1.7867002812E+006  6.6696875906E+041
  1.7884002072E+006  6.6637924632E+041
  1.7901003170E+006  6.6579370424E+041
  1.7918002538E+006  6.6521230827E+041
  1.7935001943E+006  6.6463506256E+041
  1.7952003178E+006  6.6406197343E+041
  1.7969002678E+006  6.6349322288E+041
  1.7986002237E+006  6.6292880352E+041
  1.8003001874E+006  6.6236875743E+041
  1.8020003376E+006  6.6181305740E+041
  1.8037003168E+006  6.6126184156E+041
  1.8054003044E+006  6.6071506095E+041
  1.8071002998E+006  6.6017271501E+041
  1.8088003049E+006  6.5963477480E+041
  1.8105003206E+006  6.5910116796E+041
  1.8122003465E+006  6.5857182294E+041
  1.8139002047E+006  6.5804673336E+041
  1.8156002517E+006  6.5752573381E+041
  1.8173003081E+006  6.5700882686E+041
  1.8190001955E+006  6.5649601202E+041
  1.8207002690E+006  6.5598712287E+041
  1.8224003504E+006  6.5548215227E+041
  1.8241002611E+006  6.5498108666E+041
  1.8258001791E+006  6.5448382750E+041
  1.8275002831E+006  6.5399251871E+041
  1.8292002133E+006  6.5350745340E+041
  1.8309003264E+006  6.5302728282E+041
  1.8326002656E+006  6.5255123941E+041
  1.8343002098E+006  6.5207864384E+041
  1.8360003387E+006  6.5160892720E+041
  1.8377002947E+006  6.5114177597E+041
  1.8394002555E+006  6.5067683220E+041
  1.8411002220E+006  6.5021383160E+041
  1.8428001947E+006  6.4975255349E+041
  1.8445003531E+006  6.4929276491E+041
  1.8462003413E+006  6.4883440414E+041
  1.8479003376E+006  6.4837728385E+041
  1.8496003436E+006  6.4792127790E+041
