  0.0000000000E+000  0.0000000000E+000
  1.7002710544E+003  5.1773340562E+042
  3.4002361149E+003  5.1773340562E+042
  5.1003018740E+003  5.1773340562E+042
  6.8001833637E+003  5.1773340562E+042
  8.5002012084E+003  5.1773340562E+042
  1.0200206891E+004  7.0781439608E+042
  1.1900192632E+004  7.0781439608E+042
  1.3600181546E+004  7.0781439608E+042
  1.5300269476E+004  7.0781439608E+042
  1.7000302600E+004  7.0781439608E+042
  1.8700295981E+004  7.0781439608E+042
  2.0400197849E+004  6.9015964515E+042
  2.2100229721E+004  6.9015964515E+042
  2.3800252898E+004  6.9015964515E+042
  2.5500294217E+004  6.9015964515E+042
  2.7200199940E+004  6.9015964515E+042
  2.8900226078E+004  6.9015964515E+042
  3.0600221269E+004  6.9030540104E+042
  3.2300162307E+004  6.9030540104E+042
  3.4000213998E+004  6.9030540104E+042
  3.5700281107E+004  6.9030540104E+042
  3.7400214773E+004  6.9030540104E+042
  3.9100272089E+004  6.9030540104E+042
  4.0800300569E+004  6.7975630356E+042
  4.2500153665E+004  6.7975630356E+042
  4.4200260966E+004  6.7975630356E+042
  4.5900207537E+004  6.7975630356E+042
  4.7600190922E+004  6.7975630356E+042
  4.9300210549E+004  6.7975630356E+042
  5.1000294196E+004  6.7251856193E+042
  5.2700220903E+004  6.7251856193E+042
  5.4400154476E+004  6.7251856193E+042
  5.6100209282E+004  6.7251856193E+042
  5.7800227436E+004  6.7251856193E+042
  5.9500178991E+004  6.7251856193E+042
  6.1200186575E+004  6.6592717565E+042
  6.2900231749E+004  6.6592717565E+042
  6.4600289698E+004  6.6592717565E+042
  6.6300183847E+004  6.6592717565E+042
  6.8000241334E+004  6.6592717565E+042
  6.9700187785E+004  6.6592717565E+042
  7.1400157048E+004  6.5733559275E+042
  7.3100297039E+004  6.5733559275E+042
  7.4800172658E+004  6.5733559275E+042
  7.6500226807E+004  6.5733559275E+042
  7.8200293975E+004  6.5733559275E+042
  7.9900199867E+004  6.5733559275E+042
  8.1600306394E+004  6.5119267361E+042
  8.3300225766E+004  6.5119267361E+042
  8.5000186473E+004  6.5119267361E+042
  8.6700159329E+004  6.5119267361E+042
  8.8400209121E+004  6.5119267361E+042
  9.0100271649E+004  6.4413232258E+042
  9.1800254402E+004  6.4413232258E+042
  9.3500241556E+004  6.4413232258E+042
  9.5200282839E+004  6.4413232258E+042
  9.6900165446E+004  6.4413232258E+042
  9.8600256563E+004  6.4413232258E+042
  1.0030019939E+005  6.3856585038E+042
  1.0200017452E+005  6.3856585038E+042
  1.0370029964E+005  6.3856585038E+042
  1.0540029458E+005  6.3856585038E+042
  1.0710016627E+005  6.3856585038E+042
  1.0880019540E+005  6.3856585038E+042
  1.1050023899E+005  6.3221941392E+042
  1.1220026832E+005  6.3221941392E+042
  1.1390019417E+005  6.3221941392E+042
  1.1560024235E+005  6.3221941392E+042
  1.1730015594E+005  6.3221941392E+042
  1.1900019713E+005  6.3221941392E+042
  1.2070028082E+005  6.2424478916E+042
  1.2240019473E+005  6.2424478916E+042
  1.2410025450E+005  6.2424478916E+042
  1.2580015584E+005  6.2424478916E+042
  1.2750020822E+005  6.2424478916E+042
  1.2920028135E+005  6.2424478916E+042
  1.3090030365E+005  6.2137342725E+042
  1.3260018889E+005  6.2137342725E+042
  1.3430020296E+005  6.2137342725E+042
  1.3600022756E+005  6.2137342725E+042
  1.3770022541E+005  6.2137342725E+042
  1.3940021477E+005  6.2137342725E+042
  1.4110020722E+005  6.1565909488E+042
  1.4280016218E+005  6.1565909488E+042
  1.4450029308E+005  6.1565909488E+042
  1.4620022493E+005  6.1565909488E+042
  1.4790015774E+005  6.1565909488E+042
  1.4960021723E+005  6.1565909488E+042
  1.5130027685E+005  6.1111165241E+042
  1.5300017488E+005  6.1111165241E+042
  1.5470018465E+005  6.1111165241E+042
  1.5640020628E+005  6.1111165241E+042
  1.5810020122E+005  6.1111165241E+042
  1.5980020968E+005  6.1111165241E+042
  1.6150018149E+005  6.0433762454E+042
  1.6320029254E+005  6.0433762454E+042
  1.6490025528E+005  6.0433762454E+042
  1.6660017241E+005  6.0433762454E+042
  1.6830025770E+005  6.0433762454E+042
  1.7000030530E+005  5.9612439653E+042
  1.7170017212E+005  5.9612439653E+042
  1.7340018205E+005  5.9612439653E+042
  1.7510015886E+005  5.9612439653E+042
  1.7680028059E+005  5.9612439653E+042
  1.7850018777E+005  5.9612439653E+042
  1.8020024351E+005  5.8840032535E+042
  1.8190027087E+005  5.8840032535E+042
  1.8360024425E+005  5.8840032535E+042
  1.8530020821E+005  5.8840032535E+042
  1.8700025647E+005  5.8840032535E+042
  1.8870027104E+005  5.8840032535E+042
  1.9040027277E+005  5.8271672886E+042
  1.9210020431E+005  5.8271672886E+042
  1.9380027183E+005  5.8271672886E+042
  1.9550028605E+005  5.8271672886E+042
  1.9720025363E+005  5.8271672886E+042
  1.9890019993E+005  5.8271672886E+042
  2.0060024498E+005  5.7509370904E+042
  2.0230025196E+005  5.7509370904E+042
  2.0400020036E+005  5.7509370904E+042
  2.0570024258E+005  5.7509370904E+042
  2.0740025104E+005  5.7509370904E+042
  2.0910019943E+005  5.7509370904E+042
  2.1080024660E+005  5.6954770947E+042
  2.1250024585E+005  5.6954770947E+042
  2.1420031592E+005  5.6954770947E+042
  2.1590018195E+005  5.6954770947E+042
  2.1760030813E+005  5.6954770947E+042
  2.1930020114E+005  5.6954770947E+042
  2.2100019558E+005  5.6184637611E+042
  2.2270027461E+005  5.6184637611E+042
  2.2440026911E+005  5.6184637611E+042
  2.2610021636E+005  5.6184637611E+042
  2.2780024682E+005  5.6184637611E+042
  2.2950019282E+005  5.6184637611E+042
  2.3120025046E+005  5.5550658093E+042
  2.3290020455E+005  5.5550658093E+042
  2.3460025259E+005  5.5550658093E+042
  2.3630024609E+005  5.5550658093E+042
  2.3800029873E+005  5.5550658093E+042
  2.3970029036E+005  5.5550658093E+042
  2.4140021070E+005  5.5284145267E+042
  2.4310018243E+005  5.5284145267E+042
  2.4480026525E+005  5.5284145267E+042
  2.4650025805E+005  5.5284145267E+042
  2.4820017182E+005  5.5284145267E+042
  2.4990017025E+005  5.5284145267E+042
  2.5160024606E+005  5.4427459211E+042
  2.5330021792E+005  5.4427459211E+042
  2.5500026954E+005  5.4427459211E+042
  2.5670025179E+005  5.4427459211E+042
  2.5840027178E+005  5.4427459211E+042
  2.6010023137E+005  5.4026234986E+042
  2.6180025100E+005  5.4026234986E+042
  2.6350030924E+005  5.4026234986E+042
  2.6520029486E+005  5.4026234986E+042
  2.6690018109E+005  5.4026234986E+042
  2.6860027729E+005  5.4026234986E+042
  2.7030028517E+005  5.3278379725E+042
  2.7200019922E+005  5.3278379725E+042
  2.7370029672E+005  5.3278379725E+042
  2.7540030714E+005  5.3278379725E+042
  2.7710021969E+005  5.3278379725E+042
  2.7880016690E+005  5.3278379725E+042
  2.8050017996E+005  5.2814805800E+042
  2.8220025481E+005  5.2814805800E+042
  2.8390021156E+005  5.2814805800E+042
  2.8560021006E+005  5.2814805800E+042
  2.8730029293E+005  5.2814805800E+042
  2.8900025156E+005  5.2814805800E+042
  2.9070026636E+005  5.2264755827E+042
  2.9240018214E+005  5.2264755827E+042
  2.9410031227E+005  5.2264755827E+042
  2.9580031214E+005  5.2264755827E+042
  2.9750022032E+005  5.2264755827E+042
  2.9920018391E+005  5.2264755827E+042
  3.0090017768E+005  5.1742773524E+042
  3.0260023237E+005  5.1742773524E+042
  3.0430017718E+005  5.1742773524E+042
  3.0600031649E+005  5.1742773524E+042
  3.0770016186E+005  5.1742773524E+042
  3.0940023867E+005  5.1742773524E+042
  3.1110017853E+005  5.1378745966E+042
  3.1280031777E+005  5.1378745966E+042
  3.1450018355E+005  5.1378745966E+042
  3.1620026511E+005  5.1378745966E+042
  3.1790019580E+005  5.1378745966E+042
  3.1960017977E+005  5.1378745966E+042
  3.2130020452E+005  5.0783436232E+042
  3.2300025902E+005  5.0783436232E+042
  3.2470016787E+005  5.0783436232E+042
  3.2640029984E+005  5.0783436232E+042
  3.2810029558E+005  5.0783436232E+042
  3.2980031602E+005  5.0783436232E+042
  3.3150019963E+005  5.0143544791E+042
  3.3320029882E+005  5.0143544791E+042
  3.3490024585E+005  5.0143544791E+042
  3.3660022710E+005  5.0143544791E+042
  3.3830024411E+005  5.0143544791E+042
  3.4000030901E+005  4.9698937777E+042
  3.4170021161E+005  4.9698937777E+042
  3.4340031190E+005  4.9698937777E+042
  3.4510027547E+005  4.9698937777E+042
  3.4680026828E+005  4.9698937777E+042
  3.4850026311E+005  4.9698937777E+042
  3.5020030054E+005  4.9400079767E+042
  3.5190020045E+005  4.9400079767E+042
  3.5360027999E+005  4.9400079767E+042
  3.5530020715E+005  4.9400079767E+042
  3.5700017143E+005  4.9400079767E+042
  3.5870031609E+005  4.9400079767E+042
  3.6040030541E+005  4.8781919911E+042
  3.6210030933E+005  4.8781919911E+042
  3.6380017836E+005  4.8781919911E+042
  3.6550022403E+005  4.8781919911E+042
  3.6720026212E+005  4.8781919911E+042
  3.6890032505E+005  4.8781919911E+042
  3.7060024162E+005  4.8427282137E+042
  3.7230017191E+005  4.8427282137E+042
  3.7400024949E+005  4.8427282137E+042
  3.7570018628E+005  4.8427282137E+042
  3.7740029786E+005  4.8427282137E+042
  3.7910025736E+005  4.8427282137E+042
  3.8080020978E+005  4.8024536594E+042
  3.8250018352E+005  4.8024536594E+042
  3.8420017529E+005  4.8024536594E+042
  3.8590032450E+005  4.8024536594E+042
  3.8760031248E+005  4.8024536594E+042
  3.8930030800E+005  4.8024536594E+042
  3.9100016776E+005  4.7479279364E+042
  3.9270017953E+005  4.7479279364E+042
  3.9440019402E+005  4.7479279364E+042
  3.9610021013E+005  4.7479279364E+042
  3.9780024664E+005  4.7479279364E+042
  3.9950028114E+005  4.7479279364E+042
  4.0120030057E+005  4.7171642800E+042
  4.0290016634E+005  4.7171642800E+042
  4.0460019976E+005  4.7171642800E+042
  4.0630023907E+005  4.7171642800E+042
  4.0800025484E+005  4.7171642800E+042
  4.0970027991E+005  4.7171642800E+042
  4.1140031487E+005  4.6544098940E+042
  4.1310017392E+005  4.6544098940E+042
  4.1480018178E+005  4.6544098940E+042
  4.1650017322E+005  4.6544098940E+042
  4.1820017564E+005  4.6544098940E+042
  4.1990032586E+005  4.6544098940E+042
  4.2160029829E+005  4.6326638608E+042
  4.2330024925E+005  4.6326638608E+042
  4.2500019038E+005  4.6326638608E+042
  4.2670030124E+005  4.6326638608E+042
  4.2840021757E+005  4.6326638608E+042
  4.3010028657E+005  4.5697993238E+042
  4.3180017275E+005  4.5697993238E+042
  4.3350021608E+005  4.5697993238E+042
  4.3520025118E+005  4.5697993238E+042
  4.3690024670E+005  4.5697993238E+042
  4.3860023285E+005  4.5697993238E+042
  4.4030020519E+005  4.5315182775E+042
  4.4200032858E+005  4.5315182775E+042
  4.4370026324E+005  4.5315182775E+042
  4.4540032432E+005  4.5315182775E+042
  4.4710021365E+005  4.5315182775E+042
  4.4880024371E+005  4.5315182775E+042
  4.5050025703E+005  4.4830890836E+042
  4.5220023445E+005  4.4830890836E+042
  4.5390017154E+005  4.4830890836E+042
  4.5560026291E+005  4.4830890836E+042
  4.5730032747E+005  4.4830890836E+042
  4.5900019433E+005  4.4830890836E+042
  4.6070019646E+005  4.4339216972E+042
  4.6240032600E+005  4.4339216972E+042
  4.6410027780E+005  4.4339216972E+042
  4.6580020080E+005  4.4339216972E+042
  4.6750025332E+005  4.4339216972E+042
  4.6920027301E+005  4.4339216972E+042
  4.7090025917E+005  4.4117156535E+042
  4.7260022362E+005  4.4117156535E+042
  4.7430032389E+005  4.4117156535E+042
  4.7600020988E+005  4.4117156535E+042
  4.7770023201E+005  4.4117156535E+042
  4.7940021594E+005  4.4117156535E+042
  4.8110017600E+005  4.3574672258E+042
  4.8280026778E+005  4.3574672258E+042
  4.8450029900E+005  4.3574672258E+042
  4.8620029223E+005  4.3574672258E+042
  4.8790024395E+005  4.3574672258E+042
  4.8960032094E+005  4.3574672258E+042
  4.9130019989E+005  4.3245451714E+042
  4.9300017843E+005  4.3245451714E+042
  4.9470027010E+005  4.3245451714E+042
  4.9640032214E+005  4.3245451714E+042
  4.9810032223E+005  4.3245451714E+042
  4.9980028240E+005  4.3245451714E+042
  5.0150018991E+005  4.2838625098E+042
  5.0320019821E+005  4.2838625098E+042
  5.0490016691E+005  4.2838625098E+042
  5.0660025825E+005  4.2838625098E+042
  5.0830029699E+005  4.2838625098E+042
  5.1000028913E+005  4.2350185141E+042
  5.1170021557E+005  4.2350185141E+042
  5.1340024593E+005  4.2350185141E+042
  5.1510022846E+005  4.2350185141E+042
  5.1680032026E+005  4.2350185141E+042
  5.1850018440E+005  4.2350185141E+042
  5.2020032091E+005  4.1817772553E+042
  5.2190021832E+005  4.1817772553E+042
  5.2360022454E+005  4.1817772553E+042
  5.2530017999E+005  4.1817772553E+042
  5.2700023073E+005  4.1817772553E+042
  5.2870021505E+005  4.1817772553E+042
  5.3040030303E+005  4.1589086893E+042
  5.3210031750E+005  4.1589086893E+042
  5.3380028138E+005  4.1589086893E+042
  5.3550018759E+005  4.1589086893E+042
  5.3720018777E+005  4.1589086893E+042
  5.3890029373E+005  4.1589086893E+042
  5.4060033177E+005  4.1197468458E+042
  5.4230029691E+005  4.1197468458E+042
  5.4400020170E+005  4.1197468458E+042
  5.4570020767E+005  4.1197468458E+042
  5.4740030118E+005  4.1197468458E+042
  5.4910032285E+005  4.1197468458E+042
  5.5080027520E+005  4.0771198421E+042
  5.5250031716E+005  4.0771198421E+042
  5.5420029667E+005  4.0771198421E+042
  5.5590020453E+005  4.0771198421E+042
  5.5760019524E+005  4.0771198421E+042
  5.5930027712E+005  4.0771198421E+042
  5.6100028650E+005  4.0449254503E+042
  5.6270021935E+005  4.0449254503E+042
  5.6440025240E+005  4.0449254503E+042
  5.6610021882E+005  4.0449254503E+042
  5.6780026692E+005  4.0449254503E+042
  5.6950023678E+005  4.0449254503E+042
  5.7120030379E+005  4.0070742678E+042
  5.7290028950E+005  4.0070742678E+042
  5.7460020006E+005  4.0070742678E+042
  5.7630020674E+005  4.0070742678E+042
  5.7800029644E+005  4.0070742678E+042
  5.7970029510E+005  4.0070742678E+042
  5.8140021850E+005  3.9676868045E+042
  5.8310022435E+005  3.9676868045E+042
  5.8480031235E+005  3.9676868045E+042
  5.8650032193E+005  3.9676868045E+042
  5.8820024421E+005  3.9676868045E+042
  5.8990023633E+005  3.9676868045E+042
  5.9160030811E+005  3.9341386837E+042
  5.9330029943E+005  3.9341386837E+042
  5.9500019927E+005  3.9341386837E+042
  5.9670018647E+005  3.9341386837E+042
  5.9840025955E+005  3.9341386837E+042
  6.0010024007E+005  3.8915806172E+042
  6.0180028856E+005  3.8915806172E+042
  6.0350025236E+005  3.8915806172E+042
  6.0520029559E+005  3.8915806172E+042
  6.0690024887E+005  3.8915806172E+042
  6.0860028374E+005  3.8915806172E+042
  6.1030023139E+005  3.8540444977E+042
  6.1200024335E+005  3.8540444977E+042
  6.1370032654E+005  3.8540444977E+042
  6.1540032116E+005  3.8540444977E+042
  6.1710022295E+005  3.8540444977E+042
  6.1880019903E+005  3.8540444977E+042
  6.2050025473E+005  3.8109513466E+042
  6.2220021137E+005  3.8109513466E+042
  6.2390022512E+005  3.8109513466E+042
  6.2560030474E+005  3.8109513466E+042
  6.2730028877E+005  3.8109513466E+042
  6.2900017362E+005  3.8109513466E+042
  6.3070029599E+005  3.7818887332E+042
  6.3240031806E+005  3.7818887332E+042
  6.3410023097E+005  3.7818887332E+042
  6.3580019666E+005  3.7818887332E+042
  6.3750022120E+005  3.7818887332E+042
  6.3920031785E+005  3.7818887332E+042
  6.4090030679E+005  3.7469135996E+042
  6.4260018518E+005  3.7469135996E+042
  6.4430029777E+005  3.7469135996E+042
  6.4600030336E+005  3.7469135996E+042
  6.4770019115E+005  3.7469135996E+042
  6.4940030640E+005  3.7469135996E+042
  6.5110031540E+005  3.7159046898E+042
  6.5280021399E+005  3.7159046898E+042
  6.5450033749E+005  3.7159046898E+042
  6.5620018364E+005  3.7159046898E+042
  6.5790026314E+005  3.7159046898E+042
  6.5960022154E+005  3.7159046898E+042
  6.6130022765E+005  3.6806075768E+042
  6.6300029221E+005  3.6806075768E+042
  6.6470024695E+005  3.6806075768E+042
  6.6640025225E+005  3.6806075768E+042
  6.6810031241E+005  3.6806075768E+042
  6.6980026061E+005  3.6806075768E+042
  6.7150026515E+005  3.6597875586E+042
  6.7320031330E+005  3.6597875586E+042
  6.7490024148E+005  3.6597875586E+042
  6.7660022510E+005  3.6597875586E+042
  6.7830026693E+005  3.6597875586E+042
  6.8000018768E+005  3.6190640063E+042
  6.8170033262E+005  3.6190640063E+042
  6.8340018440E+005  3.6190640063E+042
  6.8510025279E+005  3.6190640063E+042
  6.8680018791E+005  3.6190640063E+042
  6.8850033827E+005  3.6190640063E+042
  6.9020019584E+005  3.5751348637E+042
  6.9190026624E+005  3.5751348637E+042
  6.9360020267E+005  3.5751348637E+042
  6.9530018068E+005  3.5751348637E+042
  6.9700020233E+005  3.5751348637E+042
  6.9870025691E+005  3.5751348637E+042
  7.0040017410E+005  3.5517417855E+042
  7.0210029523E+005  3.5517417855E+042
  7.0380028565E+005  3.5517417855E+042
  7.0550030932E+005  3.5517417855E+042
  7.0720019585E+005  3.5517417855E+042
  7.0890029387E+005  3.5517417855E+042
  7.1060025737E+005  3.5156229764E+042
  7.1230025606E+005  3.5156229764E+042
  7.1400027865E+005  3.5156229764E+042
  7.1570033431E+005  3.5156229764E+042
  7.1740025308E+005  3.5156229764E+042
  7.1910020592E+005  3.5156229764E+042
  7.2080019002E+005  3.4871200108E+042
  7.2250020084E+005  3.4871200108E+042
  7.2420024669E+005  3.4871200108E+042
  7.2590031882E+005  3.4871200108E+042
  7.2760024097E+005  3.4871200108E+042
  7.2930018205E+005  3.4871200108E+042
  7.3100032653E+005  3.4464241618E+042
  7.3270032337E+005  3.4464241618E+042
  7.3440034213E+005  3.4464241618E+042
  7.3610021032E+005  3.4464241618E+042
  7.3780028392E+005  3.4464241618E+042
  7.3950021278E+005  3.4464241618E+042
  7.4120033419E+005  3.4267310340E+042
  7.4290030108E+005  3.4267310340E+042
  7.4460029244E+005  3.4267310340E+042
  7.4630030643E+005  3.4267310340E+042
  7.4800034247E+005  3.4267310340E+042
  7.4970022451E+005  3.4267310340E+042
  7.5140030354E+005  3.3966832669E+042
  7.5310023276E+005  3.3966832669E+042
  7.5480018630E+005  3.3966832669E+042
  7.5650032778E+005  3.3966832669E+042
  7.5820030918E+005  3.3966832669E+042
  7.5990031499E+005  3.3966832669E+042
  7.6160033886E+005  3.3612832327E+042
  7.6330020886E+005  3.3612832327E+042
  7.6500026578E+005  3.3612832327E+042
  7.6670017497E+005  3.3612832327E+042
  7.6840028262E+005  3.3612832327E+042
  7.7010023755E+005  3.3403093667E+042
  7.7180021065E+005  3.3403093667E+042
  7.7350019279E+005  3.3403093667E+042
  7.7520019242E+005  3.3403093667E+042
  7.7690021015E+005  3.3403093667E+042
  7.7860023726E+005  3.3403093667E+042
  7.8030027428E+005  3.3187697529E+042
  7.8200032662E+005  3.3187697529E+042
  7.8370022163E+005  3.3187697529E+042
  7.8540030369E+005  3.3187697529E+042
  7.8710022423E+005  3.3187697529E+042
  7.8880032713E+005  3.3187697529E+042
  7.9050026721E+005  3.2855160440E+042
  7.9220022457E+005  3.2855160440E+042
  7.9390018587E+005  3.2855160440E+042
  7.9560032420E+005  3.2855160440E+042
  7.9730030059E+005  3.2855160440E+042
  7.9900028645E+005  3.2855160440E+042
  8.0070028627E+005  3.2537491524E+042
  8.0240029630E+005  3.2537491524E+042
  8.0410031009E+005  3.2537491524E+042
  8.0580033291E+005  3.2537491524E+042
  8.0750019452E+005  3.2537491524E+042
  8.0920023806E+005  3.2537491524E+042
  8.1090028640E+005  3.2330624291E+042
  8.1260033232E+005  3.2330624291E+042
  8.1430020881E+005  3.2330624291E+042
  8.1600026641E+005  3.2330624291E+042
  8.1770033041E+005  3.2330624291E+042
  8.1940022080E+005  3.2330624291E+042
  8.2110028732E+005  3.1946822897E+042
  8.2280018244E+005  3.1946822897E+042
  8.2450025232E+005  3.1946822897E+042
  8.2620032312E+005  3.1946822897E+042
  8.2790021330E+005  3.1946822897E+042
  8.2960027269E+005  3.1946822897E+042
  8.3130033093E+005  3.1663659057E+042
  8.3300021370E+005  3.1663659057E+042
  8.3470026900E+005  3.1663659057E+042
  8.3640032049E+005  3.1663659057E+042
  8.3810019243E+005  3.1663659057E+042
  8.3980023867E+005  3.1663659057E+042
  8.4150028619E+005  3.1419865775E+042
  8.4320032683E+005  3.1419865775E+042
  8.4490018435E+005  3.1419865775E+042
  8.4660020486E+005  3.1419865775E+042
  8.4830021715E+005  3.1419865775E+042
  8.5000022508E+005  3.1103559441E+042
  8.5170022452E+005  3.1103559441E+042
  8.5340021321E+005  3.1103559441E+042
  8.5510018817E+005  3.1103559441E+042
  8.5680032852E+005  3.1103559441E+042
  8.5850028851E+005  3.1103559441E+042
  8.6020024218E+005  3.0880285738E+042
  8.6190018551E+005  3.0880285738E+042
  8.6360028510E+005  3.0880285738E+042
  8.6530019526E+005  3.0880285738E+042
  8.6700026718E+005  3.0880285738E+042
  8.6870032491E+005  3.0880285738E+042
  8.7040019577E+005  3.0524909083E+042
  8.7210021709E+005  3.0524909083E+042
  8.7380021657E+005  3.0524909083E+042
  8.7550019830E+005  3.0524909083E+042
  8.7720033603E+005  3.0524909083E+042
  8.7890028435E+005  3.0524909083E+042
  8.8060021186E+005  3.0402934578E+042
  8.8230029414E+005  3.0402934578E+042
  8.8400018384E+005  3.0402934578E+042
  8.8570023303E+005  3.0402934578E+042
  8.8740026695E+005  3.0402934578E+042
  8.8910028221E+005  3.0402934578E+042
  8.9080027835E+005  3.0123327816E+042
  8.9250024829E+005  3.0123327816E+042
  8.9420019962E+005  3.0123327816E+042
  8.9590030929E+005  3.0123327816E+042
  8.9760022205E+005  3.0123327816E+042
  8.9930029412E+005  3.0123327816E+042
  9.0100034100E+005  2.9883597076E+042
  9.0270018830E+005  2.9883597076E+042
  9.0440019042E+005  2.9883597076E+042
  9.0610034710E+005  2.9883597076E+042
  9.0780030504E+005  2.9883597076E+042
  9.0950023729E+005  2.9883597076E+042
  9.1120031894E+005  2.9559757676E+042
  9.1290019062E+005  2.9559757676E+042
  9.1460021360E+005  2.9559757676E+042
  9.1630020832E+005  2.9559757676E+042
  9.1800034923E+005  2.9559757676E+042
  9.1970028570E+005  2.9559757676E+042
  9.2140018824E+005  2.9344472503E+042
  9.2310023472E+005  2.9344472503E+042
  9.2480024918E+005  2.9344472503E+042
  9.2650023633E+005  2.9344472503E+042
  9.2820018819E+005  2.9344472503E+042
  9.2990028359E+005  2.9344472503E+042
  9.3160034452E+005  2.9195534181E+042
  9.3330019615E+005  2.9195534181E+042
  9.3500019575E+005  2.9195534181E+042
  9.3670034115E+005  2.9195534181E+042
  9.3840028059E+005  2.9195534181E+042
  9.4010018473E+005  2.8887959764E+042
  9.4180023183E+005  2.8887959764E+042
  9.4350024025E+005  2.8887959764E+042
  9.4520021703E+005  2.8887959764E+042
  9.4690033693E+005  2.8887959764E+042
  9.4860024567E+005  2.8887959764E+042
  9.5030029550E+005  2.8660753900E+042
  9.5200030676E+005  2.8660753900E+042
  9.5370028027E+005  2.8660753900E+042
  9.5540021615E+005  2.8660753900E+042
  9.5710029737E+005  2.8660753900E+042
  9.5880033848E+005  2.8660753900E+042
  9.6050034189E+005  2.8448259385E+042
  9.6220030236E+005  2.8448259385E+042
  9.6390022365E+005  2.8448259385E+042
  9.6560027842E+005  2.8448259385E+042
  9.6730029729E+005  2.8448259385E+042
  9.6900027713E+005  2.8448259385E+042
  9.7070021680E+005  2.8191459908E+042
  9.7240028803E+005  2.8191459908E+042
  9.7410031664E+005  2.8191459908E+042
  9.7580030137E+005  2.8191459908E+042
  9.7750024380E+005  2.8191459908E+042
  9.7920032307E+005  2.8191459908E+042
  9.8090018129E+005  2.8005899429E+042
  9.8260034935E+005  2.8005899429E+042
  9.8430029220E+005  2.8005899429E+042
  9.8600018964E+005  2.8005899429E+042
  9.8770021497E+005  2.8005899429E+042
  9.8940019862E+005  2.8005899429E+042
  9.9110031376E+005  2.7782045872E+042
  9.9280020329E+005  2.7782045872E+042
  9.9450021457E+005  2.7782045872E+042
  9.9620017785E+005  2.7782045872E+042
  9.9790026638E+005  2.7782045872E+042
  9.9960030723E+005  2.7782045872E+042
  1.0013002968E+006  2.7555710761E+042
  1.0030002384E+006  2.7555710761E+042
  1.0047003027E+006  2.7555710761E+042
  1.0064003153E+006  2.7555710761E+042
  1.0081002720E+006  2.7555710761E+042
  1.0098001781E+006  2.7555710761E+042
  1.0115002057E+006  2.7341646271E+042
  1.0132001827E+006  2.7341646271E+042
  1.0149002825E+006  2.7341646271E+042
  1.0166003286E+006  2.7341646271E+042
  1.0183003145E+006  2.7341646271E+042
  1.0200002466E+006  2.7106053069E+042
  1.0217002982E+006  2.7106053069E+042
  1.0234002947E+006  2.7106053069E+042
  1.0251002338E+006  2.7106053069E+042
  1.0268002994E+006  2.7106053069E+042
  1.0285003039E+006  2.7106053069E+042
  1.0302002523E+006  2.6904826939E+042
  1.0319003194E+006  2.6904826939E+042
  1.0336003291E+006  2.6904826939E+042
  1.0353002774E+006  2.6904826939E+042
  1.0370003495E+006  2.6904826939E+042
  1.0387001833E+006  2.6904826939E+042
  1.0404003178E+006  2.6679177974E+042
  1.0421002084E+006  2.6679177974E+042
  1.0438002123E+006  2.6679177974E+042
  1.0455003294E+006  2.6679177974E+042
  1.0472002036E+006  2.6679177974E+042
  1.0489001908E+006  2.6679177974E+042
  1.0506002959E+006  2.6384107667E+042
  1.0523003345E+006  2.6384107667E+042
  1.0540003044E+006  2.6384107667E+042
  1.0557002067E+006  2.6384107667E+042
  1.0574002191E+006  2.6384107667E+042
  1.0591003441E+006  2.6384107667E+042
  1.0608002208E+006  2.6265971036E+042
  1.0625002149E+006  2.6265971036E+042
  1.0642003197E+006  2.6265971036E+042
  1.0659001813E+006  2.6265971036E+042
  1.0676003298E+006  2.6265971036E+042
  1.0693002335E+006  2.6265971036E+042
  1.0710002476E+006  2.6135173187E+042
  1.0727001935E+006  2.6135173187E+042
  1.0744002494E+006  2.6135173187E+042
  1.0761002396E+006  2.6135173187E+042
  1.0778003410E+006  2.6135173187E+042
  1.0795001926E+006  2.6135173187E+042
  1.0812003320E+006  2.5871387246E+042
  1.0829002186E+006  2.5871387246E+042
  1.0846002141E+006  2.5871387246E+042
  1.0863003139E+006  2.5871387246E+042
  1.0880003442E+006  2.5871387246E+042
  1.0897003032E+006  2.5871387246E+042
  1.0914001923E+006  2.5869778300E+042
  1.0931001851E+006  2.5869778300E+042
  1.0948002843E+006  2.5869778300E+042
  1.0965003100E+006  2.5869778300E+042
  1.0982002624E+006  2.5869778300E+042
  1.0999003211E+006  2.5869778300E+042
  1.1016003078E+006  2.5713014933E+042
  1.1033002286E+006  2.5713014933E+042
  1.1050002562E+006  2.5713014933E+042
  1.1067002149E+006  2.5713014933E+042
  1.1084002791E+006  2.5713014933E+042
  1.1101002745E+006  2.5404715279E+042
  1.1118001937E+006  2.5404715279E+042
  1.1135002147E+006  2.5404715279E+042
  1.1152003412E+006  2.5404715279E+042
  1.1169002109E+006  2.5404715279E+042
  1.1186001872E+006  2.5404715279E+042
  1.1203002625E+006  2.5375272393E+042
  1.1220002643E+006  2.5375272393E+042
  1.1237001869E+006  2.5375272393E+042
  1.1254002133E+006  2.5375272393E+042
  1.1271003423E+006  2.5375272393E+042
  1.1288002140E+006  2.5375272393E+042
  1.1305001927E+006  2.5105236474E+042
  1.1322002687E+006  2.5105236474E+042
  1.1339002649E+006  2.5105236474E+042
  1.1356003557E+006  2.5105236474E+042
  1.1373001849E+006  2.5105236474E+042
  1.1390002918E+006  2.5105236474E+042
  1.1407003134E+006  2.5016179059E+042
  1.1424002561E+006  2.5016179059E+042
  1.1441002991E+006  2.5016179059E+042
  1.1458002664E+006  2.5016179059E+042
  1.1475003331E+006  2.5016179059E+042
  1.1492003213E+006  2.5016179059E+042
  1.1509002288E+006  2.4755486897E+042
  1.1526002323E+006  2.4755486897E+042
  1.1543003308E+006  2.4755486897E+042
  1.1560003414E+006  2.4755486897E+042
  1.1577002693E+006  2.4755486897E+042
  1.1594002908E+006  2.4755486897E+042
  1.1611002308E+006  2.4615016446E+042
  1.1628002660E+006  2.4615016446E+042
  1.1645002149E+006  2.4615016446E+042
  1.1662002629E+006  2.4615016446E+042
  1.1679002239E+006  2.4615016446E+042
  1.1696002798E+006  2.4615016446E+042
  1.1713002490E+006  2.4407487432E+042
  1.1730003107E+006  2.4407487432E+042
  1.1747002866E+006  2.4407487432E+042
  1.1764003546E+006  2.4407487432E+042
  1.1781003376E+006  2.4407487432E+042
  1.1798002304E+006  2.4407487432E+042
  1.1815002179E+006  2.4308533139E+042
  1.1832002991E+006  2.4308533139E+042
  1.1849002880E+006  2.4308533139E+042
  1.1866001895E+006  2.4308533139E+042
  1.1883001829E+006  2.4308533139E+042
  1.1900002700E+006  2.4028828656E+042
  1.1917002687E+006  2.4028828656E+042
  1.1934003567E+006  2.4028828656E+042
  1.1951003572E+006  2.4028828656E+042
  1.1968002660E+006  2.4028828656E+042
  1.1985002666E+006  2.4028828656E+042
  1.2002003566E+006  2.3874911006E+042
  1.2019003512E+006  2.3874911006E+042
  1.2036002518E+006  2.3874911006E+042
  1.2053002371E+006  2.3874911006E+042
  1.2070003098E+006  2.3874911006E+042
  1.2087002885E+006  2.3874911006E+042
  1.2104003508E+006  2.3682187379E+042
  1.2121003209E+006  2.3682187379E+042
  1.2138001936E+006  2.3682187379E+042
  1.2155003326E+006  2.3682187379E+042
  1.2172001932E+006  2.3682187379E+042
  1.2189003169E+006  2.3682187379E+042
  1.2206003459E+006  2.3546333449E+042
  1.2223002755E+006  2.3546333449E+042
  1.2240002856E+006  2.3546333449E+042
  1.2257001970E+006  2.3546333449E+042
  1.2274001894E+006  2.3546333449E+042
  1.2291002656E+006  2.3546333449E+042
  1.2308002433E+006  2.3442360721E+042
  1.2325003015E+006  2.3442360721E+042
  1.2342002623E+006  2.3442360721E+042
  1.2359003046E+006  2.3442360721E+042
  1.2376002491E+006  2.3442360721E+042
  1.2393002777E+006  2.3442360721E+042
  1.2410002053E+006  2.3243448778E+042
  1.2427002164E+006  2.3243448778E+042
  1.2444003091E+006  2.3243448778E+042
  1.2461003021E+006  2.3243448778E+042
  1.2478001959E+006  2.3243448778E+042
  1.2495003514E+006  2.3243448778E+042
  1.2512002239E+006  2.3069594796E+042
  1.2529003582E+006  2.3069594796E+042
  1.2546002060E+006  2.3069594796E+042
  1.2563003149E+006  2.3069594796E+042
  1.2580003197E+006  2.3069594796E+042
  1.2597002204E+006  2.3069594796E+042
  1.2614002014E+006  2.2899110422E+042
  1.2631002564E+006  2.2899110422E+042
  1.2648002035E+006  2.2899110422E+042
  1.2665002256E+006  2.2899110422E+042
  1.2682003196E+006  2.2899110422E+042
  1.2699003066E+006  2.2899110422E+042
  1.2716001863E+006  2.2737326959E+042
  1.2733003216E+006  2.2737326959E+042
  1.2750003513E+006  2.2737326959E+042
  1.2767002728E+006  2.2737326959E+042
  1.2784002701E+006  2.2737326959E+042
  1.2801003460E+006  2.2571589989E+042
  1.2818003105E+006  2.2571589989E+042
  1.2835003460E+006  2.2571589989E+042
  1.2852002707E+006  2.2571589989E+042
  1.2869002642E+006  2.2571589989E+042
  1.2886003304E+006  2.2571589989E+042
  1.2903002840E+006  2.2405170055E+042
  1.2920003063E+006  2.2405170055E+042
  1.2937002190E+006  2.2405170055E+042
  1.2954002026E+006  2.2405170055E+042
  1.2971002582E+006  2.2405170055E+042
  1.2988002050E+006  2.2405170055E+042
  1.3005002218E+006  2.2237342227E+042
  1.3022003067E+006  2.2237342227E+042
  1.3039002770E+006  2.2237342227E+042
  1.3056003134E+006  2.2237342227E+042
  1.3073002339E+006  2.2237342227E+042
  1.3090002210E+006  2.2237342227E+042
  1.3107002728E+006  2.2147215026E+042
  1.3124002109E+006  2.2147215026E+042
  1.3141002207E+006  2.2147215026E+042
  1.3158002991E+006  2.2147215026E+042
  1.3175002657E+006  2.2147215026E+042
  1.3192003031E+006  2.2147215026E+042
  1.3209002250E+006  2.1964731022E+042
  1.3226002163E+006  2.1964731022E+042
  1.3243002740E+006  2.1964731022E+042
  1.3260002134E+006  2.1964731022E+042
  1.3277002200E+006  2.1964731022E+042
  1.3294002911E+006  2.1964731022E+042
  1.3311002433E+006  2.1825130676E+042
  1.3328002611E+006  2.1825130676E+042
  1.3345003426E+006  2.1825130676E+042
  1.3362003031E+006  2.1825130676E+042
  1.3379003291E+006  2.1825130676E+042
  1.3396002349E+006  2.1825130676E+042
  1.3413002034E+006  2.1629192953E+042
  1.3430002366E+006  2.1629192953E+042
  1.3447003301E+006  2.1629192953E+042
  1.3464003009E+006  2.1629192953E+042
  1.3481003338E+006  2.1629192953E+042
  1.3498002435E+006  2.1629192953E+042
  1.3515002141E+006  2.1513480293E+042
  1.3532002470E+006  2.1513480293E+042
  1.3549003398E+006  2.1513480293E+042
  1.3566003078E+006  2.1513480293E+042
  1.3583003383E+006  2.1513480293E+042
  1.3600002445E+006  2.1461500812E+042
  1.3617002118E+006  2.1461500812E+042
  1.3634002421E+006  2.1461500812E+042
  1.3651003324E+006  2.1461500812E+042
  1.3668002991E+006  2.1461500812E+042
  1.3685003280E+006  2.1461500812E+042
  1.3702002342E+006  2.1221378486E+042
  1.3719001989E+006  2.1221378486E+042
  1.3736002237E+006  2.1221378486E+042
  1.3753003052E+006  2.1221378486E+042
  1.3770002593E+006  2.1221378486E+042
  1.3787002728E+006  2.1221378486E+042
  1.3804003442E+006  2.1163052911E+042
  1.3821002894E+006  2.1163052911E+042
  1.3838002936E+006  2.1163052911E+042
  1.3855003554E+006  2.1163052911E+042
  1.3872002888E+006  2.1163052911E+042
  1.3889002820E+006  2.1163052911E+042
  1.3906003329E+006  2.0944878445E+042
  1.3923002531E+006  2.0944878445E+042
  1.3940002274E+006  2.0944878445E+042
  1.3957002543E+006  2.0944878445E+042
  1.3974003314E+006  2.0944878445E+042
  1.3991002772E+006  2.0944878445E+042
  1.4008002772E+006  2.0867672129E+042
  1.4025003298E+006  2.0867672129E+042
  1.4042002533E+006  2.0867672129E+042
  1.4059002323E+006  2.0867672129E+042
  1.4076002646E+006  2.0867672129E+042
  1.4093003505E+006  2.0867672129E+042
  1.4110003085E+006  2.0662356787E+042
  1.4127003173E+006  2.0662356787E+042
  1.4144001919E+006  2.0662356787E+042
  1.4161003027E+006  2.0662356787E+042
  1.4178002796E+006  2.0662356787E+042
  1.4195003052E+006  2.0662356787E+042
  1.4212001975E+006  2.0518304033E+042
  1.4229003256E+006  2.0518304033E+042
  1.4246003171E+006  2.0518304033E+042
  1.4263003588E+006  2.0518304033E+042
  1.4280002658E+006  2.0518304033E+042
  1.4297002213E+006  2.0518304033E+042
  1.4314002269E+006  2.0483091017E+042
  1.4331002859E+006  2.0483091017E+042
  1.4348002094E+006  2.0483091017E+042
  1.4365003681E+006  2.0483091017E+042
  1.4382002088E+006  2.0483091017E+042
  1.4399002858E+006  2.0483091017E+042
  1.4416002244E+006  2.0261799336E+042
  1.4433002103E+006  2.0261799336E+042
  1.4450002433E+006  2.0261799336E+042
  1.4467003219E+006  2.0261799336E+042
  1.4484002606E+006  2.0261799336E+042
  1.4501002464E+006  2.0155609592E+042
  1.4518002755E+006  2.0155609592E+042
  1.4535003493E+006  2.0155609592E+042
  1.4552002848E+006  2.0155609592E+042
  1.4569002659E+006  2.0155609592E+042
  1.4586002902E+006  2.0155609592E+042
  1.4603003600E+006  2.0036093811E+042
  1.4620002888E+006  2.0036093811E+042
  1.4637002593E+006  2.0036093811E+042
  1.4654002723E+006  2.0036093811E+042
  1.4671003310E+006  2.0036093811E+042
  1.4688002469E+006  2.0036093811E+042
  1.4705002031E+006  1.9885974691E+042
  1.4722002003E+006  1.9885974691E+042
  1.4739002395E+006  1.9885974691E+042
  1.4756003190E+006  1.9885974691E+042
  1.4773002538E+006  1.9885974691E+042
  1.4790002304E+006  1.9885974691E+042
  1.4807002473E+006  1.9814875665E+042
  1.4824003047E+006  1.9814875665E+042
  1.4841002193E+006  1.9814875665E+042
  1.4858003624E+006  1.9814875665E+042
  1.4875003605E+006  1.9814875665E+042
  1.4892002147E+006  1.9814875665E+042
  1.4909002990E+006  1.9722902434E+042
  1.4926002372E+006  1.9722902434E+042
  1.4943002131E+006  1.9722902434E+042
  1.4960002285E+006  1.9722902434E+042
  1.4977002847E+006  1.9722902434E+042
  1.4994001931E+006  1.9722902434E+042
  1.5011003276E+006  1.9533112469E+042
  1.5028003169E+006  1.9533112469E+042
  1.5045003441E+006  1.9533112469E+042
  1.5062002222E+006  1.9533112469E+042
  1.5079003272E+006  1.9533112469E+042
  1.5096002859E+006  1.9533112469E+042
  1.5113002816E+006  1.9392082056E+042
  1.5130003129E+006  1.9392082056E+042
  1.5147001955E+006  1.9392082056E+042
  1.5164002999E+006  1.9392082056E+042
  1.5181002529E+006  1.9392082056E+042
  1.5198002404E+006  1.9392082056E+042
  1.5215002658E+006  1.9347255225E+042
  1.5232003268E+006  1.9347255225E+042
  1.5249002372E+006  1.9347255225E+042
  1.5266003711E+006  1.9347255225E+042
  1.5283003554E+006  1.9347255225E+042
  1.5300001873E+006  1.9149179394E+042
  1.5317002408E+006  1.9149179394E+042
  1.5334003286E+006  1.9149179394E+042
  1.5351002637E+006  1.9149179394E+042
  1.5368002322E+006  1.9149179394E+042
  1.5385002355E+006  1.9149179394E+042
  1.5402002746E+006  1.9091390515E+042
  1.5419003448E+006  1.9091390515E+042
  1.5436002611E+006  1.9091390515E+042
  1.5453002120E+006  1.9091390515E+042
  1.5470001969E+006  1.9091390515E+042
  1.5487002140E+006  1.9091390515E+042
  1.5504002650E+006  1.9010326806E+042
  1.5521003507E+006  1.9010326806E+042
  1.5538002840E+006  1.9010326806E+042
  1.5555002476E+006  1.9010326806E+042
  1.5572002452E+006  1.9010326806E+042
  1.5589002768E+006  1.9010326806E+042
  1.5606003425E+006  1.8889393756E+042
  1.5623002517E+006  1.8889393756E+042
  1.5640001927E+006  1.8889393756E+042
  1.5657003542E+006  1.8889393756E+042
  1.5674003586E+006  1.8889393756E+042
  1.5691002065E+006  1.8889393756E+042
  1.5708002717E+006  1.8721115196E+042
  1.5725003666E+006  1.8721115196E+042
  1.5742002997E+006  1.8721115196E+042
  1.5759002590E+006  1.8721115196E+042
  1.5776002455E+006  1.8721115196E+042
  1.5793002597E+006  1.8721115196E+042
  1.5810002997E+006  1.8641123253E+042
  1.5827003668E+006  1.8641123253E+042
  1.5844002779E+006  1.8641123253E+042
  1.5861002190E+006  1.8641123253E+042
  1.5878001890E+006  1.8641123253E+042
  1.5895003737E+006  1.8641123253E+042
  1.5912002158E+006  1.8511401088E+042
  1.5929002719E+006  1.8511401088E+042
  1.5946003545E+006  1.8511401088E+042
  1.5963002756E+006  1.8511401088E+042
  1.5980002264E+006  1.8511401088E+042
  1.5997002047E+006  1.8511401088E+042
  1.6014002080E+006  1.8395222156E+042
  1.6031002347E+006  1.8395222156E+042
  1.6048002867E+006  1.8395222156E+042
  1.6065003621E+006  1.8395222156E+042
  1.6082002712E+006  1.8395222156E+042
  1.6099002041E+006  1.8395222156E+042
  1.6116003495E+006  1.8347311380E+042
  1.6133003313E+006  1.8347311380E+042
  1.6150003370E+006  1.8347311380E+042
  1.6167003667E+006  1.8347311380E+042
  1.6184002353E+006  1.8347311380E+042
  1.6201003141E+006  1.8235187600E+042
  1.6218002287E+006  1.8235187600E+042
  1.6235003529E+006  1.8235187600E+042
  1.6252003135E+006  1.8235187600E+042
  1.6269002968E+006  1.8235187600E+042
  1.6286003034E+006  1.8235187600E+042
  1.6303003322E+006  1.8117296937E+042
  1.6320001975E+006  1.8117296937E+042
  1.6337002750E+006  1.8117296937E+042
