  0.0000000000E+000  0.0000000000E+000
  1.7002056476E+003  6.1540037824E+038
  3.4002067747E+003  5.4606306973E+038
  5.1002037683E+003  5.1171711796E+038
  6.8002397378E+003  5.0228966743E+038
  8.5002203307E+003  5.0390840506E+038
  1.0200239915E+004  5.1086828804E+038
  1.1900137213E+004  5.2312333979E+038
  1.3600212664E+004  5.4139843069E+038
  1.5300140702E+004  5.5215887256E+038
  1.7000147604E+004  5.7059786047E+038
  1.8700149125E+004  5.8950928019E+038
  2.0400140531E+004  6.0173990751E+038
  2.2100135827E+004  6.1580008311E+038
  2.3800232173E+004  6.1604654501E+038
  2.5500239654E+004  6.2245853043E+038
  2.7200177147E+004  6.3866880750E+038
  2.8900230543E+004  6.5237907144E+038
  3.0600259164E+004  6.6561193169E+038
  3.2300205159E+004  6.8289549033E+038
  3.4000175485E+004  6.9680776405E+038
  3.5700180773E+004  7.1326086540E+038
  3.7400236231E+004  7.2157083454E+038
  3.9100205027E+004  7.3066880833E+038
  4.0800262742E+004  7.3100636066E+038
  4.2500154441E+004  7.3539819043E+038
  4.4200149912E+004  7.4403778436E+038
  4.5900253306E+004  7.4471779259E+038
  4.7600239978E+004  7.5211352133E+038
  4.9300161106E+004  7.5853872676E+038
  5.1000213892E+004  7.5148629569E+038
  5.2700230193E+004  7.5652012208E+038
  5.4400258198E+004  7.6117588865E+038
  5.6100269953E+004  7.6482818069E+038
  5.7800177466E+004  7.6824596613E+038
  5.9500157613E+004  7.6493134145E+038
  6.1200147502E+004  7.6326468816E+038
  6.2900184792E+004  7.6580537810E+038
  6.4600260428E+004  7.6830324892E+038
  6.6300193093E+004  7.7103589571E+038
  6.8000265414E+004  7.7356631548E+038
  6.9700148964E+004  7.7551132449E+038
  7.1400268145E+004  7.7068264136E+038
  7.3100200296E+004  7.7169007763E+038
  7.4800266242E+004  7.7283573085E+038
  7.6500177779E+004  7.7400888926E+038
  7.8200241118E+004  7.7517230458E+038
  7.9900141180E+004  7.7631072420E+038
  8.1600269978E+004  7.7857424010E+038
  8.3300220871E+004  7.8003662269E+038
  8.5000193401E+004  7.8136976044E+038
  8.6700179619E+004  7.7557943862E+038
  8.8400265716E+004  7.7654444380E+038
  9.0100164226E+004  7.7459697719E+038
  9.1800244229E+004  7.7580105017E+038
  9.3500175673E+004  7.7644954408E+038
  9.5200139610E+004  7.7710231020E+038
  9.6900255531E+004  7.7775181391E+038
  9.8600162955E+004  7.7839078396E+038
  1.0030014704E+005  7.7123422399E+038
  1.0200024389E+005  7.7137548901E+038
  1.0370022608E+005  7.7129736669E+038
  1.0540021042E+005  7.7126305965E+038
  1.0710022166E+005  7.7126264410E+038
  1.0880016931E+005  7.7133990203E+038
  1.1050024005E+005  7.6644276506E+038
  1.1220020193E+005  7.6823024945E+038
  1.1390025303E+005  7.6905138702E+038
  1.1560017592E+005  7.6964701296E+038
  1.1730018277E+005  7.7015125426E+038
  1.1900026819E+005  7.7060737337E+038
  1.2070025427E+005  7.7134833514E+038
  1.2240016705E+005  7.7083111210E+038
  1.2410014388E+005  7.7080594503E+038
  1.2580021080E+005  7.7089045497E+038
  1.2750014677E+005  7.7102023808E+038
  1.2920020290E+005  7.7117307107E+038
  1.3090014483E+005  7.6736629578E+038
  1.3260022253E+005  7.6704601127E+038
  1.3430024956E+005  7.6699049031E+038
  1.3600019253E+005  7.6701152588E+038
  1.3770020450E+005  7.6706802580E+038
  1.3940020519E+005  7.6714654305E+038
  1.4110015709E+005  7.6064343475E+038
  1.4280021325E+005  7.6624547581E+038
  1.4450023829E+005  7.6606776012E+038
  1.4620020470E+005  7.6588523282E+038
  1.4790016772E+005  7.6572114168E+038
  1.4960025490E+005  7.6558115662E+038
  1.5130014683E+005  7.6398271027E+038
  1.5300022671E+005  7.6405913664E+038
  1.5470016073E+005  7.6406432181E+038
  1.5640026941E+005  7.6403617719E+038
  1.5810019086E+005  7.6399875273E+038
  1.5980020438E+005  7.6396357805E+038
  1.6150015724E+005  7.6579764915E+038
  1.6320015149E+005  7.6565257190E+038
  1.6490026545E+005  7.6555342191E+038
  1.6660021072E+005  7.6549835451E+038
  1.6830023814E+005  7.6547564098E+038
  1.7000023044E+005  7.6334986397E+038
  1.7170024562E+005  7.6143799218E+038
  1.7340017374E+005  7.6138746763E+038
  1.7510018091E+005  7.6132269221E+038
  1.7680026015E+005  7.6127786595E+038
  1.7850025093E+005  7.6125318489E+038
  1.8020025584E+005  7.5811091256E+038
  1.8190022984E+005  7.5664250897E+038
  1.8360017851E+005  7.5623879594E+038
  1.8530023326E+005  7.5595758109E+038
  1.8700015204E+005  7.5572021214E+038
  1.8870024666E+005  7.5551099899E+038
  1.9040025357E+005  7.5877752759E+038
  1.9210019974E+005  7.5871808392E+038
  1.9380019436E+005  7.5863941142E+038
  1.9550020050E+005  7.5856854512E+038
  1.9720021113E+005  7.5851756619E+038
  1.9890019824E+005  7.5848398526E+038
  2.0060017097E+005  7.4806745036E+038
  2.0230013636E+005  7.4797426728E+038
  2.0400025607E+005  7.4777157102E+038
  2.0570015697E+005  7.4754067660E+038
  2.0740023448E+005  7.4731019808E+038
  2.0910022918E+005  7.4709023914E+038
  2.1080025047E+005  7.5083371548E+038
  2.1250013664E+005  7.5037984697E+038
  2.1420016098E+005  7.5023682419E+038
  2.1590016809E+005  7.5016261200E+038
  2.1760017782E+005  7.5010883839E+038
  2.1930019824E+005  7.5006344145E+038
  2.2100024776E+005  7.4409420318E+038
  2.2270021367E+005  7.4407308651E+038
  2.2440020356E+005  7.4378372918E+038
  2.2610022703E+005  7.4346421480E+038
  2.2780013545E+005  7.4315751998E+038
  2.2950017176E+005  7.4287319107E+038
  2.3120021194E+005  7.4367714718E+038
  2.3290024774E+005  7.4285443817E+038
  2.3460016460E+005  7.4236907938E+038
  2.3630024028E+005  7.4202400642E+038
  2.3800020456E+005  7.4174940896E+038
  2.3970021148E+005  7.4151673271E+038
  2.4140023964E+005  7.3691359801E+038
  2.4310015231E+005  7.3658231867E+038
  2.4480021219E+005  7.3623545852E+038
  2.4650013555E+005  7.3590908705E+038
  2.4820020498E+005  7.3561288425E+038
  2.4990014719E+005  7.3534671892E+038
  2.5160024625E+005  7.3322067287E+038
  2.5330023378E+005  7.3338528938E+038
  2.5500024597E+005  7.3344887296E+038
  2.5670015504E+005  7.3347025810E+038
  2.5840021347E+005  7.3347289539E+038
  2.6010015200E+005  7.3193218916E+038
  2.6180023293E+005  7.3066140728E+038
  2.6350018745E+005  7.3013889887E+038
  2.6520015951E+005  7.2976336247E+038
  2.6690013707E+005  7.3426964590E+038
  2.6860014124E+005  7.3398651534E+038
  2.7030017027E+005  7.2695109541E+038
  2.7200021841E+005  7.2708395085E+038
  2.7370015522E+005  7.2686071669E+038
  2.7540023619E+005  7.2656761868E+038
  2.7710020195E+005  7.2626135013E+038
  2.7880017760E+005  7.2596139815E+038
  2.8050016281E+005  7.2635335247E+038
  2.8220016902E+005  7.2480444860E+038
  2.8390018619E+005  7.2393419371E+038
  2.8560022967E+005  7.2330866962E+038
  2.8730015673E+005  7.2280921940E+038
  2.8900023400E+005  7.2238756298E+038
  2.9070019687E+005  7.2498024555E+038
  2.9240016761E+005  7.2522360133E+038
  2.9410015889E+005  7.2525657059E+038
  2.9580015892E+005  7.2524672748E+038
  2.9750017030E+005  7.2522156835E+038
  2.9920020722E+005  7.2518992634E+038
  3.0090025437E+005  7.1351967072E+038
  3.0260018841E+005  7.1372494216E+038
  3.0430013824E+005  7.1362951592E+038
  3.0600024033E+005  7.1345517819E+038
  3.0770022685E+005  7.1325711957E+038
  3.0940021918E+005  7.1304871243E+038
  3.1110023270E+005  7.1563129099E+038
  3.1280026030E+005  7.1489876304E+038
  3.1450016458E+005  7.1442849538E+038
  3.1620022606E+005  7.1405293529E+038
  3.1790016409E+005  7.1373289485E+038
  3.1960025705E+005  7.1345054052E+038
  3.2130022959E+005  7.0644949204E+038
  3.2300021806E+005  7.0625539630E+038
  3.2470022035E+005  7.0599545852E+038
  3.2640023393E+005  7.0572951050E+038
  3.2810026932E+005  7.0547338342E+038
  3.2980017958E+005  7.0523206318E+038
  3.3150024021E+005  7.0224557293E+038
  3.3320018360E+005  7.0189703994E+038
  3.3490013999E+005  7.0159770573E+038
  3.3660025193E+005  7.0131986126E+038
  3.3830023515E+005  7.0105995587E+038
  3.4000023711E+005  7.0193570660E+038
  3.4170025559E+005  7.0022905446E+038
  3.4340014689E+005  6.9959540120E+038
  3.4510019298E+005  7.0432623250E+038
  3.4680024818E+005  7.0396152094E+038
  3.4850018651E+005  7.0365345091E+038
  3.5020014176E+005  7.0218005046E+038
  3.5190024000E+005  7.0294192792E+038
  3.5360022247E+005  7.0286703131E+038
  3.5530021554E+005  7.0267357172E+038
  3.5700022532E+005  7.0245185696E+038
  3.5870025172E+005  7.0222811601E+038
  3.6040015199E+005  6.9288245250E+038
  3.6210020689E+005  6.9241340184E+038
  3.6380013944E+005  6.9222639177E+038
  3.6550022756E+005  6.9202332498E+038
  3.6720019317E+005  6.9180820703E+038
  3.6890016967E+005  6.9159241571E+038
  3.7060017088E+005  6.9161724965E+038
  3.7230018505E+005  6.9139029757E+038
  3.7400021666E+005  6.9095952957E+038
  3.7570026615E+005  6.9055013964E+038
  3.7740020023E+005  6.9016859529E+038
  3.7910015914E+005  6.8979838679E+038
  3.8080026693E+005  6.8979441113E+038
  3.8250026055E+005  6.8914183248E+038
  3.8420013769E+005  6.8878996632E+038
  3.8590016724E+005  6.8852708957E+038
  3.8760021726E+005  6.8830297438E+038
  3.8930014605E+005  6.8810086448E+038
  3.9100023245E+005  6.8310928029E+038
  3.9270020030E+005  6.8350935343E+038
  3.9440019044E+005  6.8359885174E+038
  3.9610019864E+005  6.8355974798E+038
  3.9780021882E+005  6.8346836573E+038
  3.9950026403E+005  6.8335583747E+038
  4.0120018698E+005  6.8272704085E+038
  4.0290026149E+005  6.8187581348E+038
  4.0460021691E+005  6.8128319549E+038
  4.0630018764E+005  6.8083933854E+038
  4.0800018167E+005  6.8047791914E+038
  4.0970018474E+005  6.8016934101E+038
  4.1140020827E+005  6.8029958728E+038
  4.1310024993E+005  6.8018763615E+038
  4.1480016857E+005  6.8004031204E+038
  4.1650024214E+005  6.7988338740E+038
  4.1820019145E+005  6.7972747401E+038
  4.1990016007E+005  6.7957696355E+038
  4.2160014410E+005  6.7286516198E+038
  4.2330014457E+005  6.7255256912E+038
  4.2500016072E+005  6.7226553305E+038
  4.2670019146E+005  6.7198264122E+038
  4.2840024345E+005  6.7171368405E+038
  4.3010016936E+005  6.7230975238E+038
  4.3180024686E+005  6.7145027989E+038
  4.3350020376E+005  6.7097784071E+038
  4.3520017490E+005  6.7064821539E+038
  4.3690016405E+005  6.7038805097E+038
  4.3860016037E+005  6.7559558143E+038
  4.4030017858E+005  6.7298811420E+038
  4.4200021122E+005  6.7227966556E+038
  4.4370025440E+005  6.7189896038E+038
  4.4540017788E+005  6.7159079822E+038
  4.4710024667E+005  6.7131986619E+038
  4.4880019878E+005  6.7107441389E+038
  4.5050016037E+005  6.6357847561E+038
  4.5220027065E+005  6.6428279305E+038
  4.5390026060E+005  6.6441006052E+038
  4.5560026413E+005  6.6433725566E+038
  4.5730014883E+005  6.6419363513E+038
  4.5900017686E+005  6.6402850067E+038
  4.6070022157E+005  6.6630894501E+038
  4.6240014277E+005  6.6482665717E+038
  4.6410021372E+005  6.6417039998E+038
  4.6580016103E+005  6.6374851352E+038
  4.6750025225E+005  6.6342828375E+038
  4.6920022945E+005  6.6315981428E+038
  4.7090021603E+005  6.5963909929E+038
  4.7260021557E+005  6.5944410786E+038
  4.7430022989E+005  6.5913597289E+038
  4.7600025537E+005  6.5883663245E+038
  4.7770016303E+005  6.5854922523E+038
  4.7940021433E+005  6.5827451824E+038
  4.8110014482E+005  6.5529167355E+038
  4.8280022615E+005  6.5628056547E+038
  4.8450018450E+005  6.5658283263E+038
  4.8620015789E+005  6.5667125333E+038
  4.8790014241E+005  6.5667058026E+038
  4.8960014549E+005  6.5662860612E+038
  4.9130015929E+005  6.5304179645E+038
  4.9300018846E+005  6.5194133760E+038
  4.9470023060E+005  6.5123379758E+038
  4.9640014853E+005  6.5070977591E+038
  4.9810022195E+005  6.5028514710E+038
  4.9980016926E+005  6.4992180606E+038
  5.0150026842E+005  6.4874475164E+038
  5.0320024679E+005  6.4849340389E+038
  5.0490024043E+005  6.4824025634E+038
  5.0660025239E+005  6.4799058283E+038
  5.0830013684E+005  6.4775380440E+038
  5.1000017761E+005  6.4815680026E+038
  5.1170023483E+005  6.4596194192E+038
  5.1340016962E+005  6.4595256170E+038
  5.1510025671E+005  6.4592663995E+038
  5.1680022363E+005  6.4587190149E+038
  5.1850020992E+005  6.4579844979E+038
  5.2020020881E+005  6.4412684049E+038
  5.2190022527E+005  6.4404134917E+038
  5.2360025590E+005  6.4369114797E+038
  5.2530016719E+005  6.4338394632E+038
  5.2700023284E+005  6.4311505522E+038
  5.2870017297E+005  6.4287496716E+038
  5.3040026798E+005  6.4458525373E+038
  5.3210024124E+005  6.4336227825E+038
  5.3380023197E+005  6.4389854465E+038
  5.3550023733E+005  6.9747513725E+038
  5.3720025229E+005  9.1878266944E+038
  5.3890015365E+005  1.2963595021E+039
  5.4060020267E+005  1.7605556519E+039
  5.4230026510E+005  2.3734540259E+039
  5.4400020653E+005  3.3474523354E+039
  5.4570016506E+005  5.1056237116E+039
  5.4740013876E+005  8.7936351843E+039
  5.4910025919E+005  1.5077752430E+040
  5.5080026232E+005  2.8486084017E+040
  5.5250014178E+005  1.0617876271E+041
  5.5420017399E+005  4.0492285865E+041
  5.5590021939E+005  9.9068732389E+041
  5.5760014198E+005  1.7965884082E+042
  5.5930021790E+005  3.2809215780E+042
  5.6100016957E+005  5.5588355281E+042
  5.6270013934E+005  8.7364269732E+042
  5.6440025446E+005  1.2216492411E+043
  5.6610024979E+005  1.6111075515E+043
  5.6780026248E+005  1.9676480577E+043
  5.6950014754E+005  2.2792766108E+043
  5.7120018399E+005  2.5148128258E+043
  5.7290023344E+005  2.6581024309E+043
  5.7460016279E+005  2.7045405765E+043
  5.7630023633E+005  2.6595787743E+043
  5.7800018945E+005  2.5371753743E+043
  5.7970015783E+005  2.3570362334E+043
  5.8140013593E+005  2.1505571748E+043
  5.8310026492E+005  1.9113478499E+043
  5.8480026710E+005  1.6706494598E+043
  5.8650015045E+005  1.4395091004E+043
  5.8820018049E+005  1.2320960958E+043
  5.8990022143E+005  1.0548443788E+043
  5.9160014126E+005  9.1848453211E+042
  5.9330020662E+005  7.8804017910E+042
  5.9500015300E+005  6.8261512617E+042
  5.9670024435E+005  5.9869382611E+042
  5.9840021172E+005  5.3239492412E+042
  6.0010019300E+005  4.7833286728E+042
  6.0180018732E+005  4.3524102144E+042
  6.0350019306E+005  3.9879228633E+042
  6.0520020711E+005  3.6645252263E+042
  6.0690023943E+005  3.4039877061E+042
  6.0860014602E+005  3.1883946136E+042
  6.1030020002E+005  2.9956455068E+042
  6.1200026716E+005  2.8147486969E+042
  6.1370021042E+005  2.6733794321E+042
  6.1540016906E+005  2.5584830745E+042
  6.1710027104E+005  2.4554459953E+042
  6.1880025372E+005  2.3562078245E+042
  6.2050024714E+005  2.2562656575E+042
  6.2220025409E+005  2.1561893971E+042
  6.2390014002E+005  2.0814675005E+042
  6.2560017076E+005  2.0200299150E+042
  6.2730021786E+005  1.9621687279E+042
  6.2900014116E+005  1.9041504644E+042
  6.3070021473E+005  1.8462915014E+042
  6.3240016239E+005  1.7886679337E+042
  6.3410026093E+005  1.7294049407E+042
  6.3580023979E+005  1.6689971936E+042
  6.3750022698E+005  1.6112273123E+042
  6.3920023076E+005  1.5748035877E+042
  6.4090024742E+005  1.5468160559E+042
  6.4260014489E+005  1.5174390005E+042
  6.4430018956E+005  1.4868993500E+042
  6.4600024746E+005  1.4549159884E+042
  6.4770018746E+005  1.4228166603E+042
  6.4940013826E+005  1.3920841153E+042
  6.5110024106E+005  1.3633669200E+042
  6.5280022037E+005  1.3343304236E+042
  6.5450021608E+005  1.3040780558E+042
  6.5620022705E+005  1.2761820553E+042
  6.5790025152E+005  1.2491081018E+042
  6.5960015523E+005  1.2209513325E+042
  6.6130020685E+005  1.1914683076E+042
  6.6300014163E+005  1.1615323042E+042
  6.6470022231E+005  1.1405268598E+042
  6.6640018102E+005  1.1334516860E+042
  6.6810015511E+005  1.1252337555E+042
  6.6980014387E+005  1.1126246582E+042
  6.7150014636E+005  1.0982935841E+042
  6.7320015878E+005  1.0842831456E+042
  6.7490019078E+005  1.0680363021E+042
  6.7660023337E+005  1.0522314858E+042
  6.7830015320E+005  1.0377923766E+042
  6.8000022344E+005  1.0228728067E+042
  6.8170017015E+005  1.0084922882E+042
  6.8340026780E+005  9.9484521482E+041
  6.8510024068E+005  9.8213216690E+041
  6.8680022868E+005  9.7008029863E+041
  6.8850022815E+005  9.5663904509E+041
  6.9020024371E+005  9.4209559467E+041
  6.9190027060E+005  9.2862484297E+041
  6.9360017320E+005  9.1695446429E+041
  6.9530022794E+005  9.0646591686E+041
  6.9700015721E+005  8.9639712588E+041
  6.9870023705E+005  8.8597993587E+041
  7.0040019028E+005  8.7524369543E+041
  7.0210016010E+005  8.6501232360E+041
  7.0380014330E+005  8.5541928201E+041
  7.0550027026E+005  8.4581443766E+041
  7.0720014125E+005  8.3609113392E+041
  7.0890015981E+005  8.2660153648E+041
  7.1060019191E+005  8.1735392521E+041
  7.1230023230E+005  8.0808829680E+041
  7.1400015204E+005  7.9850165175E+041
  7.1570021880E+005  7.8844910081E+041
  7.1740016216E+005  7.7784063514E+041
  7.1910025402E+005  7.6688416739E+041
  7.2080021899E+005  7.5715263474E+041
  7.2250020010E+005  7.5156596331E+041
  7.2420018974E+005  7.5216530050E+041
  7.2590019175E+005  7.5466772059E+041
  7.2760020356E+005  7.5465877394E+041
  7.2930022782E+005  7.5173271306E+041
  7.3100026544E+005  7.4718696384E+041
  7.3270017513E+005  7.4233047917E+041
  7.3440023476E+005  7.3744012653E+041
  7.3610017009E+005  7.3238028059E+041
  7.3780025404E+005  7.2731546746E+041
  7.3950021139E+005  7.2244075718E+041
  7.4120018198E+005  7.1788325841E+041
  7.4290016577E+005  7.1371702447E+041
  7.4460015847E+005  7.0964052342E+041
  7.4630016554E+005  7.0531855702E+041
  7.4800018228E+005  7.0073222393E+041
  7.4970021421E+005  6.9607999280E+041
  7.5140025635E+005  6.9153574431E+041
  7.5310017430E+005  6.8725024086E+041
  7.5480024128E+005  6.8329980030E+041
  7.5650018352E+005  6.7958809734E+041
  7.5820013974E+005  6.7588277261E+041
  7.5990023998E+005  6.7202920298E+041
  7.6160021951E+005  6.6804721665E+041
  7.6330021119E+005  6.6401548110E+041
  7.6500021465E+005  6.6001055550E+041
  7.6670022915E+005  6.5611493045E+041
  7.6840025632E+005  6.5240280768E+041
  7.7010016284E+005  6.4890478659E+041
  7.7180021345E+005  6.4558402117E+041
  7.7350014291E+005  6.4235307206E+041
  7.7520021875E+005  6.3912992647E+041
  7.7690017384E+005  6.3587632572E+041
  7.7860014094E+005  6.3258503061E+041
  7.8030025390E+005  6.2926916788E+041
  7.8200024717E+005  6.2596507672E+041
  7.8370025114E+005  6.2270045068E+041
  7.8540026910E+005  6.1949641122E+041
  7.8710016196E+005  6.1636087758E+041
  7.8880020477E+005  6.1328135203E+041
  7.9050026051E+005  6.1024760976E+041
  7.9220019270E+005  6.0724650184E+041
  7.9390013768E+005  6.0428388788E+041
  7.9560023032E+005  6.0137634564E+041
  7.9730020400E+005  5.9854748651E+041
  7.9900018554E+005  5.9581606714E+041
  8.0070018241E+005  5.9318309899E+041
  8.0240019223E+005  5.9064462059E+041
  8.0410021391E+005  5.8818808119E+041
  8.0580024913E+005  5.8579007967E+041
  8.0750015962E+005  5.8341121400E+041
  8.0920022075E+005  5.8101530611E+041
  8.1090015764E+005  5.7858189566E+041
  8.1260024367E+005  5.7610997592E+041
  8.1430020392E+005  5.7360444343E+041
  8.1600017920E+005  5.7107948573E+041
  8.1770016665E+005  5.6855710601E+041
  8.1940016348E+005  5.6606017005E+041
  8.2110017452E+005  5.6360913822E+041
  8.2280019654E+005  5.6121835831E+041
  8.2450023288E+005  5.5890133877E+041
  8.2620014168E+005  5.5666062504E+041
  8.2790020079E+005  5.5448938519E+041
  8.2960013665E+005  5.5237580268E+041
  8.3130021827E+005  5.5030288847E+041
  8.3300017682E+005  5.4825964741E+041
  8.3470014554E+005  5.4623399409E+041
  8.3640026361E+005  5.4422072610E+041
  8.3810025519E+005  5.4221560467E+041
  8.3980025974E+005  5.4021747752E+041
  8.4150013849E+005  5.3822976371E+041
  8.4320016609E+005  5.3625375681E+041
  8.4490020483E+005  5.3429259101E+041
  8.4660025305E+005  5.3234974923E+041
  8.4830017920E+005  5.3042436485E+041
  8.5000024998E+005  5.2851329129E+041
  8.5170019880E+005  5.2661560168E+041
  8.5340015483E+005  5.2472848587E+041
  8.5510026011E+005  5.2285396190E+041
  8.5680024193E+005  5.2099702828E+041
  8.5850023178E+005  5.1916244942E+041
  8.6020023351E+005  5.1735739569E+041
  8.6190024701E+005  5.1559043875E+041
  8.6360013694E+005  5.1386656501E+041
  8.6530016978E+005  5.1218967102E+041
  8.6700021731E+005  5.1056042458E+041
  8.6870013843E+005  5.0897712855E+041
  8.7040020681E+005  5.0743373396E+041
  8.7210015086E+005  5.0592571490E+041
  8.7380023988E+005  5.0444245334E+041
  8.7550020652E+005  5.0297476726E+041
  8.7720018224E+005  5.0151341696E+041
  8.7890017059E+005  5.0005268356E+041
  8.8060016727E+005  4.9859053668E+041
  8.8230017702E+005  4.9712404833E+041
  8.8400019710E+005  4.9565572710E+041
  8.8570022647E+005  4.9418784077E+041
  8.8740026749E+005  4.9272376034E+041
  8.8910018361E+005  4.9126674079E+041
  8.9080024768E+005  4.8981901547E+041
  8.9250018390E+005  4.8838299557E+041
  8.9420027069E+005  4.8696066290E+041
  8.9590023146E+005  4.8555350142E+041
  8.9760020382E+005  4.8416281878E+041
  8.9930018742E+005  4.8278654142E+041
  9.0100018184E+005  4.8142304332E+041
  9.0270018993E+005  4.8006908248E+041
  9.0440020624E+005  4.7872295853E+041
  9.0610023589E+005  4.7738298681E+041
  9.0780014051E+005  4.7604821585E+041
  9.0950019346E+005  4.7471777991E+041
  9.1120025676E+005  4.7339159432E+041
  9.1290019579E+005  4.7207001799E+041
  9.1460014668E+005  4.7075377897E+041
  9.1630024454E+005  4.6944385449E+041
  9.1800021966E+005  4.6814118390E+041
  9.1970020283E+005  4.6684673526E+041
  9.2140020172E+005  4.6555957511E+041
  9.2310021111E+005  4.6428321302E+041
  9.2480023206E+005  4.6301643801E+041
  9.2650026534E+005  4.6175906684E+041
  9.2820017471E+005  4.6051098277E+041
  9.2990023252E+005  4.5927169134E+041
  9.3160016479E+005  4.5804182067E+041
  9.3330024594E+005  4.5682012739E+041
  9.3500020138E+005  4.5560744479E+041
  9.3670017091E+005  4.5440384771E+041
  9.3840014961E+005  4.5320932812E+041
  9.4010014072E+005  4.5202244694E+041
  9.4180014430E+005  4.5084414078E+041
  9.4350015798E+005  4.4967477826E+041
  9.4520018375E+005  4.4851238804E+041
  9.4690021945E+005  4.4735504585E+041
  9.4860026961E+005  4.4620057117E+041
  9.5030019238E+005  4.4504649868E+041
  9.5200026350E+005  4.4388957206E+041
  9.5370021088E+005  4.4272752359E+041
  9.5540016949E+005  4.4155729161E+041
  9.5710013896E+005  4.4037597981E+041
  9.5880025547E+005  4.3918115364E+041
  9.6050024838E+005  4.3799060260E+041
  9.6220025096E+005  4.3677452808E+041
  9.6390026751E+005  4.3545458696E+041
  9.6560015629E+005  4.3402622671E+041
  9.6730019440E+005  4.3248746214E+041
  9.6900024383E+005  4.3084197803E+041
  9.7070016777E+005  4.2910038040E+041
  9.7240023888E+005  4.2728690783E+041
  9.7410018458E+005  4.2543163352E+041
  9.7580014326E+005  4.2358716983E+041
  9.7750024581E+005  4.2182820966E+041
  9.7920022495E+005  4.2024886028E+041
  9.8090021449E+005  4.1895709400E+041
  9.8260021607E+005  4.1806418869E+041
  9.8430022618E+005  4.1766940814E+041
  9.8600024837E+005  4.1784052807E+041
  9.8770014651E+005  4.1859487051E+041
  9.8940018857E+005  4.1988328138E+041
  9.9110024345E+005  4.2154907347E+041
  9.9280017120E+005  4.2333542697E+041
  9.9450024716E+005  4.2497772041E+041
  9.9620019609E+005  4.2628194475E+041
  9.9790015671E+005  4.2715678136E+041
  9.9960026320E+005  4.2759850885E+041
  1.0013002445E+006  4.2765751540E+041
  1.0030002366E+006  4.2740698581E+041
  1.0047002372E+006  4.2691959704E+041
  1.0064002498E+006  4.2625699991E+041
  1.0081002711E+006  4.2546670690E+041
  1.0098001684E+006  4.2458358528E+041
  1.0115002087E+006  4.2363289616E+041
  1.0132002622E+006  4.2263717490E+041
  1.0149001898E+006  4.2161924180E+041
  1.0166002618E+006  4.2060292602E+041
  1.0183002103E+006  4.1961278069E+041
  1.0200001678E+006  4.1867189953E+041
  1.0217001371E+006  4.1779906124E+041
  1.0234002503E+006  4.1701040236E+041
  1.0251002392E+006  4.1631352921E+041
  1.0268002370E+006  4.1570927496E+041
  1.0285002473E+006  4.1519095098E+041
  1.0302002656E+006  4.1474356624E+041
  1.0319001588E+006  4.1434413487E+041
  1.0336002003E+006  4.1396461697E+041
  1.0353002497E+006  4.1357704492E+041
  1.0370001754E+006  4.1315762321E+041
  1.0387002459E+006  4.1268983262E+041
  1.0404001935E+006  4.1216501672E+041
  1.0421001491E+006  4.1158049719E+041
  1.0438002525E+006  4.1093875710E+041
  1.0455002310E+006  4.1024554989E+041
  1.0472002200E+006  4.0950772289E+041
  1.0489002201E+006  4.0873284841E+041
  1.0506002303E+006  4.0792821095E+041
  1.0523002525E+006  4.0710091656E+041
  1.0540001480E+006  4.0625947943E+041
  1.0557001925E+006  4.0541311341E+041
  1.0574002444E+006  4.0457233987E+041
  1.0591001737E+006  4.0374871189E+041
  1.0608002500E+006  4.0295311993E+041
  1.0625001995E+006  4.0219781274E+041
  1.0642001606E+006  4.0149249127E+041
  1.0659002689E+006  4.0084459382E+041
  1.0676002531E+006  4.0025899646E+041
  1.0693002456E+006  3.9973706199E+041
  1.0710002513E+006  3.9927584629E+041
  1.0727002669E+006  3.9886978095E+041
  1.0744001587E+006  3.9850700865E+041
  1.0761001953E+006  3.9817210982E+041
  1.0778002444E+006  3.9784818994E+041
  1.0795001689E+006  3.9751859841E+041
  1.0812002384E+006  3.9716970161E+041
  1.0829001850E+006  3.9678812481E+041
  1.0846001405E+006  3.9636693032E+041
  1.0863002446E+006  3.9590247564E+041
  1.0880002218E+006  3.9539452493E+041
  1.0897002107E+006  3.9484523187E+041
  1.0914002099E+006  3.9425738600E+041
  1.0931002209E+006  3.9363711924E+041
  1.0948002411E+006  3.9298891103E+041
  1.0965001361E+006  3.9231766142E+041
  1.0982001795E+006  3.9162777317E+041
  1.0999002313E+006  3.9092371184E+041
  1.1016001594E+006  3.9021099541E+041
  1.1033002315E+006  3.8949517879E+041
  1.1050001811E+006  3.8878267569E+041
  1.1067001396E+006  3.8808021894E+041
  1.1084002440E+006  3.8739463586E+041
  1.1101002233E+006  3.8673296307E+041
  1.1118002135E+006  3.8610166655E+041
  1.1135002141E+006  3.8550712622E+041
  1.1152002230E+006  3.8495371338E+041
  1.1169002442E+006  3.8444425351E+041
  1.1186001384E+006  3.8397979623E+041
  1.1203001797E+006  3.8355923373E+041
  1.1220002284E+006  3.8317936020E+041
  1.1237001545E+006  3.8283550544E+041
  1.1254002254E+006  3.8251985674E+041
  1.1271001690E+006  3.8222321249E+041
  1.1288002601E+006  3.8193557391E+041
  1.1305002252E+006  3.8164758906E+041
  1.1322002002E+006  3.8135032720E+041
  1.1339001833E+006  3.8103663560E+041
  1.1356001785E+006  3.8070147058E+041
  1.1373001821E+006  3.8034162291E+041
  1.1390001963E+006  3.7995571454E+041
  1.1407002184E+006  3.7954387842E+041
  1.1424002522E+006  3.7910720425E+041
  1.1441001596E+006  3.7864789380E+041
  1.1458002115E+006  3.7816843217E+041
  1.1475001384E+006  3.7767160371E+041
  1.1492002094E+006  3.7715997424E+041
  1.1509001565E+006  3.7663610959E+041
  1.1526002467E+006  3.7610325092E+041
  1.1543002115E+006  3.7556386978E+041
  1.1560001857E+006  3.7502066835E+041
  1.1577001711E+006  3.7447671251E+041
  1.1594001635E+006  3.7393522236E+041
  1.1611001670E+006  3.7339966816E+041
  1.1628001811E+006  3.7287327284E+041
  1.1645002033E+006  3.7235968437E+041
  1.1662002362E+006  3.7186182168E+041
  1.1679001416E+006  3.7138220298E+041
  1.1696001954E+006  3.7092272207E+041
  1.1713002560E+006  3.7048377420E+041
  1.1730001918E+006  3.7006799985E+041
  1.1747001375E+006  3.6967460939E+041
  1.1764002296E+006  3.6930269170E+041
  1.1781001944E+006  3.6895063001E+041
  1.1798001692E+006  3.6861589546E+041
  1.1815001552E+006  3.6829540756E+041
  1.1832001496E+006  3.6798489617E+041
  1.1849001541E+006  3.6768082237E+041
  1.1866001666E+006  3.6737919447E+041
  1.1883001924E+006  3.6707637084E+041
  1.1900002252E+006  3.6676919211E+041
  1.1917002683E+006  3.6645519496E+041
  1.1934001865E+006  3.6613288722E+041
  1.1951002507E+006  3.6580076526E+041
  1.1968001888E+006  3.6545833078E+041
  1.1985001367E+006  3.6510560622E+041
  1.2002002316E+006  3.6474303220E+041
  1.2019001997E+006  3.6437212306E+041
  1.2036001796E+006  3.6399329747E+041
  1.2053001673E+006  3.6360783561E+041
  1.2070001678E+006  3.6321706903E+041
  1.2087001774E+006  3.6282242302E+041
  1.2104001975E+006  3.6242537458E+041
  1.2121002274E+006  3.6202697970E+041
  1.2138002680E+006  3.6162947305E+041
  1.2155001837E+006  3.6123460267E+041
  1.2172002428E+006  3.6084417149E+041
  1.2189001782E+006  3.6045997861E+041
  1.2206002596E+006  3.6008351640E+041
  1.2223002156E+006  3.5971700832E+041
  1.2240001793E+006  3.5936168415E+041
  1.2257001568E+006  3.5901830642E+041
  1.2274001427E+006  3.5868662308E+041
  1.2291001387E+006  3.5836746611E+041
  1.2308001449E+006  3.5806142684E+041
  1.2325001609E+006  3.5776702165E+041
  1.2342001880E+006  3.5748361228E+041
  1.2359002226E+006  3.5720963877E+041
  1.2376002688E+006  3.5694311705E+041
  1.2393001883E+006  3.5668178868E+041
  1.2410002542E+006  3.5642318365E+041
  1.2427001923E+006  3.5616478981E+041
  1.2444001422E+006  3.5590411841E+041
  1.2461002367E+006  3.5563903923E+041
  1.2478002053E+006  3.5536774787E+041
  1.2495001830E+006  3.5508869056E+041
  1.2512001709E+006  3.5480051826E+041
  1.2529001696E+006  3.5450349991E+041
  1.2546001758E+006  3.5419690114E+041
  1.2563001942E+006  3.5388062749E+041
  1.2580002213E+006  3.5355495494E+041
  1.2597002590E+006  3.5322040859E+041
  1.2614001693E+006  3.5287743832E+041
  1.2631002261E+006  3.5252707071E+041
  1.2648001552E+006  3.5217024557E+041
  1.2665002310E+006  3.5180775846E+041
  1.2682001790E+006  3.5144052094E+041
  1.2699002717E+006  3.5106934747E+041
  1.2716002403E+006  3.5069462674E+041
  1.2733002158E+006  3.5031810058E+041
  1.2750002018E+006  3.4994022102E+041
  1.2767001960E+006  3.4956177750E+041
  1.2784002016E+006  3.4918368063E+041
  1.2801002140E+006  3.4880666957E+041
  1.2818002367E+006  3.4843199028E+041
  1.2835002687E+006  3.4806115191E+041
  1.2852001743E+006  3.4769504628E+041
  1.2869002241E+006  3.4733475361E+041
  1.2886001478E+006  3.4698151711E+041
  1.2903002179E+006  3.4663663367E+041
  1.2920001591E+006  3.4630075287E+041
  1.2937002470E+006  3.4597474600E+041
  1.2954002065E+006  3.4565956520E+041
  1.2971001770E+006  3.4535577852E+041
  1.2988001546E+006  3.4506379505E+041
  1.3005001419E+006  3.4478372863E+041
  1.3022001385E+006  3.4451595641E+041
