  0.0000000000E+000  0.0000000000E+000
  1.7002170199E+003  3.2162968416E+034
  3.4002388004E+003  3.2162967938E+034
  5.1002776172E+003  3.2162967417E+034
  6.8001999089E+003  3.2162966906E+034
  8.5002248831E+003  3.2162966607E+034
  1.0200176951E+004  3.2162966780E+034
  1.1900184344E+004  3.2162967115E+034
  1.3600223466E+004  3.2162967032E+034
  1.5300243475E+004  3.2162966494E+034
  1.7000245351E+004  3.2162965715E+034
  1.8700206993E+004  3.2162964834E+034
  2.0400274594E+004  3.2162963910E+034
  2.2100256684E+004  3.2162962966E+034
  2.3800282304E+004  3.2162962011E+034
  2.5500185804E+004  3.2162961051E+034
  2.7200250549E+004  3.2162960084E+034
  2.8900184215E+004  3.2162959085E+034
  3.0600219950E+004  3.2162958033E+034
  3.2300190546E+004  3.2162957162E+034
  3.4000192895E+004  3.2162956580E+034
  3.5700220342E+004  3.2162956324E+034
  3.7400164935E+004  3.2162956614E+034
  3.9100256816E+004  3.2162958454E+034
  4.0800298203E+004  3.2162959927E+034
  4.2500297436E+004  3.2162960282E+034
  4.4200167204E+004  3.2162960614E+034
  4.5900300887E+004  3.2162960945E+034
  4.7600250222E+004  3.2162961281E+034
  4.9300260402E+004  3.2162961639E+034
  5.1000270176E+004  3.2162962015E+034
  5.2700276597E+004  3.2162962364E+034
  5.4400254598E+004  3.2162962675E+034
  5.6100218352E+004  3.2162962960E+034
  5.7800155985E+004  3.2162963250E+034
  5.9500291479E+004  3.2162963531E+034
  6.1200273059E+004  3.2162963786E+034
  6.2900170028E+004  3.2162964011E+034
  6.4600284633E+004  3.2162964204E+034
  6.6300299493E+004  3.2162964367E+034
  6.8000230774E+004  3.2162964515E+034
  6.9700197820E+004  3.2162964642E+034
  7.1400238996E+004  3.2162964739E+034
  7.3100244011E+004  3.2162964802E+034
  7.4800295059E+004  3.2162964826E+034
  7.6500244562E+004  3.2162964807E+034
  7.8200279502E+004  3.2162964747E+034
  7.9900222020E+004  3.2162964656E+034
  8.1600262517E+004  3.2162964523E+034
  8.3300177939E+004  3.2162964331E+034
  8.5000268227E+004  3.2162964067E+034
  8.6700245621E+004  3.2162963724E+034
  8.8400222844E+004  3.2162963291E+034
  9.0100168443E+004  3.2162962762E+034
  9.1800178746E+004  3.2162962131E+034
  9.3500304791E+004  3.2162961400E+034
  9.5200191688E+004  3.2162960592E+034
  9.6900235278E+004  3.2162959755E+034
  9.8600264669E+004  3.2162958964E+034
  1.0030019258E+005  3.2162958447E+034
  1.0200028268E+005  3.2162957858E+034
  1.0370022090E+005  3.2162957136E+034
  1.0540019524E+005  3.2162956325E+034
  1.0710026194E+005  3.2162955450E+034
  1.0880029208E+005  3.2162954529E+034
  1.1050022034E+005  3.2162953577E+034
  1.1220025441E+005  3.2162952610E+034
  1.1390026821E+005  3.2162951643E+034
  1.1560016125E+005  3.2162950684E+034
  1.1730019487E+005  3.2162949711E+034
  1.1900027022E+005  3.2162948725E+034
  1.2070026931E+005  3.2162947731E+034
  1.2240019857E+005  3.2162946732E+034
  1.2410025642E+005  3.2162945733E+034
  1.2580021694E+005  3.2162944739E+034
  1.2750023890E+005  3.2162943755E+034
  1.2920021128E+005  3.2162942784E+034
  1.3090021730E+005  3.2162941829E+034
  1.3260020632E+005  3.2162940896E+034
  1.3430025538E+005  3.2162939994E+034
  1.3600025897E+005  3.2160861825E+034
  1.3770019901E+005  3.2160852171E+034
  1.3940027179E+005  3.2160842223E+034
  1.4110024403E+005  3.2160831425E+034
  1.4280023810E+005  3.2160819305E+034
  1.4450015906E+005  3.2160805403E+034
  1.4620025899E+005  3.2160789178E+034
  1.4790019823E+005  3.2160769952E+034
  1.4960021594E+005  3.2160746913E+034
  1.5130019954E+005  3.2160718819E+034
  1.5300028872E+005  3.2160686046E+034
  1.5470022322E+005  3.2160649407E+034
  1.5640019348E+005  3.2160608620E+034
  1.5810028919E+005  3.2160563319E+034
  1.5980029792E+005  3.2160513202E+034
  1.6150019687E+005  3.2160457975E+034
  1.6320022681E+005  3.2160397321E+034
  1.6490018605E+005  3.2160328046E+034
  1.6660015566E+005  3.2160241464E+034
  1.6830024123E+005  3.2160138670E+034
  1.7000015362E+005  3.2160027264E+034
  1.7170024680E+005  3.2159922696E+034
  1.7340030114E+005  3.2159844046E+034
  1.7510023995E+005  3.2159800296E+034
  1.7680020311E+005  3.2159780443E+034
  1.7850016035E+005  3.2159773576E+034
  1.8020022807E+005  3.2159772948E+034
  1.8190016158E+005  3.2159775041E+034
  1.8360021496E+005  3.2159778137E+034
  1.8530026190E+005  3.2159781383E+034
  1.8700017910E+005  3.2159784311E+034
  1.8870017313E+005  3.2159786617E+034
  1.9040017940E+005  3.2159788063E+034
  1.9210021993E+005  3.2159788424E+034
  1.9380024885E+005  3.2159787667E+034
  1.9550023275E+005  3.2159786241E+034
  1.9720027098E+005  3.2159784273E+034
  1.9890030052E+005  3.2159781878E+034
  2.0060015909E+005  3.2159779177E+034
  2.0230018401E+005  3.2159776281E+034
  2.0400027246E+005  3.2159773300E+034
  2.0570019124E+005  3.2159770351E+034
  2.0740027978E+005  3.2159767551E+034
  2.0910021416E+005  3.2159765018E+034
  2.1080027351E+005  3.2159762864E+034
  2.1250024838E+005  3.2159761191E+034
  2.1420022924E+005  3.2159760090E+034
  2.1590020060E+005  3.2159759634E+034
  2.1760017945E+005  3.2159759879E+034
  2.1930019929E+005  3.2159760867E+034
  2.2100017443E+005  3.2159762625E+034
  2.2270015815E+005  3.2159765164E+034
  2.2440029371E+005  3.2159768481E+034
  2.2610024532E+005  3.2159771884E+034
  2.2780029022E+005  3.2159773557E+034
  2.2950021611E+005  3.2159773759E+034
  2.3120028707E+005  3.2159772789E+034
  2.3290020613E+005  3.2159770933E+034
  2.3460015794E+005  3.2159768521E+034
  2.3630018763E+005  3.2159765867E+034
  2.3800020098E+005  3.2159763313E+034
  2.3970021863E+005  3.2159761237E+034
  2.4140021625E+005  3.2159761438E+034
  2.4310015771E+005  3.2159762715E+034
  2.4480015658E+005  3.2159765995E+034
  2.4650016776E+005  3.2159772190E+034
  2.4820017738E+005  3.2159781202E+034
  2.4990020583E+005  3.2159792455E+034
  2.5160029320E+005  3.2159805220E+034
  2.5330018446E+005  3.2159818834E+034
  2.5500022144E+005  3.2159832804E+034
  2.5670024723E+005  3.2159846853E+034
  2.5840023072E+005  3.2159860850E+034
  2.6010028883E+005  3.2159874749E+034
  2.6180022324E+005  3.2159888531E+034
  2.6350016260E+005  3.2159902193E+034
  2.6520026499E+005  3.2159915733E+034
  2.6690025300E+005  3.2159929152E+034
  2.6860017340E+005  3.2159942469E+034
  2.7030022376E+005  3.2159955700E+034
  2.7200025922E+005  3.2159968845E+034
  2.7370026538E+005  3.2159981907E+034
  2.7540021122E+005  3.2159994915E+034
  2.7710020414E+005  3.2160007806E+034
  2.7880021215E+005  3.2160020539E+034
  2.8050022967E+005  3.2160033094E+034
  2.8220027258E+005  3.2160045459E+034
  2.8390022151E+005  3.2160057626E+034
  2.8560027864E+005  3.2160069590E+034
  2.8730016173E+005  3.2160081343E+034
  2.8900017195E+005  3.2160092885E+034
  2.9070029469E+005  3.2160104213E+034
  2.9240018033E+005  3.2160115324E+034
  2.9410024657E+005  3.2160126220E+034
  2.9580017289E+005  3.2160136897E+034
  2.9750027105E+005  3.2160147366E+034
  2.9920025094E+005  3.2160157642E+034
  3.0090016161E+005  3.2160167741E+034
  3.0260019391E+005  3.2160177674E+034
  3.0430019624E+005  3.2160187437E+034
  3.0600016395E+005  3.2160197024E+034
  3.0770022619E+005  3.2160206431E+034
  3.0940018300E+005  3.2160215651E+034
  3.1110015903E+005  3.2160224681E+034
  3.1280030695E+005  3.2160233517E+034
  3.1450016897E+005  3.2160242155E+034
  3.1620023821E+005  3.2160250597E+034
  3.1790025678E+005  3.2160258839E+034
  3.1960024383E+005  3.2160266882E+034
  3.2130019598E+005  3.2160274727E+034
  3.2300025822E+005  3.2160282373E+034
  3.2470023956E+005  3.2160289821E+034
  3.2640025425E+005  3.2160297073E+034
  3.2810029095E+005  3.2160304133E+034
  3.2980019244E+005  3.2160311060E+034
  3.3150027882E+005  3.2160317820E+034
  3.3320028494E+005  3.2160324378E+034
  3.3490024614E+005  3.2160330736E+034
  3.3660017192E+005  3.2160336900E+034
  3.3830021427E+005  3.2160342873E+034
  3.4000019502E+005  3.2160348657E+034
  3.4170023001E+005  3.2160354251E+034
  3.4340029667E+005  3.2160359660E+034
  3.4510022846E+005  3.2160364884E+034
  3.4680018104E+005  3.2160369924E+034
  3.4850018341E+005  3.2160374785E+034
  3.5020026977E+005  3.2160379473E+034
  3.5190015823E+005  3.2160383993E+034
  3.5360016512E+005  3.2160388349E+034
  3.5530027708E+005  3.2160392545E+034
  3.5700015874E+005  3.2160396587E+034
  3.5870024686E+005  3.2160400513E+034
  3.6040020467E+005  3.2160404309E+034
  3.6210017634E+005  3.2160407945E+034
  3.6380018275E+005  3.2160411406E+034
  3.6550024682E+005  3.2160414689E+034
  3.6720024437E+005  3.2160417793E+034
  3.6890020389E+005  3.2160420720E+034
  3.7060027401E+005  3.2160423470E+034
  3.7230028204E+005  3.2160426043E+034
  3.7400021179E+005  3.2160428441E+034
  3.7570018236E+005  3.2160430664E+034
  3.7740016833E+005  3.2160432714E+034
  3.7910018200E+005  3.2160434592E+034
  3.8080023443E+005  3.2160436298E+034
  3.8250019116E+005  3.2160437833E+034
  3.8420025081E+005  3.2160439198E+034
  3.8590026903E+005  3.2160440394E+034
  3.8760023209E+005  3.2160441422E+034
  3.8930028655E+005  3.2160442283E+034
  3.9100025024E+005  3.2160442976E+034
  3.9270024324E+005  3.2160443504E+034
  3.9440026192E+005  3.2160443866E+034
  3.9610030594E+005  3.2160444064E+034
  3.9780023393E+005  3.2160444099E+034
  3.9950023849E+005  3.2160443971E+034
  4.0120018775E+005  3.2160443680E+034
  4.0290024207E+005  3.2160443227E+034
  4.0460024737E+005  3.2160442612E+034
  4.0630017859E+005  3.2160441837E+034
  4.0800016369E+005  3.2160440902E+034
  4.0970018177E+005  3.2160439808E+034
  4.1140021753E+005  3.2160438553E+034
  4.1310028303E+005  3.2160437139E+034
  4.1480024458E+005  3.2160435567E+034
  4.1650027821E+005  3.2160433838E+034
  4.1820026064E+005  3.2160431951E+034
  4.1990019690E+005  3.2160429907E+034
  4.2160022097E+005  3.2160427706E+034
  4.2330016921E+005  3.2160425352E+034
  4.2500016871E+005  3.2160422852E+034
  4.2670019330E+005  3.2160420211E+034
  4.2840024562E+005  3.2160417432E+034
  4.3010017595E+005  3.2160414517E+034
  4.3180015414E+005  3.2160411463E+034
  4.3350021556E+005  3.2160408271E+034
  4.3520021979E+005  3.2160404940E+034
  4.3690016819E+005  3.2160401474E+034
  4.3860021111E+005  3.2160397903E+034
  4.4030016816E+005  3.2160394237E+034
  4.4200016924E+005  3.2160390449E+034
  4.4370020236E+005  3.2160386522E+034
  4.4540025574E+005  3.2160382451E+034
  4.4710019047E+005  3.2160378236E+034
  4.4880018136E+005  3.2160373877E+034
  4.5050025082E+005  3.2160369373E+034
  4.5220026735E+005  3.2160364724E+034
  4.5390022660E+005  3.2160359931E+034
  4.5560026963E+005  3.2160354995E+034
  4.5730022936E+005  3.2160349915E+034
  4.5900022758E+005  3.2160344692E+034
  4.6070025254E+005  3.2160339327E+034
  4.6240030701E+005  3.2160333817E+034
  4.6410023830E+005  3.2160328167E+034
  4.6580022840E+005  3.2160322374E+034
  4.6750030254E+005  3.2160316441E+034
  4.6920015952E+005  3.2160310367E+034
  4.7090026948E+005  3.2160304151E+034
  4.7260015447E+005  3.2160297796E+034
  4.7430025340E+005  3.2160291301E+034
  4.7600024473E+005  3.2160284669E+034
  4.7770026072E+005  3.2160277899E+034
  4.7940030146E+005  3.2160270992E+034
  4.8110022880E+005  3.2160263950E+034
  4.8280020768E+005  3.2160256778E+034
  4.8450026831E+005  3.2160249490E+034
  4.8620026993E+005  3.2160242106E+034
  4.8790020828E+005  3.2160234636E+034
  4.8960023209E+005  3.2160227080E+034
  4.9130016248E+005  3.2160219438E+034
  4.9300028591E+005  3.2160211703E+034
  4.9470028450E+005  3.2160203875E+034
  4.9640030561E+005  3.2160195949E+034
  4.9810021339E+005  3.2160187924E+034
  4.9980017929E+005  3.2160179798E+034
  5.0150021834E+005  3.2160171570E+034
  5.0320019914E+005  3.2160163239E+034
  5.0490026850E+005  3.2160154806E+034
  5.0660026002E+005  3.2160146274E+034
  5.0830016556E+005  3.2160137643E+034
  5.1000026388E+005  3.2160128914E+034
  5.1170023494E+005  3.2160120093E+034
  5.1340023476E+005  3.2160111186E+034
  5.1510026776E+005  3.2160102191E+034
  5.1680020401E+005  3.2160093111E+034
  5.1850021556E+005  3.2160083949E+034
  5.2020016289E+005  3.2160074709E+034
  5.2190020161E+005  3.2160065396E+034
  5.2360015859E+005  3.2160056017E+034
  5.2530018121E+005  3.2160046589E+034
  5.2700024511E+005  3.2160037144E+034
  5.2870017960E+005  3.2160027708E+034
  5.3040030153E+005  3.2160018294E+034
  5.3210030302E+005  3.2160008905E+034
  5.3380020059E+005  3.2159999543E+034
  5.3550017619E+005  3.2159990208E+034
  5.3720023393E+005  3.2159980904E+034
  5.3890022652E+005  3.2159971636E+034
  5.4060029789E+005  3.2159962380E+034
  5.4230027550E+005  3.2159953132E+034
  5.4400029890E+005  3.2159943906E+034
  5.4570019368E+005  3.2159934714E+034
  5.4740027218E+005  3.2159925559E+034
  5.4910023121E+005  3.2159916454E+034
  5.5080023770E+005  3.2159907406E+034
  5.5250016578E+005  3.2159898426E+034
  5.5420017437E+005  3.2159889525E+034
  5.5590026828E+005  3.2159880717E+034
  5.5760028802E+005  3.2159872016E+034
  5.5930021117E+005  3.2159863437E+034
  5.6100018377E+005  3.2159854996E+034
  5.6270018739E+005  3.2159846715E+034
  5.6440021524E+005  3.2159838629E+034
  5.6610027931E+005  3.2159830777E+034
  5.6780023417E+005  3.2159823189E+034
  5.6950025659E+005  3.2159815886E+034
  5.7120020598E+005  3.2159808879E+034
  5.7290023934E+005  3.2159802179E+034
  5.7460019856E+005  3.2159795801E+034
  5.7630021691E+005  3.2159789761E+034
  5.7800028579E+005  3.2159784082E+034
  5.7970023302E+005  3.2159778786E+034
  5.8140020311E+005  3.2159773897E+034
  5.8310021056E+005  3.2159769444E+034
  5.8480025937E+005  3.2159765453E+034
  5.8650021495E+005  3.2159761955E+034
  5.8820025238E+005  3.2159758974E+034
  5.8990021450E+005  3.2159756539E+034
  5.9160025787E+005  3.2159754668E+034
  5.9330021030E+005  3.2159753784E+034
  5.9500021321E+005  3.2159753710E+034
  5.9670025082E+005  3.2159753675E+034
  5.9840015871E+005  3.2159753800E+034
  6.0010025551E+005  3.2159754166E+034
  6.0180023536E+005  3.2159754826E+034
  6.0350027412E+005  3.2159755774E+034
  6.0520023437E+005  3.2159756972E+034
  6.0690027102E+005  3.2159758378E+034
  6.0860023655E+005  3.2159759936E+034
  6.1030026725E+005  3.2159761573E+034
  6.1200019615E+005  3.2159763203E+034
  6.1370016435E+005  3.2159764726E+034
  6.1540015585E+005  3.2159766031E+034
  6.1710017834E+005  3.2159766998E+034
  6.1880023710E+005  3.2159767508E+034
  6.2050019702E+005  3.2159767444E+034
  6.2220022723E+005  3.2159766704E+034
  6.2390017913E+005  3.2159765201E+034
  6.2560021240E+005  3.2159762922E+034
  6.2730015616E+005  3.2159760691E+034
  6.2900015839E+005  3.2159758769E+034
  6.3070020211E+005  3.2159757128E+034
  6.3240027009E+005  3.2159755757E+034
  6.3410021492E+005  3.2159754647E+034
  6.3580019132E+005  3.2159753795E+034
  6.3750022001E+005  3.2159753198E+034
  6.3920015783E+005  3.2159752854E+034
  6.4090016997E+005  3.2159752763E+034
  6.4260026249E+005  3.2159752912E+034
  6.4430026694E+005  3.2159753273E+034
  6.4600017902E+005  3.2159753757E+034
  6.4770028871E+005  3.2159753829E+034
  6.4940027327E+005  3.2159748899E+034
  6.5110028803E+005  3.2159686466E+034
  6.5280017690E+005  3.2160723302E+034
  6.5450026755E+005  3.2106038261E+034
  6.5620026059E+005  3.2113582640E+034
  6.5790017214E+005  3.2121929749E+034
  6.5960016022E+005  3.2129144120E+034
  6.6130021754E+005  3.2135603903E+034
  6.6300018539E+005  3.2141352122E+034
  6.6470019649E+005  3.2146706197E+034
  6.6640024614E+005  3.2150411754E+034
  6.6810016904E+005  3.2155132282E+034
  6.6980027446E+005  3.2157917496E+034
  6.7150026828E+005  3.2160300224E+034
  6.7320015571E+005  3.2161434362E+034
  6.7490026660E+005  3.2162938185E+034
  6.7660029645E+005  3.2163048750E+034
  6.7830024325E+005  3.2163066057E+034
  6.8000025609E+005  3.2163080615E+034
  6.8170016553E+005  3.2163057504E+034
  6.8340027310E+005  3.2162913011E+034
  6.8510025134E+005  3.2162909278E+034
  6.8680026025E+005  3.2162919780E+034
  6.8850030201E+005  3.2162937437E+034
  6.9020023352E+005  3.2162947485E+034
  6.9190022948E+005  3.2162951132E+034
  6.9360029239E+005  3.2162956274E+034
  6.9530027736E+005  3.2162958897E+034
  6.9700017272E+005  3.2162964314E+034
  6.9870028206E+005  3.2162963234E+034
  7.0040028091E+005  3.2162962261E+034
  7.0210030876E+005  3.2162961345E+034
  7.0380021227E+005  3.2162960465E+034
  7.0550029652E+005  3.2162967725E+034
  7.0720027067E+005  3.2162967978E+034
  7.0890029845E+005  3.2162968037E+034
  7.1060023792E+005  3.2162967897E+034
  7.1230025150E+005  3.2162967571E+034
  7.1400017649E+005  3.2162967083E+034
  7.1570016469E+005  3.2162966467E+034
  7.1740019886E+005  3.2162965762E+034
  7.1910027143E+005  3.2162965008E+034
  7.2080021489E+005  3.2162964245E+034
  7.2250018825E+005  3.2162956852E+034
  7.2420019927E+005  3.2162957021E+034
  7.2590025459E+005  3.2162957116E+034
  7.2760021979E+005  3.2162957157E+034
  7.2930025030E+005  3.2162957166E+034
  7.3100019791E+005  3.2162957146E+034
  7.3270020891E+005  3.2162957099E+034
  7.3440027260E+005  3.2162957032E+034
  7.3610022489E+005  3.2162956953E+034
  7.3780020567E+005  3.2162956878E+034
  7.3950021795E+005  3.2162956826E+034
  7.4120025743E+005  3.2162956780E+034
  7.4290018571E+005  3.2162956709E+034
  7.4460016698E+005  3.2162956588E+034
  7.4630021124E+005  3.2162956400E+034
  7.4800017184E+005  3.2162956129E+034
  7.4970019759E+005  3.2162955758E+034
  7.5140028509E+005  3.2162955285E+034
  7.5310026165E+005  3.2162954733E+034
  7.5480027536E+005  3.2162954133E+034
  7.5650015834E+005  3.2162953514E+034
  7.5820022732E+005  3.2162952908E+034
  7.5990017740E+005  3.2162952350E+034
  7.6160017070E+005  3.2162939201E+034
  7.6330022677E+005  3.2162938288E+034
  7.6500019128E+005  3.2162936749E+034
  7.6670022828E+005  3.2162934761E+034
  7.6840016871E+005  3.2162932491E+034
  7.7010016214E+005  3.2162930091E+034
  7.7180019474E+005  3.2162927705E+034
  7.7350025796E+005  3.2162925468E+034
  7.7520019653E+005  3.2162923477E+034
  7.7690016223E+005  3.2162921659E+034
  7.7860017215E+005  3.2162919941E+034
  7.8030023004E+005  3.2162918262E+034
  7.8200019675E+005  3.2162916562E+034
  7.8370022964E+005  3.2162914786E+034
  7.8540017211E+005  3.2162912883E+034
  7.8710017181E+005  3.2162910811E+034
  7.8880021729E+005  3.2162908534E+034
  7.9050030103E+005  3.2162906044E+034
  7.9220025460E+005  3.2162903370E+034
  7.9390024019E+005  3.2162900539E+034
  7.9560025444E+005  3.2162897579E+034
  7.9730015996E+005  3.2162894514E+034
  7.9900027535E+005  3.2162891363E+034
  8.0070030150E+005  3.2162888146E+034
  8.0240023879E+005  3.2162884885E+034
  8.0410023490E+005  3.2162881604E+034
  8.0580028604E+005  3.2162878333E+034
  8.0750021894E+005  3.2162875111E+034
  8.0920018754E+005  3.2162872007E+034
  8.1090017872E+005  3.2162869066E+034
  8.1260020267E+005  3.2162866225E+034
  8.1430026383E+005  3.2162863503E+034
  8.1600021801E+005  3.2162860893E+034
  8.1770023153E+005  3.2162858373E+034
  8.1940030709E+005  3.2162855924E+034
  8.2110029285E+005  3.2162853539E+034
  8.2280017755E+005  3.2162851216E+034
  8.2450026831E+005  3.2162848952E+034
  8.2620023772E+005  3.2162846741E+034
  8.2790023926E+005  3.2162844580E+034
  8.2960026699E+005  3.2162842473E+034
  8.3130017138E+005  3.2162840428E+034
  8.3300026990E+005  3.2162838443E+034
  8.3470026437E+005  3.2162836512E+034
  8.3640016537E+005  3.2162834629E+034
  8.3810028398E+005  3.2162832789E+034
  8.3980015682E+005  3.2162830990E+034
  8.4150023348E+005  3.2162829227E+034
  8.4320020188E+005  3.2162827499E+034
  8.4490019951E+005  3.2162825808E+034
  8.4660022677E+005  3.2162824161E+034
  8.4830028070E+005  3.2162822552E+034
  8.5000021430E+005  3.2162820974E+034
  8.5170019214E+005  3.2162819424E+034
  8.5340022274E+005  3.2162817898E+034
  8.5510016248E+005  3.2162816394E+034
  8.5680015907E+005  3.2162814909E+034
  8.5850021705E+005  3.2162813441E+034
  8.6020016668E+005  3.2162811984E+034
  8.6190015938E+005  3.2162810532E+034
  8.6360018043E+005  3.2162809073E+034
  8.6530022910E+005  3.2162807588E+034
  8.6700030576E+005  3.2162806062E+034
  8.6870026412E+005  3.2162804499E+034
  8.7040026821E+005  3.2162802912E+034
  8.7210017130E+005  3.2162801311E+034
  8.7380029419E+005  3.2162799700E+034
  8.7550016509E+005  3.2162798079E+034
  8.7720024784E+005  3.2162796450E+034
  8.7890021776E+005  3.2162794818E+034
  8.8060022680E+005  3.2162793179E+034
  8.8230026131E+005  3.2162791531E+034
  8.8400017117E+005  3.2162789867E+034
  8.8570026406E+005  3.2162788185E+034
  8.8740024196E+005  3.2162786487E+034
  8.8910026786E+005  3.2162784779E+034
  8.9080019387E+005  3.2162783062E+034
  8.9250018094E+005  3.2162781336E+034
  8.9420022464E+005  3.2162779598E+034
  8.9590016801E+005  3.2162777845E+034
  8.9760030737E+005  3.2162776074E+034
  8.9930017387E+005  3.2162774289E+034
  9.0100021830E+005  3.2162772491E+034
  9.0270029273E+005  3.2162770685E+034
  9.0440024061E+005  3.2162768869E+034
  9.0610023074E+005  3.2162767045E+034
  9.0780026959E+005  3.2162765213E+034
  9.0950021188E+005  3.2162763372E+034
  9.1120021332E+005  3.2162761526E+034
  9.1290027077E+005  3.2162759676E+034
  9.1460022290E+005  3.2162757822E+034
  9.1630021237E+005  3.2162755967E+034
  9.1800023650E+005  3.2162754107E+034
  9.1970028651E+005  3.2162752241E+034
  9.2140021050E+005  3.2162750366E+034
  9.2310016443E+005  3.2162748479E+034
  9.2480016206E+005  3.2162746581E+034
  9.2650020720E+005  3.2162744672E+034
  9.2820015802E+005  3.2162742756E+034
  9.2990016437E+005  3.2162740833E+034
  9.3160022856E+005  3.2162738905E+034
  9.3330018285E+005  3.2162736972E+034
  9.3500017532E+005  3.2162735035E+034
  9.3670019553E+005  3.2162733093E+034
  9.3840024372E+005  3.2162731148E+034
  9.4010016471E+005  3.2162729198E+034
  9.4180027481E+005  3.2162727244E+034
  9.4350027396E+005  3.2162725286E+034
  9.4520016625E+005  3.2162723321E+034
  9.4690027366E+005  3.2162721347E+034
  9.4860027948E+005  3.2162719364E+034
  9.5030018556E+005  3.2162717369E+034
  9.5200028900E+005  3.2162715365E+034
  9.5370027758E+005  3.2162713355E+034
  9.5540029126E+005  3.2162711340E+034
  9.5710017847E+005  3.2162709324E+034
  9.5880024605E+005  3.2162707308E+034
  9.6050019487E+005  3.2162705292E+034
  9.6220018698E+005  3.2162703276E+034
  9.6390023230E+005  3.2162701258E+034
  9.6560017716E+005  3.2162699248E+034
  9.6730017827E+005  3.2162697245E+034
  9.6900023047E+005  3.2162695246E+034
  9.7070016870E+005  3.2162693252E+034
  9.7240029907E+005  3.2162691263E+034
  9.7410030121E+005  3.2162689277E+034
  9.7580017610E+005  3.2162687295E+034
  9.7750023322E+005  3.2162685316E+034
  9.7920017048E+005  3.2162683340E+034
  9.8090030513E+005  3.2162681366E+034
  9.8260018383E+005  3.2162679394E+034
  9.8430027122E+005  3.2162677423E+034
  9.8600026055E+005  3.2162675453E+034
  9.8770029706E+005  3.2162673483E+034
  9.8940022235E+005  3.2162671511E+034
  9.9110017764E+005  3.2162669537E+034
  9.9280016353E+005  3.2162667559E+034
  9.9450017238E+005  3.2162665574E+034
  9.9620021415E+005  3.2162663576E+034
  9.9790028862E+005  3.2162661557E+034
  9.9960025286E+005  3.2162659507E+034
  1.0013002670E+006  3.2162657414E+034
  1.0030001818E+006  3.2162655264E+034
  1.0047003050E+006  3.2162653046E+034
  1.0064001671E+006  3.2162650755E+034
  1.0081002253E+006  3.2162648397E+034
  1.0098001598E+006  3.2162645991E+034
  1.0115002778E+006  3.2162643559E+034
  1.0132002635E+006  3.2162641122E+034
  1.0149002799E+006  3.2162638689E+034
  1.0166001765E+006  3.2162636266E+034
  1.0183002745E+006  3.2162633854E+034
  1.0200002646E+006  3.2162631451E+034
  1.0217001557E+006  3.2162629053E+034
  1.0234002523E+006  3.2162626654E+034
  1.0251002441E+006  3.2162624248E+034
  1.0268002731E+006  3.2162621830E+034
  1.0285001819E+006  3.2162619396E+034
  1.0302002701E+006  3.2162616941E+034
  1.0319002302E+006  3.2162614464E+034
  1.0336002155E+006  3.2162611965E+034
  1.0353002403E+006  3.2162609443E+034
  1.0370003068E+006  3.2162606899E+034
  1.0387002702E+006  3.2162604332E+034
  1.0404002849E+006  3.2162601741E+034
  1.0421001976E+006  3.2162599126E+034
  1.0438003096E+006  3.2162596483E+034
  1.0455003083E+006  3.2162593812E+034
  1.0472001808E+006  3.2162591113E+034
  1.0489002383E+006  3.2162588389E+034
  1.0506001636E+006  3.2162585639E+034
  1.0523002737E+006  3.2162582864E+034
  1.0540002612E+006  3.2162580064E+034
  1.0557002945E+006  3.2162577239E+034
  1.0574002204E+006  3.2162574388E+034
  1.0591002012E+006  3.2162571513E+034
  1.0608002312E+006  3.2162568613E+034
  1.0625003074E+006  3.2162565690E+034
  1.0642002663E+006  3.2162562744E+034
  1.0659002577E+006  3.2162559774E+034
  1.0676002741E+006  3.2162556782E+034
  1.0693001630E+006  3.2162553766E+034
  1.0710002346E+006  3.2162550725E+034
  1.0727001834E+006  3.2162547661E+034
  1.0744001748E+006  3.2162544572E+034
  1.0761002161E+006  3.2162541457E+034
  1.0778003095E+006  3.2162538318E+034
  1.0795002975E+006  3.2162535154E+034
  1.0812001755E+006  3.2162531966E+034
  1.0829002469E+006  3.2162528753E+034
  1.0846001949E+006  3.2162525517E+034
  1.0863001685E+006  3.2162522257E+034
  1.0880001694E+006  3.2162518974E+034
  1.0897001969E+006  3.2162515670E+034
  1.0914002583E+006  3.2162512345E+034
  1.0931002031E+006  3.2162509000E+034
  1.0948001981E+006  3.2162505636E+034
  1.0965002425E+006  3.2162502255E+034
  1.0982001838E+006  3.2162498857E+034
  1.0999001684E+006  3.2162495443E+034
  1.1016001933E+006  3.2162492013E+034
  1.1033002481E+006  3.2162488569E+034
  1.1050001748E+006  3.2162485112E+034
  1.1067002812E+006  3.2162481639E+034
  1.1084002617E+006  3.2162478153E+034
  1.1101002724E+006  3.2162474652E+034
  1.1118001686E+006  3.2162471138E+034
  1.1135002649E+006  3.2162467608E+034
  1.1152002579E+006  3.2162464065E+034
  1.1169002996E+006  3.2162460508E+034
  1.1186002327E+006  3.2162456938E+034
  1.1203002030E+006  3.2162453355E+034
  1.1220002073E+006  3.2162449760E+034
  1.1237002353E+006  3.2162446153E+034
  1.1254002898E+006  3.2162442535E+034
  1.1271002153E+006  3.2162438908E+034
  1.1288001735E+006  3.2162435272E+034
  1.1305001676E+006  3.2162431628E+034
  1.1322002086E+006  3.2162427977E+034
  1.1339002974E+006  3.2162424320E+034
  1.1356002815E+006  3.2162420658E+034
  1.1373003110E+006  3.2162416989E+034
  1.1390002248E+006  3.2162413313E+034
  1.1407001699E+006  3.2162409630E+034
  1.1424002984E+006  3.2162405941E+034
  1.1441002942E+006  3.2162402245E+034
  1.1458001623E+006  3.2162398544E+034
  1.1475002159E+006  3.2162394835E+034
  1.1492003066E+006  3.2162391121E+034
  1.1509002842E+006  3.2162387400E+034
  1.1526003108E+006  3.2162383672E+034
  1.1543002302E+006  3.2162379938E+034
  1.1560001967E+006  3.2162376197E+034
  1.1577002025E+006  3.2162372448E+034
  1.1594002420E+006  3.2162368692E+034
  1.1611003082E+006  3.2162364928E+034
  1.1628002424E+006  3.2162361156E+034
  1.1645002029E+006  3.2162357375E+034
  1.1662001935E+006  3.2162353585E+034
  1.1679002182E+006  3.2162349785E+034
  1.1696002847E+006  3.2162345975E+034
  1.1713002432E+006  3.2162342155E+034
  1.1730002497E+006  3.2162338324E+034
  1.1747003031E+006  3.2162334481E+034
  1.1764002409E+006  3.2162330627E+034
  1.1781002136E+006  3.2162326761E+034
  1.1798002129E+006  3.2162322883E+034
  1.1815002376E+006  3.2162318991E+034
  1.1832002866E+006  3.2162315086E+034
  1.1849002092E+006  3.2162311168E+034
  1.1866001634E+006  3.2162307236E+034
  1.1883001595E+006  3.2162303289E+034
  1.1900001993E+006  3.2162299327E+034
  1.1917002892E+006  3.2162295350E+034
  1.1934002679E+006  3.2162291357E+034
  1.1951002903E+006  3.2162287348E+034
  1.1968001895E+006  3.2162283323E+034
  1.1985002758E+006  3.2162279280E+034
  1.2002002279E+006  3.2162275216E+034
  1.2019002075E+006  3.2162271131E+034
  1.2036002121E+006  3.2162267024E+034
  1.2053002502E+006  3.2162262895E+034
  1.2070001674E+006  3.2162258744E+034
  1.2087002882E+006  3.2162254569E+034
  1.2104002970E+006  3.2162250371E+034
  1.2121001996E+006  3.2162246150E+034
  1.2138002981E+006  3.2162241905E+034
  1.2155002793E+006  3.2162237635E+034
  1.2172002870E+006  3.2162233340E+034
  1.2189001669E+006  3.2162229020E+034
  1.2206002252E+006  3.2162224674E+034
  1.2223003120E+006  3.2162220301E+034
  1.2240002688E+006  3.2162215901E+034
  1.2257002644E+006  3.2162211473E+034
  1.2274003004E+006  3.2162207017E+034
  1.2291002283E+006  3.2162202533E+034
  1.2308002018E+006  3.2162198019E+034
  1.2325002201E+006  3.2162193472E+034
  1.2342002731E+006  3.2162188881E+034
  1.2359002028E+006  3.2162184242E+034
  1.2376001583E+006  3.2162179557E+034
  1.2393002947E+006  3.2162174826E+034
  1.2410002997E+006  3.2162170049E+034
  1.2427001758E+006  3.2162165228E+034
  1.2444002418E+006  3.2162160363E+034
  1.2461001923E+006  3.2162155455E+034
  1.2478001884E+006  3.2162150504E+034
  1.2495002298E+006  3.2162145512E+034
  1.2512001606E+006  3.2162140480E+034
  1.2529002835E+006  3.2162135409E+034
  1.2546002849E+006  3.2162130300E+034
  1.2563001565E+006  3.2162125155E+034
  1.2580002108E+006  3.2162119973E+034
  1.2597002863E+006  3.2162114758E+034
  1.2614002337E+006  3.2162109510E+034
  1.2631002107E+006  3.2162104231E+034
  1.2648002284E+006  3.2162098923E+034
  1.2665002871E+006  3.2162093587E+034
  1.2682002379E+006  3.2162088225E+034
  1.2699002306E+006  3.2162082838E+034
  1.2716002636E+006  3.2162077429E+034
  1.2733001745E+006  3.2162071999E+034
  1.2750002727E+006  3.2162066551E+034
  1.2767002375E+006  3.2162061085E+034
  1.2784002265E+006  3.2162055604E+034
  1.2801002395E+006  3.2162050110E+034
  1.2818002819E+006  3.2162044605E+034
  1.2835002050E+006  3.2162039091E+034
  1.2852001689E+006  3.2162033569E+034
  1.2869001780E+006  3.2162028042E+034
  1.2886002296E+006  3.2162022512E+034
  1.2903001672E+006  3.2162016982E+034
  1.2920002965E+006  3.2162011451E+034
  1.2937003031E+006  3.2162005924E+034
  1.2954001759E+006  3.2162000403E+034
  1.2971002299E+006  3.2161994888E+034
  1.2988003052E+006  3.2161989381E+034
  1.3005002543E+006  3.2161983886E+034
  1.3022002350E+006  3.2161978404E+034
  1.3039002568E+006  3.2161972936E+034
  1.3056001628E+006  3.2161967485E+034
  1.3073002700E+006  3.2161962051E+034
  1.3090002624E+006  3.2161956638E+034
  1.3107002950E+006  3.2161951246E+034
  1.3124002027E+006  3.2161945878E+034
  1.3141002928E+006  3.2161940534E+034
  1.3158002508E+006  3.2161935217E+034
  1.3175002305E+006  3.2161929928E+034
  1.3192002376E+006  3.2161924669E+034
  1.3209002749E+006  3.2161919440E+034
  1.3226001927E+006  3.2161914244E+034
  1.3243003050E+006  3.2161909081E+034
  1.3260003076E+006  3.2161903954E+034
  1.3277001945E+006  3.2161898863E+034
  1.3294002802E+006  3.2161893810E+034
  1.3311002414E+006  3.2161888796E+034
  1.3328002325E+006  3.2161883823E+034
  1.3345002464E+006  3.2161878892E+034
  1.3362002848E+006  3.2161874003E+034
  1.3379001899E+006  3.2161869159E+034
  1.3396002809E+006  3.2161864359E+034
  1.3413002469E+006  3.2161859590E+034
  1.3430002516E+006  3.2161854845E+034
  1.3447003005E+006  3.2161850124E+034
  1.3464002352E+006  3.2161845428E+034
  1.3481002115E+006  3.2161840757E+034
  1.3498002219E+006  3.2161836111E+034
  1.3515002649E+006  3.2161831490E+034
  1.3532001756E+006  3.2161826896E+034
  1.3549002683E+006  3.2161822327E+034
  1.3566002254E+006  3.2161817785E+034
  1.3583002098E+006  3.2161813268E+034
  1.3600002217E+006  3.2161808778E+034
  1.3617002731E+006  3.2161804315E+034
  1.3634002075E+006  3.2161799879E+034
  1.3651001850E+006  3.2161795469E+034
  1.3668002033E+006  3.2161791086E+034
  1.3685002593E+006  3.2161786730E+034
  1.3702001924E+006  3.2161782401E+034
  1.3719003098E+006  3.2161778099E+034
  1.3736002956E+006  3.2161773823E+034
  1.3753003011E+006  3.2161769575E+034
  1.3770001763E+006  3.2161765354E+034
  1.3787002335E+006  3.2161761159E+034
  1.3804001713E+006  3.2161756992E+034
  1.3821003007E+006  3.2161752850E+034
  1.3838001603E+006  3.2161748736E+034
  1.3855002162E+006  3.2161744648E+034
  1.3872001573E+006  3.2161740586E+034
  1.3889002887E+006  3.2161736550E+034
  1.3906002956E+006  3.2161732541E+034
  1.3923001693E+006  3.2161728557E+034
  1.3940002209E+006  3.2161724599E+034
  1.3957002975E+006  3.2161720667E+034
  1.3974002422E+006  3.2161716760E+034
  1.3991002184E+006  3.2161712878E+034
  1.4008002277E+006  3.2161709021E+034
  1.4025002786E+006  3.2161705189E+034
  1.4042002125E+006  3.2161701381E+034
  1.4059001901E+006  3.2161697598E+034
  1.4076002024E+006  3.2161693839E+034
  1.4093002482E+006  3.2161690103E+034
  1.4110001629E+006  3.2161686392E+034
  1.4127002588E+006  3.2161682703E+034
  1.4144002208E+006  3.2161679038E+034
  1.4161002056E+006  3.2161675395E+034
  1.4178002183E+006  3.2161671776E+034
  1.4195002615E+006  3.2161668178E+034
  1.4212001881E+006  3.2161664602E+034
  1.4229003100E+006  3.2161661048E+034
  1.4246001625E+006  3.2161657516E+034
  1.4263002063E+006  3.2161654004E+034
  1.4280002869E+006  3.2161650514E+034
  1.4297002396E+006  3.2161647044E+034
  1.4314002192E+006  3.2161643595E+034
  1.4331002195E+006  3.2161640165E+034
  1.4348002416E+006  3.2161636756E+034
  1.4365002892E+006  3.2161633366E+034
  1.4382002088E+006  3.2161629995E+034
  1.4399001652E+006  3.2161626644E+034
  1.4416001584E+006  3.2161623311E+034
  1.4433001928E+006  3.2161619996E+034
  1.4450002644E+006  3.2161616699E+034
  1.4467002202E+006  3.2161613420E+034
  1.4484002055E+006  3.2161610159E+034
  1.4501002194E+006  3.2161606914E+034
  1.4518002551E+006  3.2161603687E+034
  1.4535003123E+006  3.2161600476E+034
  1.4552002375E+006  3.2161597282E+034
  1.4569001885E+006  3.2161594104E+034
  1.4586001712E+006  3.2161590941E+034
  1.4603001880E+006  3.2161587794E+034
  1.4620002461E+006  3.2161584662E+034
  1.4637001863E+006  3.2161581545E+034
  1.4654001674E+006  3.2161578443E+034
  1.4671001798E+006  3.2161575354E+034
  1.4688002235E+006  3.2161572280E+034
  1.4705002913E+006  3.2161569219E+034
  1.4722002254E+006  3.2161566171E+034
  1.4739001825E+006  3.2161563137E+034
  1.4756001613E+006  3.2161560115E+034
  1.4773001687E+006  3.2161557106E+034
  1.4790002083E+006  3.2161554108E+034
  1.4807002878E+006  3.2161551122E+034
