 0001  0.7855458017392702E+022
 0002  0.7565539015082597E+022
 0003  0.7268023714675522E+022
 0004  0.6969378885301768E+022
 0005  0.6693310929773282E+022
 0006  0.6408647279958702E+022
 0007  0.6123331937428532E+022
 0008  0.5868720653872911E+022
 0009  0.5597013015174847E+022
 0010  0.5308579085879462E+022
 0011  0.5023368393286076E+022
 0012  0.4737759584888967E+022
 0013  0.4471662060960925E+022
 0014  0.4229663199741518E+022
 0015  0.3981616969479734E+022
 0016  0.3744312213802075E+022
 0017  0.3490187925397095E+022
 0018  0.3253356261699792E+022
 0019  0.3035776279457962E+022
 0020  0.2816002550074637E+022
 0021  0.2621514117001233E+022
 0022  0.2414236066819936E+022
 0023  0.2206369136098364E+022
 0024  0.2022658292552487E+022
 0025  0.1821422544458496E+022
 0026  0.1658878733037815E+022
 0027  0.1490106216786292E+022
 0028  0.1335884717862182E+022
 0029  0.1175176446897209E+022
 0030  0.1043746492570984E+022
 0031  0.9082269584175000E+021
 0032  0.7867641123814335E+021
 0033  0.6699734211703996E+021
 0034  0.5671307089421723E+021
 0035  0.4639765472585617E+021
 0036  0.3814474535028683E+021
 0037  0.3021911499221236E+021
 0038  0.2392291000832482E+021
 0039  0.1822454698819720E+021
 0040  0.1338942056950149E+021
 0041  0.9596723088020586E+020
 0042  0.6915775128299494E+020
 0043  0.4946537633196150E+020
 0044  0.3523876346235046E+020
 0045  0.2473250288297423E+020
 0046  0.1757298013442552E+020
 0047  0.1244276447361959E+020
 0048  0.8825571227690732E+019
 0049  0.6366004560409814E+019
 0050  0.4643488048149063E+019
 0051  0.3396622149919510E+019
 0052  0.2463528014920670E+019
 0053  0.1809004549646423E+019
 0054  0.1377117548298634E+019
 0055  0.1012938127466150E+019
 0056  0.7751330380492122E+018
 0057  0.5846823067348893E+018
 0058  0.4468558495058922E+018
 0059  0.3399751649891259E+018
 0060  0.2624116773453722E+018
 0061  0.2023105738215738E+018
 0062  0.1568419708015065E+018
 0063  0.1198530274012088E+018
 0064  0.9332448245170762E+017
 0065  0.7316232071533530E+017
 0066  0.5599088195607860E+017
 0067  0.4360697537376685E+017
 0068  0.3376535840326296E+017
 0069  0.2594050626641608E+017
 0070  0.1994273391285407E+017
 0071  0.1537209886489244E+017
 0072  0.1162465368861731E+017
 0073  0.8843754996001663E+016
 0074  0.6672965890409052E+016
 0075  0.4937286885824329E+016
 0076  0.3607904523783970E+016
 0077  0.2633669194703346E+016
 0078  0.1876817564880223E+016
 0079  0.1288965825779950E+016
 0080  0.8880316278683319E+015
 0081  0.5883158577196399E+015
 0082  0.3701323892573989E+015
 0083  0.2203182518463012E+015
 0084  0.1218035397813045E+015
 0085  0.6050306182152534E+014
 0086  0.2387084055066294E+014
 0087  0.6273660611354006E+013
 0088  0.5125358947937993E+012
 0089  0.7443084375221231E+010
 0090  0.1117048232873414E+010
 0091  0.4133879329461288E+009
 0092  0.2205628356693495E+009
 0093  0.1391942779130535E+009
 0094  0.9834376893571135E+008
 0095  0.7408205805999601E+008
 0096  0.5814544627426012E+008
 0097  0.4748486604954200E+008
 0098  0.3972130900051171E+008
 0099  0.3382018821314706E+008
 0100  0.2928081843187311E+008
 0101  0.2575282745138594E+008
 0102  0.2294219067665112E+008
 0103  0.2067212562920257E+008
 0104  0.1876765062143906E+008
 0105  0.1725107828214014E+008
 0106  0.1589227700927663E+008
 0107  0.1471115897555475E+008
 0108  0.1366989107326742E+008
 0109  0.1275472894645388E+008
 0110  0.1196558286192486E+008
 0111  0.1125734647605175E+008
 0112  0.1061012583604673E+008
 0113  0.1002937691528516E+008
 0114  0.9503530605819630E+007
 0115  0.9013358393288948E+007
 0116  0.8609608683429254E+007
 0117  0.8202066581036295E+007
 0118  0.7823381150464460E+007
 0119  0.7474864557689011E+007
 0120  0.7152433858992524E+007
 0121  0.6854535095487855E+007
 0122  0.6574583910449272E+007
 0123  0.6316505456244324E+007
 0124  0.6076031600429997E+007
 0125  0.5848077666282524E+007
 0126  0.5635642676798977E+007
 0127  0.5436867662614169E+007
 0128  0.5247023091908239E+007
 0129  0.5061663608061251E+007
 0130  0.4891486923888388E+007
 0131  0.4729007529454306E+007
 0132  0.4572600452513507E+007
 0133  0.4427913588117535E+007
 0134  0.4286531997946337E+007
 0135  0.4154816949571169E+007
 0136  0.4030343338253515E+007
 0137  0.3911255885400367E+007
 0138  0.3796670779798010E+007
 0139  0.3685632718580676E+007
 0140  0.3576978293249632E+007
 0141  0.3477706154923642E+007
 0142  0.3380900526718328E+007
 0143  0.3286128638129504E+007
 0144  0.3198440954914055E+007
 0145  0.3112956671081443E+007
 0146  0.3030452678301185E+007
 0147  0.2951733269209725E+007
 0148  0.2875716938193091E+007
 0149  0.2801255881804032E+007
 0150  0.2730452047877606E+007
 0151  0.2663399988266293E+007
 0152  0.2597661015005926E+007
 0153  0.2533311151310238E+007
 0154  0.2472652131614811E+007
 0155  0.2413770005984004E+007
 0156  0.2355383052200652E+007
 0157  0.2299977243418495E+007
 0158  0.2247655862978687E+007
 0159  0.2196324771957256E+007
 0160  0.2145966661152523E+007
 0161  0.2097700387496651E+007
 0162  0.2050759929397762E+007
 0163  0.2005016449988527E+007
 0164  0.1959785861647367E+007
 0165  0.1917510048945320E+007
 0166  0.1876298514091637E+007
 0167  0.1835849674589800E+007
 0168  0.1796152889421239E+007
 0169  0.1758843002362372E+007
 0170  0.1722632239701734E+007
 0171  0.1686875613224529E+007
 0172  0.1651769007135840E+007
 0173  0.1618062544655063E+007
 0174  0.1585290598214938E+007
 0175  0.1553106452459180E+007
 0176  0.1521499689487249E+007
 0177  0.1491075621310666E+007
 0178  0.1461885903158224E+007
 0179  0.1433211692805006E+007
 0180  0.1405043857923230E+007
 0181  0.1377373428690392E+007
 0182  0.1351014976126678E+007
 0183  0.1325189794786506E+007
 0184  0.1299882482602678E+007
 0185  0.1274942042741935E+007
 0186  0.1250710471222281E+007
 0187  0.1227540120801037E+007
 0188  0.1204767628479794E+007
 0189  0.1182385435971503E+007
 0190  0.1160431492114471E+007
 0191  0.1139136092764298E+007
 0192  0.1118524865117803E+007
 0193  0.1098263086910992E+007
 0194  0.1078344667548027E+007
 0195  0.1058763625246268E+007
 0196  0.1039857696908920E+007
 0197  0.1021461856691505E+007
 0198  0.1003374304261755E+007
 0199  0.9855896936761561E+006
 0200  0.9681029716379064E+006
 0201  0.9511910996872187E+006
 0202  0.9347845773536696E+006
 0203  0.9186495307935909E+006
 0204  0.9027814242942920E+006
 0205  0.8871755035940878E+006
 0206  0.8719544195871751E+006
 0207  0.8573092038954924E+006
 0208  0.8428865555133381E+006
 0209  0.8286989166169928E+006
 0210  0.8147422793050156E+006
 0211  0.8010127931511677E+006
 0212  0.7878434319604659E+006
 0213  0.7749091002473774E+006
 0214  0.7621830961696802E+006
 0215  0.7496618168001056E+006
 0216  0.7373504117827617E+006
 0217  0.7253168618188072E+006
 0218  0.7136452648426410E+006
 0219  0.7021593067932664E+006
 0220  0.6908559101827514E+006
 0221  0.6797384471379975E+006
 0222  0.6687903877612650E+006
 0223  0.6581454303757413E+006
 0224  0.6477360855504366E+006
 0225  0.6374903971625621E+006
 0226  0.6274105832300284E+006
 0227  0.6174836835932883E+006
 0228  0.6077124374845144E+006
 0229  0.5983233227075243E+006
 0230  0.5891296447719021E+006
 0231  0.5800738609920695E+006
 0232  0.5711578387959187E+006
 0233  0.5623792711628337E+006
 0234  0.5537390429335824E+006
 0235  0.5453020113125989E+006
 0236  0.5370121378094900E+006
 0237  0.5288487800621073E+006
 0238  0.5208123965400399E+006
 0239  0.5128957034867938E+006
 0240  0.5050994287705828E+006
 0241  0.4975238688433797E+006
 0242  0.4901111056512242E+006
 0243  0.4828072915365841E+006
 0244  0.4756128286143792E+006
 0245  0.4685276854506191E+006
 0246  0.4615465227990863E+006
 0247  0.4547558086662822E+006
 0248  0.4481880876081917E+006
 0249  0.4417177384333956E+006
 0250  0.4353402844383048E+006
 0251  0.4290557405602289E+006
 0252  0.4228638399841464E+006
 0253  0.4167606146396328E+006
 0254  0.4107361573216705E+006
 0255  0.4047985472843364E+006
 0256  0.3989453988383297E+006
 0257  0.3931764676833182E+006
 0258  0.3874904229173505E+006
 0259  0.3818868135307630E+006
 0260  0.3764296836876223E+006
 0261  0.3711704667231670E+006
 0262  0.3659854115327470E+006
 0263  0.3608718441707445E+006
 0264  0.3558294430921580E+006
 0265  0.3508577525965943E+006
 0266  0.3459543596675956E+006
 0267  0.3411445813264505E+006
 0268  0.3364219017645300E+006
 0269  0.3317631556030510E+006
 0270  0.3271684637048602E+006
 0271  0.3226358225988507E+006
 0272  0.3181648193831131E+006
 0273  0.3137549595837775E+006
 0274  0.3094741275732496E+006
 0275  0.3052887707100369E+006
 0276  0.3011593868124899E+006
 0277  0.2970843621101582E+006
 0278  0.2930636455724799E+006
 0279  0.2890957265144891E+006
 0280  0.2851801919712088E+006
 0281  0.2813441792641960E+006
 0282  0.2775819050855113E+006
 0283  0.2738688164383427E+006
 0284  0.2702036392067216E+006
 0285  0.2665859753154240E+006
 0286  0.2630153920951668E+006
 0287  0.2594907158383506E+006
 0288  0.2560332155232746E+006
 0289  0.2526673394384783E+006
 0290  0.2493446455594654E+006
 0291  0.2460641122745726E+006
 0292  0.2428253633851866E+006
 0293  0.2396279996248551E+006
 0294  0.2364710758220889E+006
 0295  0.2333543883307401E+006
 0296  0.2303113715719102E+006
 0297  0.2273119385058183E+006
 0298  0.2243501281326258E+006
 0299  0.2214257278073313E+006
 0300  0.2185379456978583E+006
 0301  0.2156865622157655E+006
 0302  0.2128708261899746E+006
 0303  0.2101131509103040E+006
 0304  0.2074386532932093E+006
 0305  0.2047975933362660E+006
 0306  0.2021893071794467E+006
 0307  0.1996135779331084E+006
 0308  0.1970697739270339E+006
 0309  0.1945576764379900E+006
 0310  0.1920767727255229E+006
 0311  0.1896326471404652E+006
 0312  0.1872243824968432E+006
 0313  0.1848460317015396E+006
 0314  0.1824973722933903E+006
 0315  0.1801778723858849E+006
 0316  0.1778873105469840E+006
 0317  0.1756252455524566E+006
 0318  0.1733912559773974E+006
 0319  0.1711976537792006E+006
 0320  0.1690389494229252E+006
 0321  0.1669072375482672E+006
 0322  0.1648023007839384E+006
 0323  0.1627236990512453E+006
 0324  0.1606712177198845E+006
 0325  0.1586444832288819E+006
 0326  0.1566431827923634E+006
 0327  0.1546682321653003E+006
 0328  0.1527192013148937E+006
 0329  0.1507949946239780E+006
 0330  0.1488952790777675E+006
 0331  0.1470198467639107E+006
 0332  0.1451683700242158E+006
 0333  0.1433405669994050E+006
 0334  0.1415361255248015E+006
 0335  0.1397544853274538E+006
 0336  0.1379956903231675E+006
 0337  0.1362599585369031E+006
 0338  0.1345470017790782E+006
 0339  0.1328566230364744E+006
 0340  0.1311885367837971E+006
 0341  0.1295424902152134E+006
 0342  0.1279182322376154E+006
 0343  0.1263194361052913E+006
 0344  0.1247514041738253E+006
 0345  0.1232046840889805E+006
 0346  0.1216790190820784E+006
 0347  0.1201741768429418E+006
 0348  0.1186899249019322E+006
 0349  0.1172260304944338E+006
 0350  0.1157822604400870E+006
 0351  0.1143583810709845E+006
 0352  0.1129199965849080E+006
 0353  0.1114971262683352E+006
 0354  0.1100948930584651E+006
 0355  0.1087130612097215E+006
 0356  0.1073513918055809E+006
 0357  0.1060096428025442E+006
 0358  0.1046875691156722E+006
 0359  0.1033849227416411E+006
 0360  0.1021020182832741E+006
 0361  0.1008390431582088E+006
 0362  0.9959543753693470E+005
 0363  0.9837092110433090E+005
 0364  0.9716524353432457E+005
 0365  0.9597813793959359E+005
 0366  0.9480933319330578E+005
 0367  0.9365856356980163E+005
 0368  0.9252512190495394E+005
 0369  0.9138778162831496E+005
 0370  0.9026886183518378E+005
 0371  0.8916803330861940E+005
 0372  0.8808498710753911E+005
 0373  0.8701940908220490E+005
 0374  0.8597096041278139E+005
 0375  0.8493932896389836E+005
 0376  0.8392417415582555E+005
 0377  0.8291547056237517E+005
 0378  0.8191301852764070E+005
 0379  0.8092700788124966E+005
 0380  0.7995706908418315E+005
 0381  0.7900285137288040E+005
 0382  0.7806398668636756E+005
 0383  0.7714013236470947E+005
 0384  0.7623093669119001E+005
 0385  0.7533605999567188E+005
 0386  0.7445460501325210E+005
 0387  0.7358704897444090E+005
 0388  0.7273306433418552E+005
 0389  0.7189232516543803E+005
 0390  0.7106451605292273E+005
 0391  0.7024933232838449E+005
 0392  0.6944648017304431E+005
 0393  0.6865567660189541E+005
 0394  0.6787020293890500E+005
 0395  0.6708362984679526E+005
 0396  0.6630884250314794E+005
 0397  0.6554557744615374E+005
 0398  0.6479358210557954E+005
 0399  0.6405260768802074E+005
 0400  0.6332242511841966E+005
 0401  0.6260280620772173E+005
 0402  0.6189354049944003E+005
 0403  0.6118473379063542E+005
 0404  0.6048347068592133E+005
 0405  0.5979225138740319E+005
 0406  0.5911088090764124E+005
 0407  0.5843917351255315E+005
 0408  0.5777695175924362E+005
 0409  0.5712404030149383E+005
 0410  0.5648027411855407E+005
 0411  0.5584544388555783E+005
 0412  0.5521916665730068E+005
 0413  0.5460159017135790E+005
 0414  0.5399256466191135E+005
 0415  0.5339194591636736E+005
 0416  0.5279959377385554E+005
 0417  0.5221537269894018E+005
 0418  0.5163914891081875E+005
 0419  0.5107079218061385E+005
 0420  0.5049893552838187E+005
 0421  0.4992085752814225E+005
 0422  0.4935077775070649E+005
 0423  0.4878856860383090E+005
 0424  0.4823410348180265E+005
 0425  0.4768725964195305E+005
 0426  0.4714791590890953E+005
 0427  0.4661595415625793E+005
 0428  0.4609125900930732E+005
 0429  0.4557922104048307E+005
 0430  0.4507417929116740E+005
 0431  0.4457596332728382E+005
 0432  0.4408446825504125E+005
 0433  0.4359959088247044E+005
 0434  0.4312123075865561E+005
 0435  0.4264928806678286E+005
 0436  0.4218366522312313E+005
 0437  0.4172224682661296E+005
 0438  0.4126130589485851E+005
 0439  0.4080654880195363E+005
 0440  0.4035788140489157E+005
 0441  0.3991521114407082E+005
 0442  0.3947844498847224E+005
 0443  0.3904749446824710E+005
 0444  0.3862227149535752E+005
 0445  0.3820268866588105E+005
 0446  0.3778995698511224E+005
 0447  0.3738363762621398E+005
 0448  0.3698266431362186E+005
 0449  0.3658695564414113E+005
 0450  0.3619643122773136E+005
 0451  0.3581101165667883E+005
 0452  0.3543061847702796E+005
 0453  0.3505517416190734E+005
 0454  0.3468460208634969E+005
 0455  0.3431172847474927E+005
 0456  0.3393933659313778E+005
 0457  0.3357180098312782E+005
 0458  0.3320904659311551E+005
 0459  0.3285099927828230E+005
 0460  0.3249758578020085E+005
 0461  0.3214873370630662E+005
 0462  0.3180437150927675E+005
 0463  0.3146442846642989E+005
 0464  0.3112743682450164E+005
 0465  0.3079431811133258E+005
 0466  0.3046543500638399E+005
 0467  0.3014072264990501E+005
 0468  0.2982011700411218E+005
 0469  0.2950355483999289E+005
 0470  0.2919097372515604E+005
 0471  0.2888231201287641E+005
 0472  0.2857750883247549E+005
 0473  0.2826899623464368E+005
 0474  0.2796083690757545E+005
 0475  0.2765653725877650E+005
 0476  0.2735603811563866E+005
 0477  0.2705928112188522E+005
 0478  0.2676620873560009E+005
 0479  0.2647676422884512E+005
 0480  0.2619089168890710E+005
 0481  0.2590853602120153E+005
 0482  0.2562837392033551E+005
 0483  0.2535130195590304E+005
 0484  0.2507760845626528E+005
 0485  0.2480724288514052E+005
 0486  0.2454015553963525E+005
 0487  0.2427629755571599E+005
 0488  0.2401562091444579E+005
 0489  0.2375807844886679E+005
 0490  0.2350362385140157E+005
 0491  0.2325326651926905E+005
 0492  0.2300629987044149E+005
 0493  0.2276226387890600E+005
 0494  0.2252111660897538E+005
 0495  0.2228281698209296E+005
 0496  0.2204732478082641E+005
 0497  0.2181460065211769E+005
 0498  0.2158460610960149E+005
 0499  0.2135730353480619E+005
 0500  0.2113266395924155E+005
 0501  0.2091064948679255E+005
 0502  0.2069121499065697E+005
 0503  0.2047432594216484E+005
 0504  0.2025994874469715E+005
 0505  0.2004805072641342E+005
 0506  0.1983860013013604E+005
 0507  0.1963156610028039E+005
 0508  0.1942691866676128E+005
 0509  0.1922381408885357E+005
 0510  0.1901084973902065E+005
 0511  0.1880036401074209E+005
 0512  0.1859232851308702E+005
 0513  0.1838671605689361E+005
 0514  0.1818350059645369E+005
 0515  0.1798265716383122E+005
 0516  0.1778416179654399E+005
 0517  0.1758799145947287E+005
 0518  0.1739278931541277E+005
 0519  0.1718565526102931E+005
 0520  0.1698096967706193E+005
 0521  0.1677871640726709E+005
 0522  0.1657888016123810E+005
 0523  0.1638144626966592E+005
 0524  0.1618640044098144E+005
 0525  0.1599372852396795E+005
 0526  0.1580341628056563E+005
 0527  0.1561182141196105E+005
 0528  0.1542091041714428E+005
 0529  0.1523232217689615E+005
 0530  0.1504604741973359E+005
 0531  0.1486207481928247E+005
 0532  0.1468039072702905E+005
 0533  0.1450097896063947E+005
 0534  0.1432382064748314E+005
 0535  0.1414802854848495E+005
 0536  0.1397299183158886E+005
 0537  0.1380014079014045E+005
 0538  0.1362944429506068E+005
 0539  0.1346086764477368E+005
 0540  0.1329437268843380E+005
 0541  0.1312991798836028E+005
 0542  0.1296745901533292E+005
 0543  0.1280601525826987E+005
 0544  0.1264270433775928E+005
 0545  0.1248135290828700E+005
 0546  0.1232190557452668E+005
 0547  0.1216430525508452E+005
 0548  0.1200849347019049E+005
 0549  0.1185441063401826E+005
 0550  0.1170199635029209E+005
 0551  0.1155357839662152E+005
 0552  0.1141516597041711E+005
 0553  0.1127824353090786E+005
 0554  0.1114276952308573E+005
 0555  0.1100870305557143E+005
 0556  0.1087600401493833E+005
 0557  0.1074463317723282E+005
 0558  0.1061455231664263E+005
 0559  0.1048572431121795E+005
 0560  0.1035569049326038E+005
 0561  0.1022606040783200E+005
 0562  0.1009775042778706E+005
 0563  0.9970731368079481E+004
 0564  0.9844975335812564E+004
 0565  0.9720455772974645E+004
 0566  0.9597147495045292E+004
 0567  0.9475026725218464E+004
 0568  0.9352448982427381E+004
 0569  0.9229417644413330E+004
 0570  0.9107665783050759E+004
 0571  0.8987175241643947E+004
 0572  0.8867929043652164E+004
 0573  0.8749911382558043E+004
 0574  0.8633107607803704E+004
 0575  0.8517504206772568E+004
 0576  0.8407277299682721E+004
 0577  0.8300988272210539E+004
 0578  0.8195819528626138E+004
 0579  0.8091761361114704E+004
 0580  0.7988804705305469E+004
 0581  0.7886941111579436E+004
 0582  0.7786162715076289E+004
 0583  0.7686462204527960E+004
 0584  0.7587034330753738E+004
 0585  0.7485593534859877E+004
 0586  0.7385300436676654E+004
 0587  0.7286148339772513E+004
 0588  0.7188130911373300E+004
 0589  0.7091242147945693E+004
 0590  0.6995476340862908E+004
 0591  0.6900828042307293E+004
 0592  0.6809103102051354E+004
 0593  0.6723688213810833E+004
 0594  0.6639273274060438E+004
 0595  0.6555852570964599E+004
 0596  0.6473420462634830E+004
 0597  0.6391971359116556E+004
 0598  0.6311499705205013E+004
 0599  0.6231999964128651E+004
 0600  0.6153466602133778E+004
 0601  0.6070548481129917E+004
 0602  0.5987273727364991E+004
 0603  0.5905061581299007E+004
 0604  0.5823907111459905E+004
 0605  0.5743805285797200E+004
 0606  0.5664750954538139E+004
 0607  0.5586738834623246E+004
 0608  0.5509763495724602E+004
 0609  0.5426722986069319E+004
 0610  0.5344101140183685E+004
 0611  0.5262652046854221E+004
 0612  0.5182370737632064E+004
 0613  0.5103251913688087E+004
 0614  0.5025289933093600E+004
 0615  0.4948478800746005E+004
 0616  0.4877251290547603E+004
 0617  0.4808584048672202E+004
 0618  0.4740915665987268E+004
 0619  0.4674239078435255E+004
 0620  0.4608546959783453E+004
 0621  0.4543831725267019E+004
 0622  0.4480085536401113E+004
 0623  0.4415802806654150E+004
 0624  0.4344862489629177E+004
 0625  0.4275089238466951E+004
 0626  0.4206474941434296E+004
 0627  0.4139010946093056E+004
 0628  0.4072688074457819E+004
 0629  0.4007496640253602E+004
 0630  0.3936428933906157E+004
 0631  0.3859540747644948E+004
 0632  0.3784187271961037E+004
 0633  0.3710357724231129E+004
 0634  0.3638039940855388E+004
 0635  0.3567220438166696E+004
 0636  0.3513707261952556E+004
 0637  0.3462997855485532E+004
 0638  0.3413198087528881E+004
 0639  0.3364297070886811E+004
 0640  0.3316283610566396E+004
 0641  0.3269146230675553E+004
 0642  0.3222873201023158E+004
 0643  0.3161514220152684E+004
 0644  0.3088518332218427E+004
 0645  0.3017478346255440E+004
 0646  0.2948366848445980E+004
 0647  0.2881153755678205E+004
 0648  0.2832155476206786E+004
 0649  0.2785588268055096E+004
 0650  0.2740115237596160E+004
 0651  0.2695716935487822E+004
 0652  0.2652373375035801E+004
 0653  0.2610064115492489E+004
 0654  0.2562298300963750E+004
 0655  0.2509607393999178E+004
 0656  0.2458566430427859E+004
 0657  0.2409134850974447E+004
 0658  0.2361270567498020E+004
 0659  0.2314815871886718E+004
 0660  0.2269812386797590E+004
 0661  0.2226379034070178E+004
 0662  0.2184465198331519E+004
 0663  0.2144019410862830E+004
 0664  0.2100440653871311E+004
 0665  0.2044039442863362E+004
 0666  0.1990759580073535E+004
 0667  0.1940414078048042E+004
 0668  0.1892259583458261E+004
 0669  0.1846791182954612E+004
 0670  0.1804207419702174E+004
 0671  0.1764245407373270E+004
 0672  0.1727180490240324E+004
 0673  0.1692786579642043E+004
 0674  0.1660656364088157E+004
 0675  0.1628915888753636E+004
 0676  0.1581540390613000E+004
 0677  0.1538020440964315E+004
 0678  0.1502679927208136E+004
 0679  0.1464204562067446E+004
 0680  0.1423013890356518E+004
 0681  0.1379461817114089E+004
 0682  0.1329189135769793E+004
 0683  0.1279568881983722E+004
 0684  0.1227695695304903E+004
 0685  0.1177271600642376E+004
 0686  0.1152238556068023E+004
 0687  0.1127919784265104E+004
 0688  0.1104046073998161E+004
 0689  0.1080609754159423E+004
 0690  0.1042104570125554E+004
 0691  0.9988202012246331E+003
 0692  0.9577142942335774E+003
 0693  0.9185569170032026E+003
 0694  0.8809753550703368E+003
 0695  0.8454564541739637E+003
 0696  0.8109970107937959E+003
 0697  0.7787458968829345E+003
 0698  0.7473710728298295E+003
 0699  0.7173581429239160E+003
 0700  0.6883040011290739E+003
 0701  0.6601960455267612E+003
 0702  0.6330528317887224E+003
 0703  0.5466379559603874E+003
 0704  0.5231940143718361E+003
 0705  0.5002428831793425E+003
 0706  0.4784319687413408E+003
 0707  0.4574811897267508E+003
 0708  0.4392632342694803E+003
 0709  0.4386911928273116E+003
 0710  0.4381237654064943E+003
 0711  0.4375609130994958E+003
 0712  0.4370025973513527E+003
 0713  0.4364487799561364E+003
 0714  0.4358994230534506E+003
 0715  0.4353544891249856E+003
 0716  0.4348139409911010E+003
 0717  0.4342777418074443E+003
 0718  0.4337458550616136E+003
 0719  0.4332182445698572E+003
 0720  0.4326948744738042E+003
 0721  0.4321757092372380E+003
 0722  0.4316607136429014E+003
 0723  0.4311498527893415E+003
 0724  0.4306430920877823E+003
 0725  0.4301403972590470E+003
 0726  0.4296417343304917E+003
 0727  0.4291470696329942E+003
 0728  0.4286563697979628E+003
 0729  0.4281061431627744E+003
 0730  0.4275110229905242E+003
 0731  0.4269206764516765E+003
 0732  0.4263350636769195E+003
 0733  0.4257541451529044E+003
 0734  0.4251778817187475E+003
 0735  0.4246062345625650E+003
 0736  0.4240391652180577E+003
 0737  0.4234766355611103E+003
 0738  0.4229186078064654E+003
 0739  0.4223650445043969E+003
 0740  0.4218159085374389E+003
 0741  0.4212711631171543E+003
 0742  0.4207307717809175E+003
 0743  0.4201946983887599E+003
 0744  0.4196629071202206E+003
 0745  0.4191353624712685E+003
 0746  0.4186120292512192E+003
 0747  0.4180928725797046E+003
 0748  0.4175778578836667E+003
 0749  0.4170669508944164E+003
 0750  0.4165601176446652E+003
 0751  0.4160573244656428E+003
 0752  0.4155585379842192E+003
 0753  0.4150328389576562E+003
 0754  0.4139757733423638E+003
 0755  0.4129271657388388E+003
 0756  0.4118869458119426E+003
 0757  0.4108550438502179E+003
 0758  0.4098313907598146E+003
 0759  0.4088159180584977E+003
 0760  0.4078085578696751E+003
 0761  0.4068092429165586E+003
 0762  0.4058179065163187E+003
 0763  0.4048344825743320E+003
 0764  0.4038589055785159E+003
 0765  0.4028911105936820E+003
 0766  0.4019310332559841E+003
 0767  0.4009786097673917E+003
 0768  0.4000337768902678E+003
 0769  0.3990964719419512E+003
 0770  0.3981666327894652E+003
 0771  0.3972441978442081E+003
 0772  0.3963291060567519E+003
 0773  0.3954212969116815E+003
 0774  0.3945207104224980E+003
 0775  0.3936272871265592E+003
 0776  0.3927409680800760E+003
 0777  0.3918616948531815E+003
 0778  0.3909894095250416E+003
 0779  0.3901240546790032E+003
 0780  0.3892655733978166E+003
 0781  0.3884139092589086E+003
 0782  0.3875690063296691E+003
 0783  0.3855103561091839E+003
 0784  0.3834211236794963E+003
 0785  0.3813485714066013E+003
 0786  0.3792925611162769E+003
 0787  0.3772529558520104E+003
 0788  0.3752296198632613E+003
 0789  0.3732224185938088E+003
 0790  0.3712312186702986E+003
 0791  0.3692558878907967E+003
 0792  0.3672962952135516E+003
 0793  0.3653523107458578E+003
 0794  0.3634238057330184E+003
 0795  0.3615106525474601E+003
 0796  0.3596127246779355E+003
 0797  0.3577298967188530E+003
 0798  0.3558620443597134E+003
 0799  0.3540090443746745E+003
 0800  0.3521707746122177E+003
 0801  0.3503471139849526E+003
 0802  0.3485379424594138E+003
 0803  0.3467431410461666E+003
 0804  0.3449625917898604E+003
 0805  0.3431961777593931E+003
 0806  0.3414437830382719E+003
 0807  0.3397052927150173E+003
 0808  0.3379805928736326E+003
 0809  0.3362695705842874E+003
 0810  0.3345721138939571E+003
 0811  0.3328881118172974E+003
 0812  0.3312174543274605E+003
 0813  0.3295600323472100E+003
 0814  0.3279157377399129E+003
 0815  0.3249895071791554E+003
 0816  0.3216912152320546E+003
 0817  0.3184193214860317E+003
 0818  0.3151736063135307E+003
 0819  0.3119538520361139E+003
 0820  0.3087598429051953E+003
 0821  0.3055913650834219E+003
 0822  0.3024482066261488E+003
 0823  0.2993301574628176E+003
 0824  0.2962370093788834E+003
 0825  0.2931685559979678E+003
 0826  0.2901245927638586E+003
 0827  0.2871049169229736E+003
 0828  0.2841093275069946E+003
 0829  0.2811376253155885E+003
 0830  0.2781896128994078E+003
 0831  0.2752650945432604E+003
 0832  0.2723638762493165E+003
 0833  0.2694857657207639E+003
 0834  0.2666305723454538E+003
 0835  0.2637981071797109E+003
 0836  0.2609881829323896E+003
 0837  0.2582006139490699E+003
 0838  0.2554352161965205E+003
 0839  0.2526918072471222E+003
 0840  0.2499702062636439E+003
 0841  0.2472702339840193E+003
 0842  0.2445917127064949E+003
 0843  0.2419344662747763E+003
 0844  0.2392983200633257E+003
 0845  0.2365868594031888E+003
 0846  0.2326549952207031E+003
 0847  0.2287549146246782E+003
 0848  0.2248863485948834E+003
 0849  0.2210490305628306E+003
 0850  0.2172426963868706E+003
 0851  0.2134670843278278E+003
 0852  0.2097219350248091E+003
 0853  0.2060069914712833E+003
 0854  0.2023219989913628E+003
 0855  0.1986667052164165E+003
 0856  0.1950408600620752E+003
 0857  0.1914442157052681E+003
 0858  0.1878765265617140E+003
 0859  0.1843375492633720E+003
 0860  0.1808270426365376E+003
 0861  0.1773447676799604E+003
 0862  0.1738904875432088E+003
 0863  0.1704639675052489E+003
 0864  0.1670649749534611E+003
 0865  0.1636932793625719E+003
 0866  0.1603486522741510E+003
 0867  0.1570308672761160E+003
 0868  0.1537396999824068E+003
 0869  0.1504749280133154E+003
 0870  0.1470070635432814E+003
 0871  0.1432395370873355E+003
 0872  0.1395030647938341E+003
 0873  0.1357973751662464E+003
 0874  0.1321221993015674E+003
 0875  0.1284772708626606E+003
 0876  0.1248623260507206E+003
 0877  0.1212771035784975E+003
 0878  0.1177213446432529E+003
 0879  0.1141947929005466E+003
 0880  0.1106971944381283E+003
 0881  0.1072282977500452E+003
 0882  0.1037878537113791E+003
 0883  0.1003756155527381E+003
 0884  0.9699133883571230E+002
 0885  0.9363478142811478E+002
 0886  0.9030570347961292E+002
 0887  0.8700386739800925E+002
 0888  0.8373204844474188E+002
 0889  0.8048836070462640E+002
 0890  0.7727228608625532E+002
 0891  0.7408357075999884E+002
 0892  0.7092196348682651E+002
 0893  0.6778721558843333E+002
 0894  0.6467908091803370E+002
 0895  0.6159731583144305E+002
 0896  0.5854167915836776E+002
 0897  0.5551193217434849E+002
 0898  0.5250783857275275E+002
 0899  0.4957554820285853E+002
 0900  0.4684714238314588E+002
 0901  0.4414314234098996E+002
 0902  0.4146330755855868E+002
 0903  0.3880740017795630E+002
 0904  0.3617518496854670E+002
 0905  0.3356642929433222E+002
 0906  0.3098090308196485E+002
 0907  0.2855271734627723E+002
 0908  0.2627877727246169E+002
 0909  0.2402661262243217E+002
 0910  0.2179599006968957E+002
 0911  0.1958667909003896E+002
 0912  0.1749597841649392E+002
 0913  0.1557732131016630E+002
 0914  0.1367875670401963E+002
 0915  0.1180004832952181E+002
 0916  0.1013221891828432E+002
 0917  0.8499584361938252E+001
 0918  0.6977951710209401E+001
 0919  0.5559116480076087E+001
 0920  0.4278543559829169E+001
 0921  0.3115274578466297E+001
 0922  0.2087588112297060E+001
 0923  0.1238056455003272E+001
 0924  0.5874796411065701E+000
 0925  0.1659700817399054E+000
 0926  0.1387152745471528E-004
 0927  0.2459052256158562E-005
 0928  0.9837017500343501E-006
 0929  0.5289369883741935E-006
 0930  0.3300857812557407E-006
 0931  0.2260949931866151E-006
 0932  0.1646526816020125E-006
 0933  0.1253675096286859E-006
 0934  0.9873257210142479E-007
 0935  0.8002545384789710E-007
 0936  0.6619144180527438E-007
 0937  0.5577616395686574E-007
 0938  0.4774333257389009E-007
 0939  0.4135819635148446E-007
 0940  0.3615120951619726E-007
 0941  0.3188893924569232E-007
 0942  0.2845352603706093E-007
 0943  0.2545407516544583E-007
 0944  0.2302040674930238E-007
 0945  0.2085839778484140E-007
 0946  0.1906559811587511E-007
 0947  0.1743488453107185E-007
 0948  0.1608793434196102E-007
 0949  0.1482998529573892E-007
 0950  0.1377802993758124E-007
 0951  0.1281999798091294E-007
 0952  0.1193740559675272E-007
 0953  0.1120156995836635E-007
 0954  0.1050552786321863E-007
 0955  0.9862510019839986E-008
 0956  0.9321094422902540E-008
 0957  0.8806168980155081E-008
 0958  0.8316573718596057E-008
 0959  0.7900811867880461E-008
 0960  0.7514117508684918E-008
 0961  0.7144590737186982E-008
 0962  0.6793128865970050E-008
 0963  0.6499766980752994E-008
 0964  0.6218146908738724E-008
 0965  0.5947829124709889E-008
 0966  0.5688389675520857E-008
 0967  0.5463674177251535E-008
 0968  0.5255560889000553E-008
 0969  0.5054974825694806E-008
 0970  0.4861655271947659E-008
 0971  0.4675350237569955E-008
 0972  0.4515843238909748E-008
 0973  0.4365222778037904E-008
 0974  0.4219511472362533E-008
 0975  0.4078552202642503E-008
 0976  0.3942192808486174E-008
 0977  0.3814259251832336E-008
 0978  0.3703247284742637E-008
 0979  0.3595498195156090E-008
 0980  0.3490915380817398E-008
 0981  0.3389405115099674E-008
 0982  0.3290876461044279E-008
 0983  0.3195241187989754E-008
 0984  0.3111912227274392E-008
 0985  0.3033573305445910E-008
 0986  0.2957305479235229E-008
 0987  0.2883052124639411E-008
 0988  0.2810758204166351E-008
 0989  0.2740370221548454E-008
 0990  0.2671836177781301E-008
 0991  0.2607474901164319E-008
 0992  0.2550979294436297E-008
 0993  0.2495828647684203E-008
 0994  0.2441988983208452E-008
 0995  0.2389427219073142E-008
 0996  0.2338111144721597E-008
 0997  0.2288009397280138E-008
 0998  0.2239091438523373E-008
 0999  0.2191327532466728E-008
 1000  0.0000000000000000E+000
