 0001  0.2124722939773218E+000
 0002  0.2115168901748230E+000
 0003  0.2115168901748230E+000
 0004  0.2115168901748230E+000
 0005  0.2105707938709351E+000
 0006  0.2105707938709351E+000
 0007  0.2105707938709351E+000
 0008  0.2095021970901732E+000
 0009  0.2095021970901732E+000
 0010  0.2084584151462129E+000
 0011  0.2084584151462129E+000
 0012  0.2072918528173934E+000
 0013  0.2072918528173935E+000
 0014  0.2072918528173935E+000
 0015  0.2059743718628596E+000
 0016  0.2059743718628596E+000
 0017  0.2046874853060111E+000
 0018  0.2046874853060111E+000
 0019  0.2032702450856474E+000
 0020  0.2032702450856474E+000
 0021  0.2017164253157474E+000
 0022  0.2017164253157474E+000
 0023  0.2017164253157474E+000
 0024  0.2001658013832699E+000
 0025  0.2001658013832699E+000
 0026  0.1984565531121850E+000
 0027  0.1984565531121850E+000
 0028  0.1965831927813422E+000
 0029  0.1965831927813422E+000
 0030  0.1947533354178649E+000
 0031  0.1928075893122748E+000
 0032  0.1928075893122748E+000
 0033  0.1906919343851891E+000
 0034  0.1906919343851891E+000
 0035  0.1886254089639088E+000
 0036  0.1886254089639088E+000
 0037  0.1863629765650398E+000
 0038  0.1863629765650398E+000
 0039  0.1839000577817641E+000
 0040  0.1815698347087117E+000
 0041  0.1815698347087117E+000
 0042  0.1790385672636807E+000
 0043  0.1790385672636806E+000
 0044  0.1762991005457383E+000
 0045  0.1734486304289418E+000
 0046  0.1734486304289418E+000
 0047  0.1706643536153908E+000
 0048  0.1706643536153907E+000
 0049  0.1676380184370947E+000
 0050  0.1644949759888580E+000
 0051  0.1644949759888580E+000
 0052  0.1614249209263385E+000
 0053  0.1582435159855115E+000
 0054  0.1582435159855115E+000
 0055  0.1548145452951848E+000
 0056  0.1512994134416743E+000
 0057  0.1512994134416743E+000
 0058  0.1478659095930869E+000
 0059  0.1443250713677323E+000
 0060  0.1443250713677323E+000
 0061  0.1405093403327970E+000
 0062  0.1366530224769555E+000
 0063  0.1366530224769555E+000
 0064  0.1328862556098223E+000
 0065  0.1290522473439932E+000
 0066  0.1251670576095784E+000
 0067  0.1251670576095784E+000
 0068  0.1210129262301854E+000
 0069  0.1168578665100888E+000
 0070  0.1168578665100888E+000
 0071  0.1127992951293838E+000
 0072  0.1087166043811418E+000
 0073  0.1046543077552249E+000
 0074  0.1046543077552249E+000
 0075  0.1003378381673425E+000
 0076  0.9609743451644606E-001
 0077  0.9225782451154169E-001
 0078  0.9225782451154171E-001
 0079  0.8813430373810492E-001
 0080  0.8408216440263862E-001
 0081  0.8011748944530361E-001
 0082  0.7626002773314955E-001
 0083  0.7626002773314955E-001
 0084  0.7219849280471372E-001
 0085  0.6858738033708102E-001
 0086  0.6507780417432901E-001
 0087  0.6168674622506916E-001
 0088  0.6168674622506913E-001
 0089  0.5810385374126143E-001
 0090  0.5470061468712103E-001
 0091  0.5147893157163153E-001
 0092  0.4849950573101153E-001
 0093  0.4575446150032954E-001
 0094  0.4575446150032954E-001
 0095  0.4292306456550687E-001
 0096  0.4032573788773078E-001
 0097  0.3793205818743958E-001
 0098  0.3560797249010663E-001
 0099  0.3347775306999363E-001
 0100  0.3151586081293322E-001
 0101  0.2970672746421026E-001
 0102  0.2803830030944758E-001
 0103  0.2649954543536001E-001
 0104  0.2507853168854984E-001
 0105  0.2269491892268697E-001
 0106  0.2169123339771071E-001
 0107  0.2075231595852284E-001
 0108  0.1987480729109699E-001
 0109  0.1905541100159750E-001
 0110  0.1829091122901618E-001
 0111  0.1755306499039784E-001
 0112  0.1687140827811446E-001
 0113  0.1624158869362514E-001
 0114  0.1565960586363746E-001
 0115  0.1512178071625672E-001
 0116  0.1462438116832767E-001
 0117  0.1416442384429739E-001
 0118  0.1373913634779878E-001
 0119  0.1302008677416999E-001
 0120  0.1271524800342747E-001
 0121  0.1243021750533146E-001
 0122  0.1216383578854848E-001
 0123  0.1191499655957644E-001
 0124  0.1167634982903606E-001
 0125  0.1145489036272885E-001
 0126  0.1124927443979635E-001
 0127  0.1105837373408604E-001
 0128  0.1088113980204966E-001
 0129  0.1071659847140639E-001
 0130  0.1056384461979310E-001
 0131  0.1042203731669923E-001
 0132  0.1029039530377342E-001
 0133  0.1006546876146119E-001
 0134  0.9969177814780484E-002
 0135  0.9876883060684807E-002
 0136  0.9790769591995874E-002
 0137  0.9710423625577946E-002
 0138  0.9635459067258092E-002
 0139  0.9565515659375629E-002
 0140  0.9500257252262879E-002
 0141  0.9439370088745390E-002
 0142  0.9382561440725107E-002
 0143  0.9329558196055217E-002
 0144  0.9280092722883456E-002
 0145  0.9193114045126643E-002
 0146  0.9155659035207944E-002
 0147  0.9120536283806992E-002
 0148  0.9087600582423106E-002
 0149  0.9056715768895702E-002
 0150  0.9027754162724820E-002
 0151  0.9000590784667866E-002
 0152  0.8975114871433317E-002
 0153  0.8951222382433902E-002
 0154  0.8928449832483030E-002
 0155  0.8888833227635562E-002
 0156  0.8871579128150363E-002
 0157  0.8855327210529061E-002
 0158  0.8840016969567033E-002
 0159  0.8825594182688102E-002
 0160  0.8812007714861427E-002
 0161  0.8799209345981948E-002
 0162  0.8786981191792493E-002
 0163  0.8775487864005529E-002
 0164  0.8764684260833501E-002
 0165  0.8745693258343764E-002
 0166  0.8737338204217461E-002
 0167  0.8729435952940911E-002
 0168  0.8721962089003854E-002
 0169  0.8714893498653594E-002
 0170  0.8708122365509966E-002
 0171  0.8701729618664498E-002
 0172  0.8695693783175702E-002
 0173  0.8689994620107633E-002
 0174  0.8679888437052348E-002
 0175  0.8675404062002966E-002
 0176  0.8671147386147292E-002
 0177  0.8667060264095873E-002
 0178  0.8663186802005084E-002
 0179  0.8659515669337717E-002
 0180  0.8656036145181465E-002
 0181  0.8652738084241187E-002
 0182  0.8649611655251242E-002
 0183  0.8643996305326564E-002
 0184  0.8641474751613124E-002
 0185  0.8639076708681115E-002
 0186  0.8636795906141007E-002
 0187  0.8634626552074713E-002
 0188  0.8632563143084032E-002
 0189  0.8630600450152808E-002
 0190  0.8628715524464696E-002
 0191  0.8625328823375609E-002
 0192  0.8623806579699937E-002
 0193  0.8622354305865030E-002
 0194  0.8620968754309769E-002
 0195  0.8619646763292060E-002
 0196  0.8618374130863813E-002
 0197  0.8617161049147726E-002
 0198  0.8614967623692328E-002
 0199  0.8613975512375045E-002
 0200  0.8613026378827935E-002
 0201  0.8612110845096454E-002
 0202  0.8611235712866013E-002
 0203  0.8610399133154931E-002
 0204  0.8609599377225925E-002
 0205  0.8608145002883521E-002
 0206  0.8607478356327860E-002
 0207  0.8606839496076378E-002
 0208  0.8606227244466604E-002
 0209  0.8605640474490613E-002
 0210  0.8605078089827918E-002
 0211  0.8604535174045398E-002
 0212  0.8603543801616178E-002
 0213  0.8603091029093577E-002
 0214  0.8602656091847865E-002
 0215  0.8602238277002882E-002
 0216  0.8601834164597831E-002
 0217  0.8601446175546824E-002
 0218  0.8600734338009376E-002
 0219  0.8600407707095139E-002
 0220  0.8600091262903129E-002
 0221  0.8599786807880587E-002
 0222  0.8599493871892728E-002
 0223  0.8599212010305184E-002
 0224  0.8598691152128617E-002
 0225  0.8598450501352222E-002
 0226  0.8598218513409195E-002
 0227  0.8597994866214690E-002
 0228  0.8597778018053798E-002
 0229  0.8597377189928139E-002
 0230  0.8597191905949002E-002
 0231  0.8597012971627190E-002
 0232  0.8596839218036044E-002
 0233  0.8596671480806064E-002
 0234  0.8596509546772459E-002
 0235  0.8596208378613506E-002
 0236  0.8596068335729604E-002
 0237  0.8595932917820416E-002
 0238  0.8595801968807062E-002
 0239  0.8595674708383343E-002
 0240  0.8595437959526418E-002
 0241  0.8595327822682420E-002
 0242  0.8595220652008063E-002
 0243  0.8595116891598214E-002
 0244  0.8595016430237915E-002
 0245  0.8594828544948944E-002
 0246  0.8594740690602422E-002
 0247  0.8594655510244719E-002
 0248  0.8594572560837116E-002
 0249  0.8594417395503566E-002
 0250  0.8594344817337292E-002
 0251  0.8594274059622618E-002
 0252  0.8594205380745552E-002
 0253  0.8594138718056381E-002
 0254  0.8594013196089307E-002
 0255  0.8593954348429030E-002
 0256  0.8593897158497871E-002
 0257  0.8593841362143816E-002
 0258  0.8593736487280649E-002
 0259  0.8593687013758455E-002
 0260  0.8593638888726794E-002
 0261  0.8593592074147328E-002
 0262  0.8593503568523156E-002
 0263  0.8593461889600021E-002
 0264  0.8593421160912882E-002
 0265  0.8593381505627566E-002
 0266  0.8593306534726787E-002
 0267  0.8593271098118060E-002
 0268  0.8593236560369583E-002
 0269  0.8593202788181861E-002
 0270  0.8593138832586842E-002
 0271  0.8593108551960122E-002
 0272  0.8593079015480169E-002
 0273  0.8593022893723426E-002
 0274  0.8592996316683133E-002
 0275  0.8592970292485434E-002
 0276  0.8592944888216981E-002
 0277  0.8592896549647018E-002
 0278  0.8592873558020339E-002
 0279  0.8592851097736451E-002
 0280  0.8592808360383236E-002
 0281  0.8592788029110291E-002
 0282  0.8592768099391721E-002
 0283  0.8592748616420835E-002
 0284  0.8592711446680461E-002
 0285  0.8592693763986173E-002
 0286  0.8592676421087424E-002
 0287  0.8592643332666362E-002
 0288  0.8592627549604596E-002
 0289  0.8592612062214615E-002
 0290  0.8592582477357461E-002
 0291  0.8592568348040943E-002
 0292  0.8592554476716342E-002
 0293  0.8592527947549467E-002
 0294  0.8592515262610005E-002
 0295  0.8592502803451939E-002
 0296  0.8592478948028809E-002
 0297  0.8592467528609876E-002
 0298  0.8592456307328147E-002
 0299  0.8592434777677044E-002
 0300  0.8592424451267365E-002
 0301  0.8592404637741739E-002
 0302  0.8592395133223964E-002
 0303  0.8592385785706449E-002
 0304  0.8592367816404016E-002
 0305  0.8592359180889068E-002
 0306  0.8592350685468793E-002
 0307  0.8592334354939111E-002
 0308  0.8592326506742080E-002
 0309  0.8592311380438570E-002
 0310  0.8592304104396788E-002
 0311  0.8592290069627204E-002
 0312  0.8592283302339031E-002
 0313  0.8592276647837745E-002
 0314  0.8592263803359120E-002
 0315  0.8592257605787633E-002
 0316  0.8592245652288813E-002
 0317  0.8592239880239768E-002
 0318  0.8592228731219760E-002
 0319  0.8592223347609139E-002
 0320  0.8592218040508699E-002
 0321  0.8592207776303259E-002
 0322  0.8592202813731827E-002
 0323  0.8592193221732212E-002
 0324  0.8592188580947187E-002
 0325  0.8592179594088452E-002
 0326  0.8592175243564346E-002
 0327  0.8592166814052976E-002
 0328  0.8592162731024059E-002
 0329  0.8592154815487283E-002
 0330  0.8592150979326139E-002
 0331  0.8592143538458575E-002
 0332  0.8592139930423992E-002
 0333  0.8592132928432217E-002
 0334  0.8592129531440737E-002
 0335  0.8592122929772818E-002
 0336  0.8592119725558707E-002
 0337  0.8592113501381872E-002
 0338  0.8592107550668983E-002
 0339  0.8592104659594004E-002
 0340  0.8592099036240411E-002
 0341  0.8592096301913306E-002
 0342  0.8592090979380356E-002
 0343  0.8592088391284810E-002
 0344  0.8592083351509608E-002
 0345  0.8592078521085143E-002
 0346  0.8592076168752866E-002
 0347  0.8592071584759340E-002
 0348  0.8592067184827116E-002
 0349  0.8592065040012621E-002
 0350  0.8592060858752722E-002
 0351  0.8592058819901461E-002
 0352  0.8592054841825018E-002
 0353  0.8592051016713769E-002
 0354  0.8592049150392318E-002
 0355  0.8592045506749179E-002
 0356  0.8592041998378871E-002
 0357  0.8592038619478494E-002
 0358  0.8592036969074792E-002
 0359  0.8592033742393181E-002
 0360  0.8592030631681406E-002
 0361  0.8592027630485969E-002
 0362  0.8592026162987480E-002
 0363  0.8592023291571046E-002
 0364  0.8592020518632467E-002
 0365  0.8592017839890258E-002
 0366  0.8592016528749347E-002
 0367  0.8592013961203196E-002
 0368  0.8592011478385508E-002
 0369  0.8592009076612128E-002
 0370  0.8592006752211792E-002
 0371  0.8592004501616086E-002
 0372  0.8592003398486477E-002
 0373  0.8592001235419604E-002
 0374  0.8591999139457357E-002
 0375  0.8591997107858842E-002
 0376  0.8591995137787951E-002
 0377  0.8591993226745356E-002
 0378  0.8591991372294912E-002
 0379  0.8591989572177937E-002
 0380  0.8591987824304167E-002
 0381  0.8591986129070143E-002
 0382  0.8591984484982917E-002
 0383  0.8591982889944377E-002
 0384  0.8591981341964891E-002
 0385  0.8591979839156228E-002
 0386  0.8591978379725786E-002
 0387  0.8591976961970406E-002
 0388  0.8591975584271333E-002
 0389  0.8591974245089241E-002
 0390  0.8591972312155222E-002
 0391  0.8591971071735975E-002
 0392  0.8591969864601536E-002
 0393  0.8591968689536718E-002
 0394  0.8591967545382382E-002
 0395  0.8591965890316354E-002
 0396  0.8591964825926482E-002
 0397  0.8591963788476363E-002
 0398  0.8591962777038454E-002
 0399  0.8591961311555025E-002
 0400  0.8591960367573658E-002
 0401  0.8591958998585112E-002
 0402  0.8591958115973471E-002
 0403  0.8591957254134015E-002
 0404  0.8591956002851057E-002
 0405  0.8591955195227048E-002
 0406  0.8591954021721590E-002
 0407  0.8591953263703923E-002
 0408  0.8591952161444578E-002
 0409  0.8591951101707298E-002
 0410  0.8591950416343261E-002
 0411  0.8591949418558556E-002
 0412  0.8591948457889237E-002
 0413  0.8591947532454545E-002
 0414  0.8591946933025611E-002
 0415  0.8591946059048020E-002
 0416  0.8591945216050105E-002
 0417  0.8591944402541067E-002
 0418  0.8591943617122354E-002
 0419  0.8591942858480313E-002
 0420  0.8591942125379875E-002
 0421  0.8591941416659272E-002
 0422  0.8591940731224167E-002
 0423  0.8591940068043345E-002
 0424  0.8591939218284585E-002
 0425  0.8591938605563797E-002
 0426  0.8591938011955623E-002
 0427  0.8591937250183104E-002
 0428  0.8591936700090804E-002
 0429  0.8591935993455535E-002
 0430  0.8591935316947706E-002
 0431  0.8591934827681258E-002
 0432  0.8591934198260274E-002
 0433  0.8591933594678115E-002
 0434  0.8591933015540426E-002
 0435  0.8591932459549107E-002
 0436  0.8591931925494132E-002
 0437  0.8591931287842599E-002
 0438  0.8591930800329946E-002
 0439  0.8591930217503185E-002
 0440  0.8591929771356217E-002
 0441  0.8591929237354929E-002
 0442  0.8591928728738077E-002
 0443  0.8591928243969602E-002
 0444  0.8591927781631118E-002
 0445  0.8591927255077569E-002
 0446  0.8591926838377607E-002
 0447  0.8591926363120094E-002
 0448  0.8591925913564471E-002
 0449  0.8591925487991925E-002
 0450  0.8591925020053666E-002
 0451  0.8591924580969960E-002
 0452  0.8591924168581462E-002
 0453  0.8591923727735193E-002
 0454  0.8591923366631449E-002
 0455  0.8591922933646471E-002
 0456  0.8591922533393423E-002
 0457  0.8591922162973617E-002
 0458  0.8591921783421328E-002
 0459  0.8591921401521213E-002
 0460  0.8591921023417716E-002
 0461  0.8591920654485852E-002
 0462  0.8591920299257856E-002
 0463  0.8591919940403418E-002
 0464  0.8591919589023476E-002
 0465  0.8591919254263138E-002
 0466  0.8591918917535491E-002
 0467  0.8591918588017097E-002
 0468  0.8591918256388369E-002
 0469  0.8591917988378672E-002
 0470  0.8591917988378672E-002
 0471  0.8591917988378672E-002
 0472  0.8591917988378672E-002
 0473  0.8591917988378672E-002
 0474  0.8591917988378672E-002
 0475  0.8591917988378672E-002
 0476  0.8591917988378672E-002
 0477  0.8591917988378672E-002
 0478  0.8591917988378672E-002
 0479  0.8591917988378672E-002
 0480  0.8591917988378672E-002
 0481  0.8591917988378672E-002
 0482  0.8591917988378672E-002
 0483  0.8591917988378672E-002
 0484  0.8591917988378672E-002
 0485  0.8591917988378672E-002
 0486  0.8591917988378672E-002
 0487  0.8591917988378672E-002
 0488  0.8591917988378672E-002
 0489  0.8591917988378672E-002
 0490  0.8591917988378672E-002
 0491  0.8591917988378672E-002
 0492  0.8591917988378672E-002
 0493  0.8591917988378672E-002
 0494  0.8591917988378672E-002
 0495  0.8591917988378672E-002
 0496  0.8591917988378672E-002
 0497  0.8591917988378672E-002
 0498  0.8591917988378672E-002
 0499  0.8591917988378672E-002
 0500  0.8591917988378672E-002
 0501  0.8591917988378672E-002
 0502  0.8591917988378672E-002
 0503  0.8591917988378672E-002
 0504  0.8591917988378672E-002
 0505  0.8591917988378672E-002
 0506  0.8591917988378672E-002
 0507  0.8591917988378672E-002
 0508  0.8591917988378672E-002
 0509  0.8591917988378672E-002
 0510  0.8591917988378672E-002
 0511  0.8591917988378672E-002
 0512  0.8591917988378672E-002
 0513  0.8591917988378672E-002
 0514  0.8591917988378672E-002
 0515  0.8591917988378672E-002
 0516  0.8591917988378672E-002
 0517  0.8591917988378672E-002
 0518  0.8591917988378672E-002
 0519  0.8591917988378672E-002
 0520  0.8591917988378672E-002
 0521  0.8591917988378672E-002
 0522  0.8591917988378672E-002
 0523  0.8591917988378672E-002
 0524  0.8591917988378672E-002
 0525  0.8591917988378672E-002
 0526  0.8591917988378672E-002
 0527  0.8591917988378672E-002
 0528  0.8591917988378672E-002
 0529  0.8591917988378672E-002
 0530  0.8591917988378672E-002
 0531  0.8591917988378672E-002
 0532  0.8591917988378672E-002
 0533  0.8591917988378672E-002
 0534  0.8591917988378672E-002
 0535  0.8591917988378672E-002
 0536  0.8591917988378672E-002
 0537  0.8591917988378672E-002
 0538  0.8591917988378672E-002
 0539  0.8591917988378672E-002
 0540  0.8591917988378672E-002
 0541  0.8591917988378672E-002
 0542  0.8591917988378672E-002
 0543  0.8591917988378672E-002
 0544  0.8591917988378672E-002
 0545  0.8591917988378672E-002
 0546  0.8591917988378672E-002
 0547  0.8591917988378672E-002
 0548  0.8591917988378672E-002
 0549  0.8591917988378672E-002
 0550  0.8591917988378672E-002
 0551  0.8591917988378672E-002
 0552  0.8591917988378672E-002
 0553  0.8591917988378672E-002
 0554  0.8591917988378672E-002
 0555  0.8591917988378672E-002
 0556  0.8591917988378672E-002
 0557  0.8591917988378672E-002
 0558  0.8591917988378672E-002
 0559  0.8591917988378672E-002
 0560  0.8591917988378672E-002
 0561  0.8591917988378672E-002
 0562  0.8591917988378672E-002
 0563  0.8591917988378672E-002
 0564  0.8591917988378672E-002
 0565  0.8591917988378672E-002
 0566  0.8591917988378672E-002
 0567  0.8591917988378672E-002
 0568  0.8591917988378672E-002
 0569  0.8591917988378672E-002
 0570  0.8591917988378672E-002
 0571  0.8591917988378672E-002
 0572  0.8591917988378672E-002
 0573  0.8591917988378672E-002
 0574  0.8591917988378672E-002
 0575  0.8591917988378672E-002
 0576  0.8591917988378672E-002
 0577  0.8591917988378672E-002
 0578  0.8591917988378672E-002
 0579  0.8591917988378672E-002
 0580  0.8591917988378672E-002
 0581  0.8591917988378672E-002
 0582  0.8591917988378672E-002
 0583  0.8591917988378672E-002
 0584  0.8591917988378672E-002
 0585  0.8591917988378672E-002
 0586  0.8591917988378672E-002
 0587  0.8591917988378672E-002
 0588  0.8591917988378672E-002
 0589  0.8591917988378672E-002
 0590  0.8591917988378672E-002
 0591  0.8591917988378672E-002
 0592  0.8591917988378672E-002
 0593  0.8591917988378672E-002
 0594  0.8591917988378672E-002
 0595  0.8591917988378672E-002
 0596  0.8591917988378672E-002
 0597  0.8591917988378672E-002
 0598  0.8591917988378672E-002
 0599  0.8591917988378672E-002
 0600  0.8591917988378672E-002
 0601  0.8591917988378672E-002
 0602  0.8591917988378672E-002
 0603  0.8591917988378672E-002
 0604  0.8591917988378672E-002
 0605  0.8591917988378672E-002
 0606  0.8591917988378672E-002
 0607  0.8591917988378672E-002
 0608  0.8591917988378672E-002
 0609  0.8591917988378672E-002
 0610  0.8591917988378672E-002
 0611  0.8591917988378672E-002
 0612  0.8591917988378672E-002
 0613  0.8591917988378672E-002
 0614  0.8591917988378672E-002
 0615  0.8591917988378672E-002
 0616  0.8591917988378672E-002
 0617  0.8591917988378672E-002
 0618  0.8591917988378672E-002
 0619  0.8591917988378672E-002
 0620  0.8591917988378672E-002
 0621  0.8591917988378672E-002
 0622  0.8591917988378672E-002
 0623  0.8591917988378672E-002
 0624  0.8591917988378672E-002
 0625  0.8591917988378672E-002
 0626  0.8591917988378672E-002
 0627  0.8591917988378672E-002
 0628  0.8591917988378672E-002
 0629  0.8591917988378672E-002
 0630  0.8591917988378672E-002
 0631  0.8591917988378672E-002
 0632  0.8591917988378672E-002
 0633  0.8591917988378672E-002
 0634  0.8591917988378672E-002
 0635  0.8591917988378672E-002
 0636  0.8591917988378672E-002
 0637  0.8591917988378672E-002
 0638  0.8591917988378672E-002
 0639  0.8591917988378672E-002
 0640  0.8591917988378672E-002
 0641  0.8591917988378672E-002
 0642  0.8591917988378672E-002
 0643  0.8591917988378672E-002
 0644  0.8591917988378672E-002
 0645  0.8591917988378672E-002
 0646  0.8591917988378672E-002
 0647  0.8591917988378672E-002
 0648  0.8591917988378672E-002
 0649  0.8591917988378672E-002
 0650  0.8591917988378672E-002
 0651  0.8591917988378672E-002
 0652  0.8591917988378672E-002
 0653  0.8591917988378672E-002
 0654  0.8591917988378672E-002
 0655  0.8591917988378672E-002
 0656  0.8591917988378672E-002
 0657  0.8591917988378672E-002
 0658  0.8591917988378672E-002
 0659  0.8591917988378672E-002
 0660  0.8591917988378672E-002
 0661  0.8591917988378672E-002
 0662  0.8591917988378672E-002
 0663  0.8591917988378672E-002
 0664  0.8591917988378672E-002
 0665  0.8591917988378672E-002
 0666  0.8591917988378672E-002
 0667  0.8591917988378672E-002
 0668  0.8591917988378672E-002
 0669  0.8591917988378672E-002
 0670  0.8591917988378672E-002
 0671  0.8591917988378672E-002
 0672  0.8591917988378672E-002
 0673  0.8591917988378672E-002
 0674  0.8591917988378672E-002
 0675  0.8591917988378672E-002
 0676  0.8591917988378672E-002
 0677  0.8591917988378672E-002
 0678  0.8591917988378672E-002
 0679  0.8591917988378672E-002
 0680  0.8591917988378672E-002
 0681  0.8591917988378672E-002
 0682  0.8591917988378672E-002
 0683  0.8591917988378672E-002
 0684  0.8591917988378672E-002
 0685  0.8591917988378672E-002
 0686  0.8591917988378672E-002
 0687  0.8591917988378672E-002
 0688  0.8591917988378672E-002
 0689  0.8591917988378672E-002
 0690  0.8591917988378672E-002
 0691  0.8591917988378672E-002
 0692  0.8591917988378672E-002
 0693  0.8591917988378672E-002
 0694  0.8591917988378672E-002
 0695  0.8591917988378672E-002
 0696  0.8591917988378672E-002
 0697  0.8591917988378672E-002
 0698  0.8591917988378672E-002
 0699  0.8591917988378672E-002
 0700  0.8591917988378672E-002
 0701  0.8591917988378672E-002
 0702  0.8591917988378672E-002
 0703  0.8591917988378672E-002
 0704  0.8591917988378672E-002
 0705  0.8591917988378672E-002
 0706  0.8591917988378672E-002
 0707  0.8591917988378672E-002
 0708  0.8591917988378672E-002
 0709  0.8591917988378672E-002
 0710  0.8591917988378672E-002
 0711  0.8591917988378672E-002
 0712  0.8591917988378672E-002
 0713  0.8591917988378672E-002
 0714  0.8591917988378672E-002
 0715  0.8591917988378672E-002
 0716  0.8591917988378672E-002
 0717  0.8591917988378672E-002
 0718  0.8591917988378672E-002
 0719  0.8591917988378672E-002
 0720  0.8591917988378672E-002
 0721  0.8591917988378672E-002
 0722  0.8591917988378672E-002
 0723  0.8591917988378672E-002
 0724  0.8591917988378672E-002
 0725  0.8591917988378672E-002
 0726  0.8591917988378672E-002
 0727  0.8591917988378672E-002
 0728  0.8591917988378672E-002
 0729  0.8591917988378672E-002
 0730  0.8591917988378672E-002
 0731  0.8591917988378672E-002
 0732  0.8591917988378672E-002
 0733  0.8591917988378672E-002
 0734  0.8591917988378672E-002
 0735  0.8591917988378672E-002
 0736  0.8591917988378672E-002
 0737  0.8591917988378672E-002
 0738  0.8591917988378672E-002
 0739  0.8591917988378672E-002
 0740  0.8591917988378672E-002
 0741  0.8591917988378672E-002
 0742  0.8591917988378672E-002
 0743  0.8591917988378672E-002
 0744  0.8591917988378672E-002
 0745  0.8591917988378672E-002
 0746  0.8591917988378672E-002
 0747  0.8591917988378672E-002
 0748  0.8591917988378672E-002
 0749  0.8591917988378672E-002
 0750  0.8591917988378672E-002
 0751  0.8591917988378672E-002
 0752  0.8591917988378672E-002
 0753  0.8591917988378672E-002
 0754  0.8591917988378672E-002
 0755  0.8591917988378672E-002
 0756  0.8591917988378672E-002
 0757  0.8591917988378672E-002
 0758  0.8591917988378672E-002
 0759  0.8591917988378672E-002
 0760  0.8591917988378672E-002
 0761  0.8591917988378672E-002
 0762  0.8591917988378672E-002
 0763  0.8591917988378672E-002
 0764  0.8591917988378672E-002
 0765  0.8591917988378672E-002
 0766  0.8591917988378672E-002
 0767  0.8591917988378672E-002
 0768  0.8591917988378672E-002
 0769  0.8591917988378672E-002
 0770  0.8591917988378672E-002
 0771  0.8591917988378672E-002
 0772  0.8591917988378672E-002
 0773  0.8591917988378672E-002
 0774  0.8591917988378672E-002
 0775  0.8591917988378672E-002
 0776  0.8591917988378672E-002
 0777  0.8591917988378672E-002
 0778  0.8591917988378672E-002
 0779  0.8591917988378672E-002
 0780  0.8591917988378672E-002
 0781  0.8591917988378672E-002
 0782  0.8591917988378672E-002
 0783  0.8591917988378672E-002
 0784  0.8591917988378672E-002
 0785  0.8591917988378672E-002
 0786  0.8591917988378672E-002
 0787  0.8591917988378672E-002
 0788  0.8591917988378672E-002
 0789  0.8591917988378672E-002
 0790  0.8591917988378672E-002
 0791  0.8591917988378672E-002
 0792  0.8591917988378672E-002
 0793  0.8591917988378672E-002
 0794  0.8591917988378672E-002
 0795  0.8591917988378672E-002
 0796  0.8591917988378672E-002
 0797  0.8591917988378672E-002
 0798  0.8591917988378672E-002
 0799  0.8591917988378672E-002
 0800  0.8591917988378672E-002
 0801  0.8591917988378672E-002
 0802  0.8591917988378672E-002
 0803  0.8591917988378672E-002
 0804  0.8591917988378672E-002
 0805  0.8591917988378672E-002
 0806  0.8591917988378672E-002
 0807  0.8591917988378672E-002
 0808  0.8591917988378672E-002
 0809  0.8591917988378672E-002
 0810  0.8591917988378672E-002
 0811  0.8591917988378672E-002
 0812  0.8591917988378672E-002
 0813  0.8591917988378672E-002
 0814  0.8591917988378672E-002
 0815  0.8591917988378672E-002
 0816  0.8591917988378672E-002
 0817  0.8591917988378672E-002
 0818  0.8591917988378672E-002
 0819  0.8591917988378672E-002
 0820  0.8591917988378672E-002
 0821  0.8591917988378672E-002
 0822  0.8591917988378672E-002
 0823  0.8591917988378672E-002
 0824  0.8591917988378672E-002
 0825  0.8591917988378672E-002
 0826  0.8591917988378672E-002
 0827  0.8591917988378672E-002
 0828  0.8591917988378672E-002
 0829  0.8591917988378672E-002
 0830  0.8591917988378672E-002
 0831  0.8591917988378672E-002
 0832  0.8591917988378672E-002
 0833  0.8591917988378672E-002
 0834  0.8591917988378672E-002
 0835  0.8591917988378672E-002
 0836  0.8591917988378672E-002
 0837  0.8591917988378672E-002
 0838  0.8591917988378672E-002
 0839  0.8591917988378672E-002
 0840  0.8591917988378672E-002
 0841  0.8591917988378672E-002
 0842  0.8591917988378672E-002
 0843  0.8591917988378672E-002
 0844  0.8591917988378672E-002
 0845  0.8591917988378672E-002
 0846  0.8591917988378672E-002
 0847  0.8591917988378672E-002
 0848  0.8591917988378672E-002
 0849  0.8591917988378672E-002
 0850  0.8591917988378672E-002
 0851  0.8591917988378672E-002
 0852  0.8591917988378672E-002
 0853  0.8591917988378672E-002
 0854  0.8591917988378672E-002
 0855  0.8591917988378672E-002
 0856  0.8591917988378672E-002
 0857  0.8591917988378672E-002
 0858  0.8591917988378672E-002
 0859  0.8591917988378672E-002
 0860  0.8591917988378672E-002
 0861  0.8591917988378672E-002
 0862  0.8591917988378672E-002
 0863  0.8591917988378672E-002
 0864  0.8591917988378672E-002
 0865  0.8591917988378672E-002
 0866  0.8591917988378672E-002
 0867  0.8591917988378672E-002
 0868  0.8591917988378672E-002
 0869  0.8591917988378672E-002
 0870  0.8591917988378672E-002
 0871  0.8591917988378672E-002
 0872  0.8591917988378672E-002
 0873  0.8591917988378672E-002
 0874  0.8591917988378672E-002
 0875  0.8591917988378672E-002
 0876  0.8591917988378672E-002
 0877  0.8591917988378672E-002
 0878  0.8591917988378672E-002
 0879  0.8591917988378672E-002
 0880  0.8591917988378672E-002
 0881  0.8591917988378672E-002
 0882  0.8591917988378672E-002
 0883  0.8591917988378672E-002
 0884  0.8591917988378672E-002
 0885  0.8591917988378672E-002
 0886  0.8591917988378672E-002
 0887  0.8591917988378672E-002
 0888  0.8591917988378672E-002
 0889  0.8591917988378672E-002
 0890  0.8591917988378672E-002
 0891  0.8591917988378672E-002
 0892  0.8591917988378672E-002
 0893  0.8591917988378672E-002
 0894  0.8591917988378672E-002
 0895  0.8591917988378672E-002
 0896  0.8591917988378672E-002
 0897  0.8591917988378672E-002
 0898  0.8591917988378672E-002
 0899  0.8591917988378672E-002
 0900  0.8591917988378672E-002
 0901  0.8591917988378672E-002
 0902  0.8591917988378672E-002
 0903  0.8591917988378672E-002
 0904  0.8591917988378672E-002
 0905  0.8591917988378672E-002
 0906  0.8591917988378672E-002
 0907  0.8591917988378672E-002
 0908  0.8591917988378672E-002
 0909  0.8591917988378672E-002
 0910  0.8591917988378672E-002
 0911  0.8591917988378672E-002
 0912  0.8591917988378672E-002
 0913  0.8591917988378672E-002
 0914  0.8591917988378672E-002
 0915  0.8591917988378672E-002
 0916  0.8591917988378672E-002
 0917  0.8591917988378672E-002
 0918  0.8591917988378672E-002
 0919  0.8591917988378672E-002
 0920  0.8591917988378672E-002
 0921  0.8591917988378672E-002
 0922  0.8591917988378672E-002
 0923  0.8591917988378672E-002
 0924  0.8591917988378672E-002
 0925  0.8591917988378672E-002
 0926  0.8591917988378672E-002
 0927  0.8591917988378672E-002
 0928  0.8591917988378672E-002
 0929  0.8591917988378672E-002
 0930  0.8591917988378672E-002
 0931  0.8591917988378672E-002
 0932  0.8591917988378672E-002
 0933  0.8591917988378672E-002
 0934  0.8591917988378672E-002
 0935  0.8591917988378672E-002
 0936  0.8591917988378672E-002
 0937  0.8591917988378672E-002
 0938  0.8591917988378672E-002
 0939  0.8591917988378672E-002
 0940  0.8591917988378672E-002
 0941  0.8591917988378672E-002
 0942  0.8591917988378672E-002
 0943  0.8591917988378672E-002
 0944  0.8591917988378672E-002
 0945  0.8591917988378672E-002
 0946  0.8591917988378672E-002
 0947  0.8591917988378672E-002
 0948  0.8591917988378672E-002
 0949  0.8591917988378672E-002
 0950  0.8591917988378672E-002
 0951  0.8591917988378672E-002
 0952  0.8591917988378672E-002
 0953  0.8591917988378672E-002
 0954  0.8591917988378672E-002
 0955  0.8591917988378672E-002
 0956  0.8591917988378672E-002
 0957  0.8591917988378672E-002
 0958  0.8591917988378672E-002
 0959  0.8591917988378672E-002
 0960  0.8591917988378672E-002
 0961  0.8591917988378672E-002
 0962  0.8591917988378672E-002
 0963  0.8591917988378672E-002
 0964  0.8591917988378672E-002
 0965  0.8591917988378672E-002
 0966  0.8591917988378672E-002
 0967  0.8591917988378672E-002
 0968  0.8591917988378672E-002
 0969  0.8591917988378672E-002
 0970  0.8591917988378672E-002
 0971  0.8591917988378672E-002
 0972  0.8591917988378672E-002
 0973  0.8591917988378672E-002
 0974  0.8591917988378672E-002
 0975  0.8591917988378672E-002
 0976  0.8591917988378672E-002
 0977  0.8591917988378672E-002
 0978  0.8591917988378672E-002
 0979  0.8591917988378672E-002
 0980  0.8591917988378672E-002
 0981  0.8591917988378672E-002
 0982  0.8591917988378672E-002
 0983  0.8591917988378672E-002
 0984  0.8591917988378672E-002
 0985  0.8591917988378672E-002
 0986  0.8591917988378672E-002
 0987  0.8591917988378672E-002
 0988  0.8591917988378672E-002
 0989  0.8591917988378672E-002
 0990  0.8591917988378672E-002
 0991  0.8591917988378672E-002
 0992  0.8591917988378672E-002
 0993  0.8591917988378672E-002
 0994  0.8591917988378672E-002
 0995  0.8591917988378672E-002
 0996  0.8591917988378672E-002
 0997  0.8591917988378672E-002
 0998  0.8591917988378672E-002
 0999  0.8591917988378672E-002
 1000  0.8591917988378672E-002
