  0.0000000000E+000  0.0000000000E+000
  1.7003069115E+003  1.0536904608E+039
  3.4001980568E+003  7.2352187025E+038
  5.1003410661E+003  5.4456493200E+038
  6.8002681086E+003  4.3774245641E+038
  8.5001854218E+003  3.6878008064E+038
  1.0200264732E+004  3.2132255766E+038
  1.1900289148E+004  2.8691115527E+038
  1.3600307420E+004  2.6086239833E+038
  1.5300317657E+004  2.4044232529E+038
  1.7000278454E+004  2.2397037222E+038
  1.8700329386E+004  2.1036476982E+038
  2.0400337654E+004  1.9890524224E+038
  2.2100228681E+004  1.8909442499E+038
  2.3800319840E+004  1.8057372035E+038
  2.5500204178E+004  1.7303635583E+038
  2.7200223165E+004  1.6633676487E+038
  2.8900257511E+004  1.6019179999E+038
  3.0600295789E+004  1.5465571413E+038
  3.2300278191E+004  1.4970961931E+038
  3.4000239369E+004  1.4513967573E+038
  3.5700261659E+004  1.4093588605E+038
  3.7400225930E+004  1.3712234486E+038
  3.9100252470E+004  1.2843859353E+038
  4.0800181333E+004  1.2266567566E+038
  4.2500200370E+004  1.1990872815E+038
  4.4200237840E+004  1.1735462799E+038
  4.5900325565E+004  1.1496172724E+038
  4.7600226067E+004  1.1267497349E+038
  4.9300193411E+004  1.1044056851E+038
  5.1000192843E+004  1.0826425090E+038
  5.2700343981E+004  1.0623955153E+038
  5.4400289829E+004  1.0437264603E+038
  5.6100308152E+004  1.0262500652E+038
  5.7800347140E+004  1.0092136852E+038
  5.9500178471E+004  9.9289891759E+037
  6.1200254848E+004  9.7752637191E+037
  6.2900248749E+004  9.6310089080E+037
  6.4600320796E+004  9.4956184350E+037
  6.6300220548E+004  9.3677216021E+037
  6.8000203979E+004  9.2434965996E+037
  6.9700272481E+004  9.1235149925E+037
  7.1400180278E+004  9.0086795763E+037
  7.3100263576E+004  8.8996347691E+037
  7.4800260910E+004  8.7964125537E+037
  7.6500305523E+004  8.6987904348E+037
  7.8200297872E+004  8.6056826966E+037
  7.9900266515E+004  8.5137783386E+037
  8.1600238065E+004  8.4243100659E+037
  8.3300250083E+004  8.3395670383E+037
  8.5000275035E+004  8.2603596074E+037
  8.6700344364E+004  8.1869675715E+037
  8.8400260265E+004  8.1194450482E+037
  9.0100293464E+004  8.0572617632E+037
  9.1800297591E+004  7.9995957018E+037
  9.3500235033E+004  7.9454789070E+037
  9.5200202463E+004  7.8926307024E+037
  9.6900261657E+004  7.8371522058E+037
  9.8600222669E+004  7.7470308833E+037
  1.0030017872E+005  7.6082968432E+037
  1.0200027865E+005  7.4948060543E+037
  1.0370019815E+005  7.4019021831E+037
  1.0540032157E+005  7.3205498860E+037
  1.0710028224E+005  7.2463405322E+037
  1.0880023922E+005  7.1767877472E+037
  1.1050030299E+005  7.1103262479E+037
  1.1220018091E+005  7.0459269703E+037
  1.1390021134E+005  6.9828756066E+037
  1.1560023656E+005  6.9207715624E+037
  1.1730025269E+005  6.8608326998E+037
  1.1900031355E+005  6.8029169111E+037
  1.2070030007E+005  6.7468457803E+037
  1.2240027566E+005  6.6925348950E+037
  1.2410027203E+005  6.6399286064E+037
  1.2580024936E+005  6.5889742804E+037
  1.2750034460E+005  6.5396097521E+037
  1.2920019822E+005  6.4917109649E+037
  1.3090033117E+005  6.4449741706E+037
  1.3260022879E+005  6.3991994033E+037
  1.3430017878E+005  6.3538768633E+037
  1.3600035006E+005  6.2260332472E+037
  1.3770022167E+005  6.1830172606E+037
  1.3940032836E+005  6.1416872131E+037
  1.4110030022E+005  6.1017949581E+037
  1.4280025977E+005  6.0631734571E+037
  1.4450019345E+005  6.0256447856E+037
  1.4620029325E+005  5.9887982502E+037
  1.4790021530E+005  5.9524818391E+037
  1.4960030205E+005  5.9167700137E+037
  1.5130018361E+005  5.8823675538E+037
  1.5300023313E+005  5.8493764456E+037
  1.5470028778E+005  5.8174436833E+037
  1.5640019602E+005  5.7860796574E+037
  1.5810032583E+005  5.7554756384E+037
  1.5980032320E+005  5.7257209430E+037
  1.6150023513E+005  5.6968099657E+037
  1.6320027773E+005  5.6685684875E+037
  1.6490026872E+005  5.6413101339E+037
  1.6660035105E+005  5.6155379015E+037
  1.6830034549E+005  5.5909495500E+037
  1.7000025707E+005  5.5669044639E+037
  1.7170027248E+005  5.5422351331E+037
  1.7340034426E+005  5.5151674790E+037
  1.7510028403E+005  5.4857012582E+037
  1.7680026271E+005  5.4557280649E+037
  1.7850030236E+005  5.4261317539E+037
  1.8020020909E+005  5.3972297365E+037
  1.8190029777E+005  5.3690232630E+037
  1.8360021580E+005  5.3415074860E+037
  1.8530030404E+005  5.3146800929E+037
  1.8700023618E+005  5.2885525095E+037
  1.8870035002E+005  5.2631224591E+037
  1.9040027424E+005  5.2383925892E+037
  1.9210020300E+005  5.2143558345E+037
  1.9380032120E+005  5.1909614216E+037
  1.9550031182E+005  5.1681240200E+037
  1.9720034197E+005  5.1458151526E+037
  1.9890024058E+005  5.1239589743E+037
  2.0060021080E+005  5.1024492215E+037
  2.0230028499E+005  5.0812350362E+037
  2.0400028891E+005  5.0603092785E+037
  2.0570018379E+005  5.0396741048E+037
  2.0740033161E+005  5.0193256480E+037
  2.0910021303E+005  4.9992670834E+037
  2.1080035224E+005  4.9794860930E+037
  2.1250019743E+005  4.9599802791E+037
  2.1420025466E+005  4.9407334939E+037
  2.1590035052E+005  4.9217372199E+037
  2.1760032629E+005  4.9029810080E+037
  2.1930033859E+005  4.8844248119E+037
  2.2100018335E+005  4.8660180550E+037
  2.2270021267E+005  4.8477334712E+037
  2.2440024444E+005  4.8295760490E+037
  2.2610030759E+005  4.8118014097E+037
  2.2780020459E+005  4.7947409719E+037
  2.2950028448E+005  4.7781949102E+037
  2.3120019776E+005  4.7620860794E+037
  2.3290031935E+005  4.7463236407E+037
  2.3460031773E+005  4.7306273983E+037
  2.3630017905E+005  4.7150198829E+037
  2.3800026744E+005  4.6995434182E+037
  2.3970024618E+005  4.6830691722E+037
  2.4140031633E+005  4.6526433330E+037
  2.4310029983E+005  4.6286760962E+037
  2.4480033207E+005  4.6069475017E+037
  2.4650026187E+005  4.5862935027E+037
  2.4820026313E+005  4.5664382562E+037
  2.4990034281E+005  4.5473371753E+037
  2.5160029464E+005  4.5289858017E+037
  2.5330028094E+005  4.5113810943E+037
  2.5500030509E+005  4.4944490305E+037
  2.5670020401E+005  4.4781019455E+037
  2.5840030822E+005  4.4622672448E+037
  2.6010024695E+005  4.4468941498E+037
  2.6180019110E+005  4.4319403388E+037
  2.6350032941E+005  4.4173736024E+037
  2.6520031484E+005  4.4031648920E+037
  2.6690031654E+005  4.3892644841E+037
  2.6860033026E+005  4.3756289530E+037
  2.7030018458E+005  4.3622385720E+037
  2.7200025830E+005  4.3490862695E+037
  2.7370020904E+005  4.3361684153E+037
  2.7540019636E+005  4.3234867448E+037
  2.7710024041E+005  4.3110609668E+037
  2.7880034255E+005  4.2988914427E+037
  2.8050017976E+005  4.2869769087E+037
  2.8220026369E+005  4.2753104977E+037
  2.8390022156E+005  4.2638916472E+037
  2.8560024271E+005  4.2527156780E+037
  2.8730033260E+005  4.2417788958E+037
  2.8900031641E+005  4.2310785441E+037
  2.9070034173E+005  4.2206098296E+037
  2.9240022424E+005  4.2103703726E+037
  2.9410032434E+005  4.2003546768E+037
  2.9580028862E+005  4.1905583992E+037
  2.9750028152E+005  4.1809630765E+037
  2.9920027864E+005  4.1715476957E+037
  3.0090028802E+005  4.1623004352E+037
  3.0260032100E+005  4.1532194977E+037
  3.0430020264E+005  4.1443090120E+037
  3.0600027809E+005  4.1355715454E+037
  3.0770019569E+005  4.1270127362E+037
  3.0940031262E+005  4.1186336421E+037
  3.1110030128E+005  4.1104378170E+037
  3.1280033614E+005  4.1024255616E+037
  3.1450023520E+005  4.0945982472E+037
  3.1620018642E+005  4.0869550334E+037
  3.1790019742E+005  4.0794956445E+037
  3.1960028517E+005  4.0722195888E+037
  3.2130025531E+005  4.0651270237E+037
  3.2300027490E+005  4.0582163433E+037
  3.2470017692E+005  4.0514861358E+037
  3.2640031806E+005  4.0449345464E+037
  3.2810034727E+005  4.0385617316E+037
  3.2980022872E+005  4.0323519549E+037
  3.3150032342E+005  4.0263235916E+037
  3.3320027703E+005  4.0204782879E+037
  3.3490027051E+005  4.0148079808E+037
  3.3660028976E+005  4.0093091278E+037
  3.3830031499E+005  4.0039802169E+037
  3.4000018011E+005  3.9988204733E+037
  3.4170025148E+005  3.9938274604E+037
  3.4340034480E+005  3.9890004070E+037
  3.4510028227E+005  3.9843384492E+037
  3.4680024015E+005  3.9798387614E+037
  3.4850023123E+005  3.9754958622E+037
  3.5020026764E+005  3.9713031773E+037
  3.5190034982E+005  3.9672567483E+037
  3.5360029560E+005  3.9633560753E+037
  3.5530029567E+005  3.9595997526E+037
  3.5700017964E+005  3.9559536448E+037
  3.5870030991E+005  3.9524107877E+037
  3.6040031370E+005  3.9490075496E+037
  3.6210019335E+005  3.9457623525E+037
  3.6380029999E+005  3.9426785060E+037
  3.6550029116E+005  3.9397564820E+037
  3.6720033599E+005  3.9369953899E+037
  3.6890023312E+005  3.9343949866E+037
  3.7060034130E+005  3.9319541232E+037
  3.7230030707E+005  3.9296726380E+037
  3.7400030669E+005  3.9275495573E+037
  3.7570032999E+005  3.9255841605E+037
  3.7740018334E+005  3.9237759039E+037
  3.7910023328E+005  3.9221236550E+037
  3.8080031244E+005  3.9206268671E+037
  3.8250023850E+005  3.9192849528E+037
  3.8420018179E+005  3.9180970399E+037
  3.8590032693E+005  3.9170623240E+037
  3.8760033296E+005  3.9161803309E+037
  3.8930020780E+005  3.9154503460E+037
  3.9100030079E+005  3.9148715737E+037
  3.9270026115E+005  3.9144435043E+037
  3.9440027329E+005  3.9141654577E+037
  3.9610034788E+005  3.9140368411E+037
  3.9780030647E+005  3.9140570719E+037
  3.9950031079E+005  3.9142255708E+037
  4.0120019296E+005  3.9145417561E+037
  4.0290029688E+005  3.9150051650E+037
  4.0460028040E+005  3.9156151939E+037
  4.0630030862E+005  3.9163713839E+037
  4.0800018962E+005  3.9172731436E+037
  4.0970028279E+005  3.9183201927E+037
  4.1140023269E+005  3.9195118567E+037
  4.1310021458E+005  3.9208477927E+037
  4.1480021714E+005  3.9223275602E+037
  4.1650023109E+005  3.9239507294E+037
  4.1820026691E+005  3.9257169009E+037
  4.1990033217E+005  3.9276256821E+037
  4.2160024870E+005  3.9296760519E+037
  4.2330018376E+005  3.9318647702E+037
  4.2500032560E+005  3.9341857880E+037
  4.2670033048E+005  3.9366331406E+037
  4.2840020673E+005  3.9392041013E+037
  4.3010030012E+005  3.9418986931E+037
  4.3180026236E+005  3.9447169395E+037
  4.3350027222E+005  3.9476600516E+037
  4.3520034264E+005  3.9507290193E+037
  4.3690028639E+005  3.9539204482E+037
  4.3860027201E+005  3.9571965275E+037
  4.4030030962E+005  3.9605579549E+037
  4.4200021721E+005  3.9640335532E+037
  4.4370035267E+005  3.9676374454E+037
  4.4540035046E+005  3.9713714634E+037
  4.4710019902E+005  3.9752354440E+037
  4.4880025960E+005  3.9792299568E+037
  4.5050034909E+005  3.9833544257E+037
  4.5220029055E+005  3.9876082239E+037
  4.5390024861E+005  3.9919915302E+037
  4.5560022389E+005  3.9965041224E+037
  4.5730022017E+005  4.0011457775E+037
  4.5900024589E+005  4.0059162892E+037
  4.6070029884E+005  4.0108154193E+037
  4.6240020000E+005  4.0158423746E+037
  4.6410030672E+005  4.0209979386E+037
  4.6580027934E+005  4.0262807967E+037
  4.6750029482E+005  4.0316912040E+037
  4.6920035170E+005  4.0372288814E+037
  4.7090027515E+005  4.0428929726E+037
  4.7260024419E+005  4.0486837835E+037
  4.7430027223E+005  4.0546010122E+037
  4.7600034745E+005  4.0606441349E+037
  4.7770028571E+005  4.0668119459E+037
  4.7940027340E+005  4.0731046324E+037
  4.8110030463E+005  4.0795213217E+037
  4.8280020755E+005  4.0860547676E+037
  4.8450031930E+005  4.0926899371E+037
  4.8620028337E+005  4.0994103963E+037
  4.8790027589E+005  4.1062107917E+037
  4.8960029796E+005  4.1130921199E+037
  4.9130034299E+005  4.1200582971E+037
  4.9300023006E+005  4.1271130680E+037
  4.9470031572E+005  4.1342620465E+037
  4.9640025015E+005  4.1415072633E+037
  4.9810021172E+005  4.1488523144E+037
  4.9980020140E+005  4.1562995382E+037
  5.0150021705E+005  4.1638508049E+037
  5.0320026312E+005  4.1715075045E+037
  5.0490034888E+005  4.1792705569E+037
  5.0660029786E+005  4.1871397130E+037
  5.0830028481E+005  4.1951161710E+037
  5.1000031790E+005  4.2032002467E+037
  5.1170021548E+005  4.2113902477E+037
  5.1340034892E+005  4.2196882646E+037
  5.1510034967E+005  4.2280937604E+037
  5.1680021741E+005  4.2366060486E+037
  5.1850030375E+005  4.2452263284E+037
  5.2020025590E+005  4.2539524569E+037
  5.2190024779E+005  4.2627849605E+037
  5.2360027089E+005  4.2717207366E+037
  5.2530031903E+005  4.2807410343E+037
  5.2700021835E+005  4.2898164607E+037
  5.2870032350E+005  4.2989328789E+037
  5.3040027570E+005  4.3080874913E+037
  5.3210024644E+005  4.3172877585E+037
  5.3380023982E+005  4.3265417649E+037
  5.3550025990E+005  4.3358567022E+037
  5.3720030670E+005  4.3452382097E+037
  5.3890019901E+005  4.3546892810E+037
  5.4060029799E+005  4.3642224989E+037
  5.4230024754E+005  4.3738392924E+037
  5.4400024166E+005  4.3835370101E+037
  5.4570027009E+005  4.3933168410E+037
  5.4740034181E+005  4.4031803677E+037
  5.4910028186E+005  4.4131275569E+037
  5.5080026709E+005  4.4231599426E+037
  5.5250030336E+005  4.4332774827E+037
  5.5420020527E+005  4.4434784943E+037
  5.5590032516E+005  4.4537644127E+037
  5.5760030850E+005  4.4641324509E+037
  5.5930032997E+005  4.4745830463E+037
  5.6100020998E+005  4.4851137956E+037
  5.6270029641E+005  4.4957116888E+037
  5.6440023149E+005  4.5063360635E+037
  5.6610019284E+005  4.5169604396E+037
  5.6780018188E+005  4.5275805266E+037
  5.6950019272E+005  4.5381945615E+037
  5.7120022431E+005  4.5488174815E+037
  5.7290027244E+005  4.5594638006E+037
  5.7460034932E+005  4.5701429493E+037
  5.7630027095E+005  4.5808606645E+037
  5.7800022092E+005  4.5916233540E+037
  5.7970019604E+005  4.6024350389E+037
  5.8140020247E+005  4.6132989032E+037
  5.8310025292E+005  4.6242175400E+037
  5.8480034099E+005  4.6351930124E+037
  5.8650029331E+005  4.6462260887E+037
  5.8820028983E+005  4.6573198043E+037
  5.8990033067E+005  4.6684761979E+037
  5.9160024105E+005  4.6796964949E+037
  5.9330019033E+005  4.6909847002E+037
  5.9500017754E+005  4.6969110666E+037
  5.9670020295E+005  4.7036794515E+037
  5.9840026714E+005  4.7114691451E+037
  6.0010018584E+005  4.7198494594E+037
  6.0180031462E+005  4.7284902885E+037
  6.0350028994E+005  4.7372764199E+037
  6.0520029496E+005  4.7462273428E+037
  6.0690032150E+005  4.7553498681E+037
  6.0860019454E+005  4.7646506418E+037
  6.1030026406E+005  4.7741539625E+037
  6.1200035308E+005  4.7839654142E+037
  6.1370028978E+005  4.7948429682E+037
  6.1540024879E+005  4.8139685901E+037
  6.1710023776E+005  4.9350999164E+037
  6.1880025656E+005  7.1922268459E+037
  6.2050030682E+005  2.2821645786E+038
  6.2220022057E+005  4.3504802007E+039
  6.2390034906E+005  4.9489953356E+039
  6.2560034082E+005  6.2437203483E+039
  6.2730019465E+005  8.0867148342E+039
  6.2900026914E+005  1.0169836896E+040
  6.3070020715E+005  1.5240272144E+040
  6.3240018878E+005  2.0822202597E+040
  6.3410020235E+005  2.3965345032E+040
  6.3580025682E+005  3.1321159224E+040
  6.3750034587E+005  4.2119903831E+040
  6.3920029257E+005  4.8100180251E+040
  6.4090026658E+005  5.6986644035E+040
  6.4260026414E+005  1.3116955234E+041
  6.4430028651E+005  2.5881722011E+041
  6.4600033124E+005  4.6722231883E+041
  6.4770021995E+005  9.2216484616E+041
  6.4940030570E+005  1.4871497914E+042
  6.5110023517E+005  2.2602340648E+042
  6.5280019210E+005  3.1743911885E+042
  6.5450035011E+005  4.3081687222E+042
  6.5620018188E+005  5.7551152565E+042
  6.5790022045E+005  7.4177538431E+042
  6.5960029282E+005  9.3340051158E+042
  6.6130022309E+005  1.1372450892E+043
  6.6300019259E+005  1.3689418994E+043
  6.6470019595E+005  1.6090315832E+043
  6.6640024392E+005  1.8513550447E+043
  6.6810032909E+005  2.0298215290E+043
  6.6980027838E+005  2.2406239528E+043
  6.7150026840E+005  2.4369475358E+043
  6.7320029313E+005  2.6141129146E+043
  6.7490035311E+005  2.7683058818E+043
  6.7660026723E+005  2.8966448429E+043
  6.7830021111E+005  2.9972691542E+043
  6.8000018301E+005  3.0693122177E+043
  6.8170035462E+005  3.1126931169E+043
  6.8340019518E+005  3.1279386450E+043
  6.8510023574E+005  3.1165449053E+043
  6.8680030128E+005  3.0806543220E+043
  6.8850020961E+005  3.0228867824E+043
  6.9020031884E+005  2.9958944570E+043
  6.9190027406E+005  2.8898612013E+043
  6.9360025705E+005  2.7735397597E+043
  6.9530026408E+005  2.6495476069E+043
  6.9700030211E+005  2.5202999314E+043
  6.9870019151E+005  2.3883420708E+043
  7.0040029644E+005  2.2558139157E+043
  7.0210026419E+005  2.1245840069E+043
  7.0380026688E+005  1.9963795746E+043
  7.0550031191E+005  1.8724464595E+043
  7.0720021842E+005  1.7535715504E+043
  7.0890034183E+005  1.6402899770E+043
  7.1060032576E+005  1.5333646083E+043
  7.1230034155E+005  1.4332336027E+043
  7.1400021372E+005  1.3398435194E+043
  7.1570029408E+005  1.2528503864E+043
  7.1740022477E+005  1.1717992962E+043
  7.1910018128E+005  1.0961666752E+043
  7.2080034168E+005  1.0258823963E+043
  7.2250034503E+005  9.6103553848E+042
  7.2420019523E+005  9.0138874881E+042
  7.2590024077E+005  8.4650829786E+042
  7.2760030887E+005  8.1602669966E+042
  7.2930021882E+005  7.6588763698E+042
  7.3100032983E+005  7.2073773069E+042
  7.3270028972E+005  6.7957798900E+042
  7.3440027541E+005  6.4155622336E+042
  7.3610029463E+005  6.0612405188E+042
  7.3780034377E+005  5.7334200795E+042
  7.3950025217E+005  5.4341697675E+042
  7.4120019991E+005  5.1621210952E+042
  7.4290018352E+005  4.9152967204E+042
  7.4460020434E+005  4.6910331371E+042
  7.4630026127E+005  4.4873175769E+042
  7.4800035464E+005  4.3018606881E+042
  7.4970030698E+005  4.1319943894E+042
  7.5140029222E+005  3.9758485558E+042
  7.5310030550E+005  3.8320317078E+042
  7.5480035385E+005  3.6988374205E+042
  7.5650024937E+005  3.5747553480E+042
  7.5820034953E+005  3.4585182950E+042
  7.5990029229E+005  3.3488478646E+042
  7.6160025536E+005  3.2444165454E+042
  7.6330024146E+005  3.1446615280E+042
  7.6500024673E+005  3.0509601634E+042
  7.6670027263E+005  2.9660168323E+042
  7.6840031926E+005  2.8901982361E+042
  7.7010021379E+005  2.8221511693E+042
  7.7180031381E+005  2.7601221535E+042
  7.7350026334E+005  2.7024043694E+042
  7.7520024229E+005  2.6479748820E+042
  7.7690025237E+005  2.5964110338E+042
  7.7860029624E+005  2.5471349386E+042
  7.8030019769E+005  2.4994886866E+042
  7.8200031304E+005  2.4531079620E+042
  7.8370028455E+005  2.4083365476E+042
  7.8540029675E+005  2.3655684954E+042
  7.8710034093E+005  2.3245560892E+042
  7.8880024537E+005  2.2847330138E+042
  7.9050018045E+005  2.2458094390E+042
  7.9220032178E+005  2.2077945022E+042
  7.9390031504E+005  2.1706934039E+042
  7.9560033252E+005  2.1344058099E+042
  7.9730019625E+005  2.0989880601E+042
  7.9900025962E+005  2.0646352668E+042
  8.0070034305E+005  2.0314341533E+042
  8.0240027100E+005  1.9991207109E+042
  8.0410022241E+005  1.9672167124E+042
  8.0580019405E+005  1.9353719562E+042
  8.0750018796E+005  1.9035250794E+042
  8.0920020470E+005  1.8718151157E+042
  8.1090024699E+005  1.8404004531E+042
  8.1260031863E+005  1.8093916650E+042
  8.1430023818E+005  1.7791281007E+042
  8.1600019147E+005  1.7507420877E+042
  8.1770035428E+005  1.7263465313E+042
  8.1940020122E+005  1.7071735354E+042
  8.2110026066E+005  1.6916738655E+042
  8.2280035415E+005  1.6779567259E+042
  8.2450030547E+005  1.6648149374E+042
  8.2620029036E+005  1.6518655810E+042
  8.2790030805E+005  1.6389274854E+042
  8.2960035419E+005  1.6255920230E+042
  8.3130024849E+005  1.6117785594E+042
  8.3300034933E+005  1.5979005556E+042
  8.3470030093E+005  1.5845168875E+042
  8.3640027326E+005  1.5719459032E+042
  8.3810026885E+005  1.5599865084E+042
  8.3980028350E+005  1.5480457235E+042
  8.4150031841E+005  1.5357142784E+042
  8.4320019817E+005  1.5229876796E+042
  8.4490027124E+005  1.5101930383E+042
  8.4660018974E+005  1.4977528951E+042
  8.4830030822E+005  1.4859216822E+042
  8.5000027649E+005  1.4746379983E+042
  8.5170027279E+005  1.4636764915E+042
  8.5340029899E+005  1.4528634236E+042
  8.5510017905E+005  1.4421300437E+042
  8.5680027079E+005  1.4314784263E+042
  8.5850021858E+005  1.4208801347E+042
  8.6020019942E+005  1.4101781060E+042
  8.6190021348E+005  1.3991685826E+042
  8.6360025959E+005  1.3877661620E+042
  8.6530034110E+005  1.3760733580E+042
  8.6700027555E+005  1.3643728748E+042
  8.6870024258E+005  1.3530015078E+042
  8.7040023577E+005  1.3422185485E+042
  8.7210025459E+005  1.3321086238E+042
  8.7380029989E+005  1.3225523819E+042
  8.7550018632E+005  1.3133307927E+042
  8.7720027255E+005  1.3042437915E+042
  8.7890019742E+005  1.2951776377E+042
  8.8060032085E+005  1.2860880650E+042
  8.8230028929E+005  1.2769848684E+042
  8.8400027996E+005  1.2678745339E+042
  8.8570029079E+005  1.2587392873E+042
  8.8740032768E+005  1.2495582995E+042
  8.8910021142E+005  1.2403483232E+042
  8.9080030106E+005  1.2311812190E+042
  8.9250024116E+005  1.2221890467E+042
  8.9420020800E+005  1.2135221897E+042
  8.9590021112E+005  1.2052852339E+042
  8.9760024784E+005  1.1975057432E+042
  8.9930031991E+005  1.1901307702E+042
  9.0100024705E+005  1.1830280669E+042
  9.0270020637E+005  1.1760432576E+042
  9.0440020013E+005  1.1690597252E+042
  9.0610022287E+005  1.1620175797E+042
  9.0780027274E+005  1.1549084496E+042
  9.0950034583E+005  1.1477589473E+042
  9.1120026702E+005  1.1406097543E+042
  9.1290021276E+005  1.1334946456E+042
  9.1460018230E+005  1.1264321187E+042
  9.1630034809E+005  1.1194231471E+042
  9.1800018104E+005  1.1124581185E+042
  9.1970021121E+005  1.1055152699E+042
  9.2140026236E+005  1.0985772466E+042
  9.2310033268E+005  1.0916512174E+042
  9.2480024260E+005  1.0847349273E+042
  9.2650017875E+005  1.0778067075E+042
  9.2820031650E+005  1.0708349505E+042
  9.2990030419E+005  1.0637861510E+042
  9.3160032131E+005  1.0566200377E+042
  9.3330018967E+005  1.0493090312E+042
  9.3500026902E+005  1.0418323428E+042
  9.3670020351E+005  1.0341856939E+042
  9.3840034608E+005  1.0263750356E+042
  9.4010034140E+005  1.0184185714E+042
  9.4180018999E+005  1.0104344028E+042
  9.4350024554E+005  1.0026250413E+042
  9.4520033480E+005  9.9528540106E+041
  9.4690027172E+005  9.8880314580E+041
  9.4860023620E+005  9.8363200465E+041
  9.5030022479E+005  9.8020978020E+041
  9.5200023676E+005  9.7880991315E+041
  9.5370027013E+005  9.7930512724E+041
  9.5540032118E+005  9.8101961827E+041
  9.5710021256E+005  9.8311619188E+041
  9.5880030115E+005  9.8498017290E+041
  9.6050023313E+005  9.8631888058E+041
  9.6220018605E+005  9.8699950861E+041
  9.6390033759E+005  9.8697911118E+041
  9.6560033470E+005  9.8628941738E+041
  9.6730018130E+005  9.8502377410E+041
  9.6900023166E+005  9.8331344548E+041
  9.7070030928E+005  9.8132330719E+041
  9.7240023725E+005  9.7920351452E+041
  9.7410019387E+005  9.7705611199E+041
  9.7580018717E+005  9.7492369948E+041
  9.7750020901E+005  9.7279233408E+041
  9.7920026267E+005  9.7062200430E+041
  9.8090034655E+005  9.6837797214E+041
  9.8260028293E+005  9.6603321186E+041
  9.8430024829E+005  9.6357824270E+041
  9.8600023887E+005  9.6101989728E+041
  9.8770025092E+005  9.5837746033E+041
  9.8940028803E+005  9.5567507865E+041
  9.9110034761E+005  9.5293671244E+041
  9.9280024891E+005  9.5018889539E+041
  9.9450034831E+005  9.4746194112E+041
  9.9620028735E+005  9.4478662618E+041
  9.9790024836E+005  9.4219049520E+041
  9.9960022925E+005  9.3970294922E+041
  1.0013002279E+006  9.3734700753E+041
  1.0030002481E+006  9.3512246765E+041
  1.0047002901E+006  9.3300880615E+041
  1.0064001821E+006  9.3096774410E+041
  1.0081002770E+006  9.2894975309E+041
  1.0098002229E+006  9.2691001873E+041
  1.0115001968E+006  9.2481606039E+041
  1.0132002033E+006  9.2264875199E+041
  1.0149002403E+006  9.2039910937E+041
  1.0166003090E+006  9.1807527784E+041
  1.0183002273E+006  9.1569523013E+041
  1.0200003553E+006  9.1327322999E+041
  1.0217003337E+006  9.1082404247E+041
  1.0234003391E+006  9.0836122333E+041
  1.0251001934E+006  9.0589919781E+041
  1.0268002470E+006  9.0345208134E+041
  1.0285003247E+006  9.0103575632E+041
  1.0302002456E+006  8.9866686103E+041
  1.0319001844E+006  8.9636410094E+041
  1.0336003204E+006  8.9414498378E+041
  1.0353002951E+006  8.9201924358E+041
  1.0370002893E+006  8.8998658237E+041
  1.0387003035E+006  8.8804148978E+041
  1.0404003377E+006  8.8617238767E+041
  1.0421002123E+006  8.8436239618E+041
  1.0438002890E+006  8.8259080708E+041
  1.0455002101E+006  8.8084135523E+041
  1.0472003375E+006  8.7909943719E+041
  1.0489003113E+006  8.7735099106E+041
  1.0506003135E+006  8.7558463179E+041
  1.0523003463E+006  8.7379320216E+041
  1.0540002322E+006  8.7197333276E+041
  1.0557003274E+006  8.7012390754E+041
  1.0574002724E+006  8.6824906874E+041
  1.0591002460E+006  8.6635251475E+041
  1.0608002480E+006  8.6443807782E+041
  1.0625002766E+006  8.6250968042E+041
  1.0642003291E+006  8.6057125323E+041
  1.0659002260E+006  8.5862703624E+041
  1.0676003237E+006  8.5668157728E+041
  1.0693002665E+006  8.5474277816E+041
  1.0710002284E+006  8.5281568961E+041
  1.0727002065E+006  8.5090471234E+041
  1.0744002038E+006  8.4901429425E+041
  1.0761002175E+006  8.4714819418E+041
  1.0778002536E+006  8.4530895286E+041
  1.0795003067E+006  8.4350133284E+041
  1.0812002022E+006  8.4172854109E+041
  1.0829003006E+006  8.3999098668E+041
  1.0846002469E+006  8.3828813200E+041
  1.0863002192E+006  8.3661752102E+041
  1.0880002187E+006  8.3497641428E+041
  1.0897002452E+006  8.3336248420E+041
  1.0914003014E+006  8.3177181065E+041
  1.0931002102E+006  8.3019936843E+041
  1.0948003236E+006  8.2863738571E+041
  1.0965002897E+006  8.2708113533E+041
  1.0982002839E+006  8.2552847098E+041
  1.0999003071E+006  8.2397848608E+041
  1.1016001790E+006  8.2242928536E+041
  1.1033002509E+006  8.2087902058E+041
  1.1050003462E+006  8.1932696895E+041
  1.1067002834E+006  8.1777349574E+041
  1.1084002418E+006  8.1621910371E+041
  1.1101002179E+006  8.1466408308E+041
  1.1118002137E+006  8.1310889270E+041
  1.1135002272E+006  8.1155404341E+041
  1.1152002621E+006  8.1000048034E+041
  1.1169003154E+006  8.0844987678E+041
  1.1186002113E+006  8.0690356681E+041
  1.1203003043E+006  8.0536205735E+041
  1.1220002407E+006  8.0382619323E+041
  1.1237002013E+006  8.0229652953E+041
  1.1254001852E+006  8.0077453905E+041
  1.1271001980E+006  7.9926117186E+041
  1.1288002381E+006  7.9775739837E+041
  1.1305003071E+006  7.9626405258E+041
  1.1322002286E+006  7.9478229348E+041
  1.1339003561E+006  7.9331304774E+041
  1.1356003328E+006  7.9185727772E+041
  1.1373003364E+006  7.9041512270E+041
  1.1390001868E+006  7.8898683923E+041
  1.1407002411E+006  7.8757232888E+041
  1.1424003207E+006  7.8617086220E+041
  1.1441002413E+006  7.8478178356E+041
  1.1458001865E+006  7.8340447157E+041
  1.1475003284E+006  7.8203781930E+041
  1.1492003120E+006  7.8068105870E+041
  1.1509003121E+006  7.7933335906E+041
  1.1526003273E+006  7.7799388896E+041
  1.1543001820E+006  7.7666178507E+041
  1.1560002350E+006  7.7533589921E+041
  1.1577003073E+006  7.7401583756E+041
  1.1594002217E+006  7.7270176398E+041
  1.1611003370E+006  7.7139254871E+041
  1.1628002977E+006  7.7008773031E+041
  1.1645002851E+006  7.6878685291E+041
  1.1662002961E+006  7.6748953142E+041
  1.1679003335E+006  7.6619523398E+041
  1.1696002204E+006  7.6490405416E+041
  1.1713003141E+006  7.6361501938E+041
  1.1730002587E+006  7.6232817664E+041
  1.1747002278E+006  7.6104382387E+041
  1.1764002255E+006  7.5976220029E+041
  1.1781002480E+006  7.5848306196E+041
  1.1798002956E+006  7.5720705575E+041
  1.1815001855E+006  7.5593516621E+041
  1.1832002741E+006  7.5466762235E+041
  1.1849002038E+006  7.5340488924E+041
  1.1866003342E+006  7.5214725741E+041
  1.1883003028E+006  7.5089559252E+041
  1.1900002898E+006  7.4965040184E+041
  1.1917002936E+006  7.4841232230E+041
  1.1934003147E+006  7.4718248696E+041
  1.1951003560E+006  7.4596286294E+041
  1.1968002351E+006  7.4475260202E+041
  1.1985003120E+006  7.4355136639E+041
  1.2002002333E+006  7.4235958283E+041
  1.2019003558E+006  7.4117732198E+041
  1.2036003254E+006  7.4000516700E+041
  1.2053003199E+006  7.3884321834E+041
  1.2070003409E+006  7.3769143120E+041
  1.2087002108E+006  7.3655027592E+041
  1.2104002877E+006  7.3541995024E+041
  1.2121002106E+006  7.3430097702E+041
  1.2138003406E+006  7.3319324963E+041
  1.2155003161E+006  7.3209680961E+041
  1.2172003199E+006  7.3101144612E+041
  1.2189003460E+006  7.2993721005E+041
  1.2206002163E+006  7.2887419207E+041
  1.2223002847E+006  7.2782201106E+041
  1.2240001944E+006  7.2678061595E+041
  1.2257003011E+006  7.2574945473E+041
  1.2274002473E+006  7.2472758152E+041
  1.2291002108E+006  7.2371381862E+041
  1.2308001923E+006  7.2270760897E+041
  1.2325001914E+006  7.2170852641E+041
  1.2342002086E+006  7.2071633156E+041
  1.2359002451E+006  7.1973129446E+041
  1.2376003002E+006  7.1875290834E+041
  1.2393001983E+006  7.1778067066E+041
  1.2410002979E+006  7.1681375147E+041
  1.2427002414E+006  7.1585159656E+041
  1.2444002134E+006  7.1489359290E+041
  1.2461002094E+006  7.1393938105E+041
  1.2478002337E+006  7.1298860904E+041
  1.2495002841E+006  7.1204093224E+041
  1.2512001827E+006  7.1109609261E+041
  1.2529002838E+006  7.1015349590E+041
  1.2546002323E+006  7.0921308011E+041
  1.2563002028E+006  7.0827457222E+041
  1.2580001996E+006  7.0733787393E+041
  1.2597002181E+006  7.0640303502E+041
  1.2614002563E+006  7.0547012066E+041
  1.2631003150E+006  7.0453914615E+041
  1.2648002124E+006  7.0361000490E+041
  1.2665003060E+006  7.0268142597E+041
  1.2682002373E+006  7.0175368068E+041
  1.2699001830E+006  7.0082697132E+041
  1.2716003253E+006  6.9990136709E+041
  1.2733003083E+006  6.9897725236E+041
  1.2750003116E+006  6.9805474368E+041
  1.2767003345E+006  6.9713398862E+041
  1.2784002010E+006  6.9621525056E+041
  1.2801002677E+006  6.9529855539E+041
  1.2818001814E+006  6.9438430374E+041
  1.2835002946E+006  6.9347251431E+041
  1.2852002558E+006  6.9256361343E+041
  1.2869002415E+006  6.9165770900E+041
  1.2886002566E+006  6.9075489260E+041
  1.2903002975E+006  6.8985526336E+041
  1.2920001856E+006  6.8895912291E+041
  1.2937002766E+006  6.8806651967E+041
  1.2954002135E+006  6.8717784650E+041
  1.2971003511E+006  6.8629277964E+041
  1.2988003308E+006  6.8541163749E+041
  1.3005003289E+006  6.8453509869E+041
  1.3022003466E+006  6.8366284254E+041
  1.3039002066E+006  6.8279508780E+041
  1.3056002621E+006  6.8193178793E+041
  1.3073003357E+006  6.8107314311E+041
  1.3090002479E+006  6.8021935488E+041
  1.3107003549E+006  6.7937035305E+041
  1.3124003030E+006  6.7852642289E+041
  1.3141002667E+006  6.7768757979E+041
  1.3158002514E+006  6.7685392270E+041
  1.3175002572E+006  6.7602552842E+041
  1.3192002866E+006  6.7520241063E+041
  1.3209003394E+006  6.7438458974E+041
  1.3226002392E+006  6.7357216491E+041
  1.3243003406E+006  6.7276490660E+041
  1.3260002914E+006  6.7196237513E+041
  1.3277002662E+006  6.7116433739E+041
  1.3294002662E+006  6.7037085904E+041
  1.3311002918E+006  6.6958219280E+041
  1.3328003407E+006  6.6879927937E+041
  1.3345002353E+006  6.6802194109E+041
  1.3362003304E+006  6.6724980952E+041
  1.3379002673E+006  6.6648288045E+041
  1.3396002235E+006  6.6572093977E+041
  1.3413001976E+006  6.6496388244E+041
  1.3430001888E+006  6.6421161411E+041
  1.3447001974E+006  6.6346404978E+041
  1.3464002228E+006  6.6272110622E+041
  1.3481002645E+006  6.6198268206E+041
  1.3498003240E+006  6.6124855951E+041
  1.3515002209E+006  6.6051820853E+041
  1.3532003170E+006  6.5979141004E+041
  1.3549002521E+006  6.5906834422E+041
  1.3566002097E+006  6.5834892789E+041
  1.3583001884E+006  6.5763313964E+041
  1.3600001915E+006  6.5692095974E+041
  1.3617002194E+006  6.5621237793E+041
  1.3634002722E+006  6.5550741403E+041
  1.3651003493E+006  6.5480602928E+041
  1.3668002740E+006  6.5410825003E+041
  1.3685002229E+006  6.5341395307E+041
  1.3702001962E+006  6.5272307393E+041
  1.3719001939E+006  6.5203558584E+041
  1.3736002130E+006  6.5135111442E+041
  1.3753002564E+006  6.5066951882E+041
  1.3770003202E+006  6.4999086786E+041
  1.3787002238E+006  6.4931526540E+041
  1.3804003242E+006  6.4864261385E+041
  1.3821002616E+006  6.4797310472E+041
  1.3838002164E+006  6.4730671393E+041
  1.3855001876E+006  6.4664348847E+041
  1.3872003539E+006  6.4598340801E+041
  1.3889001798E+006  6.4532672775E+041
  1.3906002037E+006  6.4467326342E+041
  1.3923002444E+006  6.4402311511E+041
  1.3940003056E+006  6.4337614246E+041
  1.3957002060E+006  6.4273220665E+041
  1.3974003066E+006  6.4209128481E+041
  1.3991002515E+006  6.4145361536E+041
  1.4008002195E+006  6.4081922463E+041
  1.4025002133E+006  6.4018818174E+041
  1.4042002323E+006  6.3956055086E+041
  1.4059002776E+006  6.3893635500E+041
  1.4076003479E+006  6.3831556419E+041
  1.4093002632E+006  6.3769831590E+041
  1.4110002000E+006  6.3708461163E+041
  1.4127003377E+006  6.3647440147E+041
  1.4144003173E+006  6.3586758678E+041
  1.4161003181E+006  6.3526410225E+041
  1.4178003381E+006  6.3466403498E+041
  1.4195001969E+006  6.3406752842E+041
  1.4212002531E+006  6.3347452723E+041
  1.4229003237E+006  6.3288514994E+041
  1.4246002325E+006  6.3229951656E+041
  1.4263003335E+006  6.3171752842E+041
  1.4280002720E+006  6.3113933113E+041
  1.4297002279E+006  6.3056489196E+041
  1.4314002026E+006  6.2999413401E+041
  1.4331001959E+006  6.2942689957E+041
  1.4348002110E+006  6.2886321969E+041
  1.4365002467E+006  6.2830313005E+041
  1.4382003054E+006  6.2774656048E+041
  1.4399002088E+006  6.2719350336E+041
  1.4416003121E+006  6.2664380039E+041
  1.4433002630E+006  6.2609700041E+041
  1.4450002378E+006  6.2555332063E+041
  1.4467002374E+006  6.2501284826E+041
  1.4484002609E+006  6.2447551155E+041
  1.4501003070E+006  6.2394112413E+041
  1.4518001959E+006  6.2340972242E+041
  1.4535002846E+006  6.2288119413E+041
  1.4552002128E+006  6.2235563893E+041
  1.4569003379E+006  6.2183292441E+041
  1.4586003031E+006  6.2131311673E+041
  1.4603002835E+006  6.2079610412E+041
  1.4620002816E+006  6.2028182556E+041
  1.4637002944E+006  6.1976982774E+041
  1.4654003235E+006  6.1925991387E+041
  1.4671001897E+006  6.1875201349E+041
  1.4688002510E+006  6.1824602317E+041
  1.4705003294E+006  6.1774199075E+041
  1.4722002483E+006  6.1723995258E+041
  1.4739001871E+006  6.1673983563E+041
  1.4756003255E+006  6.1624156207E+041
  1.4773003068E+006  6.1574526668E+041
  1.4790003099E+006  6.1525089960E+041
  1.4807003370E+006  6.1475827246E+041
  1.4824002076E+006  6.1426734789E+041
  1.4841002819E+006  6.1377799279E+041
  1.4858002005E+006  6.1329029372E+041
  1.4875003218E+006  6.1280413538E+041
  1.4892002874E+006  6.1231960435E+041
  1.4909002728E+006  6.1183659330E+041
  1.4926002790E+006  6.1135546517E+041
  1.4943003038E+006  6.1087673190E+041
  1.4960003467E+006  6.1039999791E+041
  1.4977002281E+006  6.0992515690E+041
  1.4994003054E+006  6.0945201652E+041
  1.5011002197E+006  6.0898060508E+041
  1.5028003309E+006  6.0851077221E+041
  1.5045002776E+006  6.0804258384E+041
  1.5062002403E+006  6.0757596786E+041
  1.5079002192E+006  6.0711088487E+041
  1.5096002136E+006  6.0664725036E+041
  1.5113002281E+006  6.0618502959E+041
  1.5130002616E+006  6.0572421579E+041
  1.5147003164E+006  6.0526470576E+041
  1.5164002147E+006  6.0480649605E+041
  1.5181003152E+006  6.0434951371E+041
  1.5198002588E+006  6.0389386799E+041
  1.5215002267E+006  6.0343950579E+041
  1.5232002152E+006  6.0298639162E+041
  1.5249002276E+006  6.0253453226E+041
  1.5266002634E+006  6.0208395734E+041
  1.5283003207E+006  6.0163469811E+041
  1.5300002217E+006  6.0118682883E+041
  1.5317003215E+006  6.0074029140E+041
  1.5334002624E+006  6.0029530011E+041
  1.5351002213E+006  5.9985180949E+041
  1.5368001965E+006  5.9940967882E+041
  1.5385001862E+006  5.9896890465E+041
  1.5402001929E+006  5.9852952529E+041
  1.5419002151E+006  5.9809158502E+041
  1.5436002541E+006  5.9765512976E+041
  1.5453003091E+006  5.9722020718E+041
  1.5470002012E+006  5.9678689991E+041
  1.5487002904E+006  5.9635512088E+041
  1.5504002177E+006  5.9592497847E+041
  1.5521003431E+006  5.9549641731E+041
  1.5538003080E+006  5.9506957122E+041
  1.5555002955E+006  5.9464439916E+041
  1.5572003051E+006  5.9422082111E+041
  1.5589003378E+006  5.9379886156E+041
  1.5606002139E+006  5.9337858870E+041
  1.5623002926E+006  5.9295992995E+041
  1.5640002144E+006  5.9254300709E+041
  1.5657003375E+006  5.9212776988E+041
  1.5674003027E+006  5.9171437435E+041
  1.5691002876E+006  5.9130287956E+041
  1.5708002940E+006  5.9089330469E+041
  1.5725003183E+006  5.9048566564E+041
  1.5742001822E+006  5.9007998746E+041
  1.5759002415E+006  5.8967608732E+041
  1.5776003159E+006  5.8927417606E+041
  1.5793002274E+006  5.8887459384E+041
  1.5810003335E+006  5.8847713688E+041
  1.5827002759E+006  5.8808183918E+041
  1.5844002346E+006  5.8768862226E+041
  1.5861002100E+006  5.8729744330E+041
  1.5878002011E+006  5.8690827645E+041
  1.5895002121E+006  5.8652110418E+041
  1.5912002395E+006  5.8613591616E+041
  1.5929002880E+006  5.8575265857E+041
  1.5946003573E+006  5.8537122713E+041
  1.5963002700E+006  5.8499162897E+041
  1.5980002055E+006  5.8461382068E+041
  1.5997003432E+006  5.8423780786E+041
  1.6014003239E+006  5.8386364858E+041
  1.6031003273E+006  5.8349128213E+041
  1.6048003517E+006  5.8312069248E+041
  1.6065002170E+006  5.8275190151E+041
  1.6082002828E+006  5.8238480712E+041
  1.6099001885E+006  5.8201942282E+041
  1.6116002933E+006  5.8165555523E+041
  1.6133002370E+006  5.8129324297E+041
  1.6150001974E+006  5.8093243099E+041
  1.6167003526E+006  5.8057306830E+041
  1.6184003433E+006  5.8021521692E+041
  1.6201003488E+006  5.7985881397E+041
  1.6218001904E+006  5.7950387093E+041
  1.6235002276E+006  5.7915029166E+041
  1.6252002806E+006  5.7879810065E+041
  1.6269003521E+006  5.7844727389E+041
  1.6286002612E+006  5.7809778979E+041
  1.6303001908E+006  5.7774958159E+041
  1.6320003165E+006  5.7740258850E+041
  1.6337002839E+006  5.7705686362E+041
  1.6354002714E+006  5.7671235619E+041
  1.6371002814E+006  5.7636844357E+041
  1.6388003145E+006  5.7602510933E+041
  1.6405001914E+006  5.7568213738E+041
  1.6422002694E+006  5.7533892792E+041
  1.6439001908E+006  5.7499583449E+041
  1.6456003117E+006  5.7465290466E+041
  1.6473002727E+006  5.7431029229E+041
  1.6490002534E+006  5.7396802350E+041
  1.6507002513E+006  5.7362616137E+041
  1.6524002683E+006  5.7328484499E+041
  1.6541003024E+006  5.7294424985E+041
  1.6558003514E+006  5.7260438026E+041
  1.6575002377E+006  5.7226524047E+041
  1.6592003166E+006  5.7192673930E+041
  1.6609002323E+006  5.7158896619E+041
  1.6626003419E+006  5.7125187779E+041
  1.6643002884E+006  5.7091557184E+041
  1.6660002507E+006  5.7058003958E+041
  1.6677002326E+006  5.7024530861E+041
  1.6694002316E+006  5.6991140928E+041
  1.6711002517E+006  5.6957835910E+041
  1.6728002902E+006  5.6924613199E+041
  1.6745003494E+006  5.6891473700E+041
  1.6762002523E+006  5.6858427180E+041
  1.6779003558E+006  5.6825469113E+041
  1.6796003022E+006  5.6792608513E+041
  1.6813002705E+006  5.6759844245E+041
  1.6830002597E+006  5.6727187555E+041
  1.6847002694E+006  5.6694645059E+041
  1.6864002987E+006  5.6662211593E+041
  1.6881003450E+006  5.6629882988E+041
  1.6898002315E+006  5.6597661878E+041
  1.6915003146E+006  5.6565542225E+041
  1.6932002353E+006  5.6533532085E+041
  1.6949003514E+006  5.6501626086E+041
  1.6966003019E+006  5.6469833339E+041
  1.6983002682E+006  5.6438156002E+041
  1.7000002486E+006  5.6406593878E+041
  1.7017002444E+006  5.6375143716E+041
  1.7034002546E+006  5.6343804736E+041
  1.7051002825E+006  5.6312577358E+041
  1.7068003275E+006  5.6281462443E+041
  1.7085002136E+006  5.6250464253E+041
  1.7102002960E+006  5.6219577513E+041
  1.7119002193E+006  5.6188809953E+041
  1.7136003413E+006  5.6158154855E+041
  1.7153003053E+006  5.6127616049E+041
  1.7170002915E+006  5.6097189461E+041
  1.7187002986E+006  5.6066878556E+041
  1.7204003286E+006  5.6036687641E+041
  1.7221002015E+006  5.6006626791E+041
  1.7238002738E+006  5.5976688554E+041
  1.7255001861E+006  5.5946878390E+041
  1.7272002952E+006  5.5917187835E+041
  1.7289002418E+006  5.5887619448E+041
  1.7306002068E+006  5.5858167948E+041
  1.7323001880E+006  5.5828832534E+041
  1.7340001840E+006  5.5799613036E+041
  1.7357001965E+006  5.5770509392E+041
  1.7374002224E+006  5.5741522146E+041
  1.7391002646E+006  5.5712654188E+041
  1.7408003202E+006  5.5683904242E+041
  1.7425002111E+006  5.5655272228E+041
