   0.000000000E+00  -5.584663229E+49   1.468259601E+49   9.581675604E+42  -4.116402670E+49   0.000000000E+00
   1.700041104E+03  -2.209890904E+49   4.628425039E+49   6.348260663E+48   3.053360201E+49   7.169762871E+49
   3.400011577E+03  -2.209588778E+49   4.634542786E+49   6.551800031E+48   3.080134011E+49   7.196536681E+49
   5.100035184E+03  -2.209678429E+49   4.587804663E+49   7.112907343E+48   3.089416968E+49   7.205819638E+49
   6.800006311E+03  -2.209523513E+49   4.513632884E+49   7.854679616E+48   3.089577333E+49   7.205980003E+49
   8.500030691E+03  -2.209551764E+49   4.445033705E+49   8.572773931E+48   3.092759334E+49   7.209162003E+49
   1.020000255E+04  -2.209526879E+49   4.392833212E+49   9.155732316E+48   3.098879565E+49   7.215282235E+49
   1.190002767E+04  -2.209469066E+49   4.344532304E+49   9.683193500E+48   3.103382588E+49   7.219785258E+49
   1.360000033E+04  -2.209503690E+49   4.310294724E+49   1.005960476E+49   3.106751510E+49   7.223154180E+49
   1.530002622E+04  -2.209444546E+49   4.350033218E+49   9.681200882E+48   3.108708760E+49   7.225111430E+49
   1.700005252E+04  -2.209452992E+49   4.357313177E+49   9.618585346E+48   3.109718720E+49   7.226121390E+49
   1.870002634E+04  -2.209445172E+49   4.353195973E+49   9.672667426E+48   3.111017544E+49   7.227420213E+49
   2.040000079E+04  -2.209405951E+49   4.348965071E+49   9.721157870E+48   3.111674907E+49   7.228077577E+49
   2.210002871E+04  -2.209426887E+49   4.344923206E+49   9.762676064E+48   3.111763925E+49   7.228166595E+49
   2.380000405E+04  -2.209395172E+49   4.342105544E+49   9.790820503E+48   3.111792423E+49   7.228195093E+49
   2.550003234E+04  -2.209389937E+49   4.340436984E+49   9.808450020E+48   3.111892049E+49   7.228294719E+49
   2.720000791E+04  -2.209390594E+49   4.339587451E+49   9.819438287E+48   3.112140686E+49   7.228543355E+49
   2.890003655E+04  -2.209364380E+49   4.339263972E+49   9.826372496E+48   3.112536842E+49   7.228939512E+49
   3.060001265E+04  -2.209370487E+49   4.340138251E+49   9.829226833E+48   3.113690447E+49   7.230093117E+49
   3.230004197E+04  -2.209354430E+49   4.340827792E+49   9.828058607E+48   3.114279222E+49   7.230681892E+49
   3.400001890E+04  -2.209345055E+49   4.341278861E+49   9.821032649E+48   3.114037071E+49   7.230439741E+49
   3.570004914E+04  -2.209344284E+49   4.343000263E+49   9.807248844E+48   3.114380863E+49   7.230783533E+49
   3.740002701E+04  -2.209327853E+49   4.345429500E+49   9.788688004E+48   3.114970448E+49   7.231373117E+49
   3.910000536E+04  -2.209325802E+49   4.347676269E+49   9.768422163E+48   3.115192683E+49   7.231595353E+49
   4.080003702E+04  -2.209317253E+49   4.349317507E+49   9.749206652E+48   3.114920919E+49   7.231323588E+49
   4.250001628E+04  -2.209306739E+49   4.350482066E+49   9.732637455E+48   3.114439072E+49   7.230841742E+49
   4.420004878E+04  -2.209304405E+49   4.351633846E+49   9.718862925E+48   3.114215734E+49   7.230618404E+49
   4.590002885E+04  -2.209293154E+49   4.352957627E+49   9.707527042E+48   3.114417177E+49   7.230819847E+49
   4.760000932E+04  -2.209287204E+49   4.354411769E+49   9.698314888E+48   3.114956054E+49   7.231358724E+49
   4.930004305E+04  -2.209281522E+49   4.355861494E+49   9.690960856E+48   3.115676058E+49   7.232078727E+49
   5.100002437E+04  -2.209271526E+49   4.357188180E+49   9.685569008E+48   3.116473555E+49   7.232876224E+49
   5.270000613E+04  -2.209266845E+49   4.358292268E+49   9.682393770E+48   3.117264800E+49   7.233667470E+49
   5.440004120E+04  -2.209258545E+49   4.359118501E+49   9.681193390E+48   3.117979295E+49   7.234381965E+49
   5.610002391E+04  -2.209250354E+49   4.359683498E+49   9.681673614E+48   3.118600506E+49   7.235003176E+49
   5.780000712E+04  -2.209244607E+49   4.359955863E+49   9.684079935E+48   3.119119250E+49   7.235521919E+49
   5.950004368E+04  -2.209235031E+49   4.359960344E+49   9.688235584E+48   3.119548871E+49   7.235951541E+49
   6.120002789E+04  -2.209227638E+49   4.359760183E+49   9.693886172E+48   3.119921163E+49   7.236323832E+49
   6.290001256E+04  -2.209220021E+49   4.359372555E+49   9.700801193E+48   3.120232654E+49   7.236635323E+49
   6.460005050E+04  -2.209209951E+49   4.358839170E+49   9.708790606E+48   3.120508280E+49   7.236910950E+49
   6.630003599E+04  -2.209202340E+49   4.358189375E+49   9.717793493E+48   3.120766384E+49   7.237169053E+49
   6.800002184E+04  -2.209192870E+49   4.357429706E+49   9.727742566E+48   3.121011093E+49   7.237413762E+49
   6.970000801E+04  -2.209182508E+49   4.356558272E+49   9.738732314E+48   3.121248995E+49   7.237651665E+49
   7.140004733E+04  -2.209174118E+49   4.355582834E+49   9.750716262E+48   3.121480342E+49   7.237883012E+49
   7.310003417E+04  -2.209162958E+49   4.354514812E+49   9.763437779E+48   3.121695632E+49   7.238098302E+49
   7.480002137E+04  -2.209152513E+49   4.353387199E+49   9.776574465E+48   3.121892133E+49   7.238294802E+49
   7.650000892E+04  -2.209143034E+49   4.352214456E+49   9.790072255E+48   3.122078647E+49   7.238481317E+49
   7.820004968E+04  -2.209130898E+49   4.350980361E+49   9.804100745E+48   3.122259538E+49   7.238662208E+49
   7.990003794E+04  -2.209120769E+49   4.349682818E+49   9.818647108E+48   3.122426760E+49   7.238829430E+49
   8.160002654E+04  -2.209110354E+49   4.348350866E+49   9.833364757E+48   3.122576988E+49   7.238979657E+49
   8.330001544E+04  -2.209098192E+49   4.347046756E+49   9.847720925E+48   3.122720657E+49   7.239123326E+49
   8.500000466E+04  -2.209088468E+49   4.345825895E+49   9.861286818E+48   3.122866109E+49   7.239268778E+49
   8.670004702E+04  -2.209077488E+49   4.344676641E+49   9.874008818E+48   3.123000035E+49   7.239402704E+49
   8.840003684E+04  -2.209065949E+49   4.343563656E+49   9.886262627E+48   3.123123969E+49   7.239526639E+49
   9.010002697E+04  -2.209056699E+49   4.342485111E+49   9.898278632E+48   3.123256275E+49   7.239658945E+49
   9.180001740E+04  -2.209045472E+49   4.341408889E+49   9.910136114E+48   3.123377028E+49   7.239779698E+49
   9.350000815E+04  -2.209034738E+49   4.340341274E+49   9.921895709E+48   3.123496107E+49   7.239898777E+49
   9.520005206E+04  -2.209025780E+49   4.339328326E+49   9.933403338E+48   3.123642880E+49   7.240045549E+49
   9.690004343E+04  -2.209014529E+49   4.338335265E+49   9.944709446E+48   3.123791681E+49   7.240194350E+49
   9.860003512E+04  -2.209004859E+49   4.337352814E+49   9.955955200E+48   3.123943476E+49   7.240346146E+49
   1.003000271E+05  -2.208995924E+49   4.336405833E+49   9.967129997E+48   3.124122908E+49   7.240525578E+49
   1.020000194E+05  -2.208984967E+49   4.335458556E+49   9.978334092E+48   3.124306998E+49   7.240709668E+49
   1.037000120E+05  -2.208976079E+49   4.334553675E+49   9.989406238E+48   3.124518220E+49   7.240920890E+49
   1.054000050E+05  -2.208967155E+49   4.333671448E+49   1.000035178E+49   3.124739471E+49   7.241142141E+49
   1.071000511E+05  -2.208956575E+49   4.332793235E+49   1.001123856E+49   3.124960516E+49   7.241363186E+49
   1.088000446E+05  -2.208948433E+49   4.331949847E+49   1.002200402E+49   3.125201815E+49   7.241604485E+49
   1.105000385E+05  -2.208939275E+49   4.331097383E+49   1.003279552E+49   3.125437661E+49   7.241840331E+49
   1.122000326E+05  -2.208929298E+49   4.330288537E+49   1.004337453E+49   3.125696692E+49   7.242099361E+49
   1.139000270E+05  -2.208921607E+49   4.329497590E+49   1.005371421E+49   3.125947404E+49   7.242350073E+49
   1.156000216E+05  -2.208912401E+49   4.328757201E+49   1.006367341E+49   3.126212141E+49   7.242614811E+49
   1.173000165E+05  -2.208902928E+49   4.328027077E+49   1.007343397E+49   3.126467545E+49   7.242870215E+49
   1.190000117E+05  -2.208895513E+49   4.327314424E+49   1.008307418E+49   3.126726329E+49   7.243128999E+49
   1.207000071E+05  -2.208886261E+49   4.326580927E+49   1.009283040E+49   3.126977706E+49   7.243380375E+49
   1.224000028E+05  -2.208877283E+49   4.325822968E+49   1.010282521E+49   3.127228206E+49   7.243630875E+49
   1.241000516E+05  -2.208870062E+49   4.325030075E+49   1.011317627E+49   3.127477640E+49   7.243880310E+49
   1.258000477E+05  -2.208860682E+49   4.324210619E+49   1.012377003E+49   3.127726940E+49   7.244129610E+49
   1.275000441E+05  -2.208852331E+49   4.323379151E+49   1.013449109E+49   3.127975929E+49   7.244378599E+49
   1.292000407E+05  -2.208845078E+49   4.322553769E+49   1.014516825E+49   3.128225516E+49   7.244628185E+49
   1.309000376E+05  -2.208835737E+49   4.321726723E+49   1.015577664E+49   3.128468651E+49   7.244871320E+49
   1.326000347E+05  -2.208827757E+49   4.320905188E+49   1.016630058E+49   3.128707489E+49   7.245110159E+49
   1.343000321E+05  -2.208820475E+49   4.320054959E+49   1.017693327E+49   3.128927812E+49   7.245330481E+49
   1.360000298E+05  -2.208811209E+49   4.319196799E+49   1.018763757E+49   3.129149347E+49   7.245552017E+49
   1.377000278E+05  -2.208803562E+49   4.318304749E+49   1.019856047E+49   3.129357234E+49   7.245759904E+49
   1.394000260E+05  -2.208796251E+49   4.317425053E+49   1.020948827E+49   3.129577629E+49   7.245980299E+49
   1.411000245E+05  -2.208787099E+49   4.316515139E+49   1.022052141E+49   3.129780181E+49   7.246182851E+49
   1.428000233E+05  -2.208779734E+49   4.315629466E+49   1.023141247E+49   3.129990979E+49   7.246393649E+49
   1.445000223E+05  -2.208772396E+49   4.314738433E+49   1.024216368E+49   3.130182405E+49   7.246585075E+49
   1.462000216E+05  -2.208763371E+49   4.313870654E+49   1.025266280E+49   3.130373562E+49   7.246776232E+49
   1.479000212E+05  -2.208756229E+49   4.313009341E+49   1.026303184E+49   3.130556296E+49   7.246958966E+49
   1.496000210E+05  -2.208748866E+49   4.312135387E+49   1.027342614E+49   3.130729135E+49   7.247131804E+49
   1.513000210E+05  -2.208739976E+49   4.311267166E+49   1.028376287E+49   3.130903477E+49   7.247306147E+49
   1.530000214E+05  -2.208733020E+49   4.310372730E+49   1.029419261E+49   3.131058971E+49   7.247461641E+49
   1.547000219E+05  -2.208725654E+49   4.309493941E+49   1.030455147E+49   3.131223434E+49   7.247626104E+49
   1.564000228E+05  -2.208716896E+49   4.308601066E+49   1.031494691E+49   3.131378862E+49   7.247781531E+49
   1.581000238E+05  -2.208710084E+49   4.307717328E+49   1.032531733E+49   3.131538977E+49   7.247941647E+49
   1.598000251E+05  -2.208702728E+49   4.306848517E+49   1.033555633E+49   3.131701423E+49   7.248104092E+49
   1.615000267E+05  -2.208694113E+49   4.305966890E+49   1.034576530E+49   3.131849308E+49   7.248251977E+49
   1.632000285E+05  -2.208687396E+49   4.305111923E+49   1.035582044E+49   3.132006571E+49   7.248409241E+49
   1.649000305E+05  -2.208680057E+49   4.304242469E+49   1.036592200E+49   3.132154612E+49   7.248557282E+49
   1.666000328E+05  -2.208671586E+49   4.303360285E+49   1.037618326E+49   3.132307025E+49   7.248709695E+49
   1.683000353E+05  -2.208664919E+49   4.302467118E+49   1.038669737E+49   3.132471936E+49   7.248874605E+49
   1.700000380E+05  -2.208657608E+49   4.301517989E+49   1.039774498E+49   3.132634879E+49   7.249037549E+49
   1.717000410E+05  -2.208649271E+49   4.300536916E+49   1.040926354E+49   3.132813998E+49   7.249216668E+49
   1.734000442E+05  -2.208642615E+49   4.299522489E+49   1.042119333E+49   3.132999207E+49   7.249401876E+49
   1.751000477E+05  -2.208635339E+49   4.298490845E+49   1.043336237E+49   3.133191744E+49   7.249594414E+49
   1.768000515E+05  -2.208627126E+49   4.297475660E+49   1.044552595E+49   3.133401129E+49   7.249803799E+49
   1.785000026E+05  -2.208620382E+49   4.296459013E+49   1.045765528E+49   3.133604159E+49   7.250006828E+49
   1.802000069E+05  -2.208613280E+49   4.295462313E+49   1.046959186E+49   3.133808219E+49   7.250210889E+49
   1.819000114E+05  -2.208605171E+49   4.294480182E+49   1.048131885E+49   3.134006896E+49   7.250409565E+49
   1.836000160E+05  -2.208598415E+49   4.293504538E+49   1.049286248E+49   3.134192371E+49   7.250595041E+49
   1.853000209E+05  -2.208591381E+49   4.292561466E+49   1.050411698E+49   3.134381783E+49   7.250784453E+49
   1.870000259E+05  -2.208583372E+49   4.291629738E+49   1.051522923E+49   3.134569288E+49   7.250971958E+49
   1.887000312E+05  -2.208576572E+49   4.290721171E+49   1.052616099E+49   3.134760698E+49   7.251163367E+49
   1.904000366E+05  -2.208569577E+49   4.289856181E+49   1.053673877E+49   3.134960481E+49   7.251363151E+49
   1.921000422E+05  -2.208561652E+49   4.289024406E+49   1.054691760E+49   3.135154513E+49   7.251557183E+49
   1.938000481E+05  -2.208554793E+49   4.288257273E+49   1.055652214E+49   3.135354694E+49   7.251757364E+49
   1.955000013E+05  -2.208547861E+49   4.287536414E+49   1.056563869E+49   3.135552423E+49   7.251955092E+49
   1.972000076E+05  -2.208540016E+49   4.286847415E+49   1.057436185E+49   3.135743585E+49   7.252146255E+49
   1.989000141E+05  -2.208533011E+49   4.286204464E+49   1.058264593E+49   3.135936047E+49   7.252338716E+49
   2.006000208E+05  -2.208526153E+49   4.285577176E+49   1.059064393E+49   3.136115417E+49   7.252518087E+49
   2.023000277E+05  -2.208518363E+49   4.284981665E+49   1.059830991E+49   3.136294293E+49   7.252696963E+49
   2.040000349E+05  -2.208511266E+49   4.284418752E+49   1.060569776E+49   3.136477262E+49   7.252879932E+49
   2.057000423E+05  -2.208504413E+49   4.283884430E+49   1.061284710E+49   3.136664727E+49   7.253067396E+49
   2.074000500E+05  -2.208496695E+49   4.283406798E+49   1.061954018E+49   3.136864121E+49   7.253266791E+49
   2.091000051E+05  -2.208489483E+49   4.282971985E+49   1.062576226E+49   3.137058728E+49   7.253461398E+49
   2.108000133E+05  -2.208482692E+49   4.282601264E+49   1.063137594E+49   3.137256166E+49   7.253658836E+49
   2.125000217E+05  -2.208475110E+49   4.282283584E+49   1.063642577E+49   3.137451051E+49   7.253853721E+49
   2.142000303E+05  -2.208467812E+49   4.282010777E+49   1.064100072E+49   3.137643038E+49   7.254045707E+49
   2.159000391E+05  -2.208461021E+49   4.281789607E+49   1.064511955E+49   3.137840541E+49   7.254243210E+49
   2.176000481E+05  -2.208453513E+49   4.281578069E+49   1.064907705E+49   3.138032261E+49   7.254434931E+49
   2.193000044E+05  -2.208446117E+49   4.281384503E+49   1.065290491E+49   3.138228877E+49   7.254631547E+49
   2.210000139E+05  -2.208439296E+49   4.281181327E+49   1.065678516E+49   3.138420548E+49   7.254823217E+49
   2.227000235E+05  -2.208431913E+49   4.280969800E+49   1.066075324E+49   3.138613210E+49   7.255015880E+49
   2.244000333E+05  -2.208424411E+49   4.280753537E+49   1.066481731E+49   3.138810858E+49   7.255213528E+49
   2.261000434E+05  -2.208417528E+49   4.280517898E+49   1.066907920E+49   3.139008290E+49   7.255410960E+49
   2.278000008E+05  -2.208410246E+49   4.280289196E+49   1.067333916E+49   3.139212866E+49   7.255615536E+49
   2.295000112E+05  -2.208402654E+49   4.280054808E+49   1.067759575E+49   3.139411730E+49   7.255814399E+49
   2.312000219E+05  -2.208395656E+49   4.279843625E+49   1.068165200E+49   3.139613169E+49   7.256015838E+49
   2.329000328E+05  -2.208388456E+49   4.279643043E+49   1.068556241E+49   3.139810828E+49   7.256213498E+49
   2.346000439E+05  -2.208380823E+49   4.279458028E+49   1.068930878E+49   3.140008083E+49   7.256410753E+49
   2.363000023E+05  -2.208373684E+49   4.279292686E+49   1.069284846E+49   3.140203849E+49   7.256606519E+49
   2.380000137E+05  -2.208366575E+49   4.279137130E+49   1.069623714E+49   3.140394269E+49   7.256796938E+49
   2.397000254E+05  -2.208358929E+49   4.279006348E+49   1.069941171E+49   3.140588591E+49   7.256991261E+49
   2.414000373E+05  -2.208351640E+49   4.278870998E+49   1.070256231E+49   3.140775589E+49   7.257178259E+49
   2.431000494E+05  -2.208344545E+49   4.278750698E+49   1.070559461E+49   3.140965614E+49   7.257368284E+49
   2.448000089E+05  -2.208336932E+49   4.278621609E+49   1.070863420E+49   3.141148097E+49   7.257550767E+49
   2.465000214E+05  -2.208329457E+49   4.278495767E+49   1.071164810E+49   3.141331120E+49   7.257733790E+49
   2.482000342E+05  -2.208322366E+49   4.278361351E+49   1.071473647E+49   3.141512633E+49   7.257915303E+49
   2.499000473E+05  -2.208314797E+49   4.278220898E+49   1.071789528E+49   3.141695629E+49   7.258098299E+49
   2.516000076E+05  -2.208307201E+49   4.278080970E+49   1.072104873E+49   3.141878641E+49   7.258281310E+49
   2.533000211E+05  -2.208300061E+49   4.277937003E+49   1.072421810E+49   3.142058752E+49   7.258461422E+49
   2.550000347E+05  -2.208292616E+49   4.277803643E+49   1.072729875E+49   3.142240901E+49   7.258643571E+49
   2.567000485E+05  -2.208284890E+49   4.277658951E+49   1.073042083E+49   3.142416144E+49   7.258818814E+49
   2.584000096E+05  -2.208277617E+49   4.277519742E+49   1.073351055E+49   3.142593181E+49   7.258995850E+49
   2.601000238E+05  -2.208270278E+49   4.277353673E+49   1.073679382E+49   3.142762777E+49   7.259165446E+49
   2.618000382E+05  -2.208262488E+49   4.277171795E+49   1.074024696E+49   3.142934004E+49   7.259336673E+49
   2.635000527E+05  -2.208255063E+49   4.276964376E+49   1.074393531E+49   3.143102845E+49   7.259505514E+49
   2.652000146E+05  -2.208247772E+49   4.276761408E+49   1.074764765E+49   3.143278400E+49   7.259681069E+49
   2.669000294E+05  -2.208239997E+49   4.276564264E+49   1.075131845E+49   3.143456111E+49   7.259858781E+49
   2.686000445E+05  -2.208232360E+49   4.276383461E+49   1.075483500E+49   3.143634601E+49   7.260037270E+49
   2.703000068E+05  -2.208225072E+49   4.276217606E+49   1.075814736E+49   3.143807270E+49   7.260209940E+49
   2.720000222E+05  -2.208217397E+49   4.276058579E+49   1.076131033E+49   3.143972215E+49   7.260374885E+49
   2.737000378E+05  -2.208209579E+49   4.275908896E+49   1.076438478E+49   3.144137795E+49   7.260540465E+49
   2.754000007E+05  -2.208202209E+49   4.275762253E+49   1.076744436E+49   3.144304481E+49   7.260707150E+49
   2.771000165E+05  -2.208194665E+49   4.275632370E+49   1.077037574E+49   3.144475278E+49   7.260877948E+49
   2.788000326E+05  -2.208186739E+49   4.275505889E+49   1.077322851E+49   3.144642002E+49   7.261044671E+49
   2.805000488E+05  -2.208179223E+49   4.275395505E+49   1.077592143E+49   3.144808426E+49   7.261211096E+49
   2.822000124E+05  -2.208171752E+49   4.275277401E+49   1.077861141E+49   3.144966790E+49   7.261369460E+49
   2.839000290E+05  -2.208163815E+49   4.275162576E+49   1.078128492E+49   3.145127253E+49   7.261529923E+49
   2.856000458E+05  -2.208156076E+49   4.275032197E+49   1.078409105E+49   3.145285226E+49   7.261687895E+49
   2.873000099E+05  -2.208148647E+49   4.274905471E+49   1.078691542E+49   3.145448367E+49   7.261851036E+49
   2.890000271E+05  -2.208140819E+49   4.274764095E+49   1.078984998E+49   3.145608275E+49   7.262010945E+49
   2.907000444E+05  -2.208132886E+49   4.274626018E+49   1.079276314E+49   3.145769446E+49   7.262172115E+49
   2.924000091E+05  -2.208125393E+49   4.274474925E+49   1.079573928E+49   3.145923461E+49   7.262326130E+49
   2.941000268E+05  -2.208117730E+49   4.274332588E+49   1.079865927E+49   3.146080786E+49   7.262483455E+49
   2.958000448E+05  -2.208109697E+49   4.274183107E+49   1.080161803E+49   3.146235214E+49   7.262637884E+49
   2.975000101E+05  -2.208102042E+49   4.274045936E+49   1.080449221E+49   3.146393115E+49   7.262795785E+49
   2.992000284E+05  -2.208094521E+49   4.273903626E+49   1.080737575E+49   3.146546680E+49   7.262949350E+49
   3.009000469E+05  -2.208086528E+49   4.273773879E+49   1.081015666E+49   3.146703017E+49   7.263105687E+49
   3.026000127E+05  -2.208078680E+49   4.273647577E+49   1.081288306E+49   3.146857204E+49   7.263259874E+49
   3.043000316E+05  -2.208071206E+49   4.273549168E+49   1.081538562E+49   3.147016524E+49   7.263419194E+49
   3.060000506E+05  -2.208063372E+49   4.273467939E+49   1.081769311E+49   3.147173878E+49   7.263576547E+49
   3.077000170E+05  -2.208055369E+49   4.273420103E+49   1.081968669E+49   3.147333403E+49   7.263736073E+49
   3.094000364E+05  -2.208047797E+49   4.273381695E+49   1.082152571E+49   3.147486470E+49   7.263889139E+49
   3.111000031E+05  -2.208040179E+49   4.273354888E+49   1.082325542E+49   3.147640251E+49   7.264042921E+49
   3.128000228E+05  -2.208032149E+49   4.273314269E+49   1.082508571E+49   3.147790690E+49   7.264193360E+49
   3.145000427E+05  -2.208024389E+49   4.273267742E+49   1.082701977E+49   3.147945330E+49   7.264347999E+49
   3.162000099E+05  -2.208016889E+49   4.273203669E+49   1.082913053E+49   3.148099833E+49   7.264502503E+49
   3.179000300E+05  -2.208008995E+49   4.273136317E+49   1.083130572E+49   3.148257894E+49   7.264660564E+49
   3.196000504E+05  -2.208001037E+49   4.273063407E+49   1.083353036E+49   3.148415406E+49   7.264818076E+49
   3.213000180E+05  -2.207993508E+49   4.272991641E+49   1.083573554E+49   3.148571687E+49   7.264974356E+49
   3.230000386E+05  -2.207985834E+49   4.272923970E+49   1.083788963E+49   3.148727100E+49   7.265129770E+49
   3.247000066E+05  -2.207977813E+49   4.272858892E+49   1.084000620E+49   3.148881699E+49   7.265284369E+49
   3.264000275E+05  -2.207970103E+49   4.272794406E+49   1.084211012E+49   3.149035315E+49   7.265437984E+49
   3.281000485E+05  -2.207962601E+49   4.272722847E+49   1.084426884E+49   3.149187131E+49   7.265589801E+49
   3.298000169E+05  -2.207954681E+49   4.272655955E+49   1.084641633E+49   3.149342907E+49   7.265745577E+49
   3.315000382E+05  -2.207946763E+49   4.272585950E+49   1.084858593E+49   3.149497780E+49   7.265900450E+49
   3.332000069E+05  -2.207939257E+49   4.272535228E+49   1.085060101E+49   3.149656072E+49   7.266058742E+49
   3.349000286E+05  -2.207931574E+49   4.272500927E+49   1.085243097E+49   3.149812450E+49   7.266215119E+49
   3.366000505E+05  -2.207923556E+49   4.272498643E+49   1.085397180E+49   3.149972266E+49   7.266374936E+49
   3.383000197E+05  -2.207915893E+49   4.272518700E+49   1.085527402E+49   3.150130208E+49   7.266532878E+49
   3.400000419E+05  -2.207908401E+49   4.272563465E+49   1.085632719E+49   3.150287783E+49   7.266690453E+49
   3.417000114E+05  -2.207900502E+49   4.272616886E+49   1.085725487E+49   3.150441871E+49   7.266844541E+49
   3.434000339E+05  -2.207892608E+49   4.272660638E+49   1.085825430E+49   3.150593459E+49   7.266996129E+49
   3.451000037E+05  -2.207885120E+49   4.272690487E+49   1.085940735E+49   3.150746102E+49   7.267148772E+49
   3.468000265E+05  -2.207877464E+49   4.272691357E+49   1.086083863E+49   3.150897756E+49   7.267300426E+49
   3.485000494E+05  -2.207869470E+49   4.272674502E+49   1.086248935E+49   3.151053967E+49   7.267456637E+49
   3.502000196E+05  -2.207861816E+49   4.272632459E+49   1.086438684E+49   3.151209327E+49   7.267611997E+49
   3.519000427E+05  -2.207854356E+49   4.272578724E+49   1.086641644E+49   3.151366012E+49   7.267768682E+49
   3.536000132E+05  -2.207846497E+49   4.272513937E+49   1.086854451E+49   3.151521891E+49   7.267924560E+49
   3.553000366E+05  -2.207838607E+49   4.272445596E+49   1.087071022E+49   3.151678011E+49   7.268080680E+49
   3.570000073E+05  -2.207831124E+49   4.272389373E+49   1.087279036E+49   3.151837284E+49   7.268239954E+49
   3.587000310E+05  -2.207823523E+49   4.272343034E+49   1.087475934E+49   3.151995445E+49   7.268398115E+49
   3.604000019E+05  -2.207815576E+49   4.272321227E+49   1.087649082E+49   3.152154733E+49   7.268557403E+49
   3.621000259E+05  -2.207807888E+49   4.272312659E+49   1.087804372E+49   3.152309143E+49   7.268711813E+49
   3.638000500E+05  -2.207800463E+49   4.272313460E+49   1.087949601E+49   3.152462598E+49   7.268865267E+49
   3.655000214E+05  -2.207792670E+49   4.272311063E+49   1.088096847E+49   3.152615240E+49   7.269017910E+49
   3.672000458E+05  -2.207784767E+49   4.272290261E+49   1.088260185E+49   3.152765679E+49   7.269168348E+49
   3.689000176E+05  -2.207777268E+49   4.272259276E+49   1.088437240E+49   3.152919248E+49   7.269321918E+49
   3.706000423E+05  -2.207769746E+49   4.272211128E+49   1.088630300E+49   3.153071681E+49   7.269474351E+49
   3.723000143E+05  -2.207761851E+49   4.272156255E+49   1.088830068E+49   3.153224472E+49   7.269627142E+49
   3.740000392E+05  -2.207754120E+49   4.272104016E+49   1.089028493E+49   3.153378390E+49   7.269781060E+49
   3.757000114E+05  -2.207746710E+49   4.272055002E+49   1.089222865E+49   3.153531157E+49   7.269933827E+49
   3.774000366E+05  -2.207739029E+49   4.272020666E+49   1.089404012E+49   3.153685649E+49   7.270088319E+49
   3.791000090E+05  -2.207731128E+49   4.271993467E+49   1.089575475E+49   3.153837814E+49   7.270240484E+49
   3.808000343E+05  -2.207723570E+49   4.271971319E+49   1.089741283E+49   3.153989031E+49   7.270391701E+49
   3.825000070E+05  -2.207716113E+49   4.271949427E+49   1.089906972E+49   3.154140287E+49   7.270542957E+49
   3.842000326E+05  -2.207708269E+49   4.271914059E+49   1.090083442E+49   3.154289233E+49   7.270691902E+49
   3.859000055E+05  -2.207700444E+49   4.271869749E+49   1.090270935E+49   3.154440240E+49   7.270842909E+49
   3.876000314E+05  -2.207693008E+49   4.271812846E+49   1.090471574E+49   3.154591412E+49   7.270994082E+49
   3.893000046E+05  -2.207685438E+49   4.271736723E+49   1.090689325E+49   3.154740610E+49   7.271143280E+49
   3.910000308E+05  -2.207677525E+49   4.271640949E+49   1.090924119E+49   3.154887542E+49   7.271290212E+49
   3.927000043E+05  -2.207669855E+49   4.271518099E+49   1.091182548E+49   3.155030792E+49   7.271433462E+49
   3.944000307E+05  -2.207662470E+49   4.271372221E+49   1.091464755E+49   3.155174506E+49   7.271577176E+49
   3.961000044E+05  -2.207654773E+49   4.271207685E+49   1.091766467E+49   3.155319379E+49   7.271722048E+49
   3.978000311E+05  -2.207646880E+49   4.271023909E+49   1.092085980E+49   3.155463009E+49   7.271865678E+49
   3.995000050E+05  -2.207639350E+49   4.270834100E+49   1.092413721E+49   3.155608472E+49   7.272011142E+49
   4.012000319E+05  -2.207631926E+49   4.270643717E+49   1.092742643E+49   3.155754434E+49   7.272157104E+49
   4.029000060E+05  -2.207624125E+49   4.270451729E+49   1.093070928E+49   3.155898532E+49   7.272301201E+49
   4.046000331E+05  -2.207616329E+49   4.270264750E+49   1.093395313E+49   3.156043733E+49   7.272446403E+49
   4.063000075E+05  -2.207608907E+49   4.270080943E+49   1.093716548E+49   3.156188585E+49   7.272591254E+49
   4.080000348E+05  -2.207601383E+49   4.269898393E+49   1.094035139E+49   3.156332149E+49   7.272734819E+49
   4.097000094E+05  -2.207593520E+49   4.269721279E+49   1.094348556E+49   3.156476315E+49   7.272878984E+49
   4.114000369E+05  -2.207585849E+49   4.269543573E+49   1.094661339E+49   3.156619063E+49   7.273021733E+49
   4.131000116E+05  -2.207578463E+49   4.269362211E+49   1.094977149E+49   3.156760897E+49   7.273163567E+49
   4.148000394E+05  -2.207570814E+49   4.269177959E+49   1.095296425E+49   3.156903570E+49   7.273306240E+49
   4.165000144E+05  -2.207562951E+49   4.268982205E+49   1.095625056E+49   3.157044310E+49   7.273446980E+49
   4.182000423E+05  -2.207555404E+49   4.268775046E+49   1.095964637E+49   3.157184278E+49   7.273586948E+49
   4.199000175E+05  -2.207547997E+49   4.268562074E+49   1.096311799E+49   3.157325877E+49   7.273728546E+49
   4.216000456E+05  -2.207540241E+49   4.268336163E+49   1.096668232E+49   3.157464154E+49   7.273866823E+49
   4.233000210E+05  -2.207532431E+49   4.268098183E+49   1.097035478E+49   3.157601229E+49   7.274003899E+49
   4.250000494E+05  -2.207524989E+49   4.267851425E+49   1.097413197E+49   3.157739633E+49   7.274142303E+49
   4.267000250E+05  -2.207517521E+49   4.267593204E+49   1.097801770E+49   3.157877453E+49   7.274280122E+49
   4.284000007E+05  -2.207509713E+49   4.267324492E+49   1.098199550E+49   3.158014329E+49   7.274416999E+49
   4.301000294E+05  -2.207501958E+49   4.267047760E+49   1.098605784E+49   3.158151586E+49   7.274554256E+49
   4.318000054E+05  -2.207494546E+49   4.266754713E+49   1.099025029E+49   3.158285197E+49   7.274687867E+49
   4.335000343E+05  -2.207487007E+49   4.266445189E+49   1.099459888E+49   3.158418070E+49   7.274820740E+49
   4.352000105E+05  -2.207479151E+49   4.266124727E+49   1.099906812E+49   3.158552388E+49   7.274955058E+49
   4.369000396E+05  -2.207471487E+49   4.265796337E+49   1.100362137E+49   3.158686987E+49   7.275089657E+49
   4.386000160E+05  -2.207464097E+49   4.265459022E+49   1.100825084E+49   3.158820009E+49   7.275222679E+49
   4.403000454E+05  -2.207456464E+49   4.265114857E+49   1.101294816E+49   3.158953209E+49   7.275355879E+49
   4.420000221E+05  -2.207448621E+49   4.264763800E+49   1.101772430E+49   3.159087609E+49   7.275490278E+49
   4.437000517E+05  -2.207441066E+49   4.264401430E+49   1.102260556E+49   3.159220920E+49   7.275623590E+49
   4.454000285E+05  -2.207433678E+49   4.264030456E+49   1.102757519E+49   3.159354297E+49   7.275756967E+49
   4.471000054E+05  -2.207425994E+49   4.263653561E+49   1.103261269E+49   3.159488836E+49   7.275891505E+49
   4.488000352E+05  -2.207418156E+49   4.263267208E+49   1.103773513E+49   3.159622566E+49   7.276025235E+49
   4.505000123E+05  -2.207410653E+49   4.262869102E+49   1.104296554E+49   3.159755003E+49   7.276157673E+49
   4.522000424E+05  -2.207403241E+49   4.262459467E+49   1.104831409E+49   3.159887635E+49   7.276290305E+49
   4.539000196E+05  -2.207395485E+49   4.262037637E+49   1.105378383E+49   3.160020535E+49   7.276423205E+49
   4.556000499E+05  -2.207387689E+49   4.261604925E+49   1.105935967E+49   3.160153203E+49   7.276555872E+49
   4.573000273E+05  -2.207380235E+49   4.261164374E+49   1.106502005E+49   3.160286144E+49   7.276688814E+49
   4.590000049E+05  -2.207372768E+49   4.260714541E+49   1.107077178E+49   3.160418950E+49   7.276821620E+49
   4.607000354E+05  -2.207364962E+49   4.260251073E+49   1.107664105E+49   3.160550216E+49   7.276952886E+49
   4.624000131E+05  -2.207357211E+49   4.259776006E+49   1.108261715E+49   3.160680510E+49   7.277083180E+49
   4.641000438E+05  -2.207349784E+49   4.259298381E+49   1.108863588E+49   3.160812185E+49   7.277214855E+49
   4.658000217E+05  -2.207342253E+49   4.258822629E+49   1.109464098E+49   3.160944474E+49   7.277347144E+49
   4.675000526E+05  -2.207334413E+49   4.258348793E+49   1.110061475E+49   3.161075855E+49   7.277478524E+49
   4.692000307E+05  -2.207326714E+49   4.257878834E+49   1.110654983E+49   3.161207103E+49   7.277609773E+49
   4.709000090E+05  -2.207319286E+49   4.257411781E+49   1.111245719E+49   3.161338214E+49   7.277740884E+49
   4.726000401E+05  -2.207311728E+49   4.256942727E+49   1.111836993E+49   3.161467992E+49   7.277870662E+49
   4.743000185E+05  -2.207303905E+49   4.256469838E+49   1.112431292E+49   3.161597225E+49   7.277999894E+49
   4.760000497E+05  -2.207296243E+49   4.255993922E+49   1.113029396E+49   3.161727075E+49   7.278129744E+49
   4.777000282E+05  -2.207288820E+49   4.255515099E+49   1.113631095E+49   3.161857375E+49   7.278260044E+49
   4.794000068E+05  -2.207281222E+49   4.255030990E+49   1.114237545E+49   3.161987313E+49   7.278389983E+49
   4.811000383E+05  -2.207273389E+49   4.254538480E+49   1.114850428E+49   3.162115519E+49   7.278518188E+49
   4.828000170E+05  -2.207265764E+49   4.254038610E+49   1.115470407E+49   3.162243253E+49   7.278645923E+49
   4.845000486E+05  -2.207258354E+49   4.253532081E+49   1.116097868E+49   3.162371595E+49   7.278774265E+49
   4.862000274E+05  -2.207250724E+49   4.253018053E+49   1.116732625E+49   3.162499955E+49   7.278902624E+49
   4.879000062E+05  -2.207242912E+49   4.252497440E+49   1.117373595E+49   3.162628123E+49   7.279030792E+49
   4.896000380E+05  -2.207235301E+49   4.251973643E+49   1.118018324E+49   3.162756666E+49   7.279159335E+49
   4.913000169E+05  -2.207227865E+49   4.251450632E+49   1.118662585E+49   3.162885352E+49   7.279288021E+49
   4.930000487E+05  -2.207220215E+49   4.250931918E+49   1.119302512E+49   3.163014215E+49   7.279416884E+49
   4.947000278E+05  -2.207212411E+49   4.250417191E+49   1.119937625E+49   3.163142405E+49   7.279545075E+49
   4.964000069E+05  -2.207204809E+49   4.249905551E+49   1.120569494E+49   3.163270236E+49   7.279672906E+49
   4.981000389E+05  -2.207197372E+49   4.249397151E+49   1.121198796E+49   3.163398576E+49   7.279801246E+49
   4.998000181E+05  -2.207189708E+49   4.248891730E+49   1.121825138E+49   3.163527160E+49   7.279929830E+49
   5.015000502E+05  -2.207181900E+49   4.248387925E+49   1.122450036E+49   3.163656061E+49   7.280058731E+49
   5.032000295E+05  -2.207174318E+49   4.247883991E+49   1.123075371E+49   3.163785044E+49   7.280187714E+49
   5.049000088E+05  -2.207166859E+49   4.247378261E+49   1.123702708E+49   3.163914110E+49   7.280316779E+49
   5.066000411E+05  -2.207159189E+49   4.246867810E+49   1.124334398E+49   3.164043019E+49   7.280445688E+49
   5.083000205E+05  -2.207151396E+49   4.246349378E+49   1.124973947E+49   3.164171929E+49   7.280574599E+49
   5.100000528E+05  -2.207143810E+49   4.245824739E+49   1.125620553E+49   3.164301481E+49   7.280704151E+49
   5.117000323E+05  -2.207136323E+49   4.245293807E+49   1.126270904E+49   3.164428388E+49   7.280831058E+49
   5.134000119E+05  -2.207128640E+49   4.244759168E+49   1.126924361E+49   3.164554888E+49   7.280957558E+49
   5.151000443E+05  -2.207120824E+49   4.244220648E+49   1.127581821E+49   3.164681645E+49   7.281084315E+49
   5.168000240E+05  -2.207113213E+49   4.243680525E+49   1.128241679E+49   3.164808991E+49   7.281211661E+49
   5.185000038E+05  -2.207105715E+49   4.243141926E+49   1.128900468E+49   3.164936679E+49   7.281339349E+49
   5.202000364E+05  -2.207098028E+49   4.242604602E+49   1.129557205E+49   3.165063779E+49   7.281466448E+49
   5.219000163E+05  -2.207090230E+49   4.242066528E+49   1.130213734E+49   3.165190032E+49   7.281592702E+49
   5.236000490E+05  -2.207082615E+49   4.241527756E+49   1.130871434E+49   3.165316576E+49   7.281719245E+49
   5.253000290E+05  -2.207075110E+49   4.240989155E+49   1.131529352E+49   3.165443398E+49   7.281846067E+49
   5.270000090E+05  -2.207067435E+49   4.240451670E+49   1.132186151E+49   3.165570386E+49   7.281973056E+49
   5.287000419E+05  -2.207059620E+49   4.239916482E+49   1.132840688E+49   3.165697549E+49   7.282100219E+49
   5.304000220E+05  -2.207051979E+49   4.239382491E+49   1.133493534E+49   3.165824046E+49   7.282226715E+49
   5.321000022E+05  -2.207044451E+49   4.238844015E+49   1.134148867E+49   3.165948431E+49   7.282351100E+49
   5.338000353E+05  -2.207036767E+49   4.238299146E+49   1.134810420E+49   3.166072799E+49   7.282475469E+49
   5.355000156E+05  -2.207028947E+49   4.237751220E+49   1.135475580E+49   3.166197853E+49   7.282600522E+49
   5.372000488E+05  -2.207021273E+49   4.237205128E+49   1.136139181E+49   3.166323036E+49   7.282725705E+49
   5.389000292E+05  -2.207013730E+49   4.236660619E+49   1.136800861E+49   3.166447750E+49   7.282850420E+49
   5.406000097E+05  -2.207006056E+49   4.236114619E+49   1.137463346E+49   3.166571910E+49   7.282974580E+49
   5.423000431E+05  -2.206998229E+49   4.235566611E+49   1.138126876E+49   3.166695259E+49   7.283097928E+49
   5.440000238E+05  -2.206990535E+49   4.235018440E+49   1.138790747E+49   3.166818652E+49   7.283221321E+49
   5.457000044E+05  -2.206982983E+49   4.234468561E+49   1.139456164E+49   3.166941742E+49   7.283344412E+49
   5.474000380E+05  -2.206975325E+49   4.233915799E+49   1.140124394E+49   3.167064868E+49   7.283467538E+49
   5.491000188E+05  -2.206967506E+49   4.233361568E+49   1.140794321E+49   3.167188382E+49   7.283591052E+49
   5.508000524E+05  -2.206959780E+49   4.232806744E+49   1.141464913E+49   3.167311876E+49   7.283714546E+49
   5.525000333E+05  -2.206952214E+49   4.232248940E+49   1.142138412E+49   3.167435138E+49   7.283837807E+49
   5.542000142E+05  -2.206944568E+49   4.231683526E+49   1.142819119E+49   3.167558077E+49   7.283960747E+49
   5.559000480E+05  -2.206936744E+49   4.231107577E+49   1.143510201E+49   3.167681035E+49   7.284083704E+49
   5.576000290E+05  -2.206928990E+49   4.230521826E+49   1.144211522E+49   3.167804358E+49   7.284207028E+49
   5.593000100E+05  -2.206921395E+49   4.229928645E+49   1.144920476E+49   3.167927725E+49   7.284330395E+49
   5.610000439E+05  -2.206913773E+49   4.229328076E+49   1.145635412E+49   3.168049715E+49   7.284452384E+49
   5.627000250E+05  -2.206905979E+49   4.228720177E+49   1.146356582E+49   3.168170780E+49   7.284573450E+49
   5.644000061E+05  -2.206898200E+49   4.228105611E+49   1.147084478E+49   3.168291889E+49   7.284694559E+49
   5.661000402E+05  -2.206890597E+49   4.227487157E+49   1.147816676E+49   3.168413236E+49   7.284815905E+49
   5.678000214E+05  -2.206882984E+49   4.226869768E+49   1.148548159E+49   3.168534943E+49   7.284937612E+49
   5.695000026E+05  -2.206875206E+49   4.226253128E+49   1.149278247E+49   3.168656169E+49   7.285058839E+49
   5.712000368E+05  -2.206867387E+49   4.225631193E+49   1.150012294E+49   3.168776100E+49   7.285178769E+49
   5.729000181E+05  -2.206859738E+49   4.225002226E+49   1.150753366E+49   3.168895855E+49   7.285298524E+49
   5.746000523E+05  -2.206852134E+49   4.224367816E+49   1.151499889E+49   3.169015571E+49   7.285418241E+49
   5.763000337E+05  -2.206844361E+49   4.223728138E+49   1.152251268E+49   3.169135045E+49   7.285537715E+49
   5.780000151E+05  -2.206836526E+49   4.223079172E+49   1.153011499E+49   3.169254145E+49   7.285656815E+49
   5.797000494E+05  -2.206828836E+49   4.222417819E+49   1.153784341E+49   3.169373324E+49   7.285775993E+49
   5.814000309E+05  -2.206821214E+49   4.221745293E+49   1.154568401E+49   3.169492480E+49   7.285895149E+49
   5.831000124E+05  -2.206813461E+49   4.221064942E+49   1.155360367E+49   3.169611849E+49   7.286014518E+49
   5.848000468E+05  -2.206805590E+49   4.220382676E+49   1.156154700E+49   3.169731786E+49   7.286134456E+49
   5.865000283E+05  -2.206797841E+49   4.219703393E+49   1.156946016E+49   3.169851567E+49   7.286254237E+49
   5.882000099E+05  -2.206790206E+49   4.219023174E+49   1.157737575E+49   3.169970543E+49   7.286373213E+49
   5.899000444E+05  -2.206782478E+49   4.218336077E+49   1.158535751E+49   3.170089351E+49   7.286492021E+49
   5.916000260E+05  -2.206774617E+49   4.217643773E+49   1.159338418E+49   3.170207575E+49   7.286610245E+49
