  0.0000000000E+000  0.0000000000E+000
  1.7000939452E+003  1.4282848792E+034
  3.4000644258E+003  1.4282846884E+034
  5.1000880261E+003  1.4282844912E+034
  6.8000591574E+003  1.4282842961E+034
  8.5000835355E+003  1.4282841111E+034
  1.0200055396E+004  1.4282839404E+034
  1.1900080520E+004  1.4282837855E+034
  1.3600053175E+004  1.4282836476E+034
  1.5300079064E+004  1.4282835250E+034
  1.7000105364E+004  1.4282834154E+034
  1.8700079190E+004  1.4282833166E+034
  2.0400053640E+004  1.4282832266E+034
  2.2100081559E+004  1.4282831435E+034
  2.3800056892E+004  1.4282830659E+034
  2.5500085189E+004  1.4282829927E+034
  2.7200060757E+004  1.4282829232E+034
  2.8900089393E+004  1.4282828568E+034
  3.0600065491E+004  1.4282827931E+034
  3.2300094818E+004  1.4282827306E+034
  3.4000071746E+004  1.4282826693E+034
  3.5700101982E+004  1.4282826093E+034
  3.7400079854E+004  1.4282825508E+034
  3.9100058207E+004  1.4282824936E+034
  4.0800089869E+004  1.4282824376E+034
  4.2500069121E+004  1.4282823833E+034
  4.4200101629E+004  1.4282823302E+034
  4.5900081694E+004  1.4282822783E+034
  4.7600062167E+004  1.4282822274E+034
  4.9300095898E+004  1.4282821775E+034
  5.1000077212E+004  1.4282821295E+034
  5.2700058974E+004  1.4282820829E+034
  5.4400094045E+004  1.4282820372E+034
  5.6100076755E+004  1.4282819921E+034
  5.7800059961E+004  1.4282819478E+034
  5.9500096521E+004  1.4282819042E+034
  6.1200080734E+004  1.4282818599E+034
  6.2900065400E+004  1.4282818152E+034
  6.4600103344E+004  1.4282817708E+034
  6.6300088840E+004  1.4282817267E+034
  6.8000074689E+004  1.4282816831E+034
  6.9700060851E+004  1.4282816400E+034
  7.1400100180E+004  1.4282815972E+034
  7.3100087019E+004  1.4282815546E+034
  7.4800074215E+004  1.4282815119E+034
  7.6500061767E+004  1.4282814695E+034
  7.8200102521E+004  1.4282814273E+034
  7.9900090786E+004  1.4282813856E+034
  8.1600079385E+004  1.4282813451E+034
  8.3300068290E+004  1.4282813054E+034
  8.5000057501E+004  1.4282812664E+034
  8.6700099862E+004  1.4282812282E+034
  8.8400089684E+004  1.4240617445E+034
  9.0100079811E+004  1.4240629414E+034
  9.1800070248E+004  1.4240639260E+034
  9.3500060998E+004  1.4240640773E+034
  9.5200104905E+004  1.4240640057E+034
  9.6900096279E+004  1.4240639558E+034
  9.8600087966E+004  1.4240639744E+034
  1.0030007997E+005  1.4240611250E+034
  1.0200007227E+005  1.4240521947E+034
  1.0370006490E+005  1.4240477146E+034
  1.0540005782E+005  1.4240451233E+034
  1.0710010391E+005  1.4240436080E+034
  1.0880009746E+005  1.4240427546E+034
  1.1050009132E+005  1.4240425141E+034
  1.1220008545E+005  1.4240431655E+034
  1.1390007984E+005  1.4240443913E+034
  1.1560007448E+005  1.4240455037E+034
  1.1730006939E+005  1.4240464449E+034
  1.1900006456E+005  1.4240472523E+034
  1.2070005999E+005  1.4240533611E+034
  1.2240005566E+005  1.4240593768E+034
  1.2410010441E+005  1.4240624274E+034
  1.2580010055E+005  1.4240643818E+034
  1.2750009693E+005  1.4240657618E+034
  1.2920009355E+005  1.4240667881E+034
  1.3090009042E+005  1.4240581277E+034
  1.3260008755E+005  1.4240478007E+034
  1.3430008496E+005  1.4240415908E+034
  1.3600008264E+005  1.4240374731E+034
  1.3770008061E+005  1.4240345840E+034
  1.3940007884E+005  1.4240324794E+034
  1.4110007735E+005  1.4240374206E+034
  1.4280007612E+005  1.4240411880E+034
  1.4450007516E+005  1.4240430215E+034
  1.4620007445E+005  1.4240439940E+034
  1.4790007400E+005  1.4240445394E+034
  1.4960007382E+005  1.4240448625E+034
  1.5130007389E+005  1.4240358954E+034
  1.5300007421E+005  1.4240316154E+034
  1.5470007478E+005  1.4240297590E+034
  1.5640007560E+005  1.4240288917E+034
  1.5810007667E+005  1.4240285090E+034
  1.5980007797E+005  1.4240283846E+034
  1.6150007951E+005  1.4240238087E+034
  1.6320008130E+005  1.4240183210E+034
  1.6490008333E+005  1.4240136151E+034
  1.6660008560E+005  1.4240098158E+034
  1.6830008810E+005  1.4240067646E+034
  1.7000009085E+005  1.4240042992E+034
  1.7170009384E+005  1.4240099581E+034
  1.7340009708E+005  1.4240115259E+034
  1.7510010058E+005  1.4240120719E+034
  1.7680010432E+005  1.4240121692E+034
  1.7850005548E+005  1.4240120493E+034
  1.8020005973E+005  1.4240088857E+034
  1.8190006420E+005  1.4239959380E+034
  1.8360006886E+005  1.4239906141E+034
  1.8530007372E+005  1.4239879236E+034
  1.8700007877E+005  1.4239864467E+034
  1.8870008401E+005  1.4239856090E+034
  1.9040008945E+005  1.4239847695E+034
  1.9210009509E+005  1.4239787223E+034
  1.9380010095E+005  1.4239732490E+034
  1.9550005416E+005  1.4239689283E+034
  1.9720006044E+005  1.4239655279E+034
  1.9890006692E+005  1.4239628195E+034
  2.0060007362E+005  1.4239599918E+034
  2.0230008056E+005  1.4239616860E+034
  2.0400008774E+005  1.4239638151E+034
  2.0570009518E+005  1.4239654995E+034
  2.0740010286E+005  1.4239667600E+034
  2.0910005795E+005  1.4239676971E+034
  2.1080006612E+005  1.4239699638E+034
  2.1250007451E+005  1.4239696471E+034
  2.1420008311E+005  1.4239682571E+034
  2.1590009191E+005  1.4239668532E+034
  2.1760010091E+005  1.4239656220E+034
  2.1930005728E+005  1.4239645751E+034
  2.2100006670E+005  1.4239603874E+034
  2.2270007633E+005  1.4239559927E+034
  2.2440008617E+005  1.4239531174E+034
  2.2610009622E+005  1.4239511152E+034
  2.2780005363E+005  1.4239496624E+034
  2.2950006409E+005  1.4239485758E+034
  2.3120007477E+005  1.4239357907E+034
  2.3290008564E+005  1.4239245531E+034
  2.3460009671E+005  1.4239175226E+034
  2.3630005513E+005  1.4239127357E+034
  2.3800006659E+005  1.4239092736E+034
  2.3970007825E+005  1.4239066550E+034
  2.4140009013E+005  1.4239145522E+034
  2.4310010223E+005  1.4239184986E+034
  2.4480006172E+005  1.4239192463E+034
  2.4650007428E+005  1.4239187419E+034
  2.4820008708E+005  1.4239177498E+034
  2.4990010010E+005  1.4239165517E+034
  2.5160006049E+005  1.4239100821E+034
  2.5330007392E+005  1.4239056533E+034
  2.5500008754E+005  1.4239031771E+034
  2.5670010134E+005  1.4239016619E+034
  2.5840006249E+005  1.4239006623E+034
  2.6010007667E+005  1.4238997979E+034
  2.6180009102E+005  1.4239003855E+034
  2.6350010555E+005  1.4239005732E+034
  2.6520006741E+005  1.4239005492E+034
  2.6690008228E+005  1.4239004171E+034
  2.6860009732E+005  1.4239002286E+034
  2.7030005969E+005  1.4238982636E+034
  2.7200007508E+005  1.4238898315E+034
  2.7370009063E+005  1.4238838401E+034
  2.7540005350E+005  1.4238790586E+034
  2.7710006939E+005  1.4238751578E+034
  2.7880008544E+005  1.4238719334E+034
  2.8050010167E+005  1.4238698101E+034
  2.8220006523E+005  1.4238691444E+034
  2.8390008182E+005  1.4238682385E+034
  2.8560009861E+005  1.4238673833E+034
  2.8730006274E+005  1.4238666529E+034
  2.8900007990E+005  1.4238660481E+034
  2.9070009725E+005  1.4238623108E+034
  2.9240006195E+005  1.4238591389E+034
  2.9410007969E+005  1.4238581842E+034
  2.9580009762E+005  1.4238579484E+034
  2.9750006290E+005  1.4238579733E+034
  2.9920008122E+005  1.4238580879E+034
  3.0090009972E+005  1.4238555495E+034
  3.0260006556E+005  1.4238515457E+034
  3.0430008443E+005  1.4238484889E+034
  3.0600010347E+005  1.4238461600E+034
  3.0770006983E+005  1.4238443559E+034
  3.0940008923E+005  1.4238429279E+034
  3.1110005595E+005  1.4238470617E+034
  3.1280007566E+005  1.4238497807E+034
  3.1450009553E+005  1.4238511063E+034
  3.1620006271E+005  1.4238517647E+034
  3.1790008289E+005  1.4238520515E+034
  3.1960010322E+005  1.4238521222E+034
  3.2130007085E+005  1.4238468684E+034
  3.2300009148E+005  1.4238417908E+034
  3.2470005940E+005  1.4238379259E+034
  3.2640008031E+005  1.4238349914E+034
  3.2810010138E+005  1.4238327349E+034
  3.2980006974E+005  1.4238309671E+034
  3.3150009110E+005  1.4238266404E+034
  3.3320005978E+005  1.4238237455E+034
  3.3490008148E+005  1.4238217907E+034
  3.3660010335E+005  1.4238203147E+034
  3.3830007255E+005  1.4238191248E+034
  3.4000009476E+005  1.4238181281E+034
  3.4170006427E+005  1.4238160202E+034
  3.4340008677E+005  1.4238118826E+034
  3.4510005655E+005  1.4238079485E+034
  3.4680007932E+005  1.4238044980E+034
  3.4850010221E+005  1.4238015272E+034
  3.5020007240E+005  1.4237974448E+034
  3.5190009556E+005  1.4237873723E+034
  3.5360006600E+005  1.4237823461E+034
  3.5530008943E+005  1.4237792206E+034
  3.5700006013E+005  1.4237770503E+034
  3.5870008381E+005  1.4237754331E+034
  3.6040005477E+005  1.4237734645E+034
  3.6210007873E+005  1.4237705610E+034
  3.6380010284E+005  1.4237686632E+034
  3.6550007426E+005  1.4237673818E+034
  3.6720009868E+005  1.4237664340E+034
  3.6890007041E+005  1.4237656823E+034
  3.7060009514E+005  1.4237666438E+034
  3.7230006713E+005  1.4237715460E+034
  3.7400009207E+005  1.4237749389E+034
  3.7570006427E+005  1.4237772602E+034
  3.7740008941E+005  1.4237788863E+034
  3.7910006181E+005  1.4237800443E+034
  3.8080008716E+005  1.4237744656E+034
  3.8250005980E+005  1.4237668492E+034
  3.8420008543E+005  1.4237618346E+034
  3.8590005835E+005  1.4237582167E+034
  3.8760008426E+005  1.4237554767E+034
  3.8930005747E+005  1.4237533272E+034
  3.9100008366E+005  1.4237567928E+034
  3.9270005712E+005  1.4237577625E+034
  3.9440008355E+005  1.4237570017E+034
  3.9610005725E+005  1.4237556956E+034
  3.9780008391E+005  1.4237542436E+034
  3.9950005784E+005  1.4237528066E+034
  4.0120008473E+005  1.4237502603E+034
  4.0290005888E+005  1.4237481641E+034
  4.0460008598E+005  1.4237463492E+034
  4.0630006034E+005  1.4237448050E+034
  4.0800008764E+005  1.4237434824E+034
  4.0970006221E+005  1.4237423343E+034
  4.1140008972E+005  1.4237385264E+034
  4.1310006449E+005  1.4237343942E+034
  4.1480009222E+005  1.4237311292E+034
  4.1650006720E+005  1.4237285058E+034
  4.1820009513E+005  1.4237263442E+034
  4.1990007031E+005  1.4237245227E+034
  4.2160009845E+005  1.4237174805E+034
  4.2330007386E+005  1.4237123938E+034
  4.2500010221E+005  1.4237089312E+034
  4.2670007783E+005  1.4237064581E+034
  4.2840005356E+005  1.4237046162E+034
  4.3010008224E+005  1.4237025778E+034
  4.3180005820E+005  1.4236972008E+034
  4.3350008712E+005  1.4236942080E+034
  4.3520006331E+005  1.4236919418E+034
  4.3690009246E+005  1.4236901193E+034
  4.3860006889E+005  1.4236886049E+034
  4.4030009829E+005  1.4236892881E+034
  4.4200007493E+005  1.4236958160E+034
  4.4370010451E+005  1.4236996601E+034
  4.4540008134E+005  1.4237020693E+034
  4.4710005825E+005  1.4237036078E+034
  4.4880008809E+005  1.4237045948E+034
  4.5050006518E+005  1.4236993681E+034
  4.5220009521E+005  1.4236880679E+034
  4.5390007248E+005  1.4236810705E+034
  4.5560010270E+005  1.4236761762E+034
  4.5730008017E+005  1.4236725289E+034
  4.5900005772E+005  1.4236696905E+034
  4.6070008822E+005  1.4236671852E+034
  4.6240006597E+005  1.4236652497E+034
  4.6410009666E+005  1.4236641621E+034
  4.6580007459E+005  1.4236635000E+034
  4.6750010547E+005  1.4236630952E+034
  4.6920008359E+005  1.4236628450E+034
  4.7090006180E+005  1.4236588074E+034
  4.7260009294E+005  1.4236523462E+034
  4.7430007130E+005  1.4236474327E+034
  4.7600010258E+005  1.4236436396E+034
  4.7770008108E+005  1.4236406427E+034
  4.7940005966E+005  1.4236382237E+034
  4.8110009115E+005  1.4236414322E+034
  4.8280006985E+005  1.4236443864E+034
  4.8450010144E+005  1.4236455606E+034
  4.8620008023E+005  1.4236459360E+034
  4.8790005907E+005  1.4236458988E+034
  4.8960009081E+005  1.4236456372E+034
  4.9130006975E+005  1.4236465845E+034
  4.9300010159E+005  1.4236481175E+034
  4.9470008064E+005  1.4236498667E+034
  4.9640005974E+005  1.4236513846E+034
  4.9810009174E+005  1.4236526142E+034
  4.9980007095E+005  1.4236535859E+034
  5.0150010306E+005  1.4236467615E+034
  5.0320008235E+005  1.4236408709E+034
  5.0490006169E+005  1.4236366735E+034
  5.0660009391E+005  1.4236336071E+034
  5.0830007333E+005  1.4236313003E+034
  5.1000010563E+005  1.4236295179E+034
  5.1170008513E+005  1.4236408626E+034
  5.1340006470E+005  1.4236454146E+034
  5.1510009717E+005  1.4236475586E+034
  5.1680007686E+005  1.4236485314E+034
  5.1850005661E+005  1.4236488794E+034
  5.2020008926E+005  1.4236452402E+034
  5.2190006912E+005  1.4236284472E+034
  5.2360010188E+005  1.4236192046E+034
  5.2530008184E+005  1.4236131762E+034
  5.2700006184E+005  1.4236089962E+034
  5.2870009475E+005  1.4236059776E+034
  5.3040007485E+005  1.4236046476E+034
  5.3210005502E+005  1.4236066107E+034
  5.3380008810E+005  1.4236078922E+034
  5.3550006840E+005  1.4236085167E+034
  5.3720010162E+005  1.4236087042E+034
  5.3890008207E+005  1.4236086193E+034
  5.4060006258E+005  1.4236057651E+034
  5.4230009599E+005  1.4235988152E+034
  5.4400007661E+005  1.4235937168E+034
  5.4570005728E+005  1.4235899527E+034
  5.4740009085E+005  1.4235871071E+034
  5.4910007162E+005  1.4235848945E+034
  5.5080010529E+005  1.4235823442E+034
  5.5250008616E+005  1.4235778988E+034
  5.5420006706E+005  1.4235739072E+034
  5.5590010085E+005  1.4235705441E+034
  5.5760008183E+005  1.4235677348E+034
  5.5930006285E+005  1.4235653805E+034
  5.6100009676E+005  1.4235611979E+034
  5.6270007786E+005  1.4235595410E+034
  5.6440005899E+005  1.4235586889E+034
  5.6610009302E+005  1.4235580299E+034
  5.6780007423E+005  1.4235574239E+034
  5.6950005549E+005  1.4235568347E+034
  5.7120008963E+005  1.4235569305E+034
  5.7290007096E+005  1.4235542739E+034
  5.7460010516E+005  1.4235516526E+034
  5.7630008654E+005  1.4235493759E+034
  5.7800006796E+005  1.4235474371E+034
  5.7970010225E+005  1.4235457825E+034
  5.8140008372E+005  1.4235512055E+034
  5.8310006523E+005  1.4235548667E+034
  5.8480009961E+005  1.4235568927E+034
  5.8650008117E+005  1.4235580842E+034
  5.8820006276E+005  1.4235587905E+034
  5.8990009722E+005  1.4235591933E+034
  5.9160007886E+005  1.4235551865E+034
