  0.0000000000E+000  0.0000000000E+000
  1.7001882852E+003  1.4282845655E+034
  3.4001439216E+003  1.4282844605E+034
  5.1001279758E+003  1.4282847351E+034
  6.8001438253E+003  1.4282853313E+034
  8.5001793077E+003  1.4282853787E+034
  1.0200140139E+004  1.4282850971E+034
  1.1900118629E+004  1.4282847631E+034
  1.3600112161E+004  1.4282844313E+034
  1.5300120102E+004  1.4282840703E+034
  1.7000142557E+004  1.4282840615E+034
  1.8700182526E+004  1.4282848708E+034
  2.0400138124E+004  1.4282869340E+034
  2.2100106879E+004  1.4282874973E+034
  2.3800188954E+004  1.4282873647E+034
  2.5500182853E+004  1.4282871681E+034
  2.7200191327E+004  1.4282870193E+034
  2.8900114904E+004  1.4274997954E+034
  3.0600156586E+004  1.4274913838E+034
  3.2300113625E+004  1.4274857350E+034
  3.4000186680E+004  1.4274764365E+034
  3.5700173236E+004  1.4274664547E+034
  3.7400174416E+004  1.4274626600E+034
  3.9100190220E+004  1.4274702993E+034
  4.0800119305E+004  1.4274939835E+034
  4.2500162460E+004  1.4275327286E+034
  4.4200117158E+004  1.4275770425E+034
  4.5900185654E+004  1.4276193000E+034
  4.7600165692E+004  1.4276442329E+034
  4.9300158399E+004  1.4276487738E+034
  5.1000163834E+004  1.4276489504E+034
  5.2700182240E+004  1.4276487198E+034
  5.4400112513E+004  1.4276482482E+034
  5.6100156919E+004  1.4276467318E+034
  5.7800113191E+004  1.4276448265E+034
  5.9500183596E+004  1.4276431887E+034
  6.1200165864E+004  1.4276427235E+034
  6.2900161119E+004  1.4276423642E+034
  6.4600169361E+004  1.4276430701E+034
  6.6300190590E+004  1.4276445984E+034
  6.8000123668E+004  1.4276465239E+034
  6.9700170871E+004  1.4276486498E+034
  7.1400129696E+004  1.4276509460E+034
  7.3100201993E+004  1.4276532245E+034
  7.4800185468E+004  1.4276554546E+034
  7.6500181263E+004  1.4276575923E+034
  7.8200189378E+004  1.4276596216E+034
  7.9900108670E+004  1.4276615363E+034
  8.1600141859E+004  1.4276629957E+034
  8.3300188343E+004  1.4276646335E+034
  8.5000146978E+004  1.4276661282E+034
  8.6700118910E+004  1.4276674625E+034
  8.8400104139E+004  1.4276685866E+034
  9.0100102665E+004  1.4276695661E+034
  9.1800114630E+004  1.4276704815E+034
  9.3500140148E+004  1.4276711857E+034
  9.5200179217E+004  1.4276717765E+034
  9.6900130687E+004  1.4276722647E+034
  9.8600196861E+004  1.4276726654E+034
  1.0030017543E+005  1.4276730287E+034
  1.0200016737E+005  1.4276734647E+034
  1.0370017257E+005  1.4276737169E+034
  1.0540019104E+005  1.4276738805E+034
  1.0710012163E+005  1.4276739951E+034
  1.0880016665E+005  1.4276740787E+034
  1.1050012378E+005  1.4276741156E+034
  1.1220019538E+005  1.4276740726E+034
  1.1390017916E+005  1.4276740995E+034
  1.1560017628E+005  1.4276741556E+034
  1.1730018672E+005  1.4276742226E+034
  1.1900010934E+005  1.4276742976E+034
  1.2070014640E+005  1.4276744064E+034
  1.2240019641E+005  1.4276745564E+034
  1.2410015810E+005  1.4276747030E+034
  1.2580013265E+005  1.4276748650E+034
  1.2750012005E+005  1.4276750499E+034
  1.2920012030E+005  1.4276752589E+034
  1.3090013322E+005  1.4276755125E+034
  1.3260015788E+005  1.4276757158E+034
  1.3430019414E+005  1.4276758621E+034
  1.3600014081E+005  1.4276759750E+034
  1.3770020025E+005  1.4276760660E+034
  1.3940017012E+005  1.4276761414E+034
  1.4110015170E+005  1.4276761854E+034
  1.4280014541E+005  1.4276762607E+034
  1.4450015129E+005  1.4276763263E+034
  1.4620016934E+005  1.4276763850E+034
  1.4790019955E+005  1.4276764402E+034
  1.4960014073E+005  1.4276764858E+034
  1.5130019474E+005  1.4276765375E+034
  1.5300015811E+005  1.4276765084E+034
  1.5470013196E+005  1.4276764893E+034
  1.5640011630E+005  1.4276764888E+034
  1.5810011112E+005  1.4276765046E+034
  1.5980011642E+005  1.4276765341E+034
  1.6150013319E+005  1.4276765428E+034
  1.6320016299E+005  1.4276766321E+034
  1.6490010464E+005  1.4276767365E+034
  1.6660016052E+005  1.4276768359E+034
  1.6830012826E+005  1.4276769291E+034
  1.7000010906E+005  1.4276770188E+034
  1.7170010192E+005  1.4276771281E+034
  1.7340010588E+005  1.4276771989E+034
  1.7510012093E+005  1.4276772658E+034
  1.7680014707E+005  1.4276773402E+034
  1.7850018432E+005  1.4276774225E+034
  1.8020013149E+005  1.4276775041E+034
  1.8190019148E+005  1.4276775341E+034
  1.8360016223E+005  1.4276776056E+034
  1.8530014495E+005  1.4276776968E+034
  1.8700013962E+005  1.4276777957E+034
  1.8870014626E+005  1.4276778973E+034
  1.9040016487E+005  1.4276780267E+034
  1.9210019554E+005  1.4276782211E+034
  1.9380013710E+005  1.4276783730E+034
  1.9550019195E+005  1.4276784975E+034
  1.9720015771E+005  1.4276786054E+034
  1.9890013556E+005  1.4276787024E+034
  2.0060012553E+005  1.4276787757E+034
  2.0230012799E+005  1.4276788599E+034
  2.0400014303E+005  1.4276789560E+034
  2.0570017065E+005  1.4276790630E+034
  2.0740010966E+005  1.4276791759E+034
  2.0910016245E+005  1.4276792903E+034
  2.1080012650E+005  1.4276794243E+034
  2.1250010210E+005  1.4276795947E+034
  2.1420019028E+005  1.4276797586E+034
  2.1590018864E+005  1.4276799120E+034
  2.1760019839E+005  1.4276800555E+034
  2.1930011832E+005  1.4276801897E+034
  2.2100015061E+005  1.4276802706E+034
  2.2270019308E+005  1.4276803365E+034
  2.2440014442E+005  1.4276804451E+034
  2.2610010583E+005  1.4276805815E+034
  2.2780017851E+005  1.4276807332E+034
  2.2950016005E+005  1.4276808913E+034
  2.3120015195E+005  1.4276810641E+034
  2.3290015505E+005  1.4276812079E+034
  2.3460016939E+005  1.4276813146E+034
  2.3630019497E+005  1.4276813912E+034
  2.3800013058E+005  1.4276814454E+034
  2.3970017864E+005  1.4276814833E+034
  2.4140013680E+005  1.4276814311E+034
  2.4310010641E+005  1.4276813700E+034
  2.4480018871E+005  1.4276813235E+034
  2.4650018125E+005  1.4276812858E+034
  2.4820018525E+005  1.4276812516E+034
  2.4990020072E+005  1.4276812170E+034
  2.5160012567E+005  1.4276813220E+034
  2.5330016159E+005  1.4276814357E+034
  2.5500010603E+005  1.4276815235E+034
  2.5670016143E+005  1.4276815898E+034
  2.5840012537E+005  1.4276816381E+034
  2.6010020026E+005  1.4276816824E+034
  2.6180018463E+005  1.4276818368E+034
  2.6350018045E+005  1.4276819435E+034
  2.6520018771E+005  1.4276820213E+034
  2.6690010519E+005  1.4276820743E+034
  2.6860013535E+005  1.4276821057E+034
  2.7030017693E+005  1.4276820929E+034
  2.7200012824E+005  1.4276819430E+034
  2.7370019145E+005  1.4276818133E+034
  2.7540016412E+005  1.4276816966E+034
  2.7710014747E+005  1.4276815866E+034
  2.7880014150E+005  1.4276814792E+034
  2.8050014619E+005  1.4276813837E+034
  2.8220016102E+005  1.4276813376E+034
  2.8390018583E+005  1.4276812899E+034
  2.8560011937E+005  1.4276812363E+034
  2.8730016412E+005  1.4276811768E+034
  2.8900011761E+005  1.4276811123E+034
  2.9070018233E+005  1.4276810429E+034
  2.9240015617E+005  1.4276809871E+034
  2.9410014043E+005  1.4276809277E+034
  2.9580013511E+005  1.4276808639E+034
  2.9750014021E+005  1.4276807942E+034
  2.9920015573E+005  1.4276807185E+034
  3.0090018176E+005  1.4276806717E+034
  3.0260011750E+005  1.4276806237E+034
  3.0430016550E+005  1.4276805801E+034
  3.0600012328E+005  1.4276805309E+034
  3.0770019332E+005  1.4276804735E+034
  3.0940017314E+005  1.4276804080E+034
  3.1110016382E+005  1.4276803445E+034
  3.1280016482E+005  1.4276802635E+034
  3.1450017610E+005  1.4276801642E+034
  3.1620019765E+005  1.4276800605E+034
  3.1790012824E+005  1.4276799583E+034
  3.1960017034E+005  1.4276798589E+034
  3.2130012130E+005  1.4276798212E+034
  3.2300018319E+005  1.4276797888E+034
  3.2470015353E+005  1.4276797344E+034
  3.2640013354E+005  1.4276796613E+034
  3.2810012324E+005  1.4276795733E+034
  3.2980012262E+005  1.4276794747E+034
  3.3150013149E+005  1.4276793178E+034
  3.3320014960E+005  1.4276791496E+034
  3.3490017692E+005  1.4276790079E+034
  3.3660011222E+005  1.4276788889E+034
  3.3830015799E+005  1.4276787862E+034
  3.4000011174E+005  1.4276786941E+034
  3.4170017673E+005  1.4276786980E+034
  3.4340015125E+005  1.4276786951E+034
  3.4510013653E+005  1.4276786812E+034
  3.4680013260E+005  1.4276786554E+034
  3.4850013943E+005  1.4276786195E+034
  3.5020015704E+005  1.4276785650E+034
  3.5190018540E+005  1.4276784906E+034
  3.5360012324E+005  1.4276784221E+034
  3.5530017308E+005  1.4276783440E+034
  3.5700013239E+005  1.4276782602E+034
  3.5870010244E+005  1.4276781745E+034
  3.6040018447E+005  1.4276780815E+034
  3.6210017544E+005  1.4276779987E+034
  3.6380017641E+005  1.4276779422E+034
  3.6550018737E+005  1.4276779014E+034
  3.6720010706E+005  1.4276778657E+034
  3.6890013800E+005  1.4276778295E+034
  3.7060017885E+005  1.4276778057E+034
  3.7230012731E+005  1.4276778024E+034
  3.7400018560E+005  1.4276777777E+034
  3.7570015121E+005  1.4276777399E+034
  3.7740012539E+005  1.4276776949E+034
  3.7910010815E+005  1.4276776460E+034
  3.8080020086E+005  1.4276775828E+034
  3.8250020169E+005  1.4276774693E+034
  3.8420011079E+005  1.4276773583E+034
  3.8590013067E+005  1.4276772605E+034
  3.8760016008E+005  1.4276771756E+034
  3.8930019902E+005  1.4276771013E+034
  3.9100014630E+005  1.4276770186E+034
  3.9270010356E+005  1.4276769914E+034
  3.9440017210E+005  1.4276769887E+034
  3.9610014938E+005  1.4276769834E+034
  3.9780013668E+005  1.4276769711E+034
  3.9950013399E+005  1.4276769529E+034
  4.0120014109E+005  1.4276770770E+034
  4.0290015732E+005  1.4276771206E+034
  4.0460018264E+005  1.4276771096E+034
  4.0630011579E+005  1.4276770814E+034
  4.0800015931E+005  1.4276770478E+034
  4.0970011065E+005  1.4276770130E+034
  4.1140017208E+005  1.4276767938E+034
  4.1310014056E+005  1.4276766726E+034
  4.1480011733E+005  1.4276766094E+034
  4.1650010239E+005  1.4276765715E+034
  4.1820019703E+005  1.4276765454E+034
  4.1990019869E+005  1.4276765250E+034
  4.2160010742E+005  1.4276764753E+034
  4.2330012585E+005  1.4276764394E+034
  4.2500015270E+005  1.4276764134E+034
  4.2670018796E+005  1.4276763907E+034
  4.2840013036E+005  1.4276763693E+034
  4.3010018246E+005  1.4276763586E+034
  4.3180014168E+005  1.4276764677E+034
  4.3350010928E+005  1.4276765128E+034
  4.3520018655E+005  1.4276765233E+034
  4.3690017093E+005  1.4276765181E+034
  4.3860016369E+005  1.4276765055E+034
  4.4030016485E+005  1.4276764763E+034
  4.4200017449E+005  1.4276764538E+034
  4.4370019267E+005  1.4276764360E+034
  4.4540011811E+005  1.4276764096E+034
  4.4710015336E+005  1.4276763778E+034
  4.4880019716E+005  1.4276763425E+034
  4.5050014822E+005  1.4276763179E+034
  4.5220010786E+005  1.4276762579E+034
  4.5390017739E+005  1.4276762037E+034
  4.5560015423E+005  1.4276761635E+034
  4.5730013966E+005  1.4276761309E+034
  4.5900013370E+005  1.4276761021E+034
  4.6070013640E+005  1.4276760795E+034
  4.6240014836E+005  1.4276760424E+034
  4.6410016972E+005  1.4276760063E+034
  4.6580020048E+005  1.4276759746E+034
  4.6750013936E+005  1.4276759439E+034
  4.6920018892E+005  1.4276759113E+034
  4.7090014651E+005  1.4276758663E+034
  4.7260011292E+005  1.4276758183E+034
  4.7430018939E+005  1.4276757726E+034
  4.7600017332E+005  1.4276757209E+034
  4.7770016602E+005  1.4276756611E+034
  4.7940016747E+005  1.4276755921E+034
  4.8110017760E+005  1.4276755197E+034
  4.8280019609E+005  1.4276754278E+034
  4.8450012163E+005  1.4276753125E+034
  4.8620015679E+005  1.4276752015E+034
  4.8790020030E+005  1.4276750997E+034
  4.8960015085E+005  1.4276750064E+034
  4.9130010972E+005  1.4276749236E+034
  4.9300017821E+005  1.4276748825E+034
  4.9470015370E+005  1.4276748384E+034
  4.9640013751E+005  1.4276747890E+034
  4.9810012962E+005  1.4276747365E+034
  4.9980013004E+005  1.4276746828E+034
  5.0150013848E+005  1.4276746283E+034
  5.0320015448E+005  1.4276745523E+034
  5.0490017803E+005  1.4276744843E+034
  5.0660010783E+005  1.4276744240E+034
  5.0830014649E+005  1.4276743703E+034
  5.1000019270E+005  1.4276743222E+034
  5.1170014603E+005  1.4276742817E+034
  5.1340010864E+005  1.4276742497E+034
  5.1510018184E+005  1.4276742213E+034
  5.1680016302E+005  1.4276741951E+034
  5.1850015348E+005  1.4276741694E+034
  5.2020015322E+005  1.4276741466E+034
  5.2190016082E+005  1.4276741016E+034
  5.2360017539E+005  1.4276740659E+034
  5.2530019692E+005  1.4276740354E+034
  5.2700012412E+005  1.4276740047E+034
  5.2870015959E+005  1.4276739718E+034
  5.3040020203E+005  1.4276739498E+034
  5.3210014995E+005  1.4276739329E+034
  5.3380010459E+005  1.4276738856E+034
  5.3550016727E+005  1.4276738266E+034
  5.3720013536E+005  1.4276737607E+034
  5.3890011017E+005  1.4276736887E+034
  5.4060019302E+005  1.4276735983E+034
  5.4230018124E+005  1.4276735320E+034
  5.4400017614E+005  1.4276734639E+034
  5.4570017772E+005  1.4276733835E+034
  5.4740018598E+005  1.4276732911E+034
  5.4910020091E+005  1.4276731870E+034
  5.5080012145E+005  1.4276730973E+034
  5.5250015181E+005  1.4276729811E+034
  5.5420019099E+005  1.4276728495E+034
  5.5590013768E+005  1.4276727091E+034
  5.5760019449E+005  1.4276725571E+034
  5.5930015881E+005  1.4276723917E+034
  5.6100013164E+005  1.4276722090E+034
  5.6270011168E+005  1.4276720132E+034
  5.6440020012E+005  1.4276717790E+034
  5.6610019430E+005  1.4276715170E+034
  5.6780019556E+005  1.4276712334E+034
  5.6950010257E+005  1.4276709296E+034
  5.7120011825E+005  1.4276705795E+034
  5.7290014210E+005  1.4276701782E+034
  5.7460017417E+005  1.4276697678E+034
  5.7630011314E+005  1.4276693561E+034
  5.7800016165E+005  1.4276689344E+034
  5.7970011706E+005  1.4276684967E+034
  5.8140018155E+005  1.4276681702E+034
  5.8310015161E+005  1.4276678508E+034
  5.8480012854E+005  1.4276674758E+034
  5.8650011234E+005  1.4276670512E+034
  5.8820010301E+005  1.4276665890E+034
  5.8990020187E+005  1.4276660985E+034
  5.9160010500E+005  1.4276656184E+034
  5.9330011646E+005  1.4276651526E+034
  5.9500013491E+005  1.4276646757E+034
  5.9670016036E+005  1.4276641842E+034
  5.9840019280E+005  1.4276636736E+034
  6.0010013092E+005  1.4276631278E+034
  6.0180017815E+005  1.4276621990E+034
  6.0350013249E+005  1.4276614763E+034
  6.0520019657E+005  1.4276607968E+034
  6.0690016775E+005  1.4276601155E+034
  6.0860014735E+005  1.4276594288E+034
  6.1030013535E+005  1.4276588044E+034
  6.1200013095E+005  1.4276583420E+034
  6.1370013370E+005  1.4276577647E+034
  6.1540014360E+005  1.4276571658E+034
  6.1710016066E+005  1.4276565558E+034
  6.1880018488E+005  1.4276559311E+034
  6.2050011492E+005  1.4276553002E+034
  6.2220015343E+005  1.4276546064E+034
  6.2390019905E+005  1.4276538594E+034
  6.2560015047E+005  1.4276530851E+034
  6.2730010901E+005  1.4276523014E+034
  6.2900017601E+005  1.4276515186E+034
  6.3070014881E+005  1.4276507476E+034
  6.3240012892E+005  1.4276499375E+034
  6.3410011638E+005  1.4276491593E+034
  6.3580011119E+005  1.4276484006E+034
  6.3750011335E+005  1.4276476525E+034
  6.3920012286E+005  1.4276469118E+034
  6.4090013971E+005  1.4276459854E+034
  6.4260016394E+005  1.4276452705E+034
  6.4430019555E+005  1.4276445904E+034
  6.4600013320E+005  1.4276439302E+034
  6.4770017956E+005  1.4276432778E+034
  6.4940013196E+005  1.4276426143E+034
  6.5110019308E+005  1.4276422695E+034
  6.5280016027E+005  1.4276415244E+034
  6.5450013486E+005  1.4276402057E+034
  6.5620011687E+005  1.4276372265E+034
  6.5790010628E+005  1.4276280269E+034
  6.5960010310E+005  1.4275894922E+034
  6.6130010719E+005  1.4274020759E+034
  6.6300011821E+005  1.4274352601E+034
  6.6470013615E+005  1.4230445557E+034
  6.6640016100E+005  1.4233265047E+034
  6.6810019278E+005  1.4238516230E+034
  6.6980013013E+005  1.4243863606E+034
  6.7150017572E+005  1.4248614026E+034
  6.7320012685E+005  1.4253434446E+034
  6.7490018619E+005  1.4257809378E+034
  6.7660015106E+005  1.4261700286E+034
  6.7830012280E+005  1.4265527555E+034
  6.8000010141E+005  1.4269150848E+034
  6.8170018810E+005  1.4272582871E+034
  6.8340018001E+005  1.4274849485E+034
  6.8510017850E+005  1.4277488417E+034
  6.8680018356E+005  1.4280131274E+034
  6.8850019520E+005  1.4280406095E+034
  6.9020011207E+005  1.4282399824E+034
  6.9190013719E+005  1.4283316506E+034
  6.9360016941E+005  1.4283277732E+034
  6.9530010739E+005  1.4283292762E+034
  6.9700015382E+005  1.4283328156E+034
  6.9870010600E+005  1.4283348666E+034
  7.0040016663E+005  1.4283364292E+034
  7.0210013288E+005  1.4283332925E+034
  7.0380010606E+005  1.4283328345E+034
  7.0550018752E+005  1.4283327682E+034
  7.0720017454E+005  1.4283327659E+034
  7.0890016849E+005  1.4283332647E+034
  7.1060016937E+005  1.4283345124E+034
  7.1230017716E+005  1.4283358444E+034
  7.1400019188E+005  1.4283369812E+034
  7.1570011216E+005  1.4283376700E+034
  7.1740014071E+005  1.4283379457E+034
  7.1910017618E+005  1.4283380629E+034
  7.2080011718E+005  1.4283381862E+034
  7.2250016621E+005  1.4283383509E+034
  7.2420012053E+005  1.4283384880E+034
  7.2590018285E+005  1.4283396717E+034
  7.2760015044E+005  1.4283396140E+034
  7.2930012468E+005  1.4283395645E+034
  7.3100010538E+005  1.4283395224E+034
  7.3270019316E+005  1.4283394864E+034
  7.3440018521E+005  1.4283394554E+034
  7.3610018290E+005  1.4283394287E+034
  7.3780018622E+005  1.4283394058E+034
  7.3950019518E+005  1.4283393864E+034
  7.4120010845E+005  1.4283393702E+034
  7.4290012886E+005  1.4283393568E+034
  7.4460015506E+005  1.4283393458E+034
  7.4630018705E+005  1.4283393370E+034
  7.4800012347E+005  1.4283393300E+034
  7.4970016704E+005  1.4283393248E+034
  7.5140011522E+005  1.4283393212E+034
  7.5310017107E+005  1.4283393195E+034
  7.5480013187E+005  1.4283393197E+034
  7.5650020035E+005  1.4283393215E+034
  7.5820017379E+005  1.4283393248E+034
  7.5990015354E+005  1.4283393290E+034
  7.6160014012E+005  1.4283393337E+034
  7.6330013413E+005  1.4283393381E+034
  7.6500013558E+005  1.4283393413E+034
  7.6670014447E+005  1.4283393422E+034
  7.6840016081E+005  1.4283393396E+034
  7.7010018458E+005  1.4283393324E+034
  7.7180011337E+005  1.4283393191E+034
  7.7350014909E+005  1.4283392990E+034
  7.7520019035E+005  1.4283392732E+034
  7.7690013579E+005  1.4283392430E+034
  7.7860018816E+005  1.4283392104E+034
  7.8030014473E+005  1.4283391775E+034
  7.8200010794E+005  1.4283391461E+034
  7.8370017972E+005  1.4283391171E+034
  7.8540015734E+005  1.4283390931E+034
  7.8710014216E+005  1.4283373962E+034
  7.8880013418E+005  1.4283372890E+034
  7.9050013340E+005  1.4283371685E+034
  7.9220013976E+005  1.4283370405E+034
  7.9390015324E+005  1.4283369113E+034
  7.9560017383E+005  1.4283367875E+034
  7.9730020155E+005  1.4283366752E+034
  7.9900013501E+005  1.4283365731E+034
  8.0070017695E+005  1.4283364768E+034
  8.0240012450E+005  1.4283363814E+034
  8.0410018039E+005  1.4283362814E+034
  8.0580014186E+005  1.4283361702E+034
  8.0750011030E+005  1.4283360410E+034
  8.0920018706E+005  1.4283358863E+034
  8.1090016934E+005  1.4283356978E+034
  8.1260015809E+005  1.4283354740E+034
  8.1430015326E+005  1.4283352172E+034
  8.1600015485E+005  1.4283349283E+034
  8.1770016286E+005  1.4283346104E+034
  8.1940017729E+005  1.4283342689E+034
  8.2110019796E+005  1.4283339107E+034
  8.2280012290E+005  1.4283335440E+034
  8.2450015481E+005  1.4283331779E+034
  8.2620019232E+005  1.4283328216E+034
  8.2790013403E+005  1.4283324753E+034
  8.2960018272E+005  1.4283321220E+034
  8.3130013571E+005  1.4283317687E+034
  8.3300019593E+005  1.4283314226E+034
  8.3470016064E+005  1.4283310893E+034
  8.3640013122E+005  1.4283307732E+034
  8.3810010767E+005  1.4283304779E+034
  8.3980019136E+005  1.4283302055E+034
  8.4150017944E+005  1.4283299570E+034
  8.4320017314E+005  1.4283297335E+034
  8.4490017245E+005  1.4283295355E+034
  8.4660017737E+005  1.4283293629E+034
  8.4830018791E+005  1.4283292143E+034
  8.5000010268E+005  1.4283290855E+034
  8.5170012458E+005  1.4283289721E+034
