 0001  0.9999999999957647E+000
 0002  0.9999999999957984E+000
 0003  0.9999999999957984E+000
 0004  0.9999999999958357E+000
 0005  0.9999999999958357E+000
 0006  0.9999999999958721E+000
 0007  0.9999999999958721E+000
 0008  0.9999999999959124E+000
 0009  0.9999999999959124E+000
 0010  0.9999999999959566E+000
 0011  0.9999999999959566E+000
 0012  0.9999999999959999E+000
 0013  0.9999999999959999E+000
 0014  0.9999999999960475E+000
 0015  0.9999999999960475E+000
 0016  0.9999999999960991E+000
 0017  0.9999999999960991E+000
 0018  0.9999999999961496E+000
 0019  0.9999999999961496E+000
 0020  0.9999999999962047E+000
 0021  0.9999999999962625E+000
 0022  0.9999999999962625E+000
 0023  0.9999999999963191E+000
 0024  0.9999999999963191E+000
 0025  0.9999999999963807E+000
 0026  0.9999999999963807E+000
 0027  0.9999999999964468E+000
 0028  0.9999999999965151E+000
 0029  0.9999999999965151E+000
 0030  0.9999999999965820E+000
 0031  0.9999999999966512E+000
 0032  0.9999999999966512E+000
 0033  0.9999999999967202E+000
 0034  0.9999999999967202E+000
 0035  0.9999999999967887E+000
 0036  0.9999999999968527E+000
 0037  0.9999999999968527E+000
 0038  0.9999999999913569E+000
 0039  0.9999999999762202E+000
 0040  0.9999999999762202E+000
 0041  0.9999999983070171E+000
 0042  0.9999999967555258E+000
 0043  0.9999999967555258E+000
 0044  0.9999999662148219E+000
 0045  0.9999999116555954E+000
 0046  0.9999999116555954E+000
 0047  0.9999996506463766E+000
 0048  0.9999994100431534E+000
 0049  0.9999983022792789E+000
 0050  0.9999983022792789E+000
 0051  0.9999945326453390E+000
 0052  0.9999870419373591E+000
 0053  0.9999801717770262E+000
 0054  0.9999801717770262E+000
 0055  0.9999645879809006E+000
 0056  0.9999424899620337E+000
 0057  0.9999018551360676E+000
 0058  0.9999018551360676E+000
 0059  0.9997042459464928E+000
 0060  0.9995253143437921E+000
 0061  0.9989411152437322E+000
 0062  0.9989411152437322E+000
 0063  0.9975958999647618E+000
 0064  0.9952780025604521E+000
 0065  0.9922218159332534E+000
 0066  0.9922218159332534E+000
 0067  0.9878492331743000E+000
 0068  0.9839615679455550E+000
 0069  0.9785786130519547E+000
 0070  0.9715269551039645E+000
 0071  0.9715269551039645E+000
 0072  0.9618231721135221E+000
 0073  0.9502178392245065E+000
 0074  0.9367397909159538E+000
 0075  0.9249038514936753E+000
 0076  0.9112996152534216E+000
 0077  0.9112996152534216E+000
 0078  0.8941417449623433E+000
 0079  0.8752669571925121E+000
 0080  0.8548390617595574E+000
 0081  0.8330819485911479E+000
 0082  0.8102620781416943E+000
 0083  0.8102620781416943E+000
 0084  0.7879721282115899E+000
 0085  0.7640451857521938E+000
 0086  0.7390618786672984E+000
 0087  0.7134960581070190E+000
 0088  0.6877134819164068E+000
 0089  0.6620498171030658E+000
 0090  0.6620498171030658E+000
 0091  0.6328359889054511E+000
 0092  0.6047992617591542E+000
 0093  0.5778039508034000E+000
 0094  0.5516617460731953E+000
 0095  0.5266589689516736E+000
 0096  0.5025769856961081E+000
 0097  0.4790910100176295E+000
 0098  0.4559818120949177E+000
 0099  0.4331090880123812E+000
 0100  0.4103904212787178E+000
 0101  0.3878769264113248E+000
 0102  0.3656663857573114E+000
 0103  0.3438608417077931E+000
 0104  0.3225424922153639E+000
 0105  0.3018020639763834E+000
 0106  0.2817284650252829E+000
 0107  0.2624021627302499E+000
 0108  0.2438912952416213E+000
 0109  0.2261032689670468E+000
 0110  0.2091649961277045E+000
 0111  0.1931562045313655E+000
 0112  0.1781202297373203E+000
 0113  0.1640726212270653E+000
 0114  0.1500058162084047E+000
 0115  0.1373194373235037E+000
 0116  0.1258654846854691E+000
 0117  0.1155149724223320E+000
 0118  0.1061549497146812E+000
 0119  0.9114093685223912E-001
 0120  0.8505827262791099E-001
 0121  0.7941524332745975E-001
 0122  0.7418897935622781E-001
 0123  0.6935669856722765E-001
 0124  0.6489585146613058E-001
 0125  0.6078425774370821E-001
 0126  0.5699178855450093E-001
 0127  0.5350190531863452E-001
 0128  0.5029727508755533E-001
 0129  0.4736023021874264E-001
 0130  0.4467312378347188E-001
 0131  0.4221860001927363E-001
 0132  0.3988129582809491E-001
 0133  0.3778075436398348E-001
 0134  0.3589216250902821E-001
 0135  0.3419342925485713E-001
 0136  0.3266490214573187E-001
 0137  0.3128907553197730E-001
 0138  0.2907797418497976E-001
 0139  0.2818466248201884E-001
 0140  0.2736453333550420E-001
 0141  0.2661137248583284E-001
 0142  0.2592037638183858E-001
 0143  0.2528698212484792E-001
 0144  0.2470687394104087E-001
 0145  0.2417598509304009E-001
 0146  0.2369049619099328E-001
 0147  0.2324683070215022E-001
 0148  0.2282931092842072E-001
 0149  0.2245132970138636E-001
 0150  0.2210906165755888E-001
 0151  0.2179906347394595E-001
 0152  0.2151823409093390E-001
 0153  0.2126377928111495E-001
 0154  0.2103318006546318E-001
 0155  0.2065612966409763E-001
 0156  0.2050149639392707E-001
 0157  0.2035916797978943E-001
 0158  0.2022822097377386E-001
 0159  0.2010779412023195E-001
 0160  0.1999708512769288E-001
 0161  0.1989534746393584E-001
 0162  0.1979970404891968E-001
 0163  0.1971235768882651E-001
 0164  0.1963257739865548E-001
 0165  0.1955969800078938E-001
 0166  0.1949309292829948E-001
 0167  0.1943221914813503E-001
 0168  0.1937658075821658E-001
 0169  0.1932572501463176E-001
 0170  0.1924114183494602E-001
 0171  0.1920589012657631E-001
 0172  0.1917327875693398E-001
 0173  0.1914311691178822E-001
 0174  0.1911469485588080E-001
 0175  0.1908852558318419E-001
 0176  0.1906442316560591E-001
 0177  0.1904222344423812E-001
 0178  0.1902177537601324E-001
 0179  0.1900293997921204E-001
 0180  0.1898558936430911E-001
 0181  0.1896960584320107E-001
 0182  0.1895488111043703E-001
 0183  0.1892999760324604E-001
 0184  0.1891946659539451E-001
 0185  0.1890950971097038E-001
 0186  0.1890027539766598E-001
 0187  0.1889171094920195E-001
 0188  0.1888376752475818E-001
 0189  0.1887639986385442E-001
 0190  0.1886956602238882E-001
 0191  0.1886322712825345E-001
 0192  0.1885734715137305E-001
 0193  0.1885189269929760E-001
 0194  0.1884683282289701E-001
 0195  0.1883810501338484E-001
 0196  0.1883434168068521E-001
 0197  0.1883083004839309E-001
 0198  0.1882755320526003E-001
 0199  0.1882449538199227E-001
 0200  0.1882164187370594E-001
 0201  0.1881897896768248E-001
 0202  0.1881649361203175E-001
 0203  0.1881417395723428E-001
 0204  0.1881200894384566E-001
 0205  0.1880996357039960E-001
 0206  0.1880642640943236E-001
 0207  0.1880489548582426E-001
 0208  0.1880345930321475E-001
 0209  0.1880211186234565E-001
 0210  0.1880084767495904E-001
 0211  0.1879966159200702E-001
 0212  0.1879854878273557E-001
 0213  0.1879749339807912E-001
 0214  0.1879650482987061E-001
 0215  0.1879557877543525E-001
 0216  0.1879395923639637E-001
 0217  0.1879325052397229E-001
 0218  0.1879258253317490E-001
 0219  0.1879195292222247E-001
 0220  0.1879135948394639E-001
 0221  0.1879079463754801E-001
 0222  0.1879026294751263E-001
 0223  0.1878976244078501E-001
 0224  0.1878929126320494E-001
 0225  0.1878845939578017E-001
 0226  0.1878809195888170E-001
 0227  0.1878774422396784E-001
 0228  0.1878741220071234E-001
 0229  0.1878709835391390E-001
 0230  0.1878680167586333E-001
 0231  0.1878652121540514E-001
 0232  0.1878625606310136E-001
 0233  0.1878600537398351E-001
 0234  0.1878555735386700E-001
 0235  0.1878535716633883E-001
 0236  0.1878516722740597E-001
 0237  0.1878498699949244E-001
 0238  0.1878481598094617E-001
 0239  0.1878465369627857E-001
 0240  0.1878449969478746E-001
 0241  0.1878435244409354E-001
 0242  0.1878408869735276E-001
 0243  0.1878397053312503E-001
 0244  0.1878385803882660E-001
 0245  0.1878375093975460E-001
 0246  0.1878364825836815E-001
 0247  0.1878355057016917E-001
 0248  0.1878345762820516E-001
 0249  0.1878329004049678E-001
 0250  0.1878320086799762E-001
 0251  0.1878307661352929E-001
 0252  0.1878276788250444E-001
 0253  0.1878222746618896E-001
 0254  0.1878140024062236E-001
 0255  0.1878023048521088E-001
 0256  0.1877605454911874E-001
 0257  0.1877283591869910E-001
 0258  0.1876895332978945E-001
 0259  0.1876436520952723E-001
 0260  0.1875902816339292E-001
 0261  0.1875279050293732E-001
 0262  0.1873560155924503E-001
 0263  0.1872582732140698E-001
 0264  0.1871506380986920E-001
 0265  0.1870330960478733E-001
 0266  0.1868905132436249E-001
 0267  0.1867380151093240E-001
 0268  0.1865757140907054E-001
 0269  0.1862315402737619E-001
 0270  0.1860319221143919E-001
 0271  0.1858236806700464E-001
 0272  0.1856070071248422E-001
 0273  0.1853813019232331E-001
 0274  0.1848980995571825E-001
 0275  0.1846418776967107E-001
 0276  0.1843784788372382E-001
 0277  0.1841081823662055E-001
 0278  0.1838306443640514E-001
 0279  0.1835284759666117E-001
 0280  0.1829224462372753E-001
 0281  0.1826188284187313E-001
 0282  0.1822932589934362E-001
 0283  0.1819638867301626E-001
 0284  0.1816309544519645E-001
 0285  0.1809695880660034E-001
 0286  0.1806256214459812E-001
 0287  0.1802792497551126E-001
 0288  0.1799306947850277E-001
 0289  0.1795798384180602E-001
 0290  0.1788598764349647E-001
 0291  0.1785062946790594E-001
 0292  0.1781516645088971E-001
 0293  0.1777825229708463E-001
 0294  0.1774135815391853E-001
 0295  0.1766796800323389E-001
 0296  0.1763152395341056E-001
 0297  0.1759515344069185E-001
 0298  0.1755886769795800E-001
 0299  0.1752152530957973E-001
 0300  0.1744885590714423E-001
 0301  0.1741245613610898E-001
 0302  0.1737625595423758E-001
 0303  0.1734024755313052E-001
 0304  0.1726931684223476E-001
 0305  0.1723441314514806E-001
 0306  0.1719971990555913E-001
 0307  0.1716437297297541E-001
 0308  0.1712930368987758E-001
 0309  0.1706052448796852E-001
 0310  0.1702681859383831E-001
 0311  0.1699338858788868E-001
 0312  0.1695949758728588E-001
 0313  0.1689390830259740E-001
 0314  0.1686149385690161E-001
 0315  0.1682938601818401E-001
 0316  0.1679758427406869E-001
 0317  0.1673481853576841E-001
 0318  0.1670446678173210E-001
 0319  0.1667383832301933E-001
 0320  0.1661459399976251E-001
 0321  0.1658542054269202E-001
 0322  0.1655654784555366E-001
 0323  0.1652797422324798E-001
 0324  0.1647175440508936E-001
 0325  0.1644413330788241E-001
 0326  0.1641681613638118E-001
 0327  0.1636356690884483E-001
 0328  0.1633761845784426E-001
 0329  0.1631157234347846E-001
 0330  0.1628582405388912E-001
 0331  0.1623567575870488E-001
 0332  0.1621125847078464E-001
 0333  0.1618678579218558E-001
 0334  0.1613915369571728E-001
 0335  0.1611597628449374E-001
 0336  0.1609277762527245E-001
 0337  0.1604790793320504E-001
 0338  0.1602594050665590E-001
 0339  0.1600422767521043E-001
 0340  0.1596171633323634E-001
 0341  0.1594091962575928E-001
 0342  0.1592036687895110E-001
 0343  0.1588014934117238E-001
 0344  0.1586048480040936E-001
 0345  0.1584105201482933E-001
 0346  0.1580285804077425E-001
 0347  0.1578428638790008E-001
 0348  0.1576575892603715E-001
 0349  0.1572972323606026E-001
 0350  0.1571219937649965E-001
 0351  0.1569472612755091E-001
 0352  0.1566073594179129E-001
 0353  0.1564406549656400E-001
 0354  0.1562759448155476E-001
 0355  0.1559541961180333E-001
 0356  0.1557971101570732E-001
 0357  0.1554902675953784E-001
 0358  0.1553404612711928E-001
 0359  0.1551913268437849E-001
 0360  0.1549011728243244E-001
 0361  0.1547590478466959E-001
 0362  0.1544824562231556E-001
 0363  0.1543469829623190E-001
 0364  0.1542122261477269E-001
 0365  0.1539499837794639E-001
 0366  0.1538216034738316E-001
 0367  0.1535709493375076E-001
 0368  0.1534486182355127E-001
 0369  0.1532090616966481E-001
 0370  0.1530924623592067E-001
 0371  0.1528640981142798E-001
 0372  0.1527523190785829E-001
 0373  0.1526412296697488E-001
 0374  0.1524237891650626E-001
 0375  0.1523174154408424E-001
 0376  0.1521101902549593E-001
 0377  0.1520087886163191E-001
 0378  0.1518102880972982E-001
 0379  0.1517131668617677E-001
 0380  0.1515230794019123E-001
 0381  0.1514300938226526E-001
 0382  0.1512481320703679E-001
 0383  0.1511591335947698E-001
 0384  0.1509843742963307E-001
 0385  0.1508159528213454E-001
 0386  0.1507335872404875E-001
 0387  0.1505721849231606E-001
 0388  0.1504931353893818E-001
 0389  0.1503384955140297E-001
 0390  0.1502626613710134E-001
 0391  0.1501143242855368E-001
 0392  0.1500416002809829E-001
 0393  0.1498993505128160E-001
 0394  0.1497618532231215E-001
 0395  0.1496944546152013E-001
 0396  0.1495624513574517E-001
 0397  0.1494976861899361E-001
 0398  0.1493708568577001E-001
 0399  0.1492481476075130E-001
 0400  0.1491880166420778E-001
 0401  0.1490700351145730E-001
 0402  0.1489557916641010E-001
 0403  0.1488997680301613E-001
 0404  0.1487898705737295E-001
 0405  0.1486834627668787E-001
 0406  0.1486312872482615E-001
 0407  0.1485288046735306E-001
 0408  0.1484295139238678E-001
 0409  0.1483332443821744E-001
 0410  0.1482859601300401E-001
 0411  0.1481931716652424E-001
 0412  0.1481031266280802E-001
 0413  0.1480157465094051E-001
 0414  0.1479728060787022E-001
 0415  0.1478884447283890E-001
 0416  0.1478065392245914E-001
 0417  0.1477269625962829E-001
 0418  0.1476878387364838E-001
 0419  0.1476109350931348E-001
 0420  0.1475361730127228E-001
 0421  0.1474634904858446E-001
 0422  0.1473927945195641E-001
 0423  0.1473240095483391E-001
 0424  0.1472570727932965E-001
 0425  0.1471919104830455E-001
 0426  0.1471598471035684E-001
 0427  0.1470967356715597E-001
 0428  0.1470352699662830E-001
 0429  0.1469753919340661E-001
 0430  0.1469170458008906E-001
 0431  0.1468603426057830E-001
 0432  0.1468053697773986E-001
 0433  0.1467520555312329E-001
 0434  0.1467003318307075E-001
 0435  0.1466501341526655E-001
 0436  0.1466014012699063E-001
 0437  0.1465540750493644E-001
 0438  0.1464858481629555E-001
 0439  0.1464421166608093E-001
 0440  0.1463995951013741E-001
 0441  0.1463582379411676E-001
 0442  0.1463180017991317E-001
 0443  0.1462788453333874E-001
 0444  0.1462222436442701E-001
 0445  0.1461858675518751E-001
 0446  0.1461504298840105E-001
 0447  0.1461158977035748E-001
 0448  0.1460658954421545E-001
 0449  0.1460337068894363E-001
 0450  0.1460023105890307E-001
 0451  0.1459567923162891E-001
 0452  0.1459274544221301E-001
 0453  0.1458988130888161E-001
 0454  0.1458572409255560E-001
 0455  0.1458304159932389E-001
 0456  0.1457914486276379E-001
 0457  0.1457662843920537E-001
 0458  0.1457297012802100E-001
 0459  0.1456945400605714E-001
 0460  0.1456718055853112E-001
 0461  0.1456387152071315E-001
 0462  0.1456068645471448E-001
 0463  0.1455862471741604E-001
 0464  0.1455562052548615E-001
 0465  0.1455272500460864E-001
 0466  0.1454993281040989E-001
 0467  0.1454723893518134E-001
 0468  0.1454463868213923E-001
 0469  0.1454212764198765E-001
 0470  0.1453970167154750E-001
 0471  0.1453735687424740E-001
 0472  0.1453508958228705E-001
 0473  0.1453289634031046E-001
 0474  0.1453077389044849E-001
 0475  0.1452805369754429E-001
 0476  0.1452609186186693E-001
 0477  0.1452419088458323E-001
 0478  0.1452175087461549E-001
 0479  0.1451998853855080E-001
 0480  0.1451772425026904E-001
 0481  0.1451555603119287E-001
 0482  0.1451398764219358E-001
 0483  0.1451196962737972E-001
 0484  0.1451003407888551E-001
 0485  0.1450817657052744E-001
 0486  0.1450639297998380E-001
 0487  0.1450467946335476E-001
 0488  0.1450263316815348E-001
 0489  0.1450106839953402E-001
 0490  0.1449919737586353E-001
 0491  0.1449776488901594E-001
 0492  0.1449605004554022E-001
 0493  0.1449441643684402E-001
 0494  0.1449285916847920E-001
 0495  0.1449108651484093E-001
 0496  0.1448968437065845E-001
 0497  0.1448808592690431E-001
 0498  0.1448657465928876E-001
 0499  0.1448514467178308E-001
 0500  0.1448379056846866E-001
 0501  0.1448230120742483E-001
 0502  0.1448090324680501E-001
 0503  0.1447958989159731E-001
 0504  0.1447818548706209E-001
 0505  0.1447687678359882E-001
 0506  0.1447565603987211E-001
 0507  0.1447424471863012E-001
 0508  0.1447307444715445E-001
 0509  0.1447176090869706E-001
 0510  0.1447056444317818E-001
 0511  0.1446937922908376E-001
 0512  0.1446822214462867E-001
 0513  0.1446703296484297E-001
 0514  0.1446591605965986E-001
 0515  0.1446476571095218E-001
 0516  0.1446368394836783E-001
 0517  0.1446257412724589E-001
 0518  0.1446151881945340E-001
 0519  0.1446101364355773E-001
 0520  0.1446101364355773E-001
 0521  0.1446101364355773E-001
 0522  0.1446101364355773E-001
 0523  0.1446101364355773E-001
 0524  0.1446101364355773E-001
 0525  0.1446101364355773E-001
 0526  0.1446101364355773E-001
 0527  0.1446101364355773E-001
 0528  0.1446101364355773E-001
 0529  0.1446101364355773E-001
 0530  0.1446101364355773E-001
 0531  0.1446101364355773E-001
 0532  0.1446101364355773E-001
 0533  0.1446101364355773E-001
 0534  0.1446101364355773E-001
 0535  0.1446101364355773E-001
 0536  0.1446101364355773E-001
 0537  0.1446101364355773E-001
 0538  0.1446101364355773E-001
 0539  0.1446101364355773E-001
 0540  0.1446101364355773E-001
 0541  0.1446101364355773E-001
 0542  0.1446101364355773E-001
 0543  0.1446101364355773E-001
 0544  0.1446101364355773E-001
 0545  0.1446101364355773E-001
 0546  0.1446101364355773E-001
 0547  0.1446101364355773E-001
 0548  0.1446101364355773E-001
 0549  0.1446101364355773E-001
 0550  0.1446101364355773E-001
 0551  0.1446101364355773E-001
 0552  0.1446101364355773E-001
 0553  0.1446101364355773E-001
 0554  0.1446101364355773E-001
 0555  0.1446101364355773E-001
 0556  0.1446101364355773E-001
 0557  0.1446101364355773E-001
 0558  0.1446101364355773E-001
 0559  0.1446101364355773E-001
 0560  0.1446101364355773E-001
 0561  0.1446101364355773E-001
 0562  0.1446101364355773E-001
 0563  0.1446101364355773E-001
 0564  0.1446101364355773E-001
 0565  0.1446101364355773E-001
 0566  0.1446101364355773E-001
 0567  0.1446101364355773E-001
 0568  0.1446101364355773E-001
 0569  0.1446101364355773E-001
 0570  0.1446101364355773E-001
 0571  0.1446101364355773E-001
 0572  0.1446101364355773E-001
 0573  0.1446101364355773E-001
 0574  0.1446101364355773E-001
 0575  0.1446101364355773E-001
 0576  0.1446101364355773E-001
 0577  0.1446101364355773E-001
 0578  0.1446101364355773E-001
 0579  0.1446101364355773E-001
 0580  0.1446101364355773E-001
 0581  0.1446101364355773E-001
 0582  0.1446101364355773E-001
 0583  0.1446101364355773E-001
 0584  0.1446101364355773E-001
 0585  0.1446101364355773E-001
 0586  0.1446101364355773E-001
 0587  0.1446101364355773E-001
 0588  0.1446101364355773E-001
 0589  0.1446101364355773E-001
 0590  0.1446101364355773E-001
 0591  0.1446101364355773E-001
 0592  0.1446101364355773E-001
 0593  0.1446101364355773E-001
 0594  0.1446101364355773E-001
 0595  0.1446101364355773E-001
 0596  0.1446101364355773E-001
 0597  0.1446101364355773E-001
 0598  0.1446101364355773E-001
 0599  0.1446101364355773E-001
 0600  0.1446101364355773E-001
 0601  0.1446101364355773E-001
 0602  0.1446101364355773E-001
 0603  0.1446101364355773E-001
 0604  0.1446101364355773E-001
 0605  0.1446101364355773E-001
 0606  0.1446101364355773E-001
 0607  0.1446101364355773E-001
 0608  0.1446101364355773E-001
 0609  0.1446101364355773E-001
 0610  0.1446101364355773E-001
 0611  0.1446101364355773E-001
 0612  0.1446101364355773E-001
 0613  0.1446101364355773E-001
 0614  0.1446101364355773E-001
 0615  0.1446101364355773E-001
 0616  0.1446101364355773E-001
 0617  0.1446101364355773E-001
 0618  0.1446101364355773E-001
 0619  0.1446101364355773E-001
 0620  0.1446101364355773E-001
 0621  0.1446101364355773E-001
 0622  0.1446101364355773E-001
 0623  0.1446101364355773E-001
 0624  0.1446101364355773E-001
 0625  0.1446101364355773E-001
 0626  0.1446101364355773E-001
 0627  0.1446101364355773E-001
 0628  0.1446101364355773E-001
 0629  0.1446101364355773E-001
 0630  0.1446101364355773E-001
 0631  0.1446101364355773E-001
 0632  0.1446101364355773E-001
 0633  0.1446101364355773E-001
 0634  0.1446101364355773E-001
 0635  0.1446101364355773E-001
 0636  0.1446101364355773E-001
 0637  0.1446101364355773E-001
 0638  0.1446101364355773E-001
 0639  0.1446101364355773E-001
 0640  0.1446101364355773E-001
 0641  0.1446101364355773E-001
 0642  0.1446101364355773E-001
 0643  0.1446101364355773E-001
 0644  0.1446101364355773E-001
 0645  0.1446101364355773E-001
 0646  0.1446101364355773E-001
 0647  0.1446101364355773E-001
 0648  0.1446101364355773E-001
 0649  0.1446101364355773E-001
 0650  0.1446101364355773E-001
 0651  0.1446101364355773E-001
 0652  0.1446101364355773E-001
 0653  0.1446101364355773E-001
 0654  0.1446101364355773E-001
 0655  0.1446101364355773E-001
 0656  0.1446101364355773E-001
 0657  0.1446101364355773E-001
 0658  0.1446101364355773E-001
 0659  0.1446101364355773E-001
 0660  0.1446101364355773E-001
 0661  0.1446101364355773E-001
 0662  0.1446101364355773E-001
 0663  0.1446101364355773E-001
 0664  0.1446101364355773E-001
 0665  0.1446101364355773E-001
 0666  0.1446101364355773E-001
 0667  0.1446101364355773E-001
 0668  0.1446101364355773E-001
 0669  0.1446101364355773E-001
 0670  0.1446101364355773E-001
 0671  0.1446101364355773E-001
 0672  0.1446101364355773E-001
 0673  0.1446101364355773E-001
 0674  0.1446101364355773E-001
 0675  0.1446101364355773E-001
 0676  0.1446101364355773E-001
 0677  0.1446101364355773E-001
 0678  0.1446101364355773E-001
 0679  0.1446101364355773E-001
 0680  0.1446101364355773E-001
 0681  0.1446101364355773E-001
 0682  0.1446101364355773E-001
 0683  0.1446101364355773E-001
 0684  0.1446101364355773E-001
 0685  0.1446101364355773E-001
 0686  0.1446101364355773E-001
 0687  0.1446101364355773E-001
 0688  0.1446101364355773E-001
 0689  0.1446101364355773E-001
 0690  0.1446101364355773E-001
 0691  0.1446101364355773E-001
 0692  0.1446101364355773E-001
 0693  0.1446101364355773E-001
 0694  0.1446101364355773E-001
 0695  0.1446101364355773E-001
 0696  0.1446101364355773E-001
 0697  0.1446101364355773E-001
 0698  0.1446101364355773E-001
 0699  0.1446101364355773E-001
 0700  0.1446101364355773E-001
 0701  0.1446101364355773E-001
 0702  0.1446101364355773E-001
 0703  0.1446101364355773E-001
 0704  0.1446101364355773E-001
 0705  0.1446101364355773E-001
 0706  0.1446101364355773E-001
 0707  0.1446101364355773E-001
 0708  0.1446101364355773E-001
 0709  0.1446101364355773E-001
 0710  0.1446101364355773E-001
 0711  0.1446101364355773E-001
 0712  0.1446101364355773E-001
 0713  0.1446101364355773E-001
 0714  0.1446101364355773E-001
 0715  0.1446101364355773E-001
 0716  0.1446101364355773E-001
 0717  0.1446101364355773E-001
 0718  0.1446101364355773E-001
 0719  0.1446101364355773E-001
 0720  0.1446101364355773E-001
 0721  0.1446101364355773E-001
 0722  0.1446101364355773E-001
 0723  0.1446101364355773E-001
 0724  0.1446101364355773E-001
 0725  0.1446101364355773E-001
 0726  0.1446101364355773E-001
 0727  0.1446101364355773E-001
 0728  0.1446101364355773E-001
 0729  0.1446101364355773E-001
 0730  0.1446101364355773E-001
 0731  0.1446101364355773E-001
 0732  0.1446101364355773E-001
 0733  0.1446101364355773E-001
 0734  0.1446101364355773E-001
 0735  0.1446101364355773E-001
 0736  0.1446101364355773E-001
 0737  0.1446101364355773E-001
 0738  0.1446101364355773E-001
 0739  0.1446101364355773E-001
 0740  0.1446101364355773E-001
 0741  0.1446101364355773E-001
 0742  0.1446101364355773E-001
 0743  0.1446101364355773E-001
 0744  0.1446101364355773E-001
 0745  0.1446101364355773E-001
 0746  0.1446101364355773E-001
 0747  0.1446101364355773E-001
 0748  0.1446101364355773E-001
 0749  0.1446101364355773E-001
 0750  0.1446101364355773E-001
 0751  0.1446101364355773E-001
 0752  0.1446101364355773E-001
 0753  0.1446101364355773E-001
 0754  0.1446101364355773E-001
 0755  0.1446101364355773E-001
 0756  0.1446101364355773E-001
 0757  0.1446101364355773E-001
 0758  0.1446101364355773E-001
 0759  0.1446101364355773E-001
 0760  0.1446101364355773E-001
 0761  0.1446101364355773E-001
 0762  0.1446101364355773E-001
 0763  0.1446101364355773E-001
 0764  0.1446101364355773E-001
 0765  0.1446101364355773E-001
 0766  0.1446101364355773E-001
 0767  0.1446101364355773E-001
 0768  0.1446101364355773E-001
 0769  0.1446101364355773E-001
 0770  0.1446101364355773E-001
 0771  0.1446101364355773E-001
 0772  0.1446101364355773E-001
 0773  0.1446101364355773E-001
 0774  0.1446101364355773E-001
 0775  0.1446101364355773E-001
 0776  0.1446101364355773E-001
 0777  0.1446101364355773E-001
 0778  0.1446101364355773E-001
 0779  0.1446101364355773E-001
 0780  0.1446101364355773E-001
 0781  0.1446101364355773E-001
 0782  0.1446101364355773E-001
 0783  0.1446101364355773E-001
 0784  0.1446101364355773E-001
 0785  0.1446101364355773E-001
 0786  0.1446101364355773E-001
 0787  0.1446101364355773E-001
 0788  0.1446101364355773E-001
 0789  0.1446101364355773E-001
 0790  0.1446101364355773E-001
 0791  0.1446101364355773E-001
 0792  0.1446101364355773E-001
 0793  0.1446101364355773E-001
 0794  0.1446101364355773E-001
 0795  0.1446101364355773E-001
 0796  0.1446101364355773E-001
 0797  0.1446101364355773E-001
 0798  0.1446101364355773E-001
 0799  0.1446101364355773E-001
 0800  0.1446101364355773E-001
 0801  0.1446101364355773E-001
 0802  0.1446101364355773E-001
 0803  0.1446101364355773E-001
 0804  0.1446101364355773E-001
 0805  0.1446101364355773E-001
 0806  0.1446101364355773E-001
 0807  0.1446101364355773E-001
 0808  0.1446101364355773E-001
 0809  0.1446101364355773E-001
 0810  0.1446101364355773E-001
 0811  0.1446101364355773E-001
 0812  0.1446101364355773E-001
 0813  0.1446101364355773E-001
 0814  0.1446101364355773E-001
 0815  0.1446101364355773E-001
 0816  0.1446101364355773E-001
 0817  0.1446101364355773E-001
 0818  0.1446101364355773E-001
 0819  0.1446101364355773E-001
 0820  0.1446101364355773E-001
 0821  0.1446101364355773E-001
 0822  0.1446101364355773E-001
 0823  0.1446101364355773E-001
 0824  0.1446101364355773E-001
 0825  0.1446101364355773E-001
 0826  0.1446101364355773E-001
 0827  0.1446101364355773E-001
 0828  0.1446101364355773E-001
 0829  0.1446101364355773E-001
 0830  0.1446101364355773E-001
 0831  0.1446101364355773E-001
 0832  0.1446101364355773E-001
 0833  0.1446101364355773E-001
 0834  0.1446101364355773E-001
 0835  0.1446101364355773E-001
 0836  0.1446101364355773E-001
 0837  0.1446101364355773E-001
 0838  0.1446101364355773E-001
 0839  0.1446101364355773E-001
 0840  0.1446101364355773E-001
 0841  0.1446101364355773E-001
 0842  0.1446101364355773E-001
 0843  0.1446101364355773E-001
 0844  0.1446101364355773E-001
 0845  0.1446101364355773E-001
 0846  0.1446101364355773E-001
 0847  0.1446101364355773E-001
 0848  0.1446101364355773E-001
 0849  0.1446101364355773E-001
 0850  0.1446101364355773E-001
 0851  0.1446101364355773E-001
 0852  0.1446101364355773E-001
 0853  0.1446101364355773E-001
 0854  0.1446101364355773E-001
 0855  0.1446101364355773E-001
 0856  0.1446101364355773E-001
 0857  0.1446101364355773E-001
 0858  0.1446101364355773E-001
 0859  0.1446101364355773E-001
 0860  0.1446101364355773E-001
 0861  0.1446101364355773E-001
 0862  0.1446101364355773E-001
 0863  0.1446101364355773E-001
 0864  0.1446101364355773E-001
 0865  0.1446101364355773E-001
 0866  0.1446101364355773E-001
 0867  0.1446101364355773E-001
 0868  0.1446101364355773E-001
 0869  0.1446101364355773E-001
 0870  0.1446101364355773E-001
 0871  0.1446101364355773E-001
 0872  0.1446101364355773E-001
 0873  0.1446101364355773E-001
 0874  0.1446101364355773E-001
 0875  0.1446101364355773E-001
 0876  0.1446101364355773E-001
 0877  0.1446101364355773E-001
 0878  0.1446101364355773E-001
 0879  0.1446101364355773E-001
 0880  0.1446101364355773E-001
 0881  0.1446101364355773E-001
 0882  0.1446101364355773E-001
 0883  0.1446101364355773E-001
 0884  0.1446101364355773E-001
 0885  0.1446101364355773E-001
 0886  0.1446101364355773E-001
 0887  0.1446101364355773E-001
 0888  0.1446101364355773E-001
 0889  0.1446101364355773E-001
 0890  0.1446101364355773E-001
 0891  0.1446101364355773E-001
 0892  0.1446101364355773E-001
 0893  0.1446101364355773E-001
 0894  0.1446101364355773E-001
 0895  0.1446101364355773E-001
 0896  0.1446101364355773E-001
 0897  0.1446101364355773E-001
 0898  0.1446101364355773E-001
 0899  0.1446101364355773E-001
 0900  0.1446101364355773E-001
 0901  0.1446101364355773E-001
 0902  0.1446101364355773E-001
 0903  0.1446101364355773E-001
 0904  0.1446101364355773E-001
 0905  0.1446101364355773E-001
 0906  0.1446101364355773E-001
 0907  0.1446101364355773E-001
 0908  0.1446101364355773E-001
 0909  0.1446101364355773E-001
 0910  0.1446101364355773E-001
 0911  0.1446101364355773E-001
 0912  0.1446101364355773E-001
 0913  0.1446101364355773E-001
 0914  0.1446101364355773E-001
 0915  0.1446101364355773E-001
 0916  0.1446101364355773E-001
 0917  0.1446101364355773E-001
 0918  0.1446101364355773E-001
 0919  0.1446101364355773E-001
 0920  0.1446101364355773E-001
 0921  0.1446101364355773E-001
 0922  0.1446101364355773E-001
 0923  0.1446101364355773E-001
 0924  0.1446101364355773E-001
 0925  0.1446101364355773E-001
 0926  0.1446101364355773E-001
 0927  0.1446101364355773E-001
 0928  0.1446101364355773E-001
 0929  0.1446101364355773E-001
 0930  0.1446101364355773E-001
 0931  0.1446101364355773E-001
 0932  0.1446101364355773E-001
 0933  0.1446101364355773E-001
 0934  0.1446101364355773E-001
 0935  0.1446101364355773E-001
 0936  0.1446101364355773E-001
 0937  0.1446101364355773E-001
 0938  0.1446101364355773E-001
 0939  0.1446101364355773E-001
 0940  0.1446101364355773E-001
 0941  0.1446101364355773E-001
 0942  0.1446101364355773E-001
 0943  0.1446101364355773E-001
 0944  0.1446101364355773E-001
 0945  0.1446101364355773E-001
 0946  0.1446101364355773E-001
 0947  0.1446101364355773E-001
 0948  0.1446101364355773E-001
 0949  0.1446101364355773E-001
 0950  0.1446101364355773E-001
 0951  0.1446101364355773E-001
 0952  0.1446101364355773E-001
 0953  0.1446101364355773E-001
 0954  0.1446101364355773E-001
 0955  0.1446101364355773E-001
 0956  0.1446101364355773E-001
 0957  0.1446101364355773E-001
 0958  0.1446101364355773E-001
 0959  0.1446101364355773E-001
 0960  0.1446101364355773E-001
 0961  0.1446101364355773E-001
 0962  0.1446101364355773E-001
 0963  0.1446101364355773E-001
 0964  0.1446101364355773E-001
 0965  0.1446101364355773E-001
 0966  0.1446101364355773E-001
 0967  0.1446101364355773E-001
 0968  0.1446101364355773E-001
 0969  0.1446101364355773E-001
 0970  0.1446101364355773E-001
 0971  0.1446101364355773E-001
 0972  0.1446101364355773E-001
 0973  0.1446101364355773E-001
 0974  0.1446101364355773E-001
 0975  0.1446101364355773E-001
 0976  0.1446101364355773E-001
 0977  0.1446101364355773E-001
 0978  0.1446101364355773E-001
 0979  0.1446101364355773E-001
 0980  0.1446101364355773E-001
 0981  0.1446101364355773E-001
 0982  0.1446101364355773E-001
 0983  0.1446101364355773E-001
 0984  0.1446101364355773E-001
 0985  0.1446101364355773E-001
 0986  0.1446101364355773E-001
 0987  0.1446101364355773E-001
 0988  0.1446101364355773E-001
 0989  0.1446101364355773E-001
 0990  0.1446101364355773E-001
 0991  0.1446101364355773E-001
 0992  0.1446101364355773E-001
 0993  0.1446101364355773E-001
 0994  0.1446101364355773E-001
 0995  0.1446101364355773E-001
 0996  0.1446101364355773E-001
 0997  0.1446101364355773E-001
 0998  0.1446101364355773E-001
 0999  0.1446101364355773E-001
 1000  0.1446101364355773E-001
