  0.0000000000E+000  0.0000000000E+000
  1.7001512275E+003  2.0397441318E+036
  3.4002242172E+003  2.0684520558E+036
  5.1002547166E+003  2.1524685716E+036
  6.8002386962E+003  2.5358463573E+036
  8.5001382388E+003  4.2170240999E+036
  1.0200226125E+004  8.5960844582E+036
  1.1900187722E+004  1.5546767817E+037
  1.3600207386E+004  2.6868650082E+037
  1.5300204490E+004  8.8369693320E+037
  1.7000162848E+004  8.5373529156E+037
  1.8700141861E+004  8.1363812141E+037
  2.0400160699E+004  7.7770186322E+037
  2.2100140344E+004  7.4628749574E+037
  2.3800202162E+004  7.1871576301E+037
  2.5500164344E+004  6.9222878885E+037
  2.7200186387E+004  6.6835766096E+037
  2.8900146458E+004  6.4700327570E+037
  3.0600189381E+004  6.2795872516E+037
  3.2300155685E+004  6.1032717335E+037
  3.4000217846E+004  5.9450429926E+037
  3.5700138245E+004  5.7991958784E+037
  3.7400251409E+004  5.6685557331E+037
  3.9100267349E+004  5.5519777535E+037
  4.0800150377E+004  5.4272842220E+037
  4.2500146175E+004  5.3039784450E+037
  4.4200158225E+004  5.1893425245E+037
  4.5900184527E+004  5.0892293478E+037
  4.7600229118E+004  4.9986710990E+037
  4.9300222422E+004  4.9188751612E+037
  5.1000244845E+004  4.8414899085E+037
  5.2700174240E+004  4.7697636872E+037
  5.4400187053E+004  4.7011485791E+037
  5.6100214130E+004  4.6355986965E+037
  5.7800191956E+004  4.5740368367E+037
  5.9500199725E+004  4.5145714241E+037
  6.1200262126E+004  4.4509228223E+037
  6.2900251101E+004  4.3899448553E+037
  6.4600232447E+004  4.3291135576E+037
  6.6300145671E+004  4.2702302468E+037
  6.8000154471E+004  4.2137141729E+037
  6.9700268597E+004  4.1598031210E+037
  7.1400267480E+004  4.1080287265E+037
  7.3100203596E+004  4.0583024917E+037
  7.4800213711E+004  4.0106616266E+037
  7.6500237123E+004  3.9470714873E+037
  7.8200176133E+004  3.8933607858E+037
  7.9900221913E+004  3.8441726694E+037
  8.1600224758E+004  3.7979266072E+037
  8.3300164563E+004  3.7542180972E+037
  8.5000181632E+004  3.7124984267E+037
  8.6700205768E+004  3.6724306966E+037
  8.8400151806E+004  3.6340395259E+037
  9.0100187236E+004  3.5970628103E+037
  9.1800153981E+004  3.5613181707E+037
  9.3500173396E+004  3.5269024043E+037
  9.5200245433E+004  3.4937068531E+037
  9.6900201836E+004  3.4611292990E+037
  9.8600167209E+004  3.4293500051E+037
  1.0030024972E+005  3.3986560226E+037
  1.0200016722E+005  3.3688555085E+037
  1.0370020483E+005  3.3399589842E+037
  1.0540024062E+005  3.3120007444E+037
  1.0710016051E+005  3.2848516618E+037
  1.0880024133E+005  3.2588351515E+037
  1.1050023669E+005  3.2337478252E+037
  1.1220017780E+005  3.2094913337E+037
  1.1390013968E+005  3.1859529098E+037
  1.1560014871E+005  3.1631449855E+037
  1.1730025148E+005  3.1411002861E+037
  1.1900020730E+005  3.1196174290E+037
  1.2070022876E+005  3.0985624252E+037
  1.2240025825E+005  3.0781734104E+037
  1.2410025359E+005  3.0584959232E+037
  1.2580017627E+005  3.0394980270E+037
  1.2750014727E+005  3.0210978650E+037
  1.2920022671E+005  3.0033803950E+037
  1.3090026955E+005  2.9862392052E+037
  1.3260017038E+005  2.9696492647E+037
  1.3430017007E+005  2.9535583848E+037
  1.3600013763E+005  2.9379161862E+037
  1.3770014682E+005  2.9227147283E+037
  1.3940021346E+005  2.9079613027E+037
  1.4110018250E+005  2.8936638682E+037
  1.4280019947E+005  2.8798058220E+037
  1.4450015936E+005  2.8663618439E+037
  1.4620021571E+005  2.8533070653E+037
  1.4790016911E+005  2.8405695220E+037
  1.4960023357E+005  2.8284395211E+037
  1.5130025972E+005  2.8168735463E+037
  1.5300022663E+005  2.8058093518E+037
  1.5470024468E+005  2.7951821387E+037
  1.5640025960E+005  2.7849321436E+037
  1.5810018591E+005  2.7750650721E+037
  1.5980017202E+005  2.7655898739E+037
  1.6150024797E+005  2.7547606986E+037
  1.6320024292E+005  2.7445435379E+037
  1.6490023053E+005  2.7351831870E+037
  1.6660018631E+005  2.7265008507E+037
  1.6830023410E+005  2.7183770462E+037
  1.7000020348E+005  2.7107483178E+037
  1.7170014056E+005  2.7035815380E+037
  1.7340024624E+005  2.6968541245E+037
  1.7510026648E+005  2.6905565407E+037
  1.7680022533E+005  2.6846817562E+037
  1.7850025074E+005  2.6792229562E+037
  1.8020015761E+005  2.6741744957E+037
  1.8190017285E+005  2.6695296574E+037
  1.8360015455E+005  2.6652828104E+037
  1.8530021183E+005  2.6614278804E+037
  1.8700021810E+005  2.6579595816E+037
  1.8870023198E+005  2.6548723935E+037
  1.9040015920E+005  2.6521612954E+037
  1.9210014794E+005  2.6498211314E+037
  1.9380019924E+005  2.6478470802E+037
  1.9550015045E+005  2.6462347287E+037
  1.9720022628E+005  2.6449794706E+037
  1.9890013663E+005  2.6440772770E+037
  2.0060026629E+005  2.6435239189E+037
  2.0230020928E+005  2.6433156731E+037
  2.0400014558E+005  2.6434486220E+037
  2.0570024383E+005  2.6439192160E+037
  2.0740026519E+005  2.6447239501E+037
  2.0910021618E+005  2.6458594558E+037
  2.1080020598E+005  2.6473226321E+037
  2.1250019971E+005  2.6491104232E+037
  2.1420017341E+005  2.6512197952E+037
  2.1590024134E+005  2.6536480981E+037
  2.1760025176E+005  2.6563924389E+037
  2.1930024537E+005  2.6594502964E+037
  2.2100025723E+005  2.6628193277E+037
  2.2270017443E+005  2.6664969581E+037
  2.2440015218E+005  2.6704812242E+037
  2.2610018193E+005  2.6747699645E+037
  2.2780022530E+005  2.6793594342E+037
  2.2950025032E+005  2.6842356804E+037
  2.3120025347E+005  2.6893827589E+037
  2.3290020445E+005  2.6947945703E+037
  2.3460025689E+005  2.7004723732E+037
  2.3630018331E+005  2.7064203258E+037
  2.3800014213E+005  2.7126447187E+037
  2.3970015052E+005  2.7191473854E+037
  2.4140020942E+005  2.7259291962E+037
  2.4310016210E+005  2.7329893611E+037
  2.4480024050E+005  2.7403259719E+037
  2.4650016355E+005  2.7479181593E+037
  2.4820018413E+005  2.7557415649E+037
  2.4990016979E+005  2.7627551939E+037
  2.5160014694E+005  2.7696738095E+037
  2.5330014955E+005  2.7770738582E+037
  2.5500019475E+005  2.7849043609E+037
  2.5670015104E+005  2.7931107892E+037
  2.5840014119E+005  2.8016587886E+037
  2.6010026676E+005  2.8105338009E+037
  2.6180024732E+005  2.8196939072E+037
  2.6350019494E+005  2.8291170946E+037
  2.6520024301E+005  2.8387962452E+037
  2.6690014325E+005  2.8485844686E+037
  2.6860019398E+005  2.8584170614E+037
  2.7030014083E+005  2.8684286601E+037
  2.7200026453E+005  2.8786602517E+037
  2.7370015777E+005  2.8890917235E+037
  2.7540019228E+005  2.8997016228E+037
  2.7710022097E+005  2.9104918431E+037
  2.7880023051E+005  2.9214762560E+037
  2.8050020783E+005  2.9326684640E+037
  2.8220016506E+005  2.9440788425E+037
  2.8390026585E+005  2.9557112982E+037
  2.8560025915E+005  2.9675280939E+037
  2.8730014644E+005  2.9794871979E+037
  2.8900020622E+005  2.9915884660E+037
  2.9070015161E+005  3.0038435363E+037
  2.9240022510E+005  3.0162655741E+037
  2.9410015060E+005  3.0288567961E+037
  2.9580018919E+005  3.0416126405E+037
  2.9750020713E+005  3.0544333050E+037
  2.9920022403E+005  3.0672699831E+037
  3.0090026168E+005  3.0801678531E+037
  3.0260019296E+005  3.0931483223E+037
  3.0430015345E+005  3.1062295163E+037
  3.0600013696E+005  3.1194127901E+037
  3.0770025832E+005  3.1325250763E+037
  3.0940023379E+005  3.1456100009E+037
  3.1110019124E+005  3.1587144760E+037
  3.1280026802E+005  3.1718701562E+037
  3.1450020328E+005  3.1850993112E+037
  3.1620015218E+005  3.1984158825E+037
  3.1790026078E+005  3.2118268112E+037
  3.1960025976E+005  3.2253251985E+037
  3.2130014828E+005  3.2388335413E+037
  3.2300017757E+005  3.2523046818E+037
  3.2470020248E+005  3.2657710939E+037
  3.2640021438E+005  3.2792676546E+037
  3.2810021335E+005  3.2927886254E+037
  3.2980020295E+005  3.3062888946E+037
  3.3150020051E+005  3.3198542833E+037
  3.3320021913E+005  3.3334501862E+037
  3.3490025787E+005  3.3469859995E+037
  3.3660018420E+005  3.3604803071E+037
  3.3830025533E+005  3.3739777143E+037
  3.4000019344E+005  3.3875024246E+037
  3.4170025474E+005  3.4010711801E+037
  3.4340017231E+005  3.4146891592E+037
  3.4510021925E+005  3.4283601798E+037
  3.4680026616E+005  3.4420248120E+037
  3.4850019590E+005  3.4555841895E+037
  3.5020014433E+005  3.4690740178E+037
  3.5190024605E+005  3.4823693794E+037
  3.5360022338E+005  3.4955757114E+037
  3.5530020601E+005  3.5088417018E+037
  3.5700018287E+005  3.5221700394E+037
  3.5870014975E+005  3.5355541757E+037
  3.6040024831E+005  3.5489689648E+037
  3.6210021364E+005  3.5622821515E+037
  3.6380018944E+005  3.5754835084E+037
  3.6550018088E+005  3.5886323922E+037
  3.6720019163E+005  3.6017652154E+037
  3.6890021198E+005  3.6148992346E+037
  3.7060023837E+005  3.6280404249E+037
  3.7230026391E+005  3.6411920332E+037
  3.7400014725E+005  3.6543519822E+037
  3.7570016153E+005  3.6675047375E+037
  3.7740017717E+005  3.6805142231E+037
  3.7910020154E+005  3.6933718135E+037
  3.8080023735E+005  3.7061518857E+037
  3.8250015421E+005  3.7188961748E+037
  3.8420021853E+005  3.7316263839E+037
  3.8590015408E+005  3.7443487527E+037
  3.8760022544E+005  3.7570668178E+037
  3.8930015897E+005  3.7697760755E+037
  3.9100022496E+005  3.7824752692E+037
  3.9270015529E+005  3.7951518398E+037
  3.9440022875E+005  3.8076699167E+037
  3.9610017570E+005  3.8200021321E+037
  3.9780013579E+005  3.8322354711E+037
  3.9950024428E+005  3.8444179816E+037
  4.0120022234E+005  3.8565684887E+037
  4.0290020474E+005  3.8686963885E+037
  4.0460018572E+005  3.8808048565E+037
  4.0630016584E+005  3.8928940088E+037
  4.0800014687E+005  3.9049625054E+037
  4.0970026699E+005  3.9169866748E+037
  4.1140026257E+005  3.9287411107E+037
  4.1310026743E+005  3.9404186159E+037
  4.1480014895E+005  3.9519149711E+037
  4.1650017240E+005  3.9633069844E+037
  4.1820019976E+005  3.9746496814E+037
  4.1990022822E+005  3.9859643629E+037
  4.2160025687E+005  3.9943875276E+037
  4.2330015171E+005  4.0033930416E+037
  4.2500018443E+005  4.0131543858E+037
  4.2670022667E+005  4.0232551969E+037
  4.2840014137E+005  4.0335554771E+037
  4.3010020248E+005  4.0439882675E+037
  4.3180026975E+005  4.0545102201E+037
  4.3350020683E+005  4.0650894812E+037
  4.3520014782E+005  4.0756289705E+037
  4.3690022423E+005  4.0860305620E+037
  4.3860016742E+005  4.0963498067E+037
  4.4030024889E+005  4.1066322538E+037
  4.4200020340E+005  4.1168953780E+037
  4.4370016391E+005  4.1271465637E+037
  4.4540026875E+005  4.1373874097E+037
  4.4710024573E+005  4.1476145395E+037
  4.4880022863E+005  4.1578261535E+037
  4.5050021330E+005  4.1680191303E+037
  4.5220020156E+005  4.1781892551E+037
  4.5390019407E+005  4.1883325498E+037
  4.5560018634E+005  4.1984458502E+037
  4.5730018806E+005  4.2085260918E+037
  4.5900019591E+005  4.2184991269E+037
  4.6070021057E+005  4.2282667548E+037
  4.6240023196E+005  4.2379045941E+037
  4.6410026023E+005  4.2474667734E+037
  4.6580015741E+005  4.2569767404E+037
  4.6750018959E+005  4.2664462812E+037
  4.6920022823E+005  4.2758786347E+037
  4.7090013512E+005  4.2852740910E+037
  4.7260018085E+005  4.2946336812E+037
  4.7430023316E+005  4.3039554872E+037
  4.7600015943E+005  4.3132368893E+037
  4.7770022607E+005  4.3224769509E+037
  4.7940016242E+005  4.3316724539E+037
  4.8110024143E+005  4.3408235061E+037
  4.8280018661E+005  4.3499265971E+037
  4.8450013562E+005  4.3589804873E+037
  4.8620022439E+005  4.3679076972E+037
  4.8790018267E+005  4.3765231429E+037
  4.8960014574E+005  4.3849835959E+037
  4.9130024993E+005  4.3933738167E+037
  4.9300022704E+005  4.4017235948E+037
  4.9470020898E+005  4.4100433657E+037
  4.9640019516E+005  4.4183348562E+037
  4.9810018673E+005  4.4265971563E+037
  4.9980018260E+005  4.4348285542E+037
  5.0150018234E+005  4.4430286485E+037
  5.0320018685E+005  4.4512074268E+037
  5.0490019642E+005  4.4594572410E+037
  5.0660021223E+005  4.4686783289E+037
  5.0830023432E+005  4.4910275798E+037
  5.1000025997E+005  4.8780352943E+037
  5.1170015700E+005  2.1567476603E+039
  5.1340019343E+005  2.9015763918E+039
  5.1510023292E+005  4.9502614252E+039
  5.1680014362E+005  9.2908448811E+039
  5.1850019349E+005  1.7075622098E+040
  5.2020024900E+005  5.5572235469E+040
  5.2190017395E+005  2.2748238579E+041
  5.2360024174E+005  6.9475356605E+041
  5.2530017902E+005  1.5736437497E+042
  5.2700025456E+005  2.8748761655E+042
  5.2870020196E+005  5.2970726743E+042
  5.3040015325E+005  8.4401441990E+042
  5.3210024331E+005  1.1913624023E+043
  5.3380020226E+005  1.5647366449E+043
  5.3550016899E+005  1.8684630900E+043
  5.3720013875E+005  2.1191675540E+043
  5.3890024861E+005  2.2784956592E+043
  5.4060023125E+005  2.3358601718E+043
  5.4230021743E+005  2.2957145605E+043
  5.4400020898E+005  2.1889742623E+043
  5.4570020427E+005  1.9972637940E+043
  5.4740020656E+005  1.7831515750E+043
  5.4910021119E+005  1.5609065914E+043
  5.5080022101E+005  1.3392106493E+043
  5.5250023734E+005  1.1405856598E+043
  5.5420025719E+005  9.6156558131E+042
  5.5590014730E+005  8.1541209561E+042
  5.5760017801E+005  6.9653256106E+042
  5.5930021420E+005  6.0023815703E+042
  5.6100025331E+005  5.2398670551E+042
  5.6270016363E+005  4.6211913548E+042
  5.6440021333E+005  4.1313557827E+042
  5.6610026861E+005  3.7291235166E+042
  5.6780019261E+005  3.3850801005E+042
  5.6950025703E+005  3.1129913265E+042
  5.7120019286E+005  2.8816665282E+042
  5.7290026691E+005  2.6699297081E+042
  5.7460021115E+005  2.4997541816E+042
  5.7630015982E+005  2.3633822143E+042
  5.7800024929E+005  2.2419180721E+042
  5.7970020707E+005  2.1279041924E+042
  5.8140016979E+005  2.0157484545E+042
  5.8310013855E+005  1.9298397254E+042
  5.8480024593E+005  1.8594527031E+042
  5.8650022359E+005  1.7932561510E+042
  5.8820020671E+005  1.7294876731E+042
  5.8990019507E+005  1.6675487076E+042
  5.9160018611E+005  1.6062013871E+042
  5.9330018333E+005  1.5423138943E+042
  5.9500018673E+005  1.4874217278E+042
  5.9670019185E+005  1.4514872129E+042
  5.9840020278E+005  1.4164323343E+042
  6.0010021950E+005  1.3799834989E+042
  6.0180024015E+005  1.3443438580E+042
  6.0350026523E+005  1.3103221770E+042
  6.0520016037E+005  1.2776599414E+042
  6.0690019630E+005  1.2452670408E+042
  6.0860023515E+005  1.2151485683E+042
  6.1030014521E+005  1.1851533713E+042
  6.1200019568E+005  1.1519357291E+042
  6.1370024964E+005  1.1179587646E+042
  6.1540017425E+005  1.0890477361E+042
  6.1710023947E+005  1.0766738875E+042
  6.1880017411E+005  1.0647499942E+042
  6.2050024770E+005  1.0473541672E+042
  6.2220019262E+005  1.0274241274E+042
  6.2390014135E+005  1.0077934786E+042
  6.2560023014E+005  9.8988229240E+041
  6.2730018955E+005  9.7317995899E+041
  6.2900015370E+005  9.5616256701E+041
  6.3070025890E+005  9.3983688237E+041
  6.3240023420E+005  9.2437675314E+041
  6.3410021594E+005  9.0874344556E+041
  6.3580020201E+005  8.9227784506E+041
  6.3750019514E+005  8.7827127533E+041
  6.3920019311E+005  8.6584766677E+041
  6.4090019605E+005  8.5285115375E+041
  6.4260020495E+005  8.3899911666E+041
  6.4430021973E+005  8.2511396973E+041
  6.4600023984E+005  8.1256033462E+041
  6.4770026468E+005  8.0051281487E+041
  6.4940016256E+005  7.8839029454E+041
  6.5110019948E+005  7.7649006280E+041
  6.5280024296E+005  7.6425327882E+041
  6.5450015722E+005  7.5087060878E+041
  6.5620021210E+005  7.3618870074E+041
  6.5790013766E+005  7.2255113339E+041
  6.5960020338E+005  7.1676596899E+041
  6.6130014113E+005  7.2011137944E+041
  6.6300021739E+005  7.1975606267E+041
  6.6470016557E+005  7.1446676540E+041
  6.6640025414E+005  7.0785775170E+041
  6.6810021276E+005  7.0088302960E+041
  6.6980017663E+005  6.9376501213E+041
  6.7150014596E+005  6.8725177491E+041
  6.7320025679E+005  6.8153482584E+041
  6.7490023673E+005  6.7605415350E+041
  6.7660022337E+005  6.7023636012E+041
  6.7830021472E+005  6.6441780784E+041
  6.8000021230E+005  6.5904023137E+041
  6.8170021517E+005  6.5421176373E+041
  6.8340022240E+005  6.4934097557E+041
  6.8510023548E+005  6.4407051412E+041
  6.8680025360E+005  6.3861218990E+041
  6.8850014133E+005  6.3332597286E+041
  6.9020016905E+005  6.2848305579E+041
  6.9190020279E+005  6.2402355773E+041
  6.9360024113E+005  6.1963683119E+041
  6.9530014981E+005  6.1514920949E+041
  6.9700019947E+005  6.1055692548E+041
  6.9870025412E+005  6.0595538318E+041
  7.0040017825E+005  6.0143914396E+041
  7.0210024304E+005  5.9694742447E+041
  7.0380017872E+005  5.9245823504E+041
  7.0550025247E+005  5.8808716612E+041
  7.0720019683E+005  5.8399817902E+041
  7.0890014739E+005  5.8026562968E+041
  7.1060023649E+005  5.7682824476E+041
  7.1230019559E+005  5.7349744946E+041
  7.1400016048E+005  5.7004792922E+041
  7.1570026586E+005  5.6639572867E+041
  7.1740023916E+005  5.6258973797E+041
  7.1910021898E+005  5.5872792130E+041
  7.2080020427E+005  5.5493784360E+041
  7.2250019285E+005  5.5130981713E+041
  7.2420018740E+005  5.4785703859E+041
  7.2590018714E+005  5.4454712062E+041
  7.2760019202E+005  5.4134851248E+041
  7.2930020009E+005  5.3823703127E+041
  7.3100021528E+005  5.3520267624E+041
  7.3270023391E+005  5.3222806747E+041
  7.3440025614E+005  5.2928644472E+041
  7.3610014948E+005  5.2634046047E+041
  7.3780018201E+005  5.2336028402E+041
  7.3950021916E+005  5.2035324561E+041
  7.4120026030E+005  5.1734782613E+041
  7.4290017304E+005  5.1438708028E+041
  7.4460022451E+005  5.1150972707E+041
  7.4630014569E+005  5.0874031698E+041
  7.4800020675E+005  5.0606875207E+041
  7.4970013738E+005  5.0346321508E+041
  7.5140020710E+005  5.0088699652E+041
  7.5310014600E+005  4.9833131308E+041
  7.5480022528E+005  4.9580295492E+041
  7.5650017255E+005  4.9331866598E+041
  7.5820026113E+005  4.9089626615E+041
  7.5990021769E+005  4.8854836589E+041
  7.6160017998E+005  4.8626924674E+041
  7.6330014632E+005  4.8403609549E+041
  7.6500025202E+005  4.8181597587E+041
  7.6670022768E+005  4.7958273784E+041
  7.6840020713E+005  4.7732067294E+041
  7.7010019180E+005  4.7502927642E+041
  7.7180017995E+005  4.7271756656E+041
  7.7350017405E+005  4.7039658498E+041
  7.7520017167E+005  4.6807950042E+041
  7.7690017368E+005  4.6578035541E+041
  7.7860018076E+005  4.6350890580E+041
  7.8030019227E+005  4.6127645431E+041
  7.8200020758E+005  4.5909711276E+041
  7.8370022658E+005  4.5698212554E+041
  7.8540025224E+005  4.5493950518E+041
  7.8710014551E+005  4.5297207892E+041
  7.8880017847E+005  4.5107368689E+041
  7.9050021738E+005  4.4922947465E+041
  7.9220026022E+005  4.4741725563E+041
  7.9390017220E+005  4.4561103586E+041
  7.9560022434E+005  4.4379017098E+041
  7.9730014598E+005  4.4194126134E+041
  7.9900020630E+005  4.4005645730E+041
  8.0070013631E+005  4.3813512321E+041
  8.0240020681E+005  4.3617843054E+041
  8.0410014593E+005  4.3419200393E+041
  8.0580022405E+005  4.3217608395E+041
  8.0750017318E+005  4.3014731317E+041
  8.0920026191E+005  4.2814838974E+041
  8.1090021875E+005  4.2624558426E+041
  8.1260018163E+005  4.2454048332E+041
  8.1430014868E+005  4.2316854067E+041
  8.1600025556E+005  4.2225881746E+041
  8.1770023235E+005  4.2186794301E+041
  8.1940021332E+005  4.2189898682E+041
  8.2110019957E+005  4.2205256359E+041
  8.2280018991E+005  4.2206238804E+041
  8.2450018550E+005  4.2184647432E+041
  8.2620018526E+005  4.2141844201E+041
  8.2790018980E+005  4.2080300348E+041
  8.2960019919E+005  4.2001748883E+041
  8.3130021291E+005  4.1909094800E+041
  8.3300023228E+005  4.1807251902E+041
  8.3470025600E+005  4.1701844693E+041
  8.3640014984E+005  4.1597396450E+041
  8.3810018311E+005  4.1496233036E+041
  8.3980022270E+005  4.1398412637E+041
  8.4150026624E+005  4.1301833982E+041
  8.4320017934E+005  4.1203620512E+041
  8.4490023396E+005  4.1102250906E+041
  8.4660015649E+005  4.0997935647E+041
  8.4830022001E+005  4.0891806098E+041
  8.5000015334E+005  4.0784895627E+041
  8.5170022725E+005  4.0678041753E+041
  8.5340017007E+005  4.0572026776E+041
  8.5510025381E+005  4.0467725830E+041
  8.5680020823E+005  4.0366135080E+041
  8.5850016692E+005  4.0268147557E+041
  8.6020026610E+005  4.0174129861E+041
  8.6190023553E+005  4.0083605076E+041
  8.6360021055E+005  3.9994931769E+041
  8.6530018942E+005  3.9905854148E+041
  8.6700017521E+005  3.9814407583E+041
  8.6870016442E+005  3.9719461502E+041
  8.7040015895E+005  3.9620865164E+041
  8.7210015918E+005  3.9519045913E+041
  8.7380016387E+005  3.9414801992E+041
  8.7550017381E+005  3.9308991427E+041
  8.7720018834E+005  3.9202475571E+041
  8.7890020930E+005  3.9096322778E+041
  8.8060023450E+005  3.8991704789E+041
  8.8230026535E+005  3.8889664749E+041
  8.8400016594E+005  3.8790992635E+041
  8.8570020691E+005  3.8696087865E+041
  8.8740025292E+005  3.8604901483E+041
  8.8910016859E+005  3.8516877655E+041
  8.9080022436E+005  3.8431018566E+041
  8.9250014896E+005  3.8346161085E+041
  8.9420021533E+005  3.8261270859E+041
  8.9590015000E+005  3.8175715716E+041
  8.9760022504E+005  3.8089148268E+041
  8.9930017087E+005  3.8001609684E+041
  9.0100025595E+005  3.7913373421E+041
  9.0270021111E+005  3.7824669853E+041
  9.0440017157E+005  3.7735725277E+041
  9.0610013705E+005  3.7646846682E+041
  9.0780024205E+005  3.7558401744E+041
  9.0950021687E+005  3.7470823483E+041
  9.1120019718E+005  3.7384503468E+041
  9.1290018142E+005  3.7299699232E+041
  9.1460017032E+005  3.7216553369E+041
  9.1630016509E+005  3.7135104716E+041
  9.1800016371E+005  3.7055255470E+041
  9.1970016626E+005  3.6976797936E+041
  9.2140017552E+005  3.6899497927E+041
  9.2310018863E+005  3.6823150456E+041
  9.2480020581E+005  3.6747660749E+041
  9.2650022902E+005  3.6672995023E+041
  9.2820025710E+005  3.6599153435E+041
  9.2990015454E+005  3.6526210826E+041
  9.3160019112E+005  3.6454172966E+041
  9.3330023394E+005  3.6383015755E+041
  9.3500014503E+005  3.6312721596E+041
  9.3670019554E+005  3.6243203109E+041
  9.3840025136E+005  3.6174391519E+041
  9.4010017608E+005  3.6106211334E+041
  9.4180024037E+005  3.6038644319E+041
  9.4350017426E+005  3.5971670333E+041
  9.4520024895E+005  3.5905201587E+041
  9.4690019129E+005  3.5839112978E+041
  9.4860013982E+005  3.5773203881E+041
  9.5030022783E+005  3.5707206615E+041
  9.5200018478E+005  3.5640919644E+041
  9.5370014644E+005  3.5574196249E+041
  9.5540024716E+005  3.5506953734E+041
  9.5710021825E+005  3.5439195252E+041
  9.5880019269E+005  3.5370975638E+041
  9.6050017210E+005  3.5302368785E+041
  9.6220015558E+005  3.5233505458E+041
  9.6390014390E+005  3.5164562128E+041
  9.6560013642E+005  3.5095676934E+041
  9.6730026838E+005  3.5027017156E+041
  9.6900026979E+005  3.4958829954E+041
  9.7070014071E+005  3.4891296902E+041
  9.7240015111E+005  3.4824614331E+041
  9.7410016541E+005  3.4758980114E+041
  9.7580018597E+005  3.4694553720E+041
  9.7750020910E+005  3.4631452336E+041
  9.7920023734E+005  3.4569740839E+041
  9.8090027033E+005  3.4509414311E+041
  9.8260017183E+005  3.4450464010E+041
  9.8430021276E+005  3.4392815075E+041
  9.8600025823E+005  3.4336357125E+041
  9.8770017380E+005  3.4280935283E+041
  9.8940022731E+005  3.4226346098E+041
  9.9110015126E+005  3.4172451451E+041
  9.9280021530E+005  3.4119106087E+041
  9.9450014799E+005  3.4066199211E+041
  9.9620021993E+005  3.4013606379E+041
  9.9790016232E+005  3.3961224582E+041
  9.9960024409E+005  3.3908975482E+041
  1.0013001937E+006  3.3856815772E+041
  1.0030001494E+006  3.3804699095E+041
  1.0047002444E+006  3.3752666962E+041
  1.0064002079E+006  3.3700729663E+041
  1.0081001765E+006  3.3648848714E+041
  1.0098001496E+006  3.3597026355E+041
  1.0115002623E+006  3.3545265899E+041
  1.0132002440E+006  3.3493588278E+041
  1.0149002309E+006  3.3442030557E+041
  1.0166002220E+006  3.3390630231E+041
  1.0183002172E+006  3.3339408793E+041
  1.0200002181E+006  3.3288370980E+041
  1.0217002234E+006  3.3237525503E+041
  1.0234002327E+006  3.3186879634E+041
  1.0251002471E+006  3.3136426698E+041
  1.0268002661E+006  3.3086158319E+041
  1.0285001539E+006  3.3036091252E+041
  1.0302001822E+006  3.2986240540E+041
  1.0319002144E+006  3.2936627205E+041
  1.0336002514E+006  3.2887290370E+041
  1.0353001583E+006  3.2838294229E+041
  1.0370002047E+006  3.2789692461E+041
  1.0387002561E+006  3.2741542536E+041
  1.0404001768E+006  3.2693911744E+041
  1.0421002383E+006  3.2646852075E+041
  1.0438001684E+006  3.2600412807E+041
  1.0455002389E+006  3.2554619631E+041
  1.0472001797E+006  3.2509447362E+041
  1.0489002594E+006  3.2464926210E+041
  1.0506002089E+006  3.2421082571E+041
  1.0523001634E+006  3.2377912374E+041
  1.0540002582E+006  3.2335398980E+041
  1.0557002213E+006  3.2293535255E+041
  1.0574001908E+006  3.2252328075E+041
  1.0591001644E+006  3.2211723202E+041
  1.0608001422E+006  3.2171664358E+041
  1.0625002614E+006  3.2132076524E+041
  1.0642002496E+006  3.2092901869E+041
  1.0659002430E+006  3.2054077525E+041
  1.0676002406E+006  3.2015537456E+041
  1.0693002446E+006  3.1977220803E+041
  1.0710002524E+006  3.1939078160E+041
  1.0727002648E+006  3.1901056012E+041
  1.0744001471E+006  3.1863114187E+041
  1.0761001696E+006  3.1825219443E+041
  1.0778001962E+006  3.1787353859E+041
  1.0795002278E+006  3.1749496512E+041
  1.0812002649E+006  3.1711634583E+041
  1.0829001704E+006  3.1673770642E+041
  1.0846002174E+006  3.1635898776E+041
  1.0863002684E+006  3.1598030639E+041
  1.0880001895E+006  3.1560147482E+041
  1.0897002504E+006  3.1522298605E+041
  1.0914001810E+006  3.1484501785E+041
  1.0931002516E+006  3.1446756541E+041
  1.0948001914E+006  3.1409072099E+041
  1.0965001365E+006  3.1371444683E+041
  1.0982002206E+006  3.1333883786E+041
  1.0999001750E+006  3.1296410981E+041
  1.1016002688E+006  3.1259031602E+041
  1.1033002321E+006  3.1221759125E+041
  1.1050002001E+006  3.1184595097E+041
  1.1067001733E+006  3.1147555678E+041
  1.1084001510E+006  3.1110658115E+041
  1.1101002681E+006  3.1073909749E+041
  1.1118002561E+006  3.1037329778E+041
  1.1135002479E+006  3.1000930884E+041
  1.1152002440E+006  3.0964749933E+041
  1.1169002456E+006  3.0928793409E+041
  1.1186002515E+006  3.0893053849E+041
  1.1203002613E+006  3.0857533818E+041
  1.1220001406E+006  3.0822245543E+041
  1.1237001603E+006  3.0787190126E+041
  1.1254001838E+006  3.0752364215E+041
  1.1271002120E+006  3.0717773421E+041
  1.1288002456E+006  3.0683422982E+041
  1.1305001481E+006  3.0649314447E+041
  1.1322001899E+006  3.0615442390E+041
  1.1339002375E+006  3.0581820041E+041
  1.1356001543E+006  3.0548455085E+041
  1.1373002094E+006  3.0515358515E+041
  1.1390002703E+006  3.0482519927E+041
  1.1407002003E+006  3.0449862962E+041
  1.1424002694E+006  3.0417382654E+041
  1.1441002076E+006  3.0385105136E+041
  1.1458001508E+006  3.0353028819E+041
  1.1475002334E+006  3.0321149350E+041
  1.1492001846E+006  3.0289464218E+041
  1.1509001415E+006  3.0257958385E+041
  1.1526002372E+006  3.0226623760E+041
  1.1543002024E+006  3.0195467137E+041
  1.1560001722E+006  3.0164489012E+041
  1.1577001467E+006  3.0133671659E+041
  1.1594002604E+006  3.0103002477E+041
  1.1611002434E+006  3.0072478502E+041
  1.1628002315E+006  3.0042089388E+041
  1.1645002225E+006  3.0011832754E+041
  1.1662002191E+006  2.9981705484E+041
  1.1679002193E+006  2.9951701313E+041
  1.1696002239E+006  2.9921813528E+041
  1.1713002331E+006  2.9892040749E+041
  1.1730002465E+006  2.9862396325E+041
  1.1747002646E+006  2.9832873355E+041
  1.1764001515E+006  2.9803472848E+041
  1.1781001790E+006  2.9774191987E+041
  1.1798002100E+006  2.9745036866E+041
  1.1815002461E+006  2.9716028162E+041
  1.1832001512E+006  2.9687119627E+041
  1.1849001961E+006  2.9658234086E+041
  1.1866002444E+006  2.9629425987E+041
  1.1883001629E+006  2.9600719088E+041
  1.1900002210E+006  2.9572125804E+041
  1.1917001468E+006  2.9543657334E+041
  1.1934002137E+006  2.9515316776E+041
  1.1951001493E+006  2.9487117503E+041
  1.1968002247E+006  2.9459062544E+041
  1.1985001691E+006  2.9431164470E+041
  1.2002002541E+006  2.9403432784E+041
  1.2019002074E+006  2.9375873043E+041
  1.2036001654E+006  2.9348481638E+041
  1.2053002641E+006  2.9321261756E+041
  1.2070002311E+006  2.9294218264E+041
  1.2087002023E+006  2.9267355662E+041
  1.2104001783E+006  2.9240683302E+041
  1.2121001595E+006  2.9214203479E+041
  1.2138001438E+006  2.9187913526E+041
  1.2155002683E+006  2.9161804109E+041
  1.2172002627E+006  2.9135874815E+041
  1.2189002608E+006  2.9110118125E+041
  1.2206002640E+006  2.9084530892E+041
  1.2223001365E+006  2.9059111232E+041
  1.2240001488E+006  2.9033854098E+041
  1.2257001657E+006  2.9008757336E+041
  1.2274001873E+006  2.8983818801E+041
  1.2291002135E+006  2.8959032852E+041
  1.2308002441E+006  2.8934394812E+041
