   0.000000000E+00  -9.722358615E+50   4.783210189E+50   2.903276770E+44  -4.939145523E+50   0.000000000E+00
   1.700028569E+03  -3.293830123E+50   2.664213868E+50   1.023087148E+50   3.934708940E+49   5.332616417E+50
   3.400113032E+03  -3.303825465E+50   2.695159313E+50   1.004915272E+50   3.962491197E+49   5.335394643E+50
   5.100071921E+03  -3.287134759E+50   2.691662007E+50   9.942437668E+49   3.987710144E+49   5.337916537E+50
   6.800067279E+03  -3.307305140E+50   2.723671941E+50   9.853995344E+49   4.017663359E+49   5.340911859E+50
   8.500111267E+03  -3.274369697E+50   2.698532563E+50   9.774430584E+49   4.016059251E+49   5.340751448E+50
   1.020010313E+04  -3.280216583E+50   2.712415959E+50   9.700248957E+49   4.022242716E+49   5.341369795E+50
   1.190011888E+04  -3.294382121E+50   2.734592086E+50   9.629801789E+49   4.031901435E+49   5.342335666E+50
   1.360015310E+04  -3.283691030E+50   2.731088261E+50   9.561680035E+49   4.035652350E+49   5.342710758E+50
   1.530007412E+04  -3.284595105E+50   2.738802444E+50   9.496244335E+49   4.038317733E+49   5.342977296E+50
   1.700003238E+04  -3.291607649E+50   2.752770825E+50   9.431703112E+49   4.043334869E+49   5.343479010E+50
   1.870013609E+04  -3.294764858E+50   2.763001222E+50   9.368595728E+49   4.050959362E+49   5.344241459E+50
   2.040012359E+04  -3.295910121E+50   2.770623415E+50   9.308603319E+49   4.055736266E+49   5.344719149E+50
   2.210004417E+04  -3.285376069E+50   2.766024962E+50   9.248947357E+49   4.055436290E+49   5.344689152E+50
   2.380007666E+04  -3.284163492E+50   2.770877474E+50   9.188303714E+49   4.055443534E+49   5.344689876E+50
   2.550001987E+04  -3.283054671E+50   2.775768579E+50   9.129039118E+49   4.056178196E+49   5.344763342E+50
   2.720012794E+04  -3.283068131E+50   2.781589215E+50   9.071441050E+49   4.056651891E+49   5.344810712E+50
   2.890014059E+04  -3.289490790E+50   2.793967558E+50   9.015418329E+49   4.060186013E+49   5.345164124E+50
   3.060000406E+04  -3.289580488E+50   2.799838051E+50   8.960937472E+49   4.063513107E+49   5.345496834E+50
   3.230009414E+04  -3.287838304E+50   2.803567292E+50   8.906877896E+49   4.064167780E+49   5.345562301E+50
   3.400000113E+04  -3.281332885E+50   2.802484327E+50   8.852286323E+49   4.063800746E+49   5.345525597E+50
   3.570003975E+04  -3.282014416E+50   2.808656886E+50   8.797071804E+49   4.063496503E+49   5.345495173E+50
   3.740000770E+04  -3.281472370E+50   2.813595216E+50   8.742706369E+49   4.063934831E+49   5.345539006E+50
   3.910010517E+04  -3.285061506E+50   2.822665174E+50   8.689442889E+49   4.065479572E+49   5.345693480E+50
   4.080004596E+04  -3.287565214E+50   2.830701097E+50   8.636424651E+49   4.067783485E+49   5.345923871E+50
   4.250007392E+04  -3.286241267E+50   2.834622995E+50   8.585039903E+49   4.068857185E+49   5.346031241E+50
   4.420003150E+04  -3.282125574E+50   2.835582501E+50   8.533613245E+49   4.068182521E+49   5.345963775E+50
   4.590005419E+04  -3.280975355E+50   2.839527274E+50   8.482561353E+49   4.068080545E+49   5.345953577E+50
   4.760003197E+04  -3.281101611E+50   2.844648441E+50   8.433052029E+49   4.068520330E+49   5.345997556E+50
   4.930012314E+04  -3.283020960E+50   2.851440347E+50   8.385221605E+49   4.069415470E+49   5.346087070E+50
   5.100005347E+04  -3.285491495E+50   2.858722356E+50   8.339177854E+49   4.071486468E+49   5.346294170E+50
   5.270012918E+04  -3.284936605E+50   2.862717046E+50   8.294627998E+49   4.072432416E+49   5.346388764E+50
   5.440003352E+04  -3.282448903E+50   2.864650832E+50   8.250367374E+49   4.072386661E+49   5.346384189E+50
   5.610001555E+04  -3.279902294E+50   2.866473952E+50   8.206322585E+49   4.072039165E+49   5.346349439E+50
   5.780011186E+04  -3.280638461E+50   2.871609218E+50   8.162190476E+49   4.071898049E+49   5.346335328E+50
   5.950005837E+04  -3.281468736E+50   2.876857725E+50   8.118513254E+49   4.072403144E+49   5.346385837E+50
   6.120007287E+04  -3.284148609E+50   2.883998456E+50   8.075144912E+49   4.073643378E+49   5.346509861E+50
   6.290013830E+04  -3.283966318E+50   2.888215996E+50   8.031944833E+49   4.074441614E+49   5.346589684E+50
   6.460014650E+04  -3.282597284E+50   2.891149672E+50   7.988987025E+49   4.074510901E+49   5.346596613E+50
   6.630013519E+04  -3.279871969E+50   2.892695842E+50   7.945540916E+49   4.073779642E+49   5.346523487E+50
   6.800014849E+04  -3.280295291E+50   2.897447661E+50   7.902193809E+49   4.073717517E+49   5.346517275E+50
   6.970014893E+04  -3.280267218E+50   2.901725106E+50   7.859132077E+49   4.073710953E+49   5.346516618E+50
   7.140012471E+04  -3.283168497E+50   2.908995721E+50   7.816368404E+49   4.074640648E+49   5.346609588E+50
   7.310003821E+04  -3.282917387E+50   2.913034425E+50   7.774231669E+49   4.075402053E+49   5.346685728E+50
   7.480001924E+04  -3.282416307E+50   2.916725064E+50   7.732316111E+49   4.075403683E+49   5.346685891E+50
   7.650004739E+04  -3.279967586E+50   2.918397561E+50   7.690853596E+49   4.075153352E+49   5.346660858E+50
   7.820011820E+04  -3.279376199E+50   2.921890148E+50   7.649745181E+49   4.074884677E+49   5.346633991E+50
   7.990002041E+04  -3.280463232E+50   2.927017674E+50   7.609759691E+49   4.075304113E+49   5.346675934E+50
   8.160003753E+04  -3.281385839E+50   2.931902189E+50   7.570818364E+49   4.075981856E+49   5.346743709E+50
   8.330000999E+04  -3.283108687E+50   2.937514973E+50   7.532872802E+49   4.076935663E+49   5.346839089E+50
   8.500005821E+04  -3.281454418E+50   2.939579752E+50   7.495868288E+49   4.077121634E+49   5.346857686E+50
   8.670011846E+04  -3.280462368E+50   2.942237450E+50   7.459165433E+49   4.076916253E+49   5.346837148E+50
   8.840013551E+04  -3.278929310E+50   2.944305840E+50   7.423091746E+49   4.076857044E+49   5.346831227E+50
   9.010002122E+04  -3.279812522E+50   2.948771921E+50   7.387510831E+49   4.077104821E+49   5.346856005E+50
   9.180013149E+04  -3.280828347E+50   2.953331516E+50   7.352968242E+49   4.077999933E+49   5.346945516E+50
   9.350003230E+04  -3.282085201E+50   2.958065755E+50   7.319023873E+49   4.078829412E+49   5.347028464E+50
   9.520013346E+04  -3.281497953E+50   2.960844149E+50   7.285876723E+49   4.079338689E+49   5.347079392E+50
   9.690009643E+04  -3.280039415E+50   2.962652370E+50   7.252898522E+49   4.079028076E+49   5.347048331E+50
   9.860009189E+04  -3.279149816E+50   2.965018011E+50   7.220228703E+49   4.078910647E+49   5.347036588E+50
   1.003000708E+05  -3.279061958E+50   2.968153830E+50   7.187945850E+49   4.078864563E+49   5.347031979E+50
   1.020001504E+05  -3.280573868E+50   2.972892251E+50   7.156332858E+49   4.079516687E+49   5.347097192E+50
   1.037000701E+05  -3.281239141E+50   2.976722610E+50   7.125418894E+49   4.080253581E+49   5.347170881E+50
   1.054001402E+05  -3.281443925E+50   2.980016806E+50   7.095112613E+49   4.080841424E+49   5.347229665E+50
   1.071001181E+05  -3.279904898E+50   2.981457210E+50   7.065259920E+49   4.080783038E+49   5.347223827E+50
   1.088001480E+05  -3.278948014E+50   2.983463953E+50   7.035576040E+49   4.080735429E+49   5.347219066E+50
   1.105000062E+05  -3.278953845E+50   2.986397407E+50   7.006398200E+49   4.080833817E+49   5.347228905E+50
   1.122000720E+05  -3.279589999E+50   2.989956969E+50   6.977694668E+49   4.081364372E+49   5.347281960E+50
   1.139001317E+05  -3.281144597E+50   2.994383674E+50   6.949742895E+49   4.082133668E+49   5.347358890E+50
   1.156000203E+05  -3.280743728E+50   2.996780540E+50   6.922276808E+49   4.082644929E+49   5.347410016E+50
   1.173000442E+05  -3.280167738E+50   2.998898919E+50   6.895345602E+49   4.082657413E+49   5.347411264E+50
   1.190000864E+05  -3.278726499E+50   3.000117649E+50   6.868520143E+49   4.082431643E+49   5.347388687E+50
   1.207000106E+05  -3.278731381E+50   3.002760546E+50   6.842136325E+49   4.082427982E+49   5.347388321E+50
   1.224000167E+05  -3.279226762E+50   3.005888648E+50   6.816083660E+49   4.082702515E+49   5.347415774E+50
   1.241000823E+05  -3.280422028E+50   3.009695164E+50   6.790636169E+49   4.083367526E+49   5.347482275E+50
   1.258000827E+05  -3.280684342E+50   3.012516494E+50   6.765523951E+49   4.083845469E+49   5.347530070E+50
   1.275000212E+05  -3.279840411E+50   3.014155643E+50   6.740826712E+49   4.083979034E+49   5.347543426E+50
   1.292000802E+05  -3.278786379E+50   3.015551137E+50   6.716150642E+49   4.083798222E+49   5.347525345E+50
   1.309000612E+05  -3.278382441E+50   3.017587526E+50   6.691790734E+49   4.083841587E+49   5.347529682E+50
   1.326000016E+05  -3.278970032E+50   3.020610349E+50   6.667713160E+49   4.084116331E+49   5.347557156E+50
   1.343000608E+05  -3.279773046E+50   3.023830739E+50   6.644209754E+49   4.084786685E+49   5.347624191E+50
   1.360000269E+05  -3.280538504E+50   3.026965676E+50   6.621075458E+49   4.085347175E+49   5.347680240E+50
   1.377000396E+05  -3.279676764E+50   3.028394698E+50   6.598384018E+49   4.085563356E+49   5.347701858E+50
   1.394001272E+05  -3.278820758E+50   3.029786453E+50   6.575760147E+49   4.085417097E+49   5.347687233E+50
   1.411001514E+05  -3.278194651E+50   3.031391384E+50   6.553377983E+49   4.085345315E+49   5.347680054E+50
   1.428000330E+05  -3.278571449E+50   3.033998283E+50   6.531207077E+49   4.085475423E+49   5.347693065E+50
   1.445000580E+05  -3.279523525E+50   3.037166874E+50   6.509500714E+49   4.085934208E+49   5.347738944E+50
   1.462000043E+05  -3.279926655E+50   3.039755440E+50   6.488115252E+49   4.086403103E+49   5.347785833E+50
   1.479000902E+05  -3.279835519E+50   3.041777882E+50   6.467135749E+49   4.086559379E+49   5.347801461E+50
   1.496000581E+05  -3.278573017E+50   3.042586918E+50   6.446272307E+49   4.086411318E+49   5.347786655E+50
   1.513001289E+05  -3.278178953E+50   3.044242015E+50   6.425629035E+49   4.086259662E+49   5.347771489E+50
   1.530000865E+05  -3.278238958E+50   3.046355508E+50   6.405215962E+49   4.086381453E+49   5.347783668E+50
   1.547000849E+05  -3.279100099E+50   3.049253983E+50   6.385230483E+49   4.086769321E+49   5.347822455E+50
   1.564000010E+05  -3.279746365E+50   3.051921342E+50   6.365596343E+49   4.087346119E+49   5.347880135E+50
   1.581000201E+05  -3.279513487E+50   3.053641949E+50   6.346314740E+49   4.087599364E+49   5.347905459E+50
   1.598000364E+05  -3.278771752E+50   3.054816667E+50   6.327187891E+49   4.087637039E+49   5.347909227E+50
   1.615001410E+05  -3.277888687E+50   3.055823876E+50   6.308177752E+49   4.087529643E+49   5.347898487E+50
   1.632000262E+05  -3.278139756E+50   3.057972963E+50   6.289386319E+49   4.087718393E+49   5.347917362E+50
   1.649001274E+05  -3.278531779E+50   3.060249909E+50   6.270900853E+49   4.088082160E+49   5.347953739E+50
   1.666000255E+05  -3.279582367E+50   3.063171639E+50   6.252792729E+49   4.088685451E+49   5.348014068E+50
   1.683001236E+05  -3.279194150E+50   3.064598250E+50   6.234966046E+49   4.089007045E+49   5.348046227E+50
   1.700000461E+05  -3.278816188E+50   3.065986904E+50   6.217362221E+49   4.089069383E+49   5.348052461E+50
   1.717000223E+05  -3.277797264E+50   3.066712142E+50   6.199813337E+49   4.088962110E+49   5.348041734E+50
   1.734001458E+05  -3.277850006E+50   3.068505294E+50   6.182463835E+49   4.089016714E+49   5.348047194E+50
   1.751000280E+05  -3.278427877E+50   3.070824603E+50   6.165343041E+49   4.089310296E+49   5.348076552E+50
   1.768000611E+05  -3.278958622E+50   3.073077983E+50   6.148561860E+49   4.089755468E+49   5.348121070E+50
   1.785001003E+05  -3.279395230E+50   3.075200689E+50   6.132044429E+49   4.090099017E+49   5.348155425E+50
   1.802000760E+05  -3.278422116E+50   3.075856612E+50   6.115741714E+49   4.090086678E+49   5.348154191E+50
   1.819001043E+05  -3.278018517E+50   3.077062135E+50   6.099538189E+49   4.089974366E+49   5.348142959E+50
   1.836001167E+05  -3.277501729E+50   3.078143693E+50   6.083490310E+49   4.089909949E+49   5.348136518E+50
   1.853001163E+05  -3.278109225E+50   3.080350054E+50   6.067718836E+49   4.090127126E+49   5.348158235E+50
   1.870000946E+05  -3.278784031E+50   3.082611442E+50   6.052241801E+49   4.090515914E+49   5.348197114E+50
   1.887000968E+05  -3.278960590E+50   3.084337684E+50   6.037084178E+49   4.090855122E+49   5.348231035E+50
   1.904001286E+05  -3.278665215E+50   3.085547032E+50   6.022108251E+49   4.090926420E+49   5.348238165E+50
   1.921000427E+05  -3.277726943E+50   3.086081640E+50   6.007252413E+49   4.090799380E+49   5.348225461E+50
   1.938001247E+05  -3.277582661E+50   3.087411464E+50   5.992490271E+49   4.090778303E+49   5.348223353E+50
   1.955000485E+05  -3.277701545E+50   3.089000074E+50   5.977947490E+49   4.090932779E+49   5.348238801E+50
   1.972000027E+05  -3.278560261E+50   3.091327475E+50   5.963678007E+49   4.091350150E+49   5.348280538E+50
   1.989000982E+05  -3.278760851E+50   3.092966904E+50   5.949674546E+49   4.091735074E+49   5.348319030E+50
   2.006000579E+05  -3.278527511E+50   3.094127613E+50   5.935900498E+49   4.091901521E+49   5.348335675E+50
   2.023000083E+05  -3.277763704E+50   3.094728550E+50   5.922215681E+49   4.091864146E+49   5.348331937E+50
   2.040001491E+05  -3.277347090E+50   3.095666267E+50   5.908646097E+49   4.091837872E+49   5.348329310E+50
   2.057001535E+05  -3.277580116E+50   3.097258519E+50   5.895241196E+49   4.092025232E+49   5.348348046E+50
   2.074000657E+05  -3.278072833E+50   3.099103095E+50   5.882092353E+49   4.092394976E+49   5.348385020E+50
   2.091001180E+05  -3.278744907E+50   3.101109686E+50   5.869188745E+49   4.092836540E+49   5.348429177E+50
   2.108001458E+05  -3.278281053E+50   3.101938347E+50   5.856477967E+49   4.093050907E+49   5.348450614E+50
   2.125001536E+05  -3.277855046E+50   3.102772685E+50   5.843872082E+49   4.093048473E+49   5.348450370E+50
   2.142000238E+05  -3.277205608E+50   3.103376347E+50   5.831317688E+49   4.093025074E+49   5.348448030E+50
   2.159001226E+05  -3.277357451E+50   3.104780258E+50   5.818913334E+49   4.093141407E+49   5.348459664E+50
   2.176001244E+05  -3.277888504E+50   3.106564975E+50   5.806718272E+49   4.093482981E+49   5.348493821E+50
   2.193001430E+05  -3.278329460E+50   3.108241551E+50   5.794766840E+49   4.093887754E+49   5.348534298E+50
   2.210000924E+05  -3.278379162E+50   3.109488972E+50   5.783029195E+49   4.094127302E+49   5.348558253E+50
   2.227001492E+05  -3.277647873E+50   3.109922348E+50   5.771398614E+49   4.094143362E+49   5.348559859E+50
   2.244000743E+05  -3.277227516E+50   3.110649311E+50   5.759850559E+49   4.094068506E+49   5.348552373E+50
   2.261000818E+05  -3.277129551E+50   3.111702460E+50   5.748412678E+49   4.094141768E+49   5.348559700E+50
   2.278000412E+05  -3.277609840E+50   3.113330335E+50   5.737180276E+49   4.094385229E+49   5.348584046E+50
   2.295000048E+05  -3.278161120E+50   3.115018882E+50   5.726174351E+49   4.094751975E+49   5.348620720E+50
   2.312000479E+05  -3.278188512E+50   3.116151292E+50   5.715362606E+49   4.094990406E+49   5.348644564E+50
   2.329000040E+05  -3.277719045E+50   3.116749495E+50   5.704686174E+49   4.094990671E+49   5.348644590E+50
   2.346001304E+05  -3.277111212E+50   3.117195534E+50   5.694055782E+49   4.094899000E+49   5.348635423E+50
   2.363000539E+05  -3.277025973E+50   3.118162316E+50   5.683530323E+49   4.094893760E+49   5.348634899E+50
   2.380001052E+05  -3.277299521E+50   3.119489023E+50   5.673174007E+49   4.095069035E+49   5.348652426E+50
   2.397000268E+05  -3.277980062E+50   3.121217808E+50   5.663019505E+49   4.095396968E+49   5.348685220E+50
   2.414001535E+05  -3.277992667E+50   3.122248734E+50   5.653067749E+49   4.095628421E+49   5.348708365E+50
   2.431000244E+05  -3.277724699E+50   3.122967818E+50   5.643234143E+49   4.095665333E+49   5.348712056E+50
   2.448000343E+05  -3.277024121E+50   3.123234751E+50   5.633455985E+49   4.095562283E+49   5.348701751E+50
   2.465000318E+05  -3.276889277E+50   3.124066215E+50   5.623751330E+49   4.095520717E+49   5.348697595E+50
   2.482000076E+05  -3.277154953E+50   3.125304543E+50   5.614171823E+49   4.095667727E+49   5.348712296E+50
   2.499000471E+05  -3.277586637E+50   3.126703964E+50   5.604781754E+49   4.095955026E+49   5.348741026E+50
   2.516001089E+05  -3.278016167E+50   3.128083247E+50   5.595554857E+49   4.096225664E+49   5.348768089E+50
   2.533000452E+05  -3.277523706E+50   3.128509664E+50   5.586442381E+49   4.096301956E+49   5.348775719E+50
   2.550001093E+05  -3.277121885E+50   3.129006385E+50   5.577379089E+49   4.096224086E+49   5.348767931E+50
   2.567000019E+05  -3.276672216E+50   3.129455663E+50   5.568348182E+49   4.096182649E+49   5.348763788E+50
   2.584000750E+05  -3.276966531E+50   3.130653648E+50   5.559429532E+49   4.096300707E+49   5.348775594E+50
   2.601000488E+05  -3.277403580E+50   3.131993970E+50   5.550674230E+49   4.096578137E+49   5.348803337E+50
   2.618000678E+05  -3.277721399E+50   3.133202543E+50   5.542072160E+49   4.096883597E+49   5.348833883E+50
   2.635000654E+05  -3.277601698E+50   3.133942455E+50   5.533602027E+49   4.097009593E+49   5.348846482E+50
   2.652000313E+05  -3.276967843E+50   3.134147901E+50   5.525174610E+49   4.096975189E+49   5.348843042E+50
   2.669001308E+05  -3.276699756E+50   3.134717174E+50   5.516768904E+49   4.096943077E+49   5.348839831E+50
   2.686001294E+05  -3.276664096E+50   3.135522424E+50   5.508454750E+49   4.097038033E+49   5.348849326E+50
   2.703000529E+05  -3.277267175E+50   3.136971249E+50   5.500267219E+49   4.097307958E+49   5.348876319E+50
   2.720000098E+05  -3.277498156E+50   3.138038747E+50   5.492224737E+49   4.097630648E+49   5.348908588E+50
   2.737000892E+05  -3.277522923E+50   3.138872502E+50   5.484308310E+49   4.097804100E+49   5.348925933E+50
   2.754000984E+05  -3.276980230E+50   3.139117773E+50   5.476433978E+49   4.097809407E+49   5.348926464E+50
   2.771001067E+05  -3.276539386E+50   3.139458457E+50   5.468584793E+49   4.097775510E+49   5.348923074E+50
   2.788000149E+05  -3.276649452E+50   3.140353375E+50   5.460811297E+49   4.097850528E+49   5.348930576E+50
   2.805000408E+05  -3.276837257E+50   3.141331369E+50   5.453152857E+49   4.098093982E+49   5.348954921E+50
   2.822000971E+05  -3.277517349E+50   3.142794889E+50   5.445643823E+49   4.098419222E+49   5.348987445E+50
   2.839000981E+05  -3.277274001E+50   3.143309825E+50   5.438266607E+49   4.098624841E+49   5.349008007E+50
   2.856000172E+05  -3.277071646E+50   3.143843748E+50   5.430944700E+49   4.098665724E+49   5.349012095E+50
   2.873000654E+05  -3.276459097E+50   3.143956787E+50   5.423650793E+49   4.098627694E+49   5.349008292E+50
   2.890000567E+05  -3.276427496E+50   3.144652674E+50   5.416422292E+49   4.098674068E+49   5.349012930E+50
   2.907000083E+05  -3.276805198E+50   3.145762884E+50   5.409303996E+49   4.098880859E+49   5.349033609E+50
   2.924000189E+05  -3.277091100E+50   3.146776142E+50   5.402338280E+49   4.099188698E+49   5.349064393E+50
   2.941001010E+05  -3.277377420E+50   3.147767473E+50   5.395515571E+49   4.099416102E+49   5.349087133E+50
   2.958000764E+05  -3.276862832E+50   3.147933745E+50   5.388766807E+49   4.099475937E+49   5.349093117E+50
   2.975000268E+05  -3.276527328E+50   3.148266199E+50   5.382048204E+49   4.099436916E+49   5.349089214E+50
   2.992000755E+05  -3.276246429E+50   3.148653026E+50   5.375382644E+49   4.099448614E+49   5.349090384E+50
   3.009001219E+05  -3.276579319E+50   3.149659150E+50   5.368809908E+49   4.099608218E+49   5.349106345E+50
   3.026000724E+05  -3.276989117E+50   3.150740705E+50   5.362372934E+49   4.099888814E+49   5.349134404E+50
   3.043000922E+05  -3.277142028E+50   3.151546593E+50   5.356076778E+49   4.100122422E+49   5.349157765E+50
   3.060001300E+05  -3.276938245E+50   3.151971034E+50   5.349867327E+49   4.100195212E+49   5.349165044E+50
   3.077001299E+05  -3.276397426E+50   3.152043344E+50   5.343690167E+49   4.100149350E+49   5.349160458E+50
   3.094000880E+05  -3.276244620E+50   3.152500790E+50   5.337565523E+49   4.100127219E+49   5.349158245E+50
   3.111000595E+05  -3.276280369E+50   3.153150010E+50   5.331537107E+49   4.100233516E+49   5.349168874E+50
   3.128001130E+05  -3.276848420E+50   3.154331793E+50   5.325640998E+49   4.100474728E+49   5.349192996E+50
   3.145000622E+05  -3.276974182E+50   3.155055795E+50   5.319891549E+49   4.100707673E+49   5.349216290E+50
   3.162000191E+05  -3.276875774E+50   3.155529872E+50   5.314251164E+49   4.100792147E+49   5.349224738E+50
   3.179000647E+05  -3.276403529E+50   3.155613291E+50   5.308648302E+49   4.100745922E+49   5.349220115E+50
   3.196000863E+05  -3.276065647E+50   3.155827218E+50   5.303079913E+49   4.100695627E+49   5.349215086E+50
   3.213001332E+05  -3.276263023E+50   3.156579392E+50   5.297596215E+49   4.100759904E+49   5.349221513E+50
   3.230001256E+05  -3.276494124E+50   3.157366580E+50   5.292231915E+49   4.100956476E+49   5.349241170E+50
   3.247000198E+05  -3.276961346E+50   3.158380837E+50   5.286996160E+49   4.101191072E+49   5.349264630E+50
   3.264000386E+05  -3.276729824E+50   3.158671782E+50   5.281873175E+49   4.101292756E+49   5.349274799E+50
   3.281001473E+05  -3.276425962E+50   3.158870939E+50   5.276804436E+49   4.101254204E+49   5.349270943E+50
   3.298000584E+05  -3.276003191E+50   3.158945964E+50   5.271759571E+49   4.101187301E+49   5.349264253E+50
   3.315000346E+05  -3.276035550E+50   3.159479532E+50   5.266781146E+49   4.101220965E+49   5.349267619E+50
   3.332001127E+05  -3.276401256E+50   3.160347750E+50   5.261920522E+49   4.101385460E+49   5.349284069E+50
   3.349001034E+05  -3.276699963E+50   3.161142769E+50   5.257184709E+49   4.101612768E+49   5.349306800E+50
   3.366000447E+05  -3.276733961E+50   3.161653734E+50   5.252550219E+49   4.101747952E+49   5.349320318E+50
   3.383000517E+05  -3.276337937E+50   3.161713739E+50   5.247974919E+49   4.101732936E+49   5.349318817E+50
   3.400000205E+05  -3.276017511E+50   3.161841216E+50   5.243425706E+49   4.101662756E+49   5.349311799E+50
   3.417000616E+05  -3.275858903E+50   3.162134200E+50   5.238921295E+49   4.101674264E+49   5.349312949E+50
   3.434000798E+05  -3.276229555E+50   3.162960319E+50   5.234513712E+49   4.101821347E+49   5.349327658E+50
   3.451000047E+05  -3.276539917E+50   3.163720945E+50   5.230236072E+49   4.102046352E+49   5.349350158E+50
   3.468000310E+05  -3.276638369E+50   3.164252081E+50   5.226070890E+49   4.102208009E+49   5.349366324E+50
   3.485000902E+05  -3.276333242E+50   3.164359781E+50   5.221965682E+49   4.102231072E+49   5.349368630E+50
   3.502001157E+05  -3.275893720E+50   3.164322907E+50   5.217883158E+49   4.102175027E+49   5.349363026E+50
   3.519000654E+05  -3.275866462E+50   3.164699510E+50   5.213842785E+49   4.102173261E+49   5.349362849E+50
   3.536000124E+05  -3.275929635E+50   3.165171060E+50   5.209883890E+49   4.102298147E+49   5.349375338E+50
   3.553000372E+05  -3.276449598E+50   3.166099280E+50   5.206031663E+49   4.102528486E+49   5.349398371E+50
   3.570001380E+05  -3.276489150E+50   3.166532553E+50   5.202287085E+49   4.102721108E+49   5.349417634E+50
   3.587001156E+05  -3.276314324E+50   3.166730244E+50   5.198618062E+49   4.102777263E+49   5.349423249E+50
   3.604000274E+05  -3.275914743E+50   3.166691079E+50   5.194974543E+49   4.102737904E+49   5.349419313E+50
   3.621000488E+05  -3.275638970E+50   3.166776440E+50   5.191356136E+49   4.102730837E+49   5.349418607E+50
   3.638000718E+05  -3.275915153E+50   3.167418443E+50   5.187809441E+49   4.102842337E+49   5.349429757E+50
   3.655000351E+05  -3.276133454E+50   3.168002237E+50   5.184372196E+49   4.103060026E+49   5.349451525E+50
   3.672000712E+05  -3.276467668E+50   3.168691411E+50   5.181039213E+49   4.103276645E+49   5.349473187E+50
   3.689001070E+05  -3.276198547E+50   3.168758369E+50   5.177773946E+49   4.103372165E+49   5.349482739E+50
   3.706000792E+05  -3.275901810E+50   3.168784495E+50   5.174531524E+49   4.103358375E+49   5.349481360E+50
   3.723001502E+05  -3.275606252E+50   3.168809833E+50   5.171308732E+49   4.103344540E+49   5.349479977E+50
   3.740001039E+05  -3.275664168E+50   3.169193571E+50   5.168141047E+49   4.103435069E+49   5.349489030E+50
   3.757001529E+05  -3.276067082E+50   3.169925162E+50   5.165063403E+49   4.103644204E+49   5.349509943E+50
   3.774001258E+05  -3.276238583E+50   3.170417687E+50   5.162087111E+49   4.103878148E+49   5.349533338E+50
   3.791000755E+05  -3.276257587E+50   3.170738802E+50   5.159194574E+49   4.104006721E+49   5.349546195E+50
   3.808001006E+05  -3.275768254E+50   3.170535529E+50   5.156339217E+49   4.104011962E+49   5.349546719E+50
   3.825000762E+05  -3.275612190E+50   3.170662167E+50   5.153497324E+49   4.103997096E+49   5.349545232E+50
   3.842000960E+05  -3.275513718E+50   3.170851520E+50   5.150694563E+49   4.104072586E+49   5.349552781E+50
   3.859000865E+05  -3.275839019E+50   3.171468352E+50   5.147972103E+49   4.104265424E+49   5.349572065E+50
   3.876001419E+05  -3.276175696E+50   3.172091663E+50   5.145344887E+49   4.104504552E+49   5.349595978E+50
   3.893000153E+05  -3.276072496E+50   3.172259177E+50   5.142792214E+49   4.104659019E+49   5.349611425E+50
   3.910000916E+05  -3.275902803E+50   3.172345574E+50   5.140265947E+49   4.104693655E+49   5.349614888E+50
   3.927001205E+05  -3.275393475E+50   3.172087446E+50   5.137738908E+49   4.104678618E+49   5.349613385E+50
   3.944000603E+05  -3.275514532E+50   3.172464386E+50   5.135235969E+49   4.104734511E+49   5.349618974E+50
   3.961001273E+05  -3.275630709E+50   3.172840940E+50   5.132798134E+49   4.104900442E+49   5.349635567E+50
   3.978001278E+05  -3.276014320E+50   3.173483691E+50   5.130444629E+49   4.105138335E+49   5.349659356E+50
   3.995000690E+05  -3.276062754E+50   3.173778289E+50   5.128162394E+49   4.105317748E+49   5.349677298E+50
   4.012000558E+05  -3.275762096E+50   3.173708023E+50   5.125914035E+49   4.105373310E+49   5.349682854E+50
   4.029001334E+05  -3.275501037E+50   3.173670365E+50   5.123666998E+49   4.105360280E+49   5.349681551E+50
   4.046001369E+05  -3.275273340E+50   3.173669242E+50   5.121433348E+49   4.105392365E+49   5.349684759E+50
   4.063001359E+05  -3.275552949E+50   3.174181738E+50   5.119247908E+49   4.105535806E+49   5.349699103E+50
   4.080000662E+05  -3.275805683E+50   3.174668463E+50   5.117134002E+49   4.105761804E+49   5.349721703E+50
   4.097000919E+05  -3.276005496E+50   3.175092683E+50   5.115086452E+49   4.105958314E+49   5.349741354E+50
   4.114001344E+05  -3.275730582E+50   3.175026494E+50   5.113075231E+49   4.106034352E+49   5.349748958E+50
   4.131001147E+05  -3.275430931E+50   3.174926936E+50   5.111064008E+49   4.106024056E+49   5.349747929E+50
   4.148000228E+05  -3.275245663E+50   3.174943763E+50   5.109054870E+49   4.106035869E+49   5.349749110E+50
   4.165001020E+05  -3.275347787E+50   3.175254849E+50   5.107080150E+49   4.106150769E+49   5.349760600E+50
   4.182001205E+05  -3.275705151E+50   3.175824505E+50   5.105167606E+49   4.106361138E+49   5.349781637E+50
   4.199000743E+05  -3.275818676E+50   3.176143385E+50   5.103317303E+49   4.106564392E+49   5.349801962E+50
   4.216000284E+05  -3.275780605E+50   3.176296453E+50   5.101502047E+49   4.106660519E+49   5.349811575E+50
   4.233000566E+05  -3.275337549E+50   3.176035070E+50   5.099680740E+49   4.106655944E+49   5.349811117E+50
   4.250000284E+05  -3.275187930E+50   3.176068781E+50   5.097843697E+49   4.106652206E+49   5.349810743E+50
   4.267000213E+05  -3.275226322E+50   3.176298271E+50   5.096018303E+49   4.106737800E+49   5.349819303E+50
   4.284001334E+05  -3.275496806E+50   3.176765638E+50   5.094235243E+49   4.106923564E+49   5.349837879E+50
   4.301000123E+05  -3.275789283E+50   3.177252064E+50   5.092502594E+49   4.107130401E+49   5.349858563E+50
   4.318000355E+05  -3.275623345E+50   3.177267467E+50   5.090801030E+49   4.107242253E+49   5.349869748E+50
   4.335001198E+05  -3.275416434E+50   3.177231930E+50   5.089093578E+49   4.107248544E+49   5.349870377E+50
   4.352001417E+05  -3.275062734E+50   3.177049055E+50   5.087365774E+49   4.107228982E+49   5.349868421E+50
   4.369000586E+05  -3.275120739E+50   3.177285133E+50   5.085642523E+49   4.107286465E+49   5.349874169E+50
   4.386000937E+05  -3.275339860E+50   3.177688666E+50   5.083956590E+49   4.107444653E+49   5.349889988E+50
   4.403000656E+05  -3.275619551E+50   3.178152092E+50   5.082319172E+49   4.107644582E+49   5.349909981E+50
   4.420001544E+05  -3.275627672E+50   3.178333577E+50   5.080713316E+49   4.107772363E+49   5.349922759E+50
   4.437001431E+05  -3.275311886E+50   3.178180712E+50   5.079100997E+49   4.107789252E+49   5.349924448E+50
   4.454000636E+05  -3.275078043E+50   3.178108581E+50   5.077457060E+49   4.107762432E+49   5.349921766E+50
   4.471000470E+05  -3.274959396E+50   3.178158941E+50   5.075797125E+49   4.107792578E+49   5.349924781E+50
   4.488000122E+05  -3.275238917E+50   3.178615928E+50   5.074154259E+49   4.107924369E+49   5.349937960E+50
   4.505000670E+05  -3.275439918E+50   3.178996680E+50   5.072546573E+49   4.108114188E+49   5.349956942E+50
   4.522000800E+05  -3.275575030E+50   3.179303736E+50   5.070966221E+49   4.108253281E+49   5.349970851E+50
   4.539001197E+05  -3.275311400E+50   3.179201395E+50   5.069382314E+49   4.108282264E+49   5.349973749E+50
   4.556000990E+05  -3.274981852E+50   3.179029953E+50   5.067767333E+49   4.108248341E+49   5.349970357E+50
   4.573001408E+05  -3.274942253E+50   3.179154504E+50   5.066131816E+49   4.108254328E+49   5.349970956E+50
   4.590000338E+05  -3.274980445E+50   3.179365039E+50   5.064508764E+49   4.108354705E+49   5.349980993E+50
   4.607000199E+05  -3.275415832E+50   3.179977004E+50   5.062919943E+49   4.108531658E+49   5.349998689E+50
   4.624001066E+05  -3.275391516E+50   3.180123477E+50   5.061360103E+49   4.108679712E+49   5.350013494E+50
   4.641000596E+05  -3.275323110E+50   3.180215728E+50   5.059799986E+49   4.108726162E+49   5.350018139E+50
   4.658000822E+05  -3.274973228E+50   3.180022143E+50   5.058204393E+49   4.108693549E+49   5.350014878E+50
   4.675000384E+05  -3.274784749E+50   3.179995470E+50   5.056572675E+49   4.108679887E+49   5.350013512E+50
   4.692000011E+05  -3.274968083E+50   3.180350409E+50   5.054933263E+49   4.108756527E+49   5.350021176E+50
   4.709000764E+05  -3.275117090E+50   3.180677281E+50   5.053312831E+49   4.108914735E+49   5.350036996E+50
   4.726000885E+05  -3.275439048E+50   3.181174810E+50   5.051714679E+49   4.109072301E+49   5.350052753E+50
   4.743000996E+05  -3.275190778E+50   3.181092455E+50   5.050118167E+49   4.109134936E+49   5.350059016E+50
   4.760000274E+05  -3.274985215E+50   3.181047274E+50   5.048490613E+49   4.109111203E+49   5.350056643E+50
   4.777000337E+05  -3.274725663E+50   3.180951410E+50   5.046825258E+49   4.109082722E+49   5.350053795E+50
   4.794000749E+05  -3.274793565E+50   3.181192295E+50   5.045147337E+49   4.109134635E+49   5.350058986E+50
   4.811000751E+05  -3.275061627E+50   3.181640761E+50   5.043484847E+49   4.109276181E+49   5.350073141E+50
   4.828000175E+05  -3.275220163E+50   3.181979653E+50   5.041843497E+49   4.109438391E+49   5.350089362E+50
   4.845000956E+05  -3.275251395E+50   3.182183262E+50   5.040203584E+49   4.109522246E+49   5.350097747E+50
   4.862000748E+05  -3.274884152E+50   3.181982262E+50   5.038529606E+49   4.109510705E+49   5.350096593E+50
   4.879001398E+05  -3.274731851E+50   3.181999101E+50   5.036804702E+49   4.109477204E+49   5.350093243E+50
   4.896000916E+05  -3.274639303E+50   3.182085261E+50   5.035049037E+49   4.109508617E+49   5.350096385E+50
   4.913000245E+05  -3.274913013E+50   3.182546851E+50   5.033293775E+49   4.109632161E+49   5.350108739E+50
   4.930000444E+05  -3.275146747E+50   3.182970956E+50   5.031553531E+49   4.109795624E+49   5.350125085E+50
   4.947000408E+05  -3.275116216E+50   3.183124316E+50   5.029817435E+49   4.109898435E+49   5.350135366E+50
   4.964000736E+05  -3.274950867E+50   3.183135918E+50   5.028054200E+49   4.109904710E+49   5.350135994E+50
   4.981000366E+05  -3.274590187E+50   3.182952826E+50   5.026240825E+49   4.109867220E+49   5.350132245E+50
   4.998000568E+05  -3.274632163E+50   3.183181588E+50   5.024388685E+49   4.109882938E+49   5.350133817E+50
   5.015000626E+05  -3.274718982E+50   3.183465253E+50   5.022525763E+49   4.109988482E+49   5.350144371E+50
   5.032000192E+05  -3.275022569E+50   3.183970882E+50   5.020668795E+49   4.110151928E+49   5.350160716E+50
   5.049000811E+05  -3.275092245E+50   3.184238637E+50   5.018810249E+49   4.110274173E+49   5.350172940E+50
   5.066000223E+05  -3.274862895E+50   3.184200673E+50   5.016922307E+49   4.110300083E+49   5.350175531E+50
   5.083000345E+05  -3.274631539E+50   3.184160651E+50   5.014978696E+49   4.110269817E+49   5.350172505E+50
   5.100001173E+05  -3.274459387E+50   3.184187731E+50   5.012987345E+49   4.110270781E+49   5.350172601E+50
   5.117000476E+05  -3.274651357E+50   3.184589479E+50   5.010978377E+49   4.110359592E+49   5.350181482E+50
   5.134000828E+05  -3.274853608E+50   3.185007974E+50   5.008971979E+49   4.110515639E+49   5.350197087E+50
   5.151000706E+05  -3.275013072E+50   3.185382379E+50   5.006963148E+49   4.110656216E+49   5.350211145E+50
   5.168000668E+05  -3.274845096E+50   3.185423059E+50   5.004927420E+49   4.110707050E+49   5.350216228E+50
   5.185001358E+05  -3.274582498E+50   3.185367091E+50   5.002839996E+49   4.110685926E+49   5.350214115E+50
   5.202001193E+05  -3.274422811E+50   3.185419809E+50   5.000706617E+49   4.110676598E+49   5.350213183E+50
   5.219001259E+05  -3.274472943E+50   3.185691419E+50   4.998562798E+49   4.110747563E+49   5.350220279E+50
   5.236000873E+05  -3.274772787E+50   3.186217597E+50   4.996448772E+49   4.110896870E+49   5.350235210E+50
   5.253001528E+05  -3.274866820E+50   3.186533725E+50   4.994378501E+49   4.111047557E+49   5.350250279E+50
   5.270000588E+05  -3.274858082E+50   3.186736751E+50   4.992335544E+49   4.111122231E+49   5.350257746E+50
   5.287000222E+05  -3.274513590E+50   3.186595801E+50   4.990291920E+49   4.111114028E+49   5.350256926E+50
   5.304000668E+05  -3.274370384E+50   3.186656588E+50   4.988237729E+49   4.111099773E+49   5.350255500E+50
   5.321001373E+05  -3.274394621E+50   3.186890961E+50   4.986192025E+49   4.111155425E+49   5.350261065E+50
   5.338000309E+05  -3.274561465E+50   3.187271968E+50   4.984187235E+49   4.111292263E+49   5.350274749E+50
   5.355000175E+05  -3.274857642E+50   3.187779403E+50   4.982237270E+49   4.111454880E+49   5.350291011E+50
   5.372001448E+05  -3.274715443E+50   3.187836185E+50   4.980341829E+49   4.111549241E+49   5.350300447E+50
   5.389000092E+05  -3.274586956E+50   3.187894337E+50   4.978485113E+49   4.111558924E+49   5.350301415E+50
   5.406001039E+05  -3.274260731E+50   3.187749045E+50   4.976658719E+49   4.111541859E+49   5.350299709E+50
   5.423000928E+05  -3.274296115E+50   3.187966196E+50   4.974881092E+49   4.111581899E+49   5.350303713E+50
   5.440000588E+05  -3.274470784E+50   3.188324386E+50   4.973170819E+49   4.111706846E+49   5.350316207E+50
   5.457001313E+05  -3.274665997E+50   3.188699493E+50   4.971537578E+49   4.111872546E+49   5.350332777E+50
   5.474000156E+05  -3.274746201E+50   3.188948625E+50   4.969967068E+49   4.111991310E+49   5.350344654E+50
   5.491000910E+05  -3.274466726E+50   3.188825427E+50   4.968433363E+49   4.112020375E+49   5.350347560E+50
   5.508000848E+05  -3.274306331E+50   3.188815586E+50   4.966915810E+49   4.112008353E+49   5.350346358E+50
   5.525001341E+05  -3.274146798E+50   3.188808016E+50   4.965423444E+49   4.112035622E+49   5.350349085E+50
   5.542000263E+05  -3.274364924E+50   3.189184169E+50   4.963956172E+49   4.112148624E+49   5.350360385E+50
   5.559000207E+05  -3.274553050E+50   3.189535774E+50   4.962489783E+49   4.112317026E+49   5.350377225E+50
   5.576001349E+05  -3.274651557E+50   3.189799911E+50   4.960974181E+49   4.112457714E+49   5.350391294E+50
   5.593001098E+05  -3.274504322E+50   3.189820425E+50   4.959352287E+49   4.112513320E+49   5.350396855E+50
   5.610000035E+05  -3.274187872E+50   3.189678906E+50   4.957599250E+49   4.112509591E+49   5.350396482E+50
   5.627001127E+05  -3.274166641E+50   3.189843424E+50   4.955761532E+49   4.112529355E+49   5.350398458E+50
   5.644000756E+05  -3.274157415E+50   3.190028380E+50   4.953914981E+49   4.112624632E+49   5.350407986E+50
   5.661000010E+05  -3.274483313E+50   3.190551048E+50   4.952109866E+49   4.112787212E+49   5.350424244E+50
   5.678000282E+05  -3.274549788E+50   3.190808556E+50   4.950352659E+49   4.112940335E+49   5.350439556E+50
   5.695000701E+05  -3.274450891E+50   3.190892316E+50   4.948601772E+49   4.113016021E+49   5.350447125E+50
   5.712000091E+05  -3.274237995E+50   3.190858192E+50   4.946821034E+49   4.113023005E+49   5.350447823E+50
   5.729000246E+05  -3.273991565E+50   3.190793045E+50   4.945018310E+49   4.113033114E+49   5.350448834E+50
   5.746000585E+05  -3.274154734E+50   3.191142343E+50   4.943238500E+49   4.113114588E+49   5.350456982E+50
   5.763000592E+05  -3.274271592E+50   3.191445057E+50   4.941532457E+49   4.113267102E+49   5.350472233E+50
   5.780000142E+05  -3.274508370E+50   3.191859924E+50   4.939915854E+49   4.113431398E+49   5.350488663E+50
   5.797001107E+05  -3.274408606E+50   3.191922527E+50   4.938386621E+49   4.113525836E+49   5.350498106E+50
   5.814001101E+05  -3.274172088E+50   3.191832969E+50   4.936935377E+49   4.113544185E+49   5.350499941E+50
   5.831000200E+05  -3.274017734E+50   3.191816127E+50   4.935565537E+49   4.113549470E+49   5.350500470E+50
   5.848001241E+05  -3.273962094E+50   3.191894687E+50   4.934288289E+49   4.113614212E+49   5.350506944E+50
   5.865000485E+05  -3.274217723E+50   3.192283892E+50   4.933095625E+49   4.113757315E+49   5.350521254E+50
   5.882000794E+05  -3.274355775E+50   3.192553195E+50   4.931953557E+49   4.113927757E+49   5.350538299E+50
   5.899000902E+05  -3.274398421E+50   3.192719079E+50   4.930837623E+49   4.114044205E+49   5.350549943E+50
   5.916001390E+05  -3.274147791E+50   3.192580868E+50   4.929747747E+49   4.114078513E+49   5.350553374E+50
   5.933001067E+05  -3.273951171E+50   3.192492575E+50   4.928670280E+49   4.114084315E+49   5.350553954E+50
   5.950001167E+05  -3.273915133E+50   3.192569584E+50   4.927592388E+49   4.114136894E+49   5.350559212E+50
   5.967001199E+05  -3.274041173E+50   3.192796322E+50   4.926704812E+49   4.114256304E+49   5.350571153E+50
   5.984000724E+05  -3.274306882E+50   3.193108553E+50   4.926400141E+49   4.114416848E+49   5.350587208E+50
   6.001001523E+05  -3.274271773E+50   3.193158772E+50   4.925708747E+49   4.114578741E+49   5.350603397E+50
   6.018001026E+05  -3.274188840E+50   3.193337187E+50   4.923175962E+49   4.114659431E+49   5.350611466E+50
   6.035001193E+05  -3.273878056E+50   3.193416470E+50   4.919284065E+49   4.114668207E+49   5.350612344E+50
   6.052000397E+05  -3.273839901E+50   3.193778482E+50   4.915313341E+49   4.114699149E+49   5.350615438E+50
   6.069001121E+05  -3.273944246E+50   3.194248853E+50   4.911761764E+49   4.114807841E+49   5.350626307E+50
   6.086001478E+05  -3.274140166E+50   3.194786418E+50   4.908511054E+49   4.114973578E+49   5.350642881E+50
   6.103001408E+05  -3.274286046E+50   3.195227207E+50   4.905704060E+49   4.115115668E+49   5.350657090E+50
   6.120001500E+05  -3.274073761E+50   3.195224680E+50   4.903666644E+49   4.115175828E+49   5.350663106E+50
   6.137000651E+05  -3.273923304E+50   3.195182176E+50   4.902590212E+49   4.115178932E+49   5.350663416E+50
   6.154000406E+05  -3.273726986E+50   3.195009286E+50   4.902374852E+49   4.115197853E+49   5.350665308E+50
   6.171000332E+05  -3.273848673E+50   3.195090105E+50   4.902872384E+49   4.115286703E+49   5.350674193E+50
   6.188001427E+05  -3.274029106E+50   3.195165510E+50   4.904074122E+49   4.115438165E+49   5.350689339E+50
   6.205000579E+05  -3.274168056E+50   3.195145304E+50   4.905820594E+49   4.115593071E+49   5.350704830E+50
   6.222001251E+05  -3.274103723E+50   3.194891832E+50   4.907801579E+49   4.115682672E+49   5.350713790E+50
   6.239000923E+05  -3.273840603E+50   3.194428772E+50   4.909823508E+49   4.115705198E+49   5.350716043E+50
   6.256001246E+05  -3.273726615E+50   3.194116774E+50   4.911823477E+49   4.115725072E+49   5.350718030E+50
   6.273000283E+05  -3.273692786E+50   3.193892836E+50   4.913803080E+49   4.115803574E+49   5.350725880E+50
   6.290000633E+05  -3.273954338E+50   3.193971476E+50   4.915780175E+49   4.115951560E+49   5.350740679E+50
   6.307000496E+05  -3.274061389E+50   3.193896839E+50   4.917760629E+49   4.116115127E+49   5.350757036E+50
   6.324000291E+05  -3.274048530E+50   3.193697259E+50   4.919733612E+49   4.116220900E+49   5.350767613E+50
   6.341000449E+05  -3.273858371E+50   3.193316093E+50   4.921676985E+49   4.116254198E+49   5.350770943E+50
   6.358001333E+05  -3.273616941E+50   3.192885532E+50   4.923580726E+49   4.116266638E+49   5.350772187E+50
   6.375001006E+05  -3.273679632E+50   3.192766593E+50   4.925460435E+49   4.116330040E+49   5.350778527E+50
   6.392000546E+05  -3.273744810E+50   3.192656827E+50   4.927342092E+49   4.116462256E+49   5.350791748E+50
   6.409001212E+05  -3.274023461E+50   3.192762064E+50   4.929241831E+49   4.116627859E+49   5.350808309E+50
   6.426000048E+05  -3.273985627E+50   3.192544814E+50   4.931156367E+49   4.116748239E+49   5.350820347E+50
   6.443000817E+05  -3.273813345E+50   3.192186115E+50   4.933067210E+49   4.116794908E+49   5.350825014E+50
   6.460000612E+05  -3.273641374E+50   3.191825827E+50   4.934961883E+49   4.116806419E+49   5.350826165E+50
   6.477000945E+05  -3.273507449E+50   3.191507087E+50   4.936856085E+49   4.116852468E+49   5.350830770E+50
   6.494001204E+05  -3.273730968E+50   3.191549754E+50   4.938781969E+49   4.116969823E+49   5.350842505E+50
   6.511001067E+05  -3.273840704E+50   3.191477232E+50   4.940765402E+49   4.117130683E+49   5.350858591E+50
   6.528000632E+05  -3.273959296E+50   3.191404866E+50   4.942809524E+49   4.117265222E+49   5.350872045E+50
   6.545000352E+05  -3.273796588E+50   3.191038916E+50   4.944902064E+49   4.117325344E+49   5.350878057E+50
   6.562000715E+05  -3.273576692E+50   3.190606944E+50   4.947035403E+49   4.117337926E+49   5.350879315E+50
   6.579000047E+05  -3.273500190E+50   3.190314453E+50   4.949228491E+49   4.117371122E+49   5.350882635E+50
   6.596001041E+05  -3.273534667E+50   3.190129614E+50   4.951520470E+49   4.117469946E+49   5.350892517E+50
   6.613000119E+05  -3.273809209E+50   3.190177563E+50   4.953940217E+49   4.117623761E+49   5.350907899E+50
   6.630000372E+05  -3.273837224E+50   3.189963911E+50   4.956499724E+49   4.117766591E+49   5.350922182E+50
   6.647000700E+05  -3.273801366E+50   3.189665587E+50   4.959200552E+49   4.117842763E+49   5.350929799E+50
   6.664001541E+05  -3.273536765E+50   3.189118348E+50   4.962043461E+49   4.117859293E+49   5.350931452E+50
   6.681001473E+05  -3.273424606E+50   3.188707858E+50   4.965047996E+49   4.117880513E+49   5.350933574E+50
   6.698000013E+05  -3.273484220E+50   3.188455695E+50   4.968246768E+49   4.117961516E+49   5.350941674E+50
   6.715001423E+05  -3.273618140E+50   3.188260943E+50   4.971675423E+49   4.118103455E+49   5.350955868E+50
   6.732000845E+05  -3.273833897E+50   3.188123167E+50   4.975360334E+49   4.118253027E+49   5.350970826E+50
   6.749000220E+05  -3.273694420E+50   3.187597247E+50   4.979313487E+49   4.118341756E+49   5.350979698E+50
   6.766000056E+05  -3.273582397E+50   3.187065801E+50   4.983532851E+49   4.118366899E+49   5.350982213E+50
   6.783000482E+05  -3.273344170E+50   3.186379739E+50   4.988023462E+49   4.118379152E+49   5.350983438E+50
   6.800001275E+05  -3.273372406E+50   3.185935021E+50   4.992816200E+49   4.118442348E+49   5.350989758E+50
   6.817000288E+05  -3.273563382E+50   3.185625262E+50   4.997951019E+49   4.118569811E+49   5.351002504E+50
   6.834000474E+05  -3.273674831E+50   3.185201410E+50   5.003453943E+49   4.118719728E+49   5.351017496E+50
   6.851000474E+05  -3.273726667E+50   3.184676495E+50   5.009325514E+49   4.118823793E+49   5.351027902E+50
   6.868000820E+05  -3.273491893E+50   3.183822339E+50   5.015552687E+49   4.118857144E+49   5.351031237E+50
   6.885000259E+05  -3.273351929E+50   3.183025338E+50   5.022130668E+49   4.118864757E+49   5.351031999E+50
   6.902000073E+05  -3.273282463E+50   3.182265890E+50   5.029076102E+49   4.118910368E+49   5.351036560E+50
   6.919001405E+05  -3.273423445E+50   3.181684405E+50   5.036412201E+49   4.119021797E+49   5.351047703E+50
   6.936000760E+05  -3.273616603E+50   3.181118682E+50   5.044148544E+49   4.119169333E+49   5.351062456E+50
   6.953001437E+05  -3.273633478E+50   3.180334038E+50   5.052278310E+49   4.119283907E+49   5.351073914E+50
   6.970000773E+05  -3.273522572E+50   3.179378049E+50   5.060775222E+49   4.119329998E+49   5.351078523E+50
   6.987000717E+05  -3.273273613E+50   3.178245599E+50   5.069615255E+49   4.119335122E+49   5.351079035E+50
   7.004001145E+05  -3.273241309E+50   3.177298587E+50   5.078793373E+49   4.119366155E+49   5.351082138E+50
   7.021000055E+05  -3.273300947E+50   3.176415196E+50   5.088316634E+49   4.119459130E+49   5.351091436E+50
   7.038000192E+05  -3.273518569E+50   3.175659738E+50   5.098188780E+49   4.119600475E+49   5.351105570E+50
   7.055001506E+05  -3.273578705E+50   3.174711748E+50   5.108394193E+49   4.119724629E+49   5.351117986E+50
   7.072001445E+05  -3.273463898E+50   3.173552262E+50   5.118899329E+49   4.119782977E+49   5.351123821E+50
   7.089000314E+05  -3.273307971E+50   3.172320176E+50   5.129668928E+49   4.119790983E+49   5.351124621E+50
   7.106001322E+05  -3.273112461E+50   3.171024433E+50   5.140688456E+49   4.119808173E+49   5.351126340E+50
   7.123000910E+05  -3.273260958E+50   3.170053737E+50   5.151957026E+49   4.119884818E+49   5.351134005E+50
   7.140000220E+05  -3.273366450E+50   3.169020304E+50   5.163476729E+49   4.120015262E+49   5.351147049E+50
   7.157000732E+05  -3.273530649E+50   3.168021804E+50   5.175235025E+49   4.120146573E+49   5.351160180E+50
   7.174001201E+05  -3.273455175E+50   3.166756837E+50   5.187201659E+49   4.120218282E+49   5.351167351E+50
   7.191000629E+05  -3.273230361E+50   3.165319528E+50   5.199339791E+49   4.120231464E+49   5.351168669E+50
   7.208000602E+05  -3.273141292E+50   3.164002323E+50   5.211629869E+49   4.120240183E+49   5.351169541E+50
   7.225000851E+05  -3.273088309E+50   3.162710967E+50   5.224072013E+49   4.120298596E+49   5.351175383E+50
   7.242000907E+05  -3.273326095E+50   3.161700765E+50   5.236671182E+49   4.120417891E+49   5.351187312E+50
   7.259000558E+05  -3.273405044E+50   3.160518196E+50   5.249420503E+49   4.120552020E+49   5.351200725E+50
   7.276000132E+05  -3.273425888E+50   3.159259925E+50   5.262297573E+49   4.120637944E+49   5.351209317E+50
   7.293000034E+05  -3.273243021E+50   3.157782006E+50   5.275270490E+49   4.120660340E+49   5.351211557E+50
   7.310000562E+05  -3.273045308E+50   3.156279790E+50   5.288317592E+49   4.120662408E+49   5.351211764E+50
   7.327001416E+05  -3.273072015E+50   3.154998694E+50   5.301438865E+49   4.120705648E+49   5.351216088E+50
   7.344000641E+05  -3.273146549E+50   3.153763283E+50   5.314642140E+49   4.120809476E+49   5.351226470E+50
   7.361001038E+05  -3.273383698E+50   3.152685034E+50   5.327930278E+49   4.120943644E+49   5.351239887E+50
   7.378001212E+05  -3.273332761E+50   3.151308178E+50   5.341286709E+49   4.121040882E+49   5.351249611E+50
   7.395000142E+05  -3.273240727E+50   3.149879806E+50   5.354683227E+49   4.121074017E+49   5.351252925E+50
   7.412001131E+05  -3.273027577E+50   3.148324900E+50   5.368099802E+49   4.121073029E+49   5.351252826E+50
   7.429001078E+05  -3.272954183E+50   3.146910907E+50   5.381532748E+49   4.121099990E+49   5.351255522E+50
   7.446000973E+05  -3.273113833E+50   3.145733169E+50   5.394994569E+49   4.121187923E+49   5.351264315E+50
   7.463000564E+05  -3.273204484E+50   3.144486833E+50   5.408491700E+49   4.121315199E+49   5.351277043E+50
   7.480001414E+05  -3.273355335E+50   3.143295944E+50   5.422016344E+49   4.121422428E+49   5.351287766E+50
   7.497000848E+05  -3.273176200E+50   3.141768328E+50   5.435543623E+49   4.121464899E+49   5.351292013E+50
   7.514000854E+05  -3.273012523E+50   3.140253676E+50   5.449052046E+49   4.121463574E+49   5.351291880E+50
   7.531001305E+05  -3.272922256E+50   3.138816083E+50   5.462537533E+49   4.121475803E+49   5.351293103E+50
   7.548000373E+05  -3.272952013E+50   3.137505339E+50   5.476010998E+49   4.121544257E+49   5.351299949E+50
   7.565000669E+05  -3.273187579E+50   3.136405255E+50   5.489485739E+49   4.121662499E+49   5.351311773E+50
   7.582000649E+05  -3.273212523E+50   3.135094162E+50   5.502957540E+49   4.121773924E+49   5.351322915E+50
   7.599000679E+05  -3.273198808E+50   3.133740754E+50   5.516408966E+49   4.121828428E+49   5.351328366E+50
   7.616001142E+05  -3.272976578E+50   3.132177649E+50   5.529817867E+49   4.121828577E+49   5.351328381E+50
   7.633000635E+05  -3.272854887E+50   3.130720190E+50   5.543176144E+49   4.121829180E+49   5.351328441E+50
   7.650000313E+05  -3.272902203E+50   3.129440563E+50   5.556496485E+49   4.121880088E+49   5.351333532E+50
   7.667001362E+05  -3.273023951E+50   3.128243027E+50   5.569794594E+49   4.121985356E+49   5.351344059E+50
   7.684000482E+05  -3.273203555E+50   3.127106575E+50   5.583070494E+49   4.122100697E+49   5.351355593E+50
   7.701001099E+05  -3.273117291E+50   3.125702518E+50   5.596314196E+49   4.122166459E+49   5.351362169E+50
   7.718000539E+05  -3.272994796E+50   3.124261974E+50   5.609502573E+49   4.122174350E+49   5.351362958E+50
   7.735000536E+05  -3.272788239E+50   3.122742238E+50   5.622626854E+49   4.122166844E+49   5.351362207E+50
   7.752000859E+05  -3.272826682E+50   3.121477182E+50   5.635696730E+49   4.122201738E+49   5.351365697E+50
   7.769001037E+05  -3.272940989E+50   3.120297511E+50   5.648729060E+49   4.122294278E+49   5.351374951E+50
   7.786000895E+05  -3.273079944E+50   3.119147851E+50   5.661731471E+49   4.122410536E+49   5.351386576E+50
   7.803000560E+05  -3.273128402E+50   3.117907787E+50   5.674695685E+49   4.122489539E+49   5.351394477E+50
   7.820000526E+05  -3.272922260E+50   3.116412626E+50   5.687603056E+49   4.122506714E+49   5.351396194E+50
   7.837001034E+05  -3.272818025E+50   3.115023702E+50   5.700441640E+49   4.122498410E+49   5.351395364E+50
   7.854000380E+05  -3.272706279E+50   3.113636579E+50   5.713216655E+49   4.122519660E+49   5.351397489E+50
   7.871001286E+05  -3.272856460E+50   3.112521709E+50   5.725946767E+49   4.122599255E+49   5.351405448E+50
   7.888000272E+05  -3.273011459E+50   3.111418804E+50   5.738640511E+49   4.122713965E+49   5.351416919E+50
   7.905000607E+05  -3.273037432E+50   3.110188222E+50   5.751296396E+49   4.122804300E+49   5.351425953E+50
   7.922001091E+05  -3.272960496E+50   3.108854317E+50   5.763897230E+49   4.122835445E+49   5.351429067E+50
   7.939000553E+05  -3.272724138E+50   3.107364095E+50   5.776427676E+49   4.122827252E+49   5.351428248E+50
   7.956000489E+05  -3.272701266E+50   3.106095978E+50   5.788890982E+49   4.122838108E+49   5.351429334E+50
   7.973000475E+05  -3.272732694E+50   3.104892738E+50   5.801302741E+49   4.122903189E+49   5.351435842E+50
   7.990000224E+05  -3.272914853E+50   3.103848481E+50   5.813676874E+49   4.123013148E+49   5.351446838E+50
   8.007001184E+05  -3.272999813E+50   3.102709717E+50   5.826014293E+49   4.123113338E+49   5.351456857E+50
   8.024000708E+05  -3.272903262E+50   3.101389041E+50   5.838299190E+49   4.123156981E+49   5.351461221E+50
   8.041000649E+05  -3.272757499E+50   3.100021297E+50   5.850515560E+49   4.123153541E+49   5.351460877E+50
   8.058001132E+05  -3.272591443E+50   3.098640610E+50   5.862661359E+49   4.123153032E+49   5.351460826E+50
   8.075000233E+05  -3.272687056E+50   3.097532370E+50   5.874749939E+49   4.123203080E+49   5.351465831E+50
   8.092000666E+05  -3.272789508E+50   3.096439763E+50   5.886800673E+49   4.123303226E+49   5.351475845E+50
   8.109000791E+05  -3.272946464E+50   3.095405785E+50   5.898816497E+49   4.123409702E+49   5.351486493E+50
   8.126000850E+05  -3.272881233E+50   3.094149301E+50   5.910786428E+49   4.123467110E+49   5.351492234E+50
   8.143001338E+05  -3.272700297E+50   3.092778060E+50   5.922692889E+49   4.123470514E+49   5.351492574E+50
   8.160000764E+05  -3.272614204E+50   3.091507823E+50   5.934528062E+49   4.123464261E+49   5.351491949E+50
   8.177000496E+05  -3.272539465E+50   3.090258926E+50   5.946304232E+49   4.123498843E+49   5.351495407E+50
   8.194000088E+05  -3.272752780E+50   3.089307827E+50   5.958038171E+49   4.123588639E+49   5.351504387E+50
   8.211000883E+05  -3.272826147E+50   3.088221875E+50   5.969738513E+49   4.123695793E+49   5.351515102E+50
   8.228000038E+05  -3.272859322E+50   3.087096199E+50   5.981396073E+49   4.123764853E+49   5.351522008E+50
   8.245000987E+05  -3.272720387E+50   3.085798463E+50   5.992996034E+49   4.123776794E+49   5.351523202E+50
   8.262000959E+05  -3.272510208E+50   3.084434165E+50   6.004525794E+49   4.123765364E+49   5.351522059E+50
   8.279001265E+05  -3.272546823E+50   3.083326008E+50   6.015994250E+49   4.123786103E+49   5.351524133E+50
   8.296001534E+05  -3.272582011E+50   3.082226177E+50   6.027418446E+49   4.123860104E+49   5.351531533E+50
   8.313001508E+05  -3.272801484E+50   3.081317154E+50   6.038808941E+49   4.123965643E+49   5.351542087E+50
   8.330001243E+05  -3.272788491E+50   3.080176728E+50   6.050162450E+49   4.124044824E+49   5.351550005E+50
   8.347001218E+05  -3.272685621E+50   3.078945910E+50   6.061464617E+49   4.124067514E+49   5.351552274E+50
   8.364000101E+05  -3.272535049E+50   3.077670607E+50   6.072700479E+49   4.124056064E+49   5.351551129E+50
   8.381000996E+05  -3.272424310E+50   3.076443152E+50   6.083875326E+49   4.124063747E+49   5.351551898E+50
   8.398000378E+05  -3.272551129E+50   3.075463327E+50   6.095003219E+49   4.124125197E+49   5.351558043E+50
   8.415001044E+05  -3.272653870E+50   3.074466470E+50   6.106099393E+49   4.124225395E+49   5.351568062E+50
   8.432001455E+05  -3.272775097E+50   3.073490281E+50   6.117162335E+49   4.124314182E+49   5.351576941E+50
   8.449000385E+05  -3.272653913E+50   3.072270952E+50   6.128177729E+49   4.124348117E+49   5.351580335E+50
   8.466001348E+05  -3.272500555E+50   3.071021258E+50   6.139132205E+49   4.124339237E+49   5.351579447E+50
   8.483001204E+05  -3.272400913E+50   3.069832281E+50   6.150023165E+49   4.124336847E+49   5.351579208E+50
   8.500001250E+05  -3.272420189E+50   3.068771838E+50   6.160865981E+49   4.124382466E+49   5.351583769E+50
   8.517001057E+05  -3.272619941E+50   3.067899926E+50   6.171675389E+49   4.124475244E+49   5.351593047E+50
   8.534000573E+05  -3.272660550E+50   3.066871992E+50   6.182454301E+49   4.124568723E+49   5.351602395E+50
   8.551000094E+05  -3.272663429E+50   3.065805757E+50   6.193192296E+49   4.124615578E+49   5.351607081E+50
   8.568001514E+05  -3.272476309E+50   3.064550033E+50   6.203874165E+49   4.124611409E+49   5.351606664E+50
   8.585000383E+05  -3.272345304E+50   3.063356207E+50   6.214492067E+49   4.124601096E+49   5.351605633E+50
   8.602001006E+05  -3.272382545E+50   3.062339738E+50   6.225060412E+49   4.124632341E+49   5.351608757E+50
   8.619001529E+05  -3.272463622E+50   3.061375537E+50   6.235594190E+49   4.124713339E+49   5.351616857E+50
   8.636000171E+05  -3.272651648E+50   3.060522810E+50   6.246098714E+49   4.124810333E+49   5.351626556E+50
   8.653000262E+05  -3.272586222E+50   3.059416125E+50   6.256568535E+49   4.124867572E+49   5.351632280E+50
   8.670000667E+05  -3.272483822E+50   3.058272371E+50   6.266986752E+49   4.124872244E+49   5.351632747E+50
   8.687000009E+05  -3.272311019E+50   3.057062376E+50   6.277343431E+49   4.124857002E+49   5.351631223E+50
   8.704001256E+05  -3.272286525E+50   3.056009028E+50   6.287648599E+49   4.124873635E+49   5.351632886E+50
   8.721000880E+05  -3.272418565E+50   3.055121149E+50   6.297916453E+49   4.124942294E+49   5.351639752E+50
   8.738000225E+05  -3.272521362E+50   3.054209365E+50   6.308157522E+49   4.125037546E+49   5.351649277E+50
   8.755000925E+05  -3.272590151E+50   3.053263935E+50   6.318369170E+49   4.125107013E+49   5.351656224E+50
   8.772000291E+05  -3.272431484E+50   3.052090156E+50   6.328534945E+49   4.125121660E+49   5.351657689E+50
   8.789000143E+05  -3.272314315E+50   3.050960658E+50   6.338643309E+49   4.125106744E+49   5.351656197E+50
   8.806000383E+05  -3.272211871E+50   3.049853257E+50   6.348698196E+49   4.125112052E+49   5.351656728E+50
   8.823000689E+05  -3.272317971E+50   3.048963293E+50   6.358714948E+49   4.125168168E+49   5.351662340E+50
   8.840000701E+05  -3.272466880E+50   3.048122416E+50   6.368705630E+49   4.125260990E+49   5.351671622E+50
   8.857000502E+05  -3.272499994E+50   3.047167001E+50   6.378669371E+49   4.125339432E+49   5.351679466E+50
   8.874000394E+05  -3.272467537E+50   3.046144901E+50   6.388593326E+49   4.125366967E+49   5.351682220E+50
   8.891000727E+05  -3.272237112E+50   3.044926174E+50   6.398463013E+49   4.125353636E+49   5.351680886E+50
   8.908001534E+05  -3.272206712E+50   3.043913847E+50   6.408278330E+49   4.125349674E+49   5.351680490E+50
   8.925000886E+05  -3.272220904E+50   3.042954885E+50   6.418052044E+49   4.125391858E+49   5.351684709E+50
   8.942000085E+05  -3.272359573E+50   3.042127428E+50   6.427799066E+49   4.125477612E+49   5.351693284E+50
   8.959000499E+05  -3.272487808E+50   3.041291884E+50   6.437522663E+49   4.125563420E+49   5.351701865E+50
   8.976000966E+05  -3.272379529E+50   3.040218557E+50   6.447211747E+49   4.125602025E+49   5.351705725E+50
   8.993000244E+05  -3.272292390E+50   3.039166936E+50   6.456850049E+49   4.125595508E+49   5.351705074E+50
   9.010001543E+05  -3.272109315E+50   3.038024149E+50   6.466435014E+49   4.125583351E+49   5.351703858E+50
   9.027000004E+05  -3.272163155E+50   3.037126887E+50   6.475975235E+49   4.125612553E+49   5.351706778E+50
   9.044001379E+05  -3.272286782E+50   3.036306794E+50   6.485489063E+49   4.125689190E+49   5.351714442E+50
   9.061000956E+05  -3.272380393E+50   3.035460245E+50   6.494979545E+49   4.125778071E+49   5.351723330E+50
   9.078000420E+05  -3.272409860E+50   3.034548817E+50   6.504440041E+49   4.125829615E+49   5.351728484E+50
   9.095000207E+05  -3.272212655E+50   3.033410107E+50   6.513855411E+49   4.125829931E+49   5.351728516E+50
   9.112000472E+05  -3.272130774E+50   3.032390456E+50   6.523217569E+49   4.125814389E+49   5.351726962E+50
   9.129001039E+05  -3.272067119E+50   3.031396659E+50   6.532534590E+49   4.125829995E+49   5.351728522E+50
   9.146000018E+05  -3.272197456E+50   3.030604964E+50   6.541820787E+49   4.125895870E+49   5.351735110E+50
   9.163000236E+05  -3.272325874E+50   3.029815771E+50   6.551086331E+49   4.125985305E+49   5.351744053E+50
   9.180000326E+05  -3.272331639E+50   3.028903776E+50   6.560325918E+49   4.126047290E+49   5.351750252E+50
   9.197000604E+05  -3.272257754E+50   3.027911042E+50   6.569525377E+49   4.126058257E+49   5.351751349E+50
   9.214001363E+05  -3.272043667E+50   3.026780392E+50   6.578673584E+49   4.126040841E+49   5.351749607E+50
   9.231000954E+05  -3.272055359E+50   3.025882517E+50   6.587774110E+49   4.126045684E+49   5.351750091E+50
   9.248000556E+05  -3.272083252E+50   3.025008839E+50   6.596842341E+49   4.126098216E+49   5.351755344E+50
   9.265001486E+05  -3.272254429E+50   3.024283924E+50   6.605890092E+49   4.126185049E+49   5.351764028E+50
   9.282000610E+05  -3.272308360E+50   3.023442594E+50   6.614914320E+49   4.126256667E+49   5.351771190E+50
   9.299001441E+05  -3.272188300E+50   3.022425679E+50   6.623904290E+49   4.126278082E+49   5.351773331E+50
   9.316001124E+05  -3.272091481E+50   3.021433307E+50   6.632845036E+49   4.126263292E+49   5.351771852E+50
   9.333001244E+05  -3.271945020E+50   3.020396960E+50   6.641737836E+49   4.126257242E+49   5.351771247E+50
   9.350001499E+05  -3.272044994E+50   3.019615182E+50   6.650595865E+49   4.126297748E+49   5.351775298E+50
   9.367001520E+05  -3.272150260E+50   3.018844856E+50   6.659432003E+49   4.126377968E+49   5.351783320E+50
   9.384001325E+05  -3.272244215E+50   3.018065035E+50   6.668248131E+49   4.126456331E+49   5.351791156E+50
   9.401001117E+05  -3.272209176E+50   3.017154781E+50   6.677034071E+49   4.126490122E+49   5.351794535E+50
   9.418001307E+05  -3.272024896E+50   3.016095315E+50   6.685775411E+49   4.126479609E+49   5.351793484E+50
   9.435000396E+05  -3.271951440E+50   3.015151396E+50   6.694467747E+49   4.126467310E+49   5.351792254E+50
   9.452001242E+05  -3.271933140E+50   3.014270145E+50   6.703123554E+49   4.126493599E+49   5.351794883E+50
   9.469000412E+05  -3.272088472E+50   3.013569512E+50   6.711755332E+49   4.126565733E+49   5.351802096E+50
   9.486000838E+05  -3.272180177E+50   3.012808012E+50   6.720369573E+49   4.126647925E+49   5.351810315E+50
   9.503001226E+05  -3.272160096E+50   3.011933613E+50   6.728958062E+49   4.126693229E+49   5.351814846E+50
   9.520000336E+05  -3.272041556E+50   3.010960047E+50   6.737505496E+49   4.126690410E+49   5.351814564E+50
   9.537001487E+05  -3.271885178E+50   3.009951823E+50   6.746006295E+49   4.126672739E+49   5.351812797E+50
   9.554001358E+05  -3.271906788E+50   3.009128863E+50   6.754467182E+49   4.126687933E+49   5.351814316E+50
   9.571001183E+05  -3.271960758E+50   3.008345395E+50   6.762903505E+49   4.126749877E+49   5.351820511E+50
   9.588000742E+05  -3.272137380E+50   3.007688541E+50   6.771322963E+49   4.126834577E+49   5.351828981E+50
   9.605000141E+05  -3.272119793E+50   3.006836858E+50   6.779720807E+49   4.126891454E+49   5.351834668E+50
   9.622001332E+05  -3.272019066E+50   3.005900619E+50   6.788084031E+49   4.126899558E+49   5.351835479E+50
   9.639001393E+05  -3.271889247E+50   3.004937427E+50   6.796400683E+49   4.126882485E+49   5.351833771E+50
   9.656000297E+05  -3.271794884E+50   3.004015973E+50   6.804675297E+49   4.126886189E+49   5.351834142E+50
   9.673000753E+05  -3.271941909E+50   3.003343339E+50   6.812923320E+49   4.126937621E+49   5.351839285E+50
   9.690000969E+05  -3.272010569E+50   3.002597080E+50   6.821154364E+49   4.127019475E+49   5.351847470E+50
   9.707001004E+05  -3.272104748E+50   3.001876739E+50   6.829366900E+49   4.127086810E+49   5.351854204E+50
   9.724001132E+05  -3.272000324E+50   3.000956030E+50   6.837548901E+49   4.127105969E+49   5.351856120E+50
   9.741000163E+05  -3.271849215E+50   2.999989591E+50   6.845687086E+49   4.127090844E+49   5.351854607E+50
   9.758001123E+05  -3.271797802E+50   2.999128103E+50   6.853783510E+49   4.127086517E+49   5.351854175E+50
   9.775000662E+05  -3.271802636E+50   2.998330227E+50   6.861849205E+49   4.127125115E+49   5.351858034E+50
   9.792000010E+05  -3.271982062E+50   2.997712639E+50   6.869897042E+49   4.127202811E+49   5.351865804E+50
   9.809000644E+05  -3.272020217E+50   2.996954942E+50   6.877929237E+49   4.127276493E+49   5.351873172E+50
   9.826001341E+05  -3.271997931E+50   2.996135138E+50   6.885935279E+49   4.127307352E+49   5.351876258E+50
   9.843000820E+05  -3.271841350E+50   2.995180989E+50   6.893900789E+49   4.127297180E+49   5.351875241E+50
   9.860000776E+05  -3.271722772E+50   2.994268961E+50   6.901823417E+49   4.127285306E+49   5.351874053E+50
   9.877000895E+05  -3.271778749E+50   2.993538600E+50   6.909713619E+49   4.127312126E+49   5.351876736E+50
   9.894000904E+05  -3.271851581E+50   2.992831237E+50   6.917584731E+49   4.127381294E+49   5.351883652E+50
   9.911000646E+05  -3.272004558E+50   2.992206485E+50   6.925441224E+49   4.127460497E+49   5.351891573E+50
   9.928000328E+05  -3.271937367E+50   2.991360058E+50   6.933275733E+49   4.127502648E+49   5.351895788E+50
   9.945000329E+05  -3.271842006E+50   2.990484555E+50   6.941074432E+49   4.127499918E+49   5.351895515E+50
   9.962000738E+05  -3.271712004E+50   2.989577335E+50   6.948830533E+49   4.127483838E+49   5.351893907E+50
   9.979001469E+05  -3.271668015E+50   2.988762660E+50   6.956551771E+49   4.127498222E+49   5.351895345E+50
   9.996000556E+05  -3.271826195E+50   2.988156917E+50   6.964251088E+49   4.127558310E+49   5.351901354E+50
   1.001300095E+06  -3.271876566E+50   2.987446571E+50   6.971937233E+49   4.127637283E+49   5.351909251E+50
   1.003000123E+06  -3.271956892E+50   2.986765476E+50   6.979604952E+49   4.127690791E+49   5.351914602E+50
   1.004700014E+06  -3.271806576E+50   2.985852180E+50   6.987240536E+49   4.127696572E+49   5.351915180E+50
   1.006400108E+06  -3.271672530E+50   2.984956875E+50   6.994835720E+49   4.127679171E+49   5.351913440E+50
   1.008100077E+06  -3.271659506E+50   2.984188456E+50   7.002393472E+49   4.127682979E+49   5.351913821E+50
   1.009800052E+06  -3.271684693E+50   2.983465016E+50   7.009927748E+49   4.127730977E+49   5.351918621E+50
   1.011500002E+06  -3.271870352E+50   2.982906429E+50   7.017448204E+49   4.127808980E+49   5.351926421E+50
   1.013200088E+06  -3.271864258E+50   2.982155947E+50   7.024953868E+49   4.127870755E+49   5.351932598E+50
   1.014900034E+06  -3.271818333E+50   2.981363907E+50   7.032431847E+49   4.127887583E+49   5.351934281E+50
   1.016600017E+06  -3.271663270E+50   2.980463322E+50   7.039870979E+49   4.127871501E+49   5.351932673E+50
   1.018300042E+06  -3.271580044E+50   2.979639412E+50   7.047272045E+49   4.127865729E+49   5.351932096E+50
   1.020000076E+06  -3.271652572E+50   2.978978102E+50   7.054647036E+49   4.127902329E+49   5.351935756E+50
   1.021700093E+06  -3.271744603E+50   2.978341304E+50   7.062007491E+49   4.127974506E+49   5.351942973E+50
   1.023400086E+06  -3.271860767E+50   2.977729682E+50   7.069354746E+49   4.128043894E+49   5.351949912E+50
   1.025100083E+06  -3.271770482E+50   2.976909675E+50   7.076679314E+49   4.128071250E+49   5.351952648E+50
   1.026800117E+06  -3.271660760E+50   2.976069947E+50   7.083968222E+49   4.128060086E+49   5.351951532E+50
   1.028500036E+06  -3.271546789E+50   2.975229726E+50   7.091217859E+49   4.128047232E+49   5.351950246E+50
   1.030200131E+06  -3.271565152E+50   2.974528337E+50   7.098439553E+49   4.128071400E+49   5.351952663E+50
   1.031900056E+06  -3.271698856E+50   2.973948066E+50   7.105644606E+49   4.128136705E+49   5.351959193E+50
   1.033600114E+06  -3.271760275E+50   2.973297379E+50   7.112838567E+49   4.128209607E+49   5.351966484E+50
   1.035300011E+06  -3.271787254E+50   2.972610815E+50   7.120013034E+49   4.128248650E+49   5.351970388E+50
   1.037000091E+06  -3.271621225E+50   2.971729960E+50   7.127156140E+49   4.128243491E+49   5.351969872E+50
   1.038700062E+06  -3.271528363E+50   2.970925005E+50   7.134260261E+49   4.128226688E+49   5.351968192E+50
   1.040400056E+06  -3.271511035E+50   2.970201600E+50   7.141333363E+49   4.128239012E+49   5.351969424E+50
   1.042100049E+06  -3.271586571E+50   2.969577129E+50   7.148388522E+49   4.128294105E+49   5.351974933E+50
   1.043800014E+06  -3.271748317E+50   2.969041945E+50   7.155432636E+49   4.128368914E+49   5.351982414E+50
   1.045500123E+06  -3.271705480E+50   2.968301015E+50   7.162461974E+49   4.128417323E+49   5.351987255E+50
   1.047200099E+06  -3.271650451E+50   2.967546342E+50   7.169462793E+49   4.128421698E+49   5.351987693E+50
   1.048900116E+06  -3.271483372E+50   2.966681001E+50   7.176426534E+49   4.128402831E+49   5.351985806E+50
   1.050600013E+06  -3.271456366E+50   2.965961150E+50   7.183356743E+49   4.128404579E+49   5.351985981E+50
   1.052300064E+06  -3.271537677E+50   2.965355868E+50   7.190267270E+49   4.128449184E+49   5.351990441E+50
   1.054000097E+06  -3.271631927E+50   2.964767408E+50   7.197166734E+49   4.128521545E+49   5.351997677E+50
   1.055700110E+06  -3.271715686E+50   2.964168293E+50   7.204053513E+49   4.128579583E+49   5.352003481E+50
   1.057400136E+06  -3.271593906E+50   2.963361557E+50   7.210916589E+49   4.128593102E+49   5.352004833E+50
   1.059100046E+06  -3.271504992E+50   2.962588227E+50   7.217744065E+49   4.128576413E+49   5.352003164E+50
   1.060800148E+06  -3.271389971E+50   2.961793083E+50   7.224537867E+49   4.128568987E+49   5.352002422E+50
   1.062500109E+06  -3.271460023E+50   2.961189393E+50   7.231308176E+49   4.128601877E+49   5.352005711E+50
   1.064200049E+06  -3.271587689E+50   2.960647983E+50   7.238066592E+49   4.128669534E+49   5.352012476E+50
   1.065900125E+06  -3.271629324E+50   2.960021205E+50   7.244815024E+49   4.128733835E+49   5.352018906E+50
   1.067600047E+06  -3.271626363E+50   2.959347947E+50   7.251543156E+49   4.128758998E+49   5.352021423E+50
   1.069300005E+06  -3.271439410E+50   2.958490058E+50   7.258239217E+49   4.128745698E+49   5.352020093E+50
   1.071000005E+06  -3.271391050E+50   2.957774201E+50   7.264900365E+49   4.128731875E+49   5.352018710E+50
   1.072700020E+06  -3.271387531E+50   2.957109203E+50   7.271536048E+49   4.128752773E+49   5.352020800E+50
   1.074400028E+06  -3.271487438E+50   2.956552920E+50   7.278158383E+49   4.128813204E+49   5.352026843E+50
   1.076100008E+06  -3.271619075E+50   2.956030145E+50   7.284771412E+49   4.128882117E+49   5.352033735E+50
   1.077800142E+06  -3.271545478E+50   2.955300276E+50   7.291369009E+49   4.128916987E+49   5.352037222E+50
   1.079500147E+06  -3.271491664E+50   2.954589037E+50   7.297937390E+49   4.128911117E+49   5.352036635E+50
   1.081200038E+06  -3.271323238E+50   2.953765434E+50   7.304470438E+49   4.128892400E+49   5.352034763E+50
   1.082900114E+06  -3.271330890E+50   2.953123506E+50   7.310976272E+49   4.128902432E+49   5.352035766E+50
   1.084600026E+06  -3.271437088E+50   2.952585834E+50   7.317466113E+49   4.128953578E+49   5.352040881E+50
   1.086300073E+06  -3.271512223E+50   2.952019723E+50   7.323947853E+49   4.129022844E+49   5.352047807E+50
   1.088000106E+06  -3.271575317E+50   2.951440510E+50   7.330416710E+49   4.129068641E+49   5.352052387E+50
   1.089700006E+06  -3.271422025E+50   2.950643059E+50   7.336860226E+49   4.129070565E+49   5.352052579E+50
   1.091400101E+06  -3.271338244E+50   2.949916283E+50   7.343270722E+49   4.129051118E+49   5.352050635E+50
   1.093100073E+06  -3.271271770E+50   2.949211709E+50   7.349650869E+49   4.129050259E+49   5.352050549E+50
   1.094800049E+06  -3.271351520E+50   2.948659309E+50   7.356013266E+49   4.129091156E+49   5.352054638E+50
   1.096500003E+06  -3.271473864E+50   2.948153092E+50   7.362366784E+49   4.129159055E+49   5.352061428E+50
   1.098200097E+06  -3.271495159E+50   2.947545387E+50   7.368710571E+49   4.129212850E+49   5.352066808E+50
   1.099900046E+06  -3.271460012E+50   2.946879237E+50   7.375032942E+49   4.129225191E+49   5.352068042E+50
   1.101600033E+06  -3.271284321E+50   2.946072614E+50   7.381323664E+49   4.129206594E+49   5.352066182E+50
   1.103300058E+06  -3.271253867E+50   2.945415337E+50   7.387583229E+49   4.129197926E+49   5.352065315E+50
   1.105000092E+06  -3.271270208E+50   2.944810689E+50   7.393822442E+49   4.129227256E+49   5.352068248E+50
   1.106700112E+06  -3.271393770E+50   2.944317635E+50   7.400051888E+49   4.129290538E+49   5.352074577E+50
   1.108400109E+06  -3.271484265E+50   2.943792085E+50   7.406272877E+49   4.129351073E+49   5.352080630E+50
   1.110100112E+06  -3.271398544E+50   2.943088204E+50   7.412476817E+49   4.129373424E+49   5.352082865E+50
   1.111800146E+06  -3.271318456E+50   2.942389281E+50   7.418651819E+49   4.129360068E+49   5.352081530E+50
   1.113500065E+06  -3.271182968E+50   2.941637931E+50   7.424794442E+49   4.129344074E+49   5.352079930E+50
   1.115200004E+06  -3.271228472E+50   2.941073315E+50   7.430914176E+49   4.129362616E+49   5.352081784E+50
   1.116900084E+06  -3.271325605E+50   2.940565178E+50   7.437023150E+49   4.129418880E+49   5.352087411E+50
   1.118600146E+06  -3.271400832E+50   2.940036675E+50   7.443124867E+49   4.129483299E+49   5.352093853E+50
   1.120300046E+06  -3.271420311E+50   2.939450740E+50   7.449212393E+49   4.129516685E+49   5.352097191E+50
   1.122000128E+06  -3.271265534E+50   2.938688962E+50   7.455274835E+49   4.129509111E+49   5.352096434E+50
   1.123700096E+06  -3.271192300E+50   2.938010821E+50   7.461305064E+49   4.129490280E+49   5.352094551E+50
   1.125400089E+06  -3.271148414E+50   2.937367163E+50   7.467310040E+49   4.129497524E+49   5.352095275E+50
   1.127100079E+06  -3.271251944E+50   2.936876300E+50   7.473301651E+49   4.129545213E+49   5.352100044E+50
   1.128800046E+06  -3.271363071E+50   2.936395525E+50   7.479286411E+49   4.129610944E+49   5.352106617E+50
   1.130500004E+06  -3.271359200E+50   2.935798519E+50   7.485260478E+49   4.129653672E+49   5.352110890E+50
   1.132200134E+06  -3.271294124E+50   2.935138350E+50   7.491213050E+49   4.129655302E+49   5.352111053E+50
   1.133900149E+06  -3.271133245E+50   2.934383280E+50   7.497134438E+49   4.129634788E+49   5.352109002E+50
   1.135600041E+06  -3.271133450E+50   2.933793938E+50   7.503028092E+49   4.129632974E+49   5.352108820E+50
   1.137300090E+06  -3.271161437E+50   2.933237796E+50   7.508906489E+49   4.129670080E+49   5.352112531E+50
   1.139000123E+06  -3.271297854E+50   2.932793508E+50   7.514777747E+49   4.129734289E+49   5.352118952E+50
   1.140700136E+06  -3.271340468E+50   2.932254960E+50   7.520640632E+49   4.129785549E+49   5.352124078E+50
   1.142400008E+06  -3.271249472E+50   2.931580639E+50   7.526484663E+49   4.129796333E+49   5.352125156E+50
   1.144100069E+06  -3.271168384E+50   2.930916192E+50   7.532300432E+49   4.129778517E+49   5.352123375E+50
   1.145800012E+06  -3.271040395E+50   2.930208467E+50   7.538087101E+49   4.129767821E+49   5.352122305E+50
   1.147500122E+06  -3.271133254E+50   2.929727149E+50   7.543855929E+49   4.129794879E+49   5.352125011E+50
   1.149200060E+06  -3.271217587E+50   2.929241393E+50   7.549616071E+49   4.129854136E+49   5.352130936E+50
   1.150900136E+06  -3.271284793E+50   2.928738965E+50   7.555370072E+49   4.129911799E+49   5.352136703E+50
   1.152600057E+06  -3.271270067E+50   2.928152540E+50   7.561108742E+49   4.129933466E+49   5.352138869E+50
   1.154300011E+06  -3.271104578E+50   2.927414373E+50   7.566821224E+49   4.129919178E+49   5.352137441E+50
   1.156000004E+06  -3.271062425E+50   2.926802327E+50   7.572504463E+49   4.129903486E+49   5.352135871E+50
   1.157700014E+06  -3.271036258E+50   2.926211482E+50   7.578166790E+49   4.129919022E+49   5.352137425E+50
   1.159400017E+06  -3.271154568E+50   2.925769827E+50   7.583819356E+49   4.129971952E+49   5.352142718E+50
   1.161100151E+06  -3.271248730E+50   2.925305390E+50   7.589466750E+49   4.130033354E+49   5.352148858E+50
   1.162800128E+06  -3.271213788E+50   2.924710062E+50   7.595102047E+49   4.130064788E+49   5.352152002E+50
   1.164500128E+06  -3.271147405E+50   2.924081776E+50   7.600714277E+49   4.130057985E+49   5.352151321E+50
   1.166200014E+06  -3.270987073E+50   2.923361204E+50   7.606296925E+49   4.130038240E+49   5.352149347E+50
   1.167900080E+06  -3.271014677E+50   2.922833407E+50   7.611856879E+49   4.130044174E+49   5.352149940E+50
   1.169600142E+06  -3.271070270E+50   2.922338568E+50   7.617404973E+49   4.130087956E+49   5.352154319E+50
   1.171300031E+06  -3.271186502E+50   2.921906828E+50   7.622947183E+49   4.130150446E+49   5.352160567E+50
   1.173000061E+06  -3.271210565E+50   2.921381650E+50   7.628481034E+49   4.130191890E+49   5.352164712E+50
   1.174700112E+06  -3.271092709E+50   2.920712488E+50   7.633995279E+49   4.130193074E+49   5.352164830E+50
   1.176400043E+06  -3.271018242E+50   2.920087477E+50   7.639480959E+49   4.130173306E+49   5.352162854E+50
   1.178100007E+06  -3.270927026E+50   2.919449793E+50   7.644941549E+49   4.130169223E+49   5.352162445E+50
   1.179800130E+06  -3.271030977E+50   2.919012557E+50   7.650388374E+49   4.130204183E+49   5.352165941E+50
   1.181500079E+06  -3.271111385E+50   2.918554947E+50   7.655828886E+49   4.130264506E+49   5.352171973E+50
   1.183200015E+06  -3.271160734E+50   2.918065854E+50   7.661262702E+49   4.130313894E+49   5.352176912E+50
   1.184900112E+06  -3.271121364E+50   2.917485787E+50   7.666680894E+49   4.130325122E+49   5.352178035E+50
   1.186600091E+06  -3.270958301E+50   2.916781749E+50   7.672072365E+49   4.130306849E+49   5.352176208E+50
   1.188300106E+06  -3.270931444E+50   2.916217331E+50   7.677437435E+49   4.130296308E+49   5.352175154E+50
   1.190000131E+06  -3.270932160E+50   2.915685600E+50   7.682785693E+49   4.130320096E+49   5.352177532E+50
   1.191700144E+06  -3.271057395E+50   2.915282320E+50   7.688127058E+49   4.130376301E+49   5.352183153E+50
   1.193400136E+06  -3.271133844E+50   2.914830694E+50   7.693463218E+49   4.130431724E+49   5.352188695E+50
   1.195100133E+06  -3.271071131E+50   2.914237768E+50   7.698786673E+49   4.130453043E+49   5.352190827E+50
   1.196800002E+06  -3.270987443E+50   2.913622881E+50   7.704086017E+49   4.130440395E+49   5.352189562E+50
   1.198500065E+06  -3.270865370E+50   2.912971847E+50   7.709358993E+49   4.130423759E+49   5.352187899E+50
   1.200200148E+06  -3.270903746E+50   2.912486295E+50   7.714612819E+49   4.130438307E+49   5.352189354E+50
   1.201900066E+06  -3.270976349E+50   2.912039393E+50   7.719857742E+49   4.130488181E+49   5.352194341E+50
   1.203600121E+06  -3.271075733E+50   2.911620639E+50   7.725098908E+49   4.130547971E+49   5.352200320E+50
   1.205300014E+06  -3.271069866E+50   2.911094893E+50   7.730329942E+49   4.130580206E+49   5.352203543E+50
   1.207000087E+06  -3.270954276E+50   2.910457651E+50   7.735540842E+49   4.130574585E+49   5.352202981E+50
   1.208700041E+06  -3.270875209E+50   2.909858404E+50   7.740724558E+49   4.130556504E+49   5.352201173E+50
   1.210400023E+06  -3.270814150E+50   2.909281585E+50   7.745886811E+49   4.130561158E+49   5.352201639E+50
   1.212100003E+06  -3.270936500E+50   2.908893022E+50   7.751038413E+49   4.130603624E+49   5.352205885E+50
   1.213800117E+06  -3.271006284E+50   2.908454064E+50   7.756186276E+49   4.130664072E+49   5.352211930E+50
   1.215500067E+06  -3.271041310E+50   2.907979241E+50   7.761326436E+49   4.130705742E+49   5.352216097E+50
   1.217200031E+06  -3.270965722E+50   2.907391727E+50   7.766449173E+49   4.130709228E+49   5.352216446E+50
   1.218900034E+06  -3.270817952E+50   2.906732371E+50   7.771546163E+49   4.130690359E+49   5.352214559E+50
   1.220600067E+06  -3.270821364E+50   2.906228071E+50   7.776619822E+49   4.130686890E+49   5.352214212E+50
   1.222300105E+06  -3.270827467E+50   2.905731334E+50   7.781680371E+49   4.130719037E+49   5.352217427E+50
   1.224000128E+06  -3.270969296E+50   2.905373483E+50   7.786736149E+49   4.130778018E+49   5.352223325E+50
   1.225700132E+06  -3.271002277E+50   2.904906337E+50   7.791786611E+49   4.130827209E+49   5.352228244E+50
   1.227400149E+06  -3.270933129E+50   2.904334800E+50   7.796823006E+49   4.130839717E+49   5.352229495E+50
   1.229100041E+06  -3.270851857E+50   2.903750754E+50   7.801835014E+49   4.130823986E+49   5.352227922E+50
   1.230800124E+06  -3.270731663E+50   2.903130632E+50   7.806822982E+49   4.130812666E+49   5.352226789E+50
   1.232500066E+06  -3.270809249E+50   2.902713312E+50   7.811794928E+49   4.130835565E+49   5.352229079E+50
   1.234200148E+06  -3.270881045E+50   2.902293859E+50   7.816761400E+49   4.130889542E+49   5.352234477E+50
   1.235900059E+06  -3.270961792E+50   2.901883899E+50   7.821723492E+49   4.130944564E+49   5.352239979E+50
   1.237600124E+06  -3.270940678E+50   2.901369909E+50   7.826675131E+49   4.130967433E+49   5.352242266E+50
   1.239300064E+06  -3.270801606E+50   2.900736743E+50   7.831604916E+49   4.130956291E+49   5.352241152E+50
   1.241000040E+06  -3.270750608E+50   2.900193729E+50   7.836509729E+49   4.130940938E+49   5.352239617E+50
   1.242700036E+06  -3.270714596E+50   2.899670272E+50   7.841396603E+49   4.130953366E+49   5.352240859E+50
   1.244400025E+06  -3.270839580E+50   2.899312142E+50   7.846275836E+49   4.131001452E+49   5.352245668E+50
   1.246100149E+06  -3.270904979E+50   2.898895712E+50   7.851152241E+49   4.131059570E+49   5.352251480E+50
   1.247800115E+06  -3.270905987E+50   2.898413208E+50   7.856020092E+49   4.131092298E+49   5.352254753E+50
   1.249500100E+06  -3.270832029E+50   2.897853950E+50   7.860869438E+49   4.131088639E+49   5.352254387E+50
   1.251200124E+06  -3.270682732E+50   2.897220378E+50   7.865694097E+49   4.131070562E+49   5.352252579E+50
   1.252900018E+06  -3.270712364E+50   2.896769983E+50   7.870498229E+49   4.131074411E+49   5.352252964E+50
   1.254600066E+06  -3.270737716E+50   2.896319776E+50   7.875292995E+49   4.131113600E+49   5.352256883E+50
   1.256300098E+06  -3.270868378E+50   2.895977193E+50   7.880084458E+49   4.131172609E+49   5.352262784E+50
   1.258000115E+06  -3.270888250E+50   2.895522660E+50   7.884870080E+49   4.131214186E+49   5.352266941E+50
   1.259700151E+06  -3.270788825E+50   2.894946667E+50   7.889640340E+49   4.131218762E+49   5.352267399E+50
   1.261400064E+06  -3.270716075E+50   2.894397572E+50   7.894386550E+49   4.131201520E+49   5.352265675E+50
   1.263100009E+06  -3.270624567E+50   2.893833097E+50   7.899110986E+49   4.131196281E+49   5.352265151E+50
   1.264800117E+06  -3.270712610E+50   2.893452939E+50   7.903823679E+49   4.131226966E+49   5.352268219E+50
   1.266500052E+06  -3.270791655E+50   2.893066788E+50   7.908531956E+49   4.131283280E+49   5.352273851E+50
   1.268200130E+06  -3.270843761E+50   2.892653319E+50   7.913236603E+49   4.131332188E+49   5.352278742E+50
   1.269900057E+06  -3.270809423E+50   2.892151201E+50   7.917928609E+49   4.131346383E+49   5.352280161E+50
   1.271600018E+06  -3.270669241E+50   2.891542503E+50   7.922598868E+49   4.131331491E+49   5.352278672E+50
   1.273300012E+06  -3.270626714E+50   2.891034151E+50   7.927246294E+49   4.131320660E+49   5.352277589E+50
   1.275000020E+06  -3.270623326E+50   2.890569505E+50   7.931879140E+49   4.131340931E+49   5.352279616E+50
   1.276700018E+06  -3.270742765E+50   2.890231386E+50   7.936506764E+49   4.131392966E+49   5.352284820E+50
   1.278400151E+06  -3.270807245E+50   2.889838752E+50   7.941131900E+49   4.131446969E+49   5.352290220E+50
   1.280100132E+06  -3.270775245E+50   2.889347614E+50   7.945747392E+49   4.131471085E+49   5.352292631E+50
   1.281800137E+06  -3.270687643E+50   2.888799475E+50   7.950343583E+49   4.131461899E+49   5.352291713E+50
   1.283500025E+06  -3.270567496E+50   2.888220506E+50   7.954916194E+49   4.131446293E+49   5.352290152E+50
   1.285200087E+06  -3.270607464E+50   2.887805999E+50   7.959472352E+49   4.131457695E+49   5.352291292E+50
   1.286900144E+06  -3.270652270E+50   2.887400387E+50   7.964021533E+49   4.131502703E+49   5.352295793E+50
   1.288600029E+06  -3.270768029E+50   2.887067251E+50   7.968567887E+49   4.131560104E+49   5.352301533E+50
   1.290300060E+06  -3.270758331E+50   2.886606889E+50   7.973108011E+49   4.131593587E+49   5.352304882E+50
   1.292000114E+06  -3.270660853E+50   2.886056813E+50   7.977631682E+49   4.131591286E+49   5.352304651E+50
   1.293700047E+06  -3.270588449E+50   2.885532700E+50   7.982132173E+49   4.131574688E+49   5.352302992E+50
   1.295400007E+06  -3.270513342E+50   2.885009630E+50   7.986613798E+49   4.131576677E+49   5.352303191E+50
   1.297100124E+06  -3.270626384E+50   2.884679145E+50   7.991086708E+49   4.131614318E+49   5.352306955E+50
   1.298800067E+06  -3.270694257E+50   2.884305713E+50   7.995556614E+49   4.131671171E+49   5.352312640E+50
   1.300500001E+06  -3.270732209E+50   2.883901344E+50   8.000021971E+49   4.131713318E+49   5.352316855E+50
   1.302200100E+06  -3.270675754E+50   2.883400328E+50   8.004474278E+49   4.131720016E+49   5.352317525E+50
   1.303900080E+06  -3.270533504E+50   2.882813410E+50   8.008904578E+49   4.131703639E+49   5.352315887E+50
   1.305600090E+06  -3.270520272E+50   2.882358695E+50   8.013314466E+49   4.131698693E+49   5.352315392E+50
   1.307300108E+06  -3.270533505E+50   2.881934859E+50   8.017712880E+49   4.131726421E+49   5.352318165E+50
   1.309000113E+06  -3.270652264E+50   2.881619598E+50   8.022107909E+49   4.131781245E+49   5.352323647E+50
   1.310700101E+06  -3.270696675E+50   2.881229701E+50   8.026499903E+49   4.131830164E+49   5.352328539E+50
   1.312400097E+06  -3.270644145E+50   2.880740588E+50   8.030881437E+49   4.131845865E+49   5.352330109E+50
   1.314100121E+06  -3.270561971E+50   2.880220966E+50   8.035243221E+49   4.131833170E+49   5.352328840E+50
   1.315800026E+06  -3.270450035E+50   2.879673875E+50   8.039583291E+49   4.131821692E+49   5.352327692E+50
   1.317500099E+06  -3.270510982E+50   2.879304067E+50   8.043909941E+49   4.131840790E+49   5.352329602E+50
   1.319200008E+06  -3.270565557E+50   2.878931421E+50   8.048231463E+49   4.131890103E+49   5.352334533E+50
   1.320900056E+06  -3.270663523E+50   2.878602776E+50   8.052551304E+49   4.131943832E+49   5.352339906E+50
   1.322600101E+06  -3.270643454E+50   2.878154032E+50   8.056863427E+49   4.131969205E+49   5.352342443E+50
   1.324300018E+06  -3.270519968E+50   2.877600354E+50   8.061157851E+49   4.131961710E+49   5.352341694E+50
   1.326000123E+06  -3.270469692E+50   2.877121304E+50   8.065431132E+49   4.131947249E+49   5.352340248E+50
   1.327700095E+06  -3.270415684E+50   2.876642509E+50   8.069688051E+49   4.131956307E+49   5.352341154E+50
   1.329400064E+06  -3.270538750E+50   2.876344859E+50   8.073938439E+49   4.131999529E+49   5.352345476E+50
   1.331100014E+06  -3.270600513E+50   2.875987318E+50   8.078187075E+49   4.132055121E+49   5.352351035E+50
   1.332800114E+06  -3.270607329E+50   2.875573226E+50   8.082430769E+49   4.132089745E+49   5.352354497E+50
   1.334500075E+06  -3.270550035E+50   2.875093083E+50   8.086659531E+49   4.132090004E+49   5.352354523E+50
   1.336200073E+06  -3.270407050E+50   2.874527684E+50   8.090867317E+49   4.132073664E+49   5.352352889E+50
   1.337900097E+06  -3.270418359E+50   2.874120153E+50   8.095057290E+49   4.132075236E+49   5.352353046E+50
   1.339600122E+06  -3.270444359E+50   2.873731478E+50   8.099238606E+49   4.132109790E+49   5.352356502E+50
   1.341300134E+06  -3.270554895E+50   2.873429638E+50   8.103417870E+49   4.132165304E+49   5.352362053E+50
   1.343000131E+06  -3.270596021E+50   2.873057461E+50   8.107593672E+49   4.132208071E+49   5.352366330E+50
   1.344700142E+06  -3.270509080E+50   2.872554952E+50   8.111757829E+49   4.132216544E+49   5.352367177E+50
   1.346400029E+06  -3.270434782E+50   2.872064821E+50   8.115901887E+49   4.132202277E+49   5.352365751E+50
   1.348100102E+06  -3.270345946E+50   2.871562841E+50   8.120027146E+49   4.132196097E+49   5.352365133E+50
   1.349800030E+06  -3.270412698E+50   2.871220822E+50   8.124141098E+49   4.132222334E+49   5.352367756E+50
   1.351500100E+06  -3.270491167E+50   2.870893387E+50   8.128252445E+49   4.132274645E+49   5.352372987E+50
   1.353200001E+06  -3.270549538E+50   2.870545790E+50   8.132361295E+49   4.132323810E+49   5.352377904E+50
   1.354900059E+06  -3.270521449E+50   2.870109466E+50   8.136461654E+49   4.132341825E+49   5.352379705E+50
   1.356600147E+06  -3.270397999E+50   2.869576652E+50   8.140544201E+49   4.132330733E+49   5.352378596E+50
   1.358300113E+06  -3.270353114E+50   2.869124468E+50   8.144606435E+49   4.132319978E+49   5.352377521E+50
   1.360000095E+06  -3.270328461E+50   2.868696563E+50   8.148655488E+49   4.132336506E+49   5.352379173E+50
   1.361700070E+06  -3.270448374E+50   2.868416765E+50   8.152700125E+49   4.132384036E+49   5.352383926E+50
   1.363400026E+06  -3.270506774E+50   2.868076139E+50   8.156743365E+49   4.132437015E+49   5.352389224E+50
   1.365100138E+06  -3.270492331E+50   2.867660694E+50   8.160780650E+49   4.132464285E+49   5.352391951E+50
   1.366800115E+06  -3.270422471E+50   2.867188208E+50   8.164802129E+49   4.132459500E+49   5.352391473E+50
   1.368500128E+06  -3.270290366E+50   2.866654504E+50   8.168803619E+49   4.132444995E+49   5.352390022E+50
   1.370200008E+06  -3.270322447E+50   2.866288823E+50   8.172789513E+49   4.132453267E+49   5.352390850E+50
   1.371900040E+06  -3.270364092E+50   2.865936473E+50   8.176769508E+49   4.132493316E+49   5.352394854E+50
   1.373600058E+06  -3.270464903E+50   2.865644898E+50   8.180748246E+49   4.132548199E+49   5.352400343E+50
   1.375300064E+06  -3.270481671E+50   2.865267825E+50   8.184722797E+49   4.132584333E+49   5.352403956E+50
   1.377000090E+06  -3.270386253E+50   2.864776437E+50   8.188684595E+49   4.132586433E+49   5.352404166E+50
   1.378700148E+06  -3.270317506E+50   2.864311986E+50   8.192627072E+49   4.132571868E+49   5.352402710E+50
   1.380400078E+06  -3.270246850E+50   2.863848780E+50   8.196552277E+49   4.132571580E+49   5.352402681E+50
   1.382100013E+06  -3.270326635E+50   2.863540135E+50   8.200469124E+49   4.132604127E+49   5.352405936E+50
   1.383800088E+06  -3.270403474E+50   2.863230787E+50   8.204384598E+49   4.132657734E+49   5.352411296E+50
   1.385500152E+06  -3.270445200E+50   2.862885558E+50   8.208297558E+49   4.132701134E+49   5.352415636E+50
   1.387200069E+06  -3.270406586E+50   2.862457794E+50   8.212200148E+49   4.132712230E+49   5.352416746E+50
   1.388900017E+06  -3.270270593E+50   2.861932025E+50   8.216084791E+49   4.132699109E+49   5.352415434E+50
   1.390600151E+06  -3.270248691E+50   2.861522808E+50   8.219951696E+49   4.132692866E+49   5.352414809E+50
   1.392300141E+06  -3.270243836E+50   2.861134665E+50   8.223807688E+49   4.132715974E+49   5.352417120E+50
   1.394000122E+06  -3.270363054E+50   2.860873608E+50   8.227660937E+49   4.132766477E+49   5.352422171E+50
   1.395700084E+06  -3.270414203E+50   2.860544490E+50   8.231512780E+49   4.132815655E+49   5.352427088E+50
   1.397400053E+06  -3.270366016E+50   2.860113867E+50   8.235357239E+49   4.132835747E+49   5.352429098E+50
   1.399100045E+06  -3.270305824E+50   2.859669975E+50   8.239185685E+49   4.132827199E+49   5.352428243E+50
   1.400800071E+06  -3.270179852E+50   2.859161855E+50   8.242995481E+49   4.132815513E+49   5.352427074E+50
   1.402500116E+06  -3.270233969E+50   2.858837762E+50   8.246792586E+49   4.132830524E+49   5.352428575E+50
   1.404200152E+06  -3.270281666E+50   2.858510644E+50   8.250585438E+49   4.132875213E+49   5.352433044E+50
   1.405900021E+06  -3.270365443E+50   2.858220530E+50   8.254377091E+49   4.132927956E+49   5.352438318E+50
   1.407600037E+06  -3.270380949E+50   2.857860270E+50   8.258164014E+49   4.132957227E+49   5.352441246E+50
   1.409300077E+06  -3.270256897E+50   2.857358586E+50   8.261937293E+49   4.132954180E+49   5.352440941E+50
   1.411000149E+06  -3.270207528E+50   2.856932419E+50   8.265692033E+49   4.132940944E+49   5.352439617E+50
   1.412700088E+06  -3.270152105E+50   2.856503604E+50   8.269431842E+49   4.132946831E+49   5.352440206E+50
   1.414400030E+06  -3.270237012E+50   2.856218944E+50   8.273165543E+49   4.132984862E+49   5.352444009E+50
   1.416100109E+06  -3.270330953E+50   2.855944927E+50   8.276898668E+49   4.133038411E+49   5.352449364E+50
   1.417800026E+06  -3.270326175E+50   2.855570919E+50   8.280628305E+49   4.133075746E+49   5.352453097E+50
   1.419500110E+06  -3.270289617E+50   2.855162991E+50   8.284347204E+49   4.133080945E+49   5.352453617E+50
   1.421200073E+06  -3.270157856E+50   2.854659748E+50   8.288048041E+49   4.133066960E+49   5.352452219E+50
   1.422900063E+06  -3.270142163E+50   2.854275474E+50   8.291732780E+49   4.133065887E+49   5.352452112E+50
   1.424600059E+06  -3.270173891E+50   2.853942499E+50   8.295409331E+49   4.133095412E+49   5.352455064E+50
   1.426300043E+06  -3.270265141E+50   2.853671457E+50   8.299084356E+49   4.133147523E+49   5.352460275E+50
   1.428000013E+06  -3.270319700E+50   2.853363131E+50   8.302757656E+49   4.133191966E+49   5.352464719E+50
   1.429700147E+06  -3.270251109E+50   2.852929346E+50   8.306422809E+49   4.133205175E+49   5.352466040E+50
   1.431400153E+06  -3.270183814E+50   2.852496096E+50   8.310071352E+49   4.133194175E+49   5.352464940E+50
   1.433100036E+06  -3.270082294E+50   2.852030700E+50   8.313702476E+49   4.133186537E+49   5.352464177E+50
   1.434800088E+06  -3.270138295E+50   2.851726720E+50   8.317323629E+49   4.133207877E+49   5.352466311E+50
   1.436500128E+06  -3.270208533E+50   2.851439910E+50   8.320942117E+49   4.133255885E+49   5.352471111E+50
   1.438200001E+06  -3.270269519E+50   2.851144093E+50   8.324559456E+49   4.133305198E+49   5.352476043E+50
   1.439900028E+06  -3.270266852E+50   2.850782524E+50   8.328171060E+49   4.133327787E+49   5.352478302E+50
   1.441600080E+06  -3.270140310E+50   2.850295533E+50   8.331768368E+49   4.133320602E+49   5.352477583E+50
   1.443300010E+06  -3.270096234E+50   2.849892409E+50   8.335347892E+49   4.133309642E+49   5.352476487E+50
   1.445000112E+06  -3.270069096E+50   2.849509731E+50   8.338915433E+49   4.133321783E+49   5.352477701E+50
   1.446700058E+06  -3.270155029E+50   2.849243615E+50   8.342478436E+49   4.133364291E+49   5.352481952E+50
   1.448400140E+06  -3.270238772E+50   2.848976291E+50   8.346041276E+49   4.133416466E+49   5.352487170E+50
   1.450100065E+06  -3.270221357E+50   2.848606091E+50   8.349599846E+49   4.133447189E+49   5.352490242E+50
   1.451800007E+06  -3.270173221E+50   2.848203282E+50   8.353146439E+49   4.133447055E+49   5.352490228E+50
   1.453500137E+06  -3.270048135E+50   2.847723888E+50   8.356676199E+49   4.133433724E+49   5.352488895E+50
   1.455200137E+06  -3.270047258E+50   2.847371930E+50   8.360191604E+49   4.133438316E+49   5.352489354E+50
   1.456900137E+06  -3.270094427E+50   2.847071672E+50   8.363700926E+49   4.133473372E+49   5.352492860E+50
   1.458600125E+06  -3.270180184E+50   2.846811786E+50   8.367209553E+49   4.133525574E+49   5.352498080E+50
   1.460300100E+06  -3.270224197E+50   2.846509062E+50   8.370715918E+49   4.133564562E+49   5.352501979E+50
   1.462000090E+06  -3.270131243E+50   2.846067132E+50   8.374212788E+49   4.133571675E+49   5.352502690E+50
   1.463700110E+06  -3.270070957E+50   2.845657562E+50   8.377693455E+49   4.133559502E+49   5.352501473E+50
   1.465400002E+06  -3.269989183E+50   2.845228998E+50   8.381158459E+49   4.133556607E+49   5.352501184E+50
   1.467100059E+06  -3.270054345E+50   2.844951160E+50   8.384615679E+49   4.133583824E+49   5.352503905E+50
   1.468800103E+06  -3.270133303E+50   2.844689560E+50   8.388071443E+49   4.133634019E+49   5.352508925E+50
   1.470500136E+06  -3.270166676E+50   2.844381957E+50   8.391526158E+49   4.133678972E+49   5.352513420E+50
   1.472200017E+06  -3.270162894E+50   2.844035046E+50   8.394973489E+49   4.133695011E+49   5.352515024E+50
   1.473900081E+06  -3.270024812E+50   2.843552677E+50   8.398406474E+49   4.133685123E+49   5.352514035E+50
   1.475600022E+06  -3.269997590E+50   2.843183047E+50   8.401823020E+49   4.133677588E+49   5.352513282E+50
   1.477300130E+06  -3.269986029E+50   2.842832654E+50   8.405229748E+49   4.133696002E+49   5.352515123E+50
   1.479000079E+06  -3.270070159E+50   2.842580991E+50   8.408633491E+49   4.133741806E+49   5.352519703E+50
   1.480700011E+06  -3.270162110E+50   2.842337554E+50   8.412036858E+49   4.133791295E+49   5.352524652E+50
   1.482400098E+06  -3.270106995E+50   2.841944976E+50   8.415435693E+49   4.133815501E+49   5.352527073E+50
   1.484100052E+06  -3.270063007E+50   2.841561994E+50   8.418821548E+49   4.133811419E+49   5.352526665E+50
