  0.0000000000E+000  0.0000000000E+000
  1.7002187081E+003  2.5568665162E+034
  3.4002626642E+003  2.5569089913E+034
  5.1001550744E+003  2.5569089913E+034
  6.8001793399E+003  2.5569089913E+034
  8.5001464103E+003  2.5569089913E+034
  1.0200192658E+004  2.5569089913E+034
  1.1900165645E+004  2.5569089913E+034
  1.3600231120E+004  2.5569511413E+034
  1.5300172358E+004  2.5569511413E+034
  1.7000249216E+004  2.5569511413E+034
  1.8700257610E+004  2.5569511413E+034
  2.0400216514E+004  2.5569511413E+034
  2.2100170761E+004  2.5569511413E+034
  2.3800242371E+004  2.5569511413E+034
  2.5500254676E+004  2.5569511413E+034
  2.7200233638E+004  2.5569511413E+034
  2.8900205245E+004  2.5569511413E+034
  3.0600176620E+004  2.5569511413E+034
  3.2300236720E+004  2.5569511413E+034
  3.4000148748E+004  2.5569511413E+034
  3.5700236118E+004  2.5569511413E+034
  3.7400149596E+004  2.5569511413E+034
  3.9100268661E+004  2.5569511413E+034
  4.0800152470E+004  2.5569511413E+034
  4.2500200438E+004  2.5569511413E+034
  4.4200165931E+004  2.5569511413E+034
  4.5900187406E+004  2.5569511413E+034
  4.7600142373E+004  2.5569511413E+034
  4.9300212964E+004  2.5569511413E+034
  5.1000211319E+004  2.5569511413E+034
  5.2700161311E+004  2.5569511413E+034
  5.4400238615E+004  2.5569511413E+034
  5.6100216063E+004  2.5569511413E+034
  5.7800194119E+004  2.5569511413E+034
  5.9500247015E+004  2.5569511413E+034
  6.1200254321E+004  2.5569511413E+034
  6.2900222445E+004  2.5569511413E+034
  6.4600221241E+004  2.5569511413E+034
  6.6300200440E+004  2.5569511413E+034
  6.8000164493E+004  2.5569511413E+034
  6.9700145855E+004  2.5569511413E+034
  7.1400185882E+004  2.5569511413E+034
  7.3100205100E+004  2.5569511413E+034
  7.4800194419E+004  2.5569511413E+034
  7.6500241667E+004  2.5569511413E+034
  7.8200238158E+004  2.5569511413E+034
  7.9900226677E+004  2.5569511413E+034
  8.1600223771E+004  2.5569511413E+034
  8.3300198827E+004  2.5569511413E+034
  8.5000147927E+004  2.5569511413E+034
  8.6700142022E+004  2.5569511413E+034
  8.8400256250E+004  2.5569511413E+034
  9.0100210655E+004  2.5569511413E+034
  9.1800255426E+004  2.5569511413E+034
  9.3500269906E+004  2.5569511413E+034
  9.5200231086E+004  2.5569511413E+034
  9.6900232097E+004  2.5569511413E+034
  9.8600155768E+004  2.5569511413E+034
  1.0030025727E+005  2.5569511413E+034
  1.0200021075E+005  2.5569511413E+034
  1.0370019714E+005  2.5569511413E+034
  1.0540023754E+005  2.5569511413E+034
  1.0710017610E+005  2.5569511413E+034
  1.0880016716E+005  2.5569511413E+034
  1.1050024614E+005  2.5569511413E+034
  1.1220016651E+005  2.5569511413E+034
  1.1390026437E+005  2.5569511413E+034
  1.1560020510E+005  2.5569511413E+034
  1.1730015008E+005  2.5569511413E+034
  1.1900023950E+005  2.5569511413E+034
  1.2070018438E+005  2.5569511413E+034
  1.2240017397E+005  2.5569511413E+034
  1.2410014858E+005  2.5569511413E+034
  1.2580020177E+005  2.5569511413E+034
  1.2750020836E+005  2.5569511413E+034
  1.2920021132E+005  2.5569511413E+034
  1.3090022821E+005  2.5569511413E+034
  1.3260015314E+005  2.5569511413E+034
  1.3430021358E+005  2.5569511413E+034
  1.3600015679E+005  2.5569511413E+034
  1.3770018154E+005  2.5569511413E+034
  1.3940015452E+005  2.5569511413E+034
  1.4110017310E+005  2.5569511413E+034
  1.4280014550E+005  2.5569511413E+034
  1.4450020819E+005  2.5569511413E+034
  1.4620013926E+005  2.5569511413E+034
  1.4790016246E+005  2.5569511413E+034
  1.4960019906E+005  2.5569511413E+034
  1.5130023771E+005  2.5569511413E+034
  1.5300026895E+005  2.5569511413E+034
  1.5470024529E+005  2.5569511413E+034
  1.5640021478E+005  2.5569511413E+034
  1.5810026759E+005  2.5569511413E+034
  1.5980026283E+005  2.5569511413E+034
  1.6150023893E+005  2.5569511413E+034
  1.6320019251E+005  2.5569511413E+034
  1.6490019369E+005  2.5569511413E+034
  1.6660019943E+005  2.5569511413E+034
  1.6830021230E+005  2.5569511413E+034
  1.7000019204E+005  2.5569511413E+034
  1.7170014458E+005  2.5569511413E+034
  1.7340013945E+005  2.5569511413E+034
  1.7510021512E+005  2.5569511413E+034
  1.7680024667E+005  2.5569511413E+034
  1.7850024881E+005  2.5569511413E+034
  1.8020019970E+005  2.5569511413E+034
  1.8190016399E+005  2.5569511413E+034
  1.8360014032E+005  2.5569511413E+034
  1.8530023606E+005  2.5569511413E+034
  1.8700016809E+005  2.5569511413E+034
  1.8870024538E+005  2.5569511413E+034
  1.9040025294E+005  2.5569511413E+034
  1.9210020840E+005  2.5569511413E+034
  1.9380026419E+005  2.5569511413E+034
  1.9550013976E+005  2.5569511413E+034
  1.9720019434E+005  2.5569511413E+034
  1.9890026591E+005  2.5569511413E+034
  2.0060019743E+005  2.5569511413E+034
  2.0230024332E+005  2.5569511413E+034
  2.0400014372E+005  2.5569511413E+034
  2.0570022226E+005  2.5569511413E+034
  2.0740023307E+005  2.5569511413E+034
  2.0910020136E+005  2.5569511413E+034
  2.1080026286E+005  2.5569511413E+034
  2.1250025018E+005  2.5569511413E+034
  2.1420026488E+005  2.5569511413E+034
  2.1590015390E+005  2.5569511413E+034
  2.1760016386E+005  2.5569511413E+034
  2.1930015841E+005  2.5569511413E+034
  2.2100017413E+005  2.5569511413E+034
  2.2270024219E+005  2.5569511413E+034
  2.2440025518E+005  2.5569511413E+034
  2.2610022286E+005  2.5569511413E+034
  2.2780026536E+005  2.5569511413E+034
  2.2950021289E+005  2.5569511413E+034
  2.3120017841E+005  2.5569511413E+034
  2.3290014312E+005  2.5569511413E+034
  2.3460022818E+005  2.5569511413E+034
  2.3630018087E+005  2.5569511413E+034
  2.3800017603E+005  2.5569511413E+034
  2.3970023659E+005  2.5569511413E+034
  2.4140024080E+005  2.5569511413E+034
  2.4310019569E+005  2.5569511413E+034
  2.4480020363E+005  2.5569511413E+034
  2.4650023745E+005  2.5569511413E+034
  2.4820014733E+005  2.5569511413E+034
  2.4990018869E+005  2.5569511413E+034
  2.5160022094E+005  2.5569511413E+034
  2.5330014175E+005  2.5569511413E+034
  2.5500025493E+005  2.5569511413E+034
  2.5670016245E+005  2.5569511413E+034
  2.5840015043E+005  2.5569511413E+034
  2.6010020862E+005  2.5569511413E+034
  2.6180016555E+005  2.5569511413E+034
  2.6350014046E+005  2.5569511413E+034
  2.6520026095E+005  2.5569511413E+034
  2.6690023296E+005  2.5569511413E+034
  2.6860021912E+005  2.5569511413E+034
  2.7030024631E+005  2.5569511413E+034
  2.7200019544E+005  2.5569511413E+034
  2.7370021221E+005  2.5569511413E+034
  2.7540016689E+005  2.5569511413E+034
  2.7710017155E+005  2.5569511413E+034
  2.7880020022E+005  2.5569511413E+034
  2.8050024420E+005  2.5569511413E+034
  2.8220015652E+005  2.5569511413E+034
  2.8390020704E+005  2.5569511413E+034
  2.8560014775E+005  2.5569511413E+034
  2.8730014087E+005  2.5569511413E+034
  2.8900019330E+005  2.5569511413E+034
  2.9070017905E+005  2.5569511413E+034
  2.9240022044E+005  2.5569511413E+034
  2.9410016656E+005  2.5569511413E+034
  2.9580026403E+005  2.5569511413E+034
  2.9750024088E+005  2.5569511413E+034
  2.9920022286E+005  2.5569511413E+034
  3.0090022027E+005  2.5569511413E+034
  3.0260025800E+005  2.5569511413E+034
  3.0430021491E+005  2.5569511413E+034
  3.0600022804E+005  2.5569511413E+034
  3.0770016724E+005  2.5569511413E+034
  3.0940015379E+005  2.5569511413E+034
  3.1110016364E+005  2.5569511413E+034
  3.1280019231E+005  2.5569511413E+034
  3.1450023045E+005  2.5569511413E+034
  3.1620014670E+005  2.5569511413E+034
  3.1790022467E+005  2.5569511413E+034
  3.1960021617E+005  2.5569511413E+034
  3.2130025716E+005  2.5569511413E+034
  3.2300022123E+005  2.5569511413E+034
  3.2470023226E+005  2.5569511413E+034
  3.2640014500E+005  2.5569511413E+034
  3.2810021239E+005  2.5569511413E+034
  3.2980016103E+005  2.5569511413E+034
  3.3150025981E+005  2.5569511413E+034
  3.3320024530E+005  2.5569511413E+034
  3.3490026477E+005  2.5569511413E+034
  3.3660020028E+005  2.5569511413E+034
  3.3830018697E+005  2.5569511413E+034
  3.4000022109E+005  2.5569511413E+034
  3.4170016343E+005  2.5569511413E+034
  3.4340026797E+005  2.5569511413E+034
  3.4510025687E+005  2.5569511413E+034
  3.4680026215E+005  2.5569511413E+034
  3.4850015318E+005  2.5569511413E+034
  3.5020020895E+005  2.5569511413E+034
  3.5190017184E+005  2.5569511413E+034
  3.5360017990E+005  2.5569511413E+034
  3.5530023870E+005  2.5569511413E+034
  3.5700020209E+005  2.5569511413E+034
  3.5870020167E+005  2.5569511413E+034
  3.6040022414E+005  2.5569511413E+034
  3.6210026698E+005  2.5569511413E+034
  3.6380019314E+005  2.5569511413E+034
  3.6550014760E+005  2.5569511413E+034
  3.6720027049E+005  2.5569511413E+034
  3.6890016537E+005  2.5569511413E+034
  3.7060024238E+005  2.5569511413E+034
  3.7230022567E+005  2.5569511413E+034
  3.7400024534E+005  2.5569511413E+034
  3.7570015955E+005  2.5569511413E+034
  3.7740023111E+005  2.5569511413E+034
  3.7910018863E+005  2.5569511413E+034
  3.8080017291E+005  2.5569511413E+034
  3.8250018465E+005  2.5569511413E+034
  3.8420023674E+005  2.5569511413E+034
  3.8590019421E+005  2.5569511413E+034
  3.8760019485E+005  2.5569511413E+034
  3.8930023244E+005  2.5569511413E+034
  3.9100016618E+005  2.5569511413E+034
  3.9270026306E+005  2.5569511413E+034
  3.9440024705E+005  2.5569511413E+034
  3.9610025146E+005  2.5569511413E+034
  3.9780015293E+005  2.5569511413E+034
  3.9950022104E+005  2.5569511413E+034
  4.0120019139E+005  2.5569511413E+034
  4.0290020424E+005  2.5569511413E+034
  4.0460025435E+005  2.5569511413E+034
  4.0630020318E+005  2.5569511413E+034
  4.0800018264E+005  2.5569511413E+034
  4.0970018774E+005  2.5569511413E+034
  4.1140021782E+005  2.5569511413E+034
  4.1310013851E+005  2.5569511413E+034
  4.1480022816E+005  2.5569511413E+034
  4.1650021703E+005  2.5569511413E+034
  4.1820024089E+005  2.5569511413E+034
  4.1990017121E+005  2.5569511413E+034
  4.2160027030E+005  2.5569511413E+034
  4.2330026293E+005  2.5569511413E+034
  4.2500014875E+005  2.5569511413E+034
  4.2670019657E+005  2.5569511413E+034
  4.2840026829E+005  2.5569511413E+034
  4.3010023489E+005  2.5569511413E+034
  4.3180023407E+005  2.5569511413E+034
  4.3350026820E+005  2.5569511413E+034
  4.3520020248E+005  2.5569511413E+034
  4.3690017394E+005  2.5569511413E+034
  4.3860017594E+005  2.5569511413E+034
  4.4030020691E+005  2.5569511413E+034
  4.4200026702E+005  2.5569511413E+034
  4.4370021777E+005  2.5569511413E+034
  4.4540019519E+005  2.5569511413E+034
  4.4710020413E+005  2.5569511413E+034
  4.4880024739E+005  2.5569511413E+034
  4.5050018759E+005  2.5569511413E+034
  4.5220016300E+005  2.5569511413E+034
  4.5390017114E+005  2.5569511413E+034
  4.5560020805E+005  2.5569511413E+034
  4.5730013749E+005  2.5569511413E+034
  4.5900023202E+005  2.5569511413E+034
  4.6070021549E+005  2.5569511413E+034
  4.6240022950E+005  2.5569511413E+034
  4.6410013885E+005  2.5569511413E+034
  4.6580021773E+005  2.5569511413E+034
  4.6750019198E+005  2.5569511413E+034
  4.6920020012E+005  2.5569511413E+034
  4.7090023912E+005  2.5569511413E+034
  4.7260017046E+005  2.5569511413E+034
  4.7430026533E+005  2.5569511413E+034
  4.7600025324E+005  2.5569511413E+034
  4.7770026623E+005  2.5569511413E+034
  4.7940017534E+005  2.5569511413E+034
  4.8110025195E+005  2.5569511413E+034
  4.8280022258E+005  2.5569511413E+034
  4.8450022584E+005  2.5569511413E+034
  4.8620026074E+005  2.5569511413E+034
  4.8790018904E+005  2.5569511413E+034
  4.8960014513E+005  2.5569511413E+034
  4.9130026613E+005  2.5569511413E+034
  4.9300014357E+005  2.5569511413E+034
  4.9470018508E+005  2.5569511413E+034
  4.9640025744E+005  2.5569511413E+034
  4.9810022667E+005  2.5569511413E+034
  4.9980022377E+005  2.5569511413E+034
  5.0150025473E+005  2.5569511413E+034
  5.0320017928E+005  2.5569511413E+034
  5.0490026730E+005  2.5569511413E+034
  5.0660024779E+005  2.5569511413E+034
  5.0830025848E+005  2.5569511413E+034
  5.1000015959E+005  2.5569511413E+034
  5.1170022719E+005  2.5569511413E+034
  5.1340018759E+005  2.5569511413E+034
  5.1510018010E+005  2.5569511413E+034
  5.1680020046E+005  2.5569511413E+034
  5.1850025285E+005  2.5569511413E+034
  5.2020019751E+005  2.5569511413E+034
  5.2190016951E+005  2.5569511413E+034
  5.2360016952E+005  2.5546343023E+034
  5.2530019971E+005  2.5548116220E+034
  5.2700025449E+005  2.5549849010E+034
  5.2870020507E+005  2.5551542313E+034
  5.3040018379E+005  2.5552649690E+034
  5.3210019278E+005  2.5553197029E+034
  5.3380022990E+005  2.5553740179E+034
  5.3550016083E+005  2.5554279171E+034
  5.3720025515E+005  2.5554279171E+034
  5.3890024152E+005  2.5553740179E+034
  5.4060025531E+005  2.5553197029E+034
  5.4230016268E+005  2.5552649690E+034
  5.4400023149E+005  2.5552098128E+034
  5.4570019509E+005  2.5552098128E+034
  5.4740018694E+005  2.5552649690E+034
  5.4910020696E+005  2.5555344811E+034
  5.5080025591E+005  2.5556394199E+034
  5.5250019684E+005  2.5556394199E+034
  5.5420016601E+005  2.5556394199E+034
  5.5590016282E+005  2.5556912876E+034
  5.5760018672E+005  2.5557427584E+034
  5.5930023958E+005  2.5556912876E+034
  5.6100018409E+005  2.5557427584E+034
  5.6270015776E+005  2.5557427584E+034
  5.6440016108E+005  2.5556912876E+034
  5.6610019131E+005  2.5558445209E+034
  5.6780025155E+005  2.5557427584E+034
  5.6950020322E+005  2.5556912876E+034
  5.7120018390E+005  2.5556912876E+034
  5.7290019158E+005  2.5557938351E+034
  5.7460022647E+005  2.5557427584E+034
  5.7630015411E+005  2.5556912876E+034
  5.7800024634E+005  2.5556912876E+034
  5.7970022915E+005  2.5556912876E+034
  5.8140024202E+005  2.5558445209E+034
  5.8310014467E+005  2.5557427584E+034
  5.8480021224E+005  2.5556912876E+034
  5.8650017087E+005  2.5556394199E+034
  5.8820015793E+005  2.5555871520E+034
  5.8990017047E+005  2.5555871520E+034
  5.9160021157E+005  2.5555344811E+034
  5.9330014413E+005  2.5556912876E+034
  5.9500024039E+005  2.5556912876E+034
  5.9670022607E+005  2.5555871520E+034
  5.9840024169E+005  2.5555871520E+034
  6.0010014612E+005  2.5555344811E+034
  6.0180021499E+005  2.5554814038E+034
  6.0350017435E+005  2.5554814038E+034
  6.0520016162E+005  2.5554279171E+034
  6.0690017339E+005  2.5554279171E+034
  6.0860021499E+005  2.5553740179E+034
  6.1030014688E+005  2.5553197029E+034
  6.1200024155E+005  2.5553197029E+034
  6.1370022724E+005  2.5553740179E+034
  6.1540024238E+005  2.5554279171E+034
  6.1710014603E+005  2.5553740179E+034
  6.1880021485E+005  2.5553197029E+034
  6.2050017389E+005  2.5552649690E+034
  6.2220016025E+005  2.5552098128E+034
  6.2390017125E+005  2.5552098128E+034
  6.2560021168E+005  2.5551542313E+034
  6.2730014121E+005  2.5550982210E+034
  6.2900023288E+005  2.5550982210E+034
  6.3070021600E+005  2.5550417786E+034
  6.3240022652E+005  2.5550417786E+034
  6.3410026061E+005  2.5549849010E+034
  6.3580018785E+005  2.5549849010E+034
  6.3750013886E+005  2.5549275846E+034
  6.3920025336E+005  2.5549275846E+034
  6.4090025732E+005  2.5548698260E+034
  6.4260015294E+005  2.5548698260E+034
  6.4430020935E+005  2.5548116220E+034
  6.4600015580E+005  2.5548116220E+034
  6.4770026549E+005  2.5547529690E+034
  6.4940026568E+005  2.5547529690E+034
  6.5110015376E+005  2.5547529690E+034
  6.5280020677E+005  2.5546938636E+034
  6.5450014656E+005  2.5546938636E+034
  6.5620025032E+005  2.5546938636E+034
  6.5790024344E+005  2.5546938636E+034
  6.5960026282E+005  2.5546938636E+034
  6.6130017204E+005  2.5546343023E+034
  6.6300024344E+005  2.5546343023E+034
  6.6470020492E+005  2.5545742816E+034
  6.6640019319E+005  2.5545137979E+034
  6.6810020532E+005  2.5544528477E+034
  6.6980024557E+005  2.5544528477E+034
  6.7150017323E+005  2.5543914274E+034
  6.7320026481E+005  2.5543914274E+034
  6.7490024505E+005  2.5543295332E+034
  6.7660025108E+005  2.5542671617E+034
  6.7830014727E+005  2.5542671617E+034
  6.8000020522E+005  2.5542043091E+034
  6.8170015270E+005  2.5542043091E+034
  6.8340026344E+005  2.5541409716E+034
  6.8510026168E+005  2.5541409716E+034
  6.8680015111E+005  2.5540771457E+034
  6.8850020179E+005  2.5540771457E+034
  6.9020014335E+005  2.5540128274E+034
  6.9190024519E+005  2.5539480129E+034
  6.9360023859E+005  2.5539480129E+034
  6.9530025719E+005  2.5538826986E+034
  6.9700016564E+005  2.5538826986E+034
  6.9870023618E+005  2.5538168804E+034
  7.0040019716E+005  2.5538168804E+034
  7.0210018118E+005  2.5537505546E+034
  7.0380019231E+005  2.5537505546E+034
  7.0550022910E+005  2.5536837172E+034
  7.0720015463E+005  2.5536837172E+034
  7.0890024083E+005  2.5536163642E+034
  7.1060021893E+005  2.5536163642E+034
  7.1230021942E+005  2.5535484917E+034
  7.1400024648E+005  2.5535484917E+034
  7.1570016251E+005  2.5534800957E+034
  7.1740023904E+005  2.5534800957E+034
  7.1910020334E+005  2.5534111721E+034
  7.2080019414E+005  2.5534111721E+034
  7.2250020931E+005  2.5533417168E+034
  7.2420024858E+005  2.5533417168E+034
  7.2590017643E+005  2.5532717258E+034
  7.2760026712E+005  2.5532717258E+034
  7.2930024294E+005  2.5532717258E+034
  7.3100024642E+005  2.5532011950E+034
  7.3270013720E+005  2.5532011950E+034
  7.3440018871E+005  2.5531301201E+034
  7.3610026482E+005  2.5531301201E+034
  7.3780023060E+005  2.5530584970E+034
  7.3950022021E+005  2.5530584970E+034
  7.4120023502E+005  2.5529863215E+034
  7.4290013794E+005  2.5529863215E+034
  7.4460020224E+005  2.5529135892E+034
  7.4630015289E+005  2.5529135892E+034
  7.4800026605E+005  2.5528402959E+034
  7.4970026535E+005  2.5528402959E+034
  7.5140015412E+005  2.5527664372E+034
  7.5310020186E+005  2.5527664372E+034
  7.5480013887E+005  2.5527664372E+034
  7.5650023563E+005  2.5526920089E+034
  7.5820022122E+005  2.5526920089E+034
  7.5990023040E+005  2.5526170065E+034
  7.6160026472E+005  2.5526170065E+034
  7.6330018634E+005  2.5525414255E+034
  7.6500026818E+005  2.5525414255E+034
  7.6670023794E+005  2.5524652615E+034
  7.6840023237E+005  2.5524652615E+034
  7.7010024869E+005  2.5523885101E+034
  7.7180015480E+005  2.5523885101E+034
  7.7350022039E+005  2.5523111666E+034
  7.7520017386E+005  2.5523111666E+034
  7.7690015109E+005  2.5523111666E+034
  7.7860015368E+005  2.5522332266E+034
  7.8030017823E+005  2.5522332266E+034
  7.8200022667E+005  2.5521546854E+034
  7.8370016402E+005  2.5521546854E+034
  7.8540025946E+005  2.5520755383E+034
  7.8710024230E+005  2.5520755383E+034
  7.8880024941E+005  2.5520755383E+034
  7.9050014360E+005  2.5519957808E+034
  7.9220019737E+005  2.5519957808E+034
  7.9390013872E+005  2.5519154081E+034
  7.9560024044E+005  2.5519154081E+034
  7.9730022712E+005  2.5518344154E+034
  7.9900023881E+005  2.5518344154E+034
  8.0070013784E+005  2.5517527980E+034
  8.0240019464E+005  2.5517527980E+034
  8.0410014021E+005  2.5517527980E+034
  8.0580024429E+005  2.5516705510E+034
  8.0750023633E+005  2.5516705510E+034
  8.0920025120E+005  2.5516705510E+034
  8.1090015384E+005  2.5515876696E+034
  8.1260021542E+005  2.5515876696E+034
  8.1430016335E+005  2.5515876696E+034
  8.1600027051E+005  2.5515041490E+034
  8.1770026491E+005  2.5515041490E+034
  8.1940014561E+005  2.5514199841E+034
  8.2110018584E+005  2.5514199841E+034
  8.2280024826E+005  2.5513351700E+034
  8.2450019859E+005  2.5513351700E+034
  8.2620017080E+005  2.5512497017E+034
  8.2790016682E+005  2.5512497017E+034
  8.2960018506E+005  2.5511635741E+034
  8.3130022657E+005  2.5511635741E+034
  8.3300015255E+005  2.5510767822E+034
  8.3470024022E+005  2.5510767822E+034
  8.3640021246E+005  2.5509893208E+034
  8.3810020690E+005  2.5509893208E+034
  8.3980022521E+005  2.5509011849E+034
  8.4150026576E+005  2.5509011849E+034
  8.4320019159E+005  2.5508123690E+034
  8.4490014132E+005  2.5508123690E+034
  8.4660024897E+005  2.5508123690E+034
  8.4830024249E+005  2.5507228682E+034
  8.5000025769E+005  2.5507228682E+034
  8.5170016115E+005  2.5506326769E+034
  8.5340022061E+005  2.5506326769E+034
  8.5510016746E+005  2.5505417900E+034
  8.5680013708E+005  2.5505417900E+034
  8.5850026478E+005  2.5504502020E+034
  8.6020014177E+005  2.5504502020E+034
  8.6190017883E+005  2.5504502020E+034
  8.6360023713E+005  2.5503579076E+034
  8.6530018153E+005  2.5503579076E+034
  8.6700014872E+005  2.5502649012E+034
  8.6870013774E+005  2.5502649012E+034
  8.7040014938E+005  2.5501711775E+034
  8.7210018315E+005  2.5501711775E+034
  8.7380023939E+005  2.5500767308E+034
  8.7550018130E+005  2.5500767308E+034
  8.7720014469E+005  2.5499815557E+034
  8.7890026694E+005  2.5499815557E+034
  8.8060013853E+005  2.5499815557E+034
  8.8230016853E+005  2.5498856464E+034
  8.8400022000E+005  2.5498856464E+034
  8.8570015733E+005  2.5497889973E+034
  8.8740025380E+005  2.5497889973E+034
  8.8910023424E+005  2.5496916027E+034
  8.9080023908E+005  2.5496916027E+034
  8.9250026430E+005  2.5496916027E+034
  8.9420017503E+005  2.5495934569E+034
  8.9590024385E+005  2.5495934569E+034
  8.9760019947E+005  2.5494945540E+034
  8.9930017509E+005  2.5494945540E+034
  9.0100017345E+005  2.5493948883E+034
  9.0270019419E+005  2.5493948883E+034
  9.0440023580E+005  2.5493948883E+034
  9.0610016280E+005  2.5492944538E+034
  9.0780025027E+005  2.5492944538E+034
  9.0950022115E+005  2.5491932446E+034
  9.1120021447E+005  2.5491932446E+034
  9.1290022950E+005  2.5490912547E+034
  9.1460026620E+005  2.5490912547E+034
  9.1630018687E+005  2.5490912547E+034
  9.1800026728E+005  2.5489884781E+034
  9.1970023156E+005  2.5489884781E+034
  9.2140021787E+005  2.5488849088E+034
  9.2310022556E+005  2.5488849088E+034
  9.2480025594E+005  2.5487805406E+034
  9.2650017082E+005  2.5487805406E+034
  9.2820024402E+005  2.5487805406E+034
  9.2990020301E+005  2.5486753674E+034
  9.3160018270E+005  2.5486753674E+034
  9.3330018457E+005  2.5485693829E+034
  9.3500020714E+005  2.5485693829E+034
  9.3670025193E+005  2.5484625809E+034
  9.3840018184E+005  2.5484625809E+034
  9.4010026899E+005  2.5484625809E+034
  9.4180024151E+005  2.5483549552E+034
  9.4350023607E+005  2.5483549552E+034
  9.4520025059E+005  2.5482464992E+034
  9.4690015139E+005  2.5482464992E+034
  9.4860020989E+005  2.5481372067E+034
  9.5030015221E+005  2.5481372067E+034
  9.5200025261E+005  2.5481372067E+034
  9.5370023909E+005  2.5480270712E+034
  9.5540024466E+005  2.5480270712E+034
  9.5710027259E+005  2.5479160861E+034
  9.5880018461E+005  2.5479160861E+034
  9.6050025487E+005  2.5478042450E+034
  9.6220020776E+005  2.5478042450E+034
  9.6390018426E+005  2.5478042450E+034
  9.6560017982E+005  2.5476915412E+034
  9.6730019621E+005  2.5476915412E+034
  9.6900023449E+005  2.5475779680E+034
  9.7070015717E+005  2.5475779680E+034
  9.7240023666E+005  2.5475779680E+034
  9.7410020150E+005  2.5474635189E+034
  9.7580018708E+005  2.5474635189E+034
  9.7750019330E+005  2.5473481869E+034
  9.7920022088E+005  2.5473481869E+034
  9.8090026931E+005  2.5472319653E+034
  9.8260020258E+005  2.5472319653E+034
  9.8430015626E+005  2.5472319653E+034
  9.8600026724E+005  2.5471148473E+034
  9.8770026310E+005  2.5471148473E+034
  9.8940014353E+005  2.5469968259E+034
  9.9110018038E+005  2.5469968259E+034
  9.9280023909E+005  2.5468778941E+034
  9.9450018195E+005  2.5468778941E+034
  9.9620014455E+005  2.5468778941E+034
  9.9790026492E+005  2.5467580450E+034
  9.9960027036E+005  2.5467580450E+034
  1.0013001580E+006  2.5466372714E+034
  1.0030002047E+006  2.5466372714E+034
  1.0047002707E+006  2.5466372714E+034
  1.0064002212E+006  2.5465155662E+034
  1.0081001907E+006  2.5465155662E+034
  1.0098001830E+006  2.5463929223E+034
  1.0115001939E+006  2.5463929223E+034
  1.0132002253E+006  2.5462693324E+034
  1.0149001409E+006  2.5462693324E+034
  1.0166002131E+006  2.5462693324E+034
  1.0183001685E+006  2.5461447892E+034
  1.0200001453E+006  2.5461447892E+034
  1.0217001421E+006  2.5460192853E+034
  1.0234001581E+006  2.5460192853E+034
  1.0251001950E+006  2.5458928134E+034
  1.0268002510E+006  2.5458928134E+034
  1.0285001917E+006  2.5458928134E+034
  1.0302001511E+006  2.5457653659E+034
  1.0319002678E+006  2.5457653659E+034
  1.0336002678E+006  2.5456369353E+034
  1.0353001509E+006  2.5456369353E+034
  1.0370001900E+006  2.5456369353E+034
  1.0387002502E+006  2.5455075142E+034
  1.0404001927E+006  2.5455075142E+034
  1.0421001551E+006  2.5453770947E+034
  1.0438001373E+006  2.5453770947E+034
  1.0455001393E+006  2.5452456693E+034
  1.0472001596E+006  2.5452456693E+034
  1.0489002008E+006  2.5452456693E+034
  1.0506002616E+006  2.5451132301E+034
  1.0523002052E+006  2.5451132301E+034
  1.0540001684E+006  2.5449797694E+034
  1.0557001529E+006  2.5449797694E+034
  1.0574001553E+006  2.5449797694E+034
  1.0591001787E+006  2.5448452792E+034
  1.0608002219E+006  2.5448452792E+034
  1.0625001477E+006  2.5447097517E+034
  1.0642002287E+006  2.5447097517E+034
  1.0659001930E+006  2.5447097517E+034
  1.0676001771E+006  2.5445731788E+034
  1.0693001792E+006  2.5445731788E+034
  1.0710002022E+006  2.5444355524E+034
  1.0727002437E+006  2.5444355524E+034
  1.0744001693E+006  2.5442968645E+034
  1.0761002498E+006  2.5442968645E+034
  1.0778002149E+006  2.5442968645E+034
  1.0795001985E+006  2.5441571068E+034
  1.0812002024E+006  2.5441571068E+034
  1.0829002245E+006  2.5440162711E+034
  1.0846002678E+006  2.5440162711E+034
  1.0863001918E+006  2.5438743491E+034
  1.0880002727E+006  2.5438743491E+034
  1.0897002366E+006  2.5438743491E+034
  1.0914002193E+006  2.5437313323E+034
  1.0931002205E+006  2.5437313323E+034
  1.0948002410E+006  2.5435872124E+034
  1.0965001444E+006  2.5435872124E+034
  1.0982002017E+006  2.5435872124E+034
  1.0999001429E+006  2.5434419809E+034
  1.1016002395E+006  2.5434419809E+034
  1.1033002178E+006  2.5432956291E+034
  1.1050002151E+006  2.5432956291E+034
  1.1067002328E+006  2.5432956291E+034
  1.1084002678E+006  2.5431481485E+034
  1.1101001864E+006  2.5431481485E+034
  1.1118002601E+006  2.5429995303E+034
  1.1135002161E+006  2.5429995303E+034
  1.1152001908E+006  2.5429995303E+034
  1.1169001851E+006  2.5428497657E+034
  1.1186001981E+006  2.5428497657E+034
  1.1203002303E+006  2.5426988459E+034
  1.1220001442E+006  2.5426988459E+034
  1.1237002142E+006  2.5425467620E+034
  1.1254001662E+006  2.5425467620E+034
  1.1271001368E+006  2.5425467620E+034
  1.1288002629E+006  2.5423935051E+034
  1.1305002719E+006  2.5423935051E+034
  1.1322001620E+006  2.5422390660E+034
  1.1339002075E+006  2.5422390660E+034
  1.1356002726E+006  2.5422390660E+034
  1.1373002188E+006  2.5420834356E+034
  1.1390001839E+006  2.5420834356E+034
  1.1407001685E+006  2.5419266048E+034
  1.1424001712E+006  2.5419266048E+034
  1.1441001916E+006  2.5419266048E+034
  1.1458002325E+006  2.5417685643E+034
  1.1475001543E+006  2.5417685643E+034
  1.1492002319E+006  2.5416093048E+034
  1.1509001914E+006  2.5416093048E+034
  1.1526001704E+006  2.5416093048E+034
  1.1543001661E+006  2.5414488168E+034
  1.1560001818E+006  2.5414488168E+034
  1.1577002154E+006  2.5412870910E+034
  1.1594002677E+006  2.5412870910E+034
  1.1611002018E+006  2.5412870910E+034
  1.1628001542E+006  2.5411241176E+034
  1.1645002618E+006  2.5411241176E+034
  1.1662002511E+006  2.5409598872E+034
  1.1679002583E+006  2.5409598872E+034
  1.1696001481E+006  2.5409598872E+034
  1.1713001931E+006  2.5407943900E+034
  1.1730002549E+006  2.5407943900E+034
  1.1747002008E+006  2.5406276163E+034
  1.1764001635E+006  2.5406276163E+034
  1.1781001451E+006  2.5406276163E+034
  1.1798001450E+006  2.5404595561E+034
  1.1815001643E+006  2.5404595561E+034
  1.1832001999E+006  2.5402901997E+034
  1.1849002547E+006  2.5402901997E+034
  1.1866001909E+006  2.5402901997E+034
  1.1883001449E+006  2.5401195369E+034
  1.1900002534E+006  2.5401195369E+034
  1.1917002443E+006  2.5401195369E+034
  1.1934002532E+006  2.5399475578E+034
  1.1951001436E+006  2.5399475578E+034
  1.1968001899E+006  2.5397742520E+034
  1.1985002544E+006  2.5397742520E+034
  1.2002002013E+006  2.5397742520E+034
  1.2019001655E+006  2.5395996095E+034
  1.2036001492E+006  2.5395996095E+034
  1.2053001495E+006  2.5394236200E+034
  1.2070001685E+006  2.5394236200E+034
  1.2087002051E+006  2.5394236200E+034
  1.2104002604E+006  2.5392462729E+034
  1.2121001962E+006  2.5392462729E+034
  1.2138001507E+006  2.5390675579E+034
  1.2155002602E+006  2.5390675579E+034
  1.2172002508E+006  2.5390675579E+034
  1.2189002593E+006  2.5388874644E+034
  1.2206001503E+006  2.5388874644E+034
  1.2223001956E+006  2.5388874644E+034
  1.2240002576E+006  2.5387059817E+034
  1.2257002027E+006  2.5387059817E+034
  1.2274001644E+006  2.5385230992E+034
  1.2291001441E+006  2.5385230992E+034
  1.2308001419E+006  2.5385230992E+034
  1.2325001581E+006  2.5383388060E+034
  1.2342001907E+006  2.5383388060E+034
  1.2359002417E+006  2.5381530914E+034
  1.2376001735E+006  2.5381530914E+034
  1.2393002599E+006  2.5381530914E+034
  1.2410002267E+006  2.5379659442E+034
  1.2427002119E+006  2.5379659442E+034
  1.2444002146E+006  2.5379659442E+034
  1.2461002346E+006  2.5377773535E+034
  1.2478002725E+006  2.5377773535E+034
  1.2495001912E+006  2.5375873080E+034
  1.2512002651E+006  2.5375873080E+034
  1.2529002186E+006  2.5375873080E+034
  1.2546001916E+006  2.5373957967E+034
  1.2563001814E+006  2.5373957967E+034
  1.2580001884E+006  2.5373957967E+034
  1.2597002134E+006  2.5372028082E+034
  1.2614002568E+006  2.5372028082E+034
  1.2631001789E+006  2.5370083311E+034
  1.2648002559E+006  2.5370083311E+034
  1.2665002137E+006  2.5370083311E+034
  1.2682001877E+006  2.5368123539E+034
  1.2699001789E+006  2.5368123539E+034
