  0.0000000000E+000  0.0000000000E+000
  1.7003036458E+003  7.9417330176E+042
  3.4002536134E+003  7.9417330176E+042
  5.1002057001E+003  7.9417330176E+042
  6.8002457568E+003  7.9417330176E+042
  8.5002154995E+003  7.9417330176E+042
  1.0200313349E+004  7.8553837546E+042
  1.1900280432E+004  7.8553837546E+042
  1.3600338079E+004  7.8553837546E+042
  1.5300300261E+004  7.8553837546E+042
  1.7000305911E+004  7.8553837546E+042
  1.8700184427E+004  7.8553837546E+042
  2.0400241641E+004  7.7701772427E+042
  2.2100303047E+004  7.7701772427E+042
  2.3800238753E+004  7.7701772427E+042
  2.5500248463E+004  7.7701772427E+042
  2.7200224186E+004  7.7701772427E+042
  2.8900330260E+004  7.7701772427E+042
  3.0600224568E+004  7.6860425651E+042
  3.2300185948E+004  7.6860425651E+042
  3.4000317400E+004  7.6860425651E+042
  3.5700291548E+004  7.6860425651E+042
  3.7400340998E+004  7.6860425651E+042
  3.9100320412E+004  7.6860425651E+042
  4.0800231136E+004  7.6034107537E+042
  4.2500182911E+004  7.6034107537E+042
  4.4200330643E+004  7.6034107537E+042
  4.5900176327E+004  7.6034107537E+042
  4.7600254277E+004  7.6034107537E+042
  4.9300231734E+004  7.6034107537E+042
  5.1000244494E+004  7.5218718761E+042
  5.2700224002E+004  7.5218718761E+042
  5.4400236155E+004  7.5218718761E+042
  5.6100268949E+004  7.5218718761E+042
  5.7800226178E+004  7.5218718761E+042
  5.9500177218E+004  7.5218718761E+042
  6.1200221847E+004  7.4423434122E+042
  6.2900306385E+004  7.4423434122E+042
  6.4600310772E+004  7.4423434122E+042
  6.6300185886E+004  7.4423434122E+042
  6.8000186413E+004  7.4423434122E+042
  6.9700260287E+004  7.4423434122E+042
  7.1400302085E+004  7.3640355143E+042
  7.3100175616E+004  7.3640355143E+042
  7.4800312455E+004  7.3640355143E+042
  7.6500264103E+004  7.3640355143E+042
  7.8200182198E+004  7.3640355143E+042
  7.9900276495E+004  7.3640355143E+042
  8.1600272783E+004  7.2877530830E+042
  8.3300182832E+004  7.2877530830E+042
  8.5000177882E+004  7.2877530830E+042
  8.6700182069E+004  7.2877530830E+042
  8.8400251273E+004  7.2877530830E+042
  9.0100200572E+004  7.2111973935E+042
  9.1800239419E+004  7.2111973935E+042
  9.3500175760E+004  7.2111973935E+042
  9.5200237917E+004  7.2111973935E+042
  9.6900337237E+004  7.2111973935E+042
  9.8600331275E+004  7.2111973935E+042
  1.0030030432E+005  7.1367120426E+042
  1.0200028662E+005  7.1367120426E+042
  1.0370018453E+005  7.1367120426E+042
  1.0540018855E+005  7.1367120426E+042
  1.0710034036E+005  7.1367120426E+042
  1.0880025640E+005  7.1367120426E+042
  1.1050033162E+005  7.0632653706E+042
  1.1220025219E+005  7.0632653706E+042
  1.1390023352E+005  7.0632653706E+042
  1.1560022130E+005  7.0632653706E+042
  1.1730022590E+005  7.0632653706E+042
  1.1900027109E+005  7.0632653706E+042
  1.2070027416E+005  6.9897260940E+042
  1.2240020381E+005  6.9897260940E+042
  1.2410023321E+005  6.9897260940E+042
  1.2580032657E+005  6.9897260940E+042
  1.2750019678E+005  6.9897260940E+042
  1.2920018162E+005  6.9897260940E+042
  1.3090027858E+005  6.9175559134E+042
  1.3260018036E+005  6.9175559134E+042
  1.3430023851E+005  6.9175559134E+042
  1.3600018522E+005  6.9175559134E+042
  1.3770019887E+005  6.9175559134E+042
  1.3940034574E+005  6.9175559134E+042
  1.4110018720E+005  6.8465835641E+042
  1.4280030454E+005  6.8465835641E+042
  1.4450026820E+005  6.8465835641E+042
  1.4620026439E+005  6.8465835641E+042
  1.4790032748E+005  6.8465835641E+042
  1.4960018644E+005  6.8465835641E+042
  1.5130025573E+005  6.7755791636E+042
  1.5300024850E+005  6.7755791636E+042
  1.5470021003E+005  6.7755791636E+042
  1.5640030667E+005  6.7755791636E+042
  1.5810031586E+005  6.7755791636E+042
  1.5980029452E+005  6.7755791636E+042
  1.6150017682E+005  6.7051981561E+042
  1.6320021237E+005  6.7051981561E+042
  1.6490021238E+005  6.7051981561E+042
  1.6660020973E+005  6.7051981561E+042
  1.6830022619E+005  6.7051981561E+042
  1.7000026607E+005  6.6370794828E+042
  1.7170020815E+005  6.6370794828E+042
  1.7340019956E+005  6.6370794828E+042
  1.7510025970E+005  6.6370794828E+042
  1.7680017706E+005  6.6370794828E+042
  1.7850029415E+005  6.6370794828E+042
  1.8020026924E+005  6.5673576655E+042
  1.8190024107E+005  6.5673576655E+042
  1.8360022313E+005  6.5673576655E+042
  1.8530018591E+005  6.5673576655E+042
  1.8700029115E+005  6.5673576655E+042
  1.8870034811E+005  6.5673576655E+042
  1.9040033797E+005  6.4996486022E+042
  1.9210028280E+005  6.4996486022E+042
  1.9380017781E+005  6.4996486022E+042
  1.9550020679E+005  6.4996486022E+042
  1.9720018493E+005  6.4996486022E+042
  1.9890030444E+005  6.4996486022E+042
  2.0060025345E+005  6.4320722372E+042
  2.0230020517E+005  6.4320722372E+042
  2.0400019535E+005  6.4320722372E+042
  2.0570021588E+005  6.4320722372E+042
  2.0740027063E+005  6.4320722372E+042
  2.0910020213E+005  6.4320722372E+042
  2.1080031959E+005  6.3660528118E+042
  2.1250029030E+005  6.3660528118E+042
  2.1420027570E+005  6.3660528118E+042
  2.1590024885E+005  6.3660528118E+042
  2.1760023052E+005  6.3660528118E+042
  2.1930017839E+005  6.3660528118E+042
  2.2100026911E+005  6.2992393928E+042
  2.2270034161E+005  6.2992393928E+042
  2.2440033798E+005  6.2992393928E+042
  2.2610029656E+005  6.2992393928E+042
  2.2780019317E+005  6.2992393928E+042
  2.2950022297E+005  6.2992393928E+042
  2.3120023241E+005  6.2338730684E+042
  2.3290018008E+005  6.2338730684E+042
  2.3460030406E+005  6.2338730684E+042
  2.3630023070E+005  6.2338730684E+042
  2.3800017571E+005  6.2338730684E+042
  2.3970032264E+005  6.2338730684E+042
  2.4140030176E+005  6.1697363945E+042
  2.4310032293E+005  6.1697363945E+042
  2.4480034504E+005  6.1697363945E+042
  2.4650021177E+005  6.1697363945E+042
  2.4820025439E+005  6.1697363945E+042
  2.4990031009E+005  6.1697363945E+042
  2.5160017533E+005  6.1058542287E+042
  2.5330019080E+005  6.1058542287E+042
  2.5500018873E+005  6.1058542287E+042
  2.5670031490E+005  6.1058542287E+042
  2.5840024016E+005  6.1058542287E+042
  2.6010028238E+005  6.0431846339E+042
  2.6180026599E+005  6.0431846339E+042
  2.6350021313E+005  6.0431846339E+042
  2.6520028900E+005  6.0431846339E+042
  2.6690031123E+005  6.0431846339E+042
  2.6860032332E+005  6.0431846339E+042
  2.7030029290E+005  5.9814648516E+042
  2.7200025601E+005  5.9814648516E+042
  2.7370022448E+005  5.9814648516E+042
  2.7540017801E+005  5.9814648516E+042
  2.7710034411E+005  5.9814648516E+042
  2.7880033026E+005  5.9814648516E+042
  2.8050032860E+005  5.9196309341E+042
  2.8220032363E+005  5.9196309341E+042
  2.8390032981E+005  5.9196309341E+042
  2.8560031961E+005  5.9196309341E+042
  2.8730028941E+005  5.9196309341E+042
  2.8900024844E+005  5.9196309341E+042
  2.9070017927E+005  5.8589342924E+042
  2.9240024707E+005  5.8589342924E+042
  2.9410027597E+005  5.8589342924E+042
  2.9580024616E+005  5.8589342924E+042
  2.9750034453E+005  5.8589342924E+042
  2.9920023766E+005  5.8589342924E+042
  3.0090023238E+005  5.7991706302E+042
  3.0260020227E+005  5.7991706302E+042
  3.0430029554E+005  5.7991706302E+042
  3.0600018254E+005  5.7991706302E+042
  3.0770022068E+005  5.7991706302E+042
  3.0940025178E+005  5.7991706302E+042
  3.1110026770E+005  5.7406004551E+042
  3.1280027637E+005  5.7406004551E+042
  3.1450028593E+005  5.7406004551E+042
  3.1620030371E+005  5.7406004551E+042
  3.1790031063E+005  5.7406004551E+042
  3.1960031783E+005  5.7406004551E+042
  3.2130030529E+005  5.6829194024E+042
  3.2300027710E+005  5.6829194024E+042
  3.2470024172E+005  5.6829194024E+042
  3.2640033866E+005  5.6829194024E+042
  3.2810023256E+005  5.6829194024E+042
  3.2980026634E+005  5.6829194024E+042
  3.3150025339E+005  5.6252758729E+042
  3.3320018890E+005  5.6252758729E+042
  3.3490025181E+005  5.6252758729E+042
  3.3660026111E+005  5.6252758729E+042
  3.3830022522E+005  5.6252758729E+042
  3.4000030614E+005  5.5685817744E+042
  3.4170018812E+005  5.5685817744E+042
  3.4340019323E+005  5.5685817744E+042
  3.4510034197E+005  5.5685817744E+042
  3.4680029197E+005  5.5685817744E+042
  3.4850022867E+005  5.5685817744E+042
  3.5020032102E+005  5.5122781925E+042
  3.5190023322E+005  5.5122781925E+042
  3.5360030430E+005  5.5122781925E+042
  3.5530019846E+005  5.5122781925E+042
  3.5700023730E+005  5.5122781925E+042
  3.5870027821E+005  5.5122781925E+042
  3.6040029350E+005  5.4578469923E+042
  3.6210027869E+005  5.4578469923E+042
  3.6380023209E+005  5.4578469923E+042
  3.6550033700E+005  5.4578469923E+042
  3.6720021673E+005  5.4578469923E+042
  3.6890023653E+005  5.4578469923E+042
  3.7060019507E+005  5.4026543962E+042
  3.7230029375E+005  5.4026543962E+042
  3.7400032814E+005  5.4026543962E+042
  3.7570031000E+005  5.4026543962E+042
  3.7740024364E+005  5.4026543962E+042
  3.7910030283E+005  5.4026543962E+042
  3.8080031083E+005  5.3491250166E+042
  3.8250028869E+005  5.3491250166E+042
  3.8420021988E+005  5.3491250166E+042
  3.8590029974E+005  5.3491250166E+042
  3.8760034639E+005  5.3491250166E+042
  3.8930020268E+005  5.3491250166E+042
  3.9100022021E+005  5.2962619245E+042
  3.9270020842E+005  5.2962619245E+042
  3.9440018202E+005  5.2962619245E+042
  3.9610031411E+005  5.2962619245E+042
  3.9780023914E+005  5.2962619245E+042
  3.9950031619E+005  5.2962619245E+042
  4.0120019233E+005  5.2432030954E+042
  4.0290020538E+005  5.2432030954E+042
  4.0460018277E+005  5.2432030954E+042
  4.0630028281E+005  5.2432030954E+042
  4.0800017866E+005  5.2432030954E+042
  4.0970018960E+005  5.2432030954E+042
  4.1140031759E+005  5.1917452965E+042
  4.1310021923E+005  5.1917452965E+042
  4.1480025278E+005  5.1917452965E+042
  4.1650021380E+005  5.1917452965E+042
  4.1820030291E+005  5.1917452965E+042
  4.1990033738E+005  5.1917452965E+042
  4.2160033441E+005  5.1402490556E+042
  4.2330027707E+005  5.1402490556E+042
  4.2500035188E+005  5.1402490556E+042
  4.2670022418E+005  5.1402490556E+042
  4.2840023451E+005  5.1402490556E+042
  4.3010021559E+005  5.0900722363E+042
  4.3180035137E+005  5.0900722363E+042
  4.3350028272E+005  5.0900722363E+042
  4.3520018129E+005  5.0900722363E+042
  4.3690023483E+005  5.0900722363E+042
  4.3860024902E+005  5.0900722363E+042
  4.4030024000E+005  5.0399817892E+042
  4.4200018553E+005  5.0399817892E+042
  4.4370027519E+005  5.0399817892E+042
  4.4540031845E+005  5.0399817892E+042
  4.4710030826E+005  5.0399817892E+042
  4.4880025539E+005  5.0399817892E+042
  4.5050032383E+005  4.9914139485E+042
  4.5220032959E+005  4.9914139485E+042
  4.5390028136E+005  4.9914139485E+042
  4.5560018166E+005  4.9914139485E+042
  4.5730018698E+005  4.9914139485E+042
  4.5900032024E+005  4.9914139485E+042
  4.6070021229E+005  4.9428484799E+042
  4.6240023575E+005  4.9428484799E+042
  4.6410020810E+005  4.9428484799E+042
  4.6580030464E+005  4.9428484799E+042
  4.6750018355E+005  4.9428484799E+042
  4.6920019316E+005  4.9428484799E+042
  4.7090035271E+005  4.8947991226E+042
  4.7260029825E+005  4.8947991226E+042
  4.7430020270E+005  4.8947991226E+042
  4.7600024851E+005  4.8947991226E+042
  4.7770027474E+005  4.8947991226E+042
  4.7940025081E+005  4.8947991226E+042
  4.8110018619E+005  4.8470283377E+042
  4.8280026286E+005  4.8470283377E+042
  4.8450029452E+005  4.8470283377E+042
  4.8620028914E+005  4.8470283377E+042
  4.8790022347E+005  4.8470283377E+042
  4.8960028569E+005  4.8470283377E+042
  4.9130029287E+005  4.8008928669E+042
  4.9300024227E+005  4.8008928669E+042
  4.9470031511E+005  4.8008928669E+042
  4.9640032026E+005  4.8008928669E+042
  4.9810025983E+005  4.8008928669E+042
  4.9980031778E+005  4.8008928669E+042
  5.0150031859E+005  4.7546215353E+042
  5.0320024881E+005  4.7546215353E+042
  5.0490030698E+005  4.7546215353E+042
  5.0660030452E+005  4.7546215353E+042
  5.0830024560E+005  4.7546215353E+042
  5.1000032674E+005  4.7090075263E+042
  5.1170034959E+005  4.7090075263E+042
  5.1340033108E+005  4.7090075263E+042
  5.1510026565E+005  4.7090075263E+042
  5.1680034178E+005  4.7090075263E+042
  5.1850020371E+005  4.7090075263E+042
  5.2020019300E+005  4.6641429706E+042
  5.2190031702E+005  4.6641429706E+042
  5.2360022104E+005  4.6641429706E+042
  5.2530025728E+005  4.6641429706E+042
  5.2700024465E+005  4.6641429706E+042
  5.2870018807E+005  4.6641429706E+042
  5.3040025033E+005  4.6198661271E+042
  5.3210025643E+005  4.6198661271E+042
  5.3380021380E+005  4.6198661271E+042
  5.3550027538E+005  4.6198661271E+042
  5.3720028469E+005  4.6198661271E+042
  5.3890023156E+005  4.6198661271E+042
  5.4060028197E+005  4.5760484365E+042
  5.4230027037E+005  4.5760484365E+042
  5.4400019001E+005  4.5760484365E+042
  5.4570022724E+005  4.5760484365E+042
  5.4740019854E+005  4.5760484365E+042
  5.4910028248E+005  4.5760484365E+042
  5.5080030937E+005  4.5324893538E+042
  5.5250027510E+005  4.5324893538E+042
  5.5420019057E+005  4.5324893538E+042
  5.5590022658E+005  4.5324893538E+042
  5.5760020566E+005  4.5324893538E+042
  5.5930031447E+005  4.5324893538E+042
  5.6100020530E+005  4.4898096794E+042
  5.6270022521E+005  4.4898096794E+042
  5.6440019056E+005  4.4898096794E+042
  5.6610029280E+005  4.4898096794E+042
  5.6780033828E+005  4.4898096794E+042
  5.6950033295E+005  4.4898096794E+042
  5.7120028610E+005  4.4472505265E+042
  5.7290034964E+005  4.4472505265E+042
  5.7460018500E+005  4.4472505265E+042
  5.7630032054E+005  4.4472505265E+042
  5.7800020363E+005  4.4472505265E+042
  5.7970020884E+005  4.4472505265E+042
  5.8140032862E+005  4.4068778563E+042
  5.8310020410E+005  4.4068778563E+042
  5.8480019295E+005  4.4068778563E+042
  5.8650028369E+005  4.4068778563E+042
  5.8820030315E+005  4.4068778563E+042
  5.8990025357E+005  4.4068778563E+042
  5.9160031658E+005  4.3653045588E+042
  5.9330031398E+005  4.3653045588E+042
  5.9500023979E+005  4.3653045588E+042
  5.9670028231E+005  4.3653045588E+042
  5.9840026116E+005  4.3653045588E+042
  6.0010035463E+005  4.3247146602E+042
  6.0180021166E+005  4.3247146602E+042
  6.0350019028E+005  4.3247146602E+042
  6.0520029451E+005  4.3247146602E+042
  6.0690034093E+005  4.3247146602E+042
  6.0860033480E+005  4.3247146602E+042
  6.1030027143E+005  4.2850025105E+042
  6.1200032956E+005  4.2850025105E+042
  6.1370034432E+005  4.2850025105E+042
  6.1540029666E+005  4.2850025105E+042
  6.1710018603E+005  4.2850025105E+042
  6.1880020245E+005  4.2850025105E+042
  6.2050032770E+005  4.2459061649E+042
  6.2220021259E+005  4.2459061649E+042
  6.2390021828E+005  4.2459061649E+042
  6.2560032427E+005  4.2459061649E+042
  6.2730019219E+005  4.2459061649E+042
  6.2900035317E+005  4.2459061649E+042
  6.3070025075E+005  4.2061965631E+042
  6.3240025812E+005  4.2061965631E+042
  6.3410019305E+005  4.2061965631E+042
  6.3580022736E+005  4.2061965631E+042
  6.3750019920E+005  4.2061965631E+042
  6.3920027518E+005  4.2061965631E+042
  6.4090027365E+005  4.1681779818E+042
  6.4260020659E+005  4.1681779818E+042
  6.4430024703E+005  4.1681779818E+042
  6.4600021518E+005  4.1681779818E+042
  6.4770029918E+005  4.1681779818E+042
  6.4940031973E+005  4.1681779818E+042
  6.5110027933E+005  4.1300878373E+042
  6.5280017899E+005  4.1300878373E+042
  6.5450019456E+005  4.1300878373E+042
  6.5620032459E+005  4.1300878373E+042
  6.5790021699E+005  4.1300878373E+042
  6.5960023068E+005  4.1300878373E+042
  6.6130018171E+005  4.0921954772E+042
  6.6300025097E+005  4.0921954772E+042
  6.6470026066E+005  4.0921954772E+042
  6.6640019969E+005  4.0921954772E+042
  6.6810025379E+005  4.0921954772E+042
  6.6980023975E+005  4.0921954772E+042
  6.7150033084E+005  4.0555194541E+042
  6.7320017968E+005  4.0555194541E+042
  6.7490031361E+005  4.0555194541E+042
  6.7660019251E+005  4.0555194541E+042
  6.7830018092E+005  4.0555194541E+042
  6.8000026700E+005  4.0186302686E+042
  6.8170027340E+005  4.0186302686E+042
  6.8340020504E+005  4.0186302686E+042
  6.8510023602E+005  4.0186302686E+042
  6.8680019387E+005  4.0186302686E+042
  6.8850025850E+005  4.0186302686E+042
  6.9020024271E+005  3.9824290416E+042
  6.9190033003E+005  3.9824290416E+042
  6.9360034537E+005  3.9824290416E+042
  6.9530028517E+005  3.9824290416E+042
  6.9700033472E+005  3.9824290416E+042
  6.9870031653E+005  3.9824290416E+042
  7.0040022890E+005  3.9464651616E+042
  7.0210025807E+005  3.9464651616E+042
  7.0380022014E+005  3.9464651616E+042
  7.0550028888E+005  3.9464651616E+042
  7.0720029543E+005  3.9464651616E+042
  7.0890023487E+005  3.9464651616E+042
  7.1060028788E+005  3.9112574847E+042
  7.1230027685E+005  3.9112574847E+042
  7.1400019389E+005  3.9112574847E+042
  7.1570022003E+005  3.9112574847E+042
  7.1740035743E+005  3.9112574847E+042
  7.1910024267E+005  3.9112574847E+042
  7.2080023322E+005  3.8766465468E+042
  7.2250033401E+005  3.8766465468E+042
  7.2420035517E+005  3.8766465468E+042
  7.2590029586E+005  3.8766465468E+042
  7.2760034033E+005  3.8766465468E+042
  7.2930030174E+005  3.8766465468E+042
  7.3100018511E+005  3.8422929261E+042
  7.3270035194E+005  3.8422929261E+042
  7.3440025261E+005  3.8422929261E+042
  7.3610025258E+005  3.8422929261E+042
  7.3780035462E+005  3.8422929261E+042
  7.3950019200E+005  3.8422929261E+042
  7.4120030683E+005  3.8083359258E+042
  7.4290034660E+005  3.8083359258E+042
  7.4460030532E+005  3.8083359258E+042
  7.4630018990E+005  3.8083359258E+042
  7.4800018311E+005  3.8083359258E+042
  7.4970027274E+005  3.8083359258E+042
  7.5140029191E+005  3.7749249487E+042
  7.5310024338E+005  3.7749249487E+042
  7.5480029640E+005  3.7749249487E+042
  7.5650028150E+005  3.7749249487E+042
  7.5820019783E+005  3.7749249487E+042
  7.5990021624E+005  3.7749249487E+042
  7.6160034420E+005  3.7412665521E+042
  7.6330022292E+005  3.7412665521E+042
  7.6500020215E+005  3.7412665521E+042
  7.6670029303E+005  3.7412665521E+042
  7.6840031106E+005  3.7412665521E+042
  7.7010024461E+005  3.7089201711E+042
  7.7180028613E+005  3.7089201711E+042
  7.7350025017E+005  3.7089201711E+042
  7.7520031028E+005  3.7089201711E+042
  7.7690029234E+005  3.7089201711E+042
  7.7860018972E+005  3.7089201711E+042
  7.8030018100E+005  3.6764928159E+042
  7.8200027510E+005  3.6764928159E+042
  7.8370028233E+005  3.6764928159E+042
  7.8540020287E+005  3.6764928159E+042
  7.8710022313E+005  3.6764928159E+042
  7.8880033229E+005  3.6764928159E+042
  7.9050017967E+005  3.6448638880E+042
  7.9220030480E+005  3.6448638880E+042
  7.9390034259E+005  3.6448638880E+042
  7.9560030183E+005  3.6448638880E+042
  7.9730035831E+005  3.6448638880E+042
  7.9900032492E+005  3.6448638880E+042
  8.0070021589E+005  3.6133032498E+042
  8.0240021103E+005  3.6133032498E+042
  8.0410030099E+005  3.6133032498E+042
  8.0580032127E+005  3.6133032498E+042
  8.0750026219E+005  3.6133032498E+042
  8.0920030010E+005  3.6133032498E+042
  8.1090026976E+005  3.5820212015E+042
  8.1260034190E+005  3.5820212015E+042
  8.1430033130E+005  3.5820212015E+042
  8.1600024928E+005  3.5820212015E+042
  8.1770026918E+005  3.5820212015E+042
  8.1940020491E+005  3.5820212015E+042
  8.2110024509E+005  3.5516474050E+042
  8.2280020561E+005  3.5516474050E+042
  8.2450026201E+005  3.5516474050E+042
  8.2620023466E+005  3.5516474050E+042
  8.2790030582E+005  3.5516474050E+042
  8.2960029302E+005  3.5516474050E+042
  8.3130019375E+005  3.5214776028E+042
  8.3300019400E+005  3.5214776028E+042
  8.3470028393E+005  3.5214776028E+042
  8.3640027976E+005  3.5214776028E+042
  8.3810019491E+005  3.5214776028E+042
  8.3980020240E+005  3.5214776028E+042
  8.4150029321E+005  3.4912559996E+042
  8.4320030281E+005  3.4912559996E+042
  8.4490022137E+005  3.4912559996E+042
  8.4660022937E+005  3.4912559996E+042
  8.4830033434E+005  3.4912559996E+042
  8.5000034789E+005  3.4615840577E+042
  8.5170027328E+005  3.4615840577E+042
  8.5340029879E+005  3.4615840577E+042
  8.5510023455E+005  3.4615840577E+042
  8.5680026920E+005  3.4615840577E+042
  8.5850022457E+005  3.4615840577E+042
  8.6020026900E+005  3.4323798056E+042
  8.6190023539E+005  3.4323798056E+042
  8.6360030062E+005  3.4323798056E+042
  8.6530027987E+005  3.4323798056E+042
  8.6700018474E+005  3.4323798056E+042
  8.6870018984E+005  3.4323798056E+042
  8.7040028401E+005  3.4033713872E+042
  8.7210029912E+005  3.4033713872E+042
  8.7380023423E+005  3.4033713872E+042
  8.7550026472E+005  3.4033713872E+042
  8.7720020740E+005  3.4033713872E+042
  8.7890024672E+005  3.4033713872E+042
  8.8060020334E+005  3.3751411151E+042
  8.8230024815E+005  3.3751411151E+042
  8.8400020812E+005  3.3751411151E+042
  8.8570026128E+005  3.3751411151E+042
  8.8740021784E+005  3.3751411151E+042
  8.8910026966E+005  3.3751411151E+042
  8.9080023394E+005  3.3471401905E+042
  8.9250027943E+005  3.3471401905E+042
  8.9420023815E+005  3.3471401905E+042
  8.9590028258E+005  3.3471401905E+042
  8.9760023278E+005  3.3471401905E+042
  8.9930027632E+005  3.3471401905E+042
  9.0100022399E+005  3.3191204531E+042
  9.0270025749E+005  3.3191204531E+042
  9.0440020568E+005  3.3191204531E+042
  9.0610023641E+005  3.3191204531E+042
  9.0780035863E+005  3.3191204531E+042
  9.0950021549E+005  3.3191204531E+042
  9.1120033991E+005  3.2918359160E+042
  9.1290019107E+005  3.2918359160E+042
  9.1460031810E+005  3.2918359160E+042
  9.1630036032E+005  3.2918359160E+042
  9.1800031296E+005  3.2918359160E+042
  9.1970035574E+005  3.2918359160E+042
  9.2140031945E+005  3.2646455761E+042
  9.2310019393E+005  3.2646455761E+042
  9.2480033966E+005  3.2646455761E+042
  9.2650022245E+005  3.2646455761E+042
  9.2820019431E+005  3.2646455761E+042
  9.2990026045E+005  3.2646455761E+042
  9.3160024574E+005  3.2378565243E+042
  9.3330031599E+005  3.2378565243E+042
  9.3500029925E+005  3.2378565243E+042
  9.3670019481E+005  3.2378565243E+042
  9.3840035519E+005  3.2378565243E+042
  9.4010024914E+005  3.2115457503E+042
  9.4180023197E+005  3.2115457503E+042
  9.4350029792E+005  3.2115457503E+042
  9.4520027416E+005  3.2115457503E+042
  9.4690033956E+005  3.2115457503E+042
  9.4860030889E+005  3.2115457503E+042
  9.5030035822E+005  3.1852554787E+042
  9.5200031416E+005  3.1852554787E+042
  9.5370035966E+005  3.1852554787E+042
  9.5540030297E+005  3.1852554787E+042
  9.5710033322E+005  3.1852554787E+042
  9.5880027089E+005  3.1852554787E+042
  9.6050028733E+005  3.1596625522E+042
  9.6220021238E+005  3.1596625522E+042
  9.6390022033E+005  3.1596625522E+042
  9.6560030979E+005  3.1596625522E+042
  9.6730031222E+005  3.1596625522E+042
  9.6900021822E+005  3.1596625522E+042
  9.7070020890E+005  3.1340992045E+042
  9.7240029287E+005  3.1340992045E+042
  9.7410028049E+005  3.1340992045E+042
  9.7580035488E+005  3.1340992045E+042
  9.7750033831E+005  3.1340992045E+042
  9.7920023505E+005  3.1340992045E+042
  9.8090021973E+005  3.1094579854E+042
  9.8260029001E+005  3.1094579854E+042
  9.8430027503E+005  3.1094579854E+042
  9.8600034973E+005  3.1094579854E+042
  9.8770032707E+005  3.1094579854E+042
  9.8940021776E+005  3.1094579854E+042
  9.9110019289E+005  3.0844084844E+042
  9.9280025869E+005  3.0844084844E+042
  9.9450023602E+005  3.0844084844E+042
  9.9620029290E+005  3.0844084844E+042
  9.9790025580E+005  3.0844084844E+042
  9.9960031136E+005  3.0844084844E+042
  1.0013002665E+006  3.0600282167E+042
  1.0030003040E+006  3.0600282167E+042
  1.0047002446E+006  3.0600282167E+042
  1.0064002744E+006  3.0600282167E+042
  1.0081002030E+006  3.0600282167E+042
  1.0098002110E+006  3.0600282167E+042
  1.0115003048E+006  3.0359041810E+042
  1.0132002968E+006  3.0359041810E+042
  1.0149001902E+006  3.0359041810E+042
  1.0166003475E+006  3.0359041810E+042
  1.0183002160E+006  3.0359041810E+042
  1.0200003538E+006  3.0119289185E+042
  1.0217002147E+006  3.0119289185E+042
  1.0234003299E+006  3.0119289185E+042
  1.0251003480E+006  3.0119289185E+042
  1.0268002688E+006  3.0119289185E+042
  1.0285002731E+006  3.0119289185E+042
  1.0302003567E+006  2.9881095939E+042
  1.0319003428E+006  2.9881095939E+042
  1.0336002362E+006  2.9881095939E+042
  1.0353002115E+006  2.9881095939E+042
  1.0370002725E+006  2.9881095939E+042
  1.0387002374E+006  2.9881095939E+042
  1.0404002817E+006  2.9648726732E+042
  1.0421002404E+006  2.9648726732E+042
  1.0438002813E+006  2.9648726732E+042
  1.0455002204E+006  2.9648726732E+042
  1.0472002516E+006  2.9648726732E+042
  1.0489001889E+006  2.9648726732E+042
  1.0506002091E+006  2.9416378109E+042
  1.0523003115E+006  2.9416378109E+042
  1.0540003181E+006  2.9416378109E+042
  1.0557002314E+006  2.9416378109E+042
  1.0574002237E+006  2.9416378109E+042
  1.0591003013E+006  2.9416378109E+042
  1.0608002796E+006  2.9191741906E+042
  1.0625003383E+006  2.9191741906E+042
  1.0642003055E+006  2.9191741906E+042
  1.0659003445E+006  2.9191741906E+042
  1.0676002809E+006  2.9191741906E+042
  1.0693003043E+006  2.9191741906E+042
  1.0710002245E+006  2.8966827303E+042
  1.0727002204E+006  2.8966827303E+042
  1.0744002944E+006  2.8966827303E+042
  1.0761002698E+006  2.8966827303E+042
  1.0778003236E+006  2.8966827303E+042
  1.0795002687E+006  2.8966827303E+042
  1.0812002954E+006  2.8743386352E+042
  1.0829002160E+006  2.8743386352E+042
  1.0846002148E+006  2.8743386352E+042
  1.0863002975E+006  2.8743386352E+042
  1.0880002690E+006  2.8743386352E+042
  1.0897003227E+006  2.8743386352E+042
  1.0914002777E+006  2.8524801264E+042
  1.0931003085E+006  2.8524801264E+042
  1.0948002364E+006  2.8524801264E+042
  1.0965002437E+006  2.8524801264E+042
  1.0982003347E+006  2.8524801264E+042
  1.0999003223E+006  2.8524801264E+042
  1.1016002107E+006  2.8308668613E+042
  1.1033001852E+006  2.8308668613E+042
  1.1050002340E+006  2.8308668613E+042
  1.1067001857E+006  2.8308668613E+042
  1.1084002234E+006  2.8308668613E+042
  1.1101003361E+006  2.8096050636E+042
  1.1118003520E+006  2.8096050636E+042
  1.1135002675E+006  2.8096050636E+042
  1.1152002653E+006  2.8096050636E+042
  1.1169003444E+006  2.8096050636E+042
  1.1186003219E+006  2.8096050636E+042
  1.1203002005E+006  2.7887884942E+042
  1.1220003349E+006  2.7887884942E+042
  1.1237001911E+006  2.7887884942E+042
  1.1254003076E+006  2.7887884942E+042
  1.1271003141E+006  2.7887884942E+042
  1.1288002237E+006  2.7887884942E+042
  1.1305002117E+006  2.7677823690E+042
  1.1322002739E+006  2.7677823690E+042
  1.1339002325E+006  2.7677823690E+042
  1.1356002668E+006  2.7677823690E+042
  1.1373001958E+006  2.7677823690E+042
  1.1390001970E+006  2.7677823690E+042
  1.1407002786E+006  2.7470629995E+042
  1.1424002537E+006  2.7470629995E+042
  1.1441002950E+006  2.7470629995E+042
  1.1458002382E+006  2.7470629995E+042
  1.1475002557E+006  2.7470629995E+042
  1.1492003452E+006  2.7470629995E+042
  1.1509003285E+006  2.7270775396E+042
  1.1526002038E+006  2.7270775396E+042
  1.1543003391E+006  2.7270775396E+042
  1.1560001836E+006  2.7270775396E+042
  1.1577002876E+006  2.7270775396E+042
  1.1594002843E+006  2.7270775396E+042
  1.1611003552E+006  2.7067931562E+042
  1.1628003276E+006  2.7067931562E+042
  1.1645001893E+006  2.7067931562E+042
  1.1662003095E+006  2.7067931562E+042
  1.1679003301E+006  2.7067931562E+042
  1.1696002431E+006  2.7067931562E+042
  1.1713002342E+006  2.6869898635E+042
  1.1730003041E+006  2.6869898635E+042
  1.1747002731E+006  2.6869898635E+042
  1.1764003143E+006  2.6869898635E+042
  1.1781002501E+006  2.6869898635E+042
  1.1798002730E+006  2.6869898635E+042
  1.1815001866E+006  2.6674005276E+042
  1.1832003568E+006  2.6674005276E+042
  1.1849002452E+006  2.6674005276E+042
  1.1866002079E+006  2.6674005276E+042
  1.1883002484E+006  2.6674005276E+042
  1.1900001825E+006  2.6481523070E+042
  1.1917001947E+006  2.6481523070E+042
  1.1934002785E+006  2.6481523070E+042
  1.1951002545E+006  2.6481523070E+042
  1.1968003132E+006  2.6481523070E+042
  1.1985002583E+006  2.6481523070E+042
  1.2002002788E+006  2.6288414415E+042
  1.2019001927E+006  2.6288414415E+042
  1.2036003585E+006  2.6288414415E+042
  1.2053002350E+006  2.6288414415E+042
  1.2070001818E+006  2.6288414415E+042
  1.2087002046E+006  2.6288414415E+042
  1.2104002948E+006  2.6098781988E+042
  1.2121002761E+006  2.6098781988E+042
  1.2138003326E+006  2.6098781988E+042
  1.2155002741E+006  2.6098781988E+042
  1.2172002922E+006  2.6098781988E+042
  1.2189001969E+006  2.6098781988E+042
  1.2206003526E+006  2.5912226459E+042
  1.2223002201E+006  2.5912226459E+042
  1.2240003415E+006  2.5912226459E+042
  1.2257003540E+006  2.5912226459E+042
  1.2274002516E+006  2.5912226459E+042
  1.2291002280E+006  2.5912226459E+042
  1.2308002781E+006  2.5729984291E+042
  1.2325002132E+006  2.5729984291E+042
  1.2342002282E+006  2.5729984291E+042
  1.2359003144E+006  2.5729984291E+042
  1.2376002909E+006  2.5729984291E+042
  1.2393003416E+006  2.5729984291E+042
  1.2410002878E+006  2.5547190784E+042
  1.2427003087E+006  2.5547190784E+042
  1.2444002157E+006  2.5547190784E+042
  1.2461002030E+006  2.5547190784E+042
  1.2478002619E+006  2.5547190784E+042
  1.2495002101E+006  2.5547190784E+042
  1.2512002392E+006  2.5367392986E+042
  1.2529003405E+006  2.5367392986E+042
  1.2546003319E+006  2.5367392986E+042
  1.2563002128E+006  2.5367392986E+042
  1.2580003549E+006  2.5367392986E+042
  1.2597002043E+006  2.5367392986E+042
  1.2614003024E+006  2.5189384114E+042
  1.2631002986E+006  2.5189384114E+042
  1.2648003626E+006  2.5189384114E+042
  1.2665003136E+006  2.5189384114E+042
  1.2682003388E+006  2.5189384114E+042
  1.2699002554E+006  2.5189384114E+042
  1.2716002414E+006  2.5012235941E+042
  1.2733002922E+006  2.5012235941E+042
  1.2750002375E+006  2.5012235941E+042
  1.2767002484E+006  2.5012235941E+042
  1.2784003269E+006  2.5012235941E+042
  1.2801002988E+006  2.4842339318E+042
  1.2818003362E+006  2.4842339318E+042
  1.2835002598E+006  2.4842339318E+042
  1.2852002518E+006  2.4842339318E+042
  1.2869003165E+006  2.4842339318E+042
  1.2886002647E+006  2.4842339318E+042
  1.2903002792E+006  2.4670153193E+042
  1.2920001878E+006  2.4670153193E+042
  1.2937003397E+006  2.4670153193E+042
  1.2954001960E+006  2.4670153193E+042
  1.2971003072E+006  2.4670153193E+042
  1.2988003064E+006  2.4670153193E+042
  1.3005001910E+006  2.4499353411E+042
  1.3022003242E+006  2.4499353411E+042
  1.3039003522E+006  2.4499353411E+042
  1.3056002620E+006  2.4499353411E+042
  1.3073002424E+006  2.4499353411E+042
  1.3090002993E+006  2.4499353411E+042
  1.3107002400E+006  2.4333621645E+042
  1.3124002527E+006  2.4333621645E+042
  1.3141003351E+006  2.4333621645E+042
  1.3158003091E+006  2.4333621645E+042
  1.3175003498E+006  2.4333621645E+042
  1.3192002794E+006  2.4333621645E+042
  1.3209002866E+006  2.4169334666E+042
  1.3226003548E+006  2.4169334666E+042
  1.3243003150E+006  2.4169334666E+042
  1.3260003494E+006  2.4169334666E+042
  1.3277002708E+006  2.4169334666E+042
  1.3294002608E+006  2.4169334666E+042
  1.3311003218E+006  2.4005731979E+042
  1.3328002746E+006  2.4005731979E+042
  1.3345002873E+006  2.4005731979E+042
  1.3362001907E+006  2.4005731979E+042
  1.3379003493E+006  2.4005731979E+042
  1.3396002066E+006  2.4005731979E+042
  1.3413003163E+006  2.3844936206E+042
  1.3430003123E+006  2.3844936206E+042
  1.3447001942E+006  2.3844936206E+042
  1.3464003213E+006  2.3844936206E+042
  1.3481003386E+006  2.3844936206E+042
  1.3498002416E+006  2.3844936206E+042
  1.3515002045E+006  2.3685177887E+042
  1.3532002396E+006  2.3685177887E+042
  1.3549003397E+006  2.3685177887E+042
  1.3566003220E+006  2.3685177887E+042
  1.3583001855E+006  2.3685177887E+042
  1.3600003031E+006  2.3527867304E+042
  1.3617003034E+006  2.3527867304E+042
  1.3634003623E+006  2.3527867304E+042
  1.3651003114E+006  2.3527867304E+042
  1.3668003246E+006  2.3527867304E+042
  1.3685002205E+006  2.3527867304E+042
  1.3702001835E+006  2.3373534284E+042
  1.3719002140E+006  2.3373534284E+042
  1.3736003111E+006  2.3373534284E+042
  1.3753002863E+006  2.3373534284E+042
  1.3770003343E+006  2.3373534284E+042
  1.3787002619E+006  2.3373534284E+042
  1.3804002567E+006  2.3220673784E+042
  1.3821003231E+006  2.3220673784E+042
  1.3838002715E+006  2.3220673784E+042
  1.3855002881E+006  2.3220673784E+042
  1.3872001874E+006  2.3220673784E+042
  1.3889003414E+006  2.3220673784E+042
  1.3906001942E+006  2.3069966036E+042
  1.3923002965E+006  2.3069966036E+042
  1.3940002874E+006  2.3069966036E+042
  1.3957003432E+006  2.3069966036E+042
  1.3974002850E+006  2.3069966036E+042
  1.3991002915E+006  2.3069966036E+042
  1.4008001889E+006  2.2919324129E+042
  1.4025003349E+006  2.2919324129E+042
  1.4042003629E+006  2.2919324129E+042
  1.4059002788E+006  2.2919324129E+042
  1.4076002596E+006  2.2919324129E+042
  1.4093003077E+006  2.2919324129E+042
  1.4110002345E+006  2.2770733087E+042
  1.4127002334E+006  2.2770733087E+042
  1.4144002963E+006  2.2770733087E+042
  1.4161002395E+006  2.2770733087E+042
  1.4178002547E+006  2.2770733087E+042
  1.4195003308E+006  2.2770733087E+042
  1.4212002894E+006  2.2625403876E+042
  1.4229003117E+006  2.2625403876E+042
  1.4246002196E+006  2.2625403876E+042
  1.4263001872E+006  2.2625403876E+042
  1.4280002183E+006  2.2625403876E+042
  1.4297003202E+006  2.2625403876E+042
  1.4314002965E+006  2.2481711897E+042
  1.4331003365E+006  2.2481711897E+042
  1.4348002590E+006  2.2481711897E+042
  1.4365002468E+006  2.2481711897E+042
  1.4382002930E+006  2.2481711897E+042
  1.4399002210E+006  2.2481711897E+042
  1.4416002171E+006  2.2338304756E+042
  1.4433002686E+006  2.2338304756E+042
  1.4450002040E+006  2.2338304756E+042
  1.4467002009E+006  2.2338304756E+042
  1.4484002630E+006  2.2338304756E+042
  1.4501002054E+006  2.2197516926E+042
  1.4518002101E+006  2.2197516926E+042
  1.4535002824E+006  2.2197516926E+042
  1.4552002309E+006  2.2197516926E+042
  1.4569002452E+006  2.2197516926E+042
  1.4586003217E+006  2.2197516926E+042
  1.4603002817E+006  2.2058803332E+042
  1.4620003031E+006  2.2058803332E+042
  1.4637002066E+006  2.2058803332E+042
  1.4654003624E+006  2.2058803332E+042
  1.4671002106E+006  2.2058803332E+042
  1.4688003090E+006  2.2058803332E+042
  1.4705002898E+006  2.1920199653E+042
  1.4722003357E+006  2.1920199653E+042
  1.4739002584E+006  2.1920199653E+042
  1.4756002492E+006  2.1920199653E+042
  1.4773003096E+006  2.1920199653E+042
  1.4790002432E+006  2.1920199653E+042
  1.4807002463E+006  2.1784262951E+042
  1.4824003139E+006  2.1784262951E+042
  1.4841002617E+006  2.1784262951E+042
  1.4858002713E+006  2.1784262951E+042
  1.4875003473E+006  2.1784262951E+042
  1.4892003055E+006  2.1784262951E+042
  1.4909003225E+006  2.1650326909E+042
  1.4926002249E+006  2.1650326909E+042
  1.4943001873E+006  2.1650326909E+042
  1.4960002140E+006  2.1650326909E+042
  1.4977003016E+006  2.1650326909E+042
  1.4994002695E+006  2.1650326909E+042
  1.5011003022E+006  2.1518811208E+042
  1.5028002092E+006  2.1518811208E+042
  1.5045003641E+006  2.1518811208E+042
  1.5062002148E+006  2.1518811208E+042
  1.5079003102E+006  2.1518811208E+042
  1.5096002796E+006  2.1518811208E+042
  1.5113003161E+006  2.1387609143E+042
  1.5130002301E+006  2.1387609143E+042
  1.5147001980E+006  2.1387609143E+042
  1.5164002334E+006  2.1387609143E+042
  1.5181003275E+006  2.1387609143E+042
  1.5198002988E+006  2.1387609143E+042
  1.5215003282E+006  2.1256055141E+042
  1.5232002395E+006  2.1256055141E+042
  1.5249002101E+006  2.1256055141E+042
  1.5266002378E+006  2.1256055141E+042
  1.5283003295E+006  2.1256055141E+042
  1.5300002962E+006  2.1128523889E+042
  1.5317003267E+006  2.1128523889E+042
  1.5334002295E+006  2.1128523889E+042
  1.5351001976E+006  2.1128523889E+042
  1.5368002272E+006  2.1128523889E+042
  1.5385003143E+006  2.1128523889E+042
  1.5402002822E+006  2.1003684151E+042
  1.5419003107E+006  2.1003684151E+042
  1.5436002172E+006  2.1003684151E+042
  1.5453003640E+006  2.1003684151E+042
  1.5470002135E+006  2.1003684151E+042
  1.5487003038E+006  2.1003684151E+042
  1.5504002713E+006  2.0877082409E+042
  1.5521003045E+006  2.0877082409E+042
  1.5538002144E+006  2.0877082409E+042
  1.5555001855E+006  2.0877082409E+042
  1.5572002152E+006  2.0877082409E+042
  1.5589003125E+006  2.0877082409E+042
  1.5606002850E+006  2.0754404257E+042
  1.5623003195E+006  2.0754404257E+042
  1.5640002324E+006  2.0754404257E+042
  1.5657002090E+006  2.0754404257E+042
  1.5674002464E+006  2.0754404257E+042
  1.5691003389E+006  2.0754404257E+042
  1.5708003174E+006  2.0633679314E+042
  1.5725003530E+006  2.0633679314E+042
  1.5742002658E+006  2.0633679314E+042
  1.5759002402E+006  2.0633679314E+042
  1.5776002779E+006  2.0633679314E+042
  1.5793001896E+006  2.0633679314E+042
  1.5810003428E+006  2.0511629602E+042
  1.5827001939E+006  2.0511629602E+042
  1.5844002827E+006  2.0511629602E+042
  1.5861002518E+006  2.0511629602E+042
  1.5878002778E+006  2.0511629602E+042
  1.5895001836E+006  2.0511629602E+042
  1.5912003297E+006  2.0392266827E+042
  1.5929003485E+006  2.0392266827E+042
  1.5946002465E+006  2.0392266827E+042
  1.5963002006E+006  2.0392266827E+042
  1.5980002127E+006  2.0392266827E+042
  1.5997002827E+006  2.0392266827E+042
  1.6014002343E+006  2.0274893097E+042
  1.6031002365E+006  2.0274893097E+042
  1.6048002982E+006  2.0274893097E+042
  1.6065002376E+006  2.0274893097E+042
  1.6082002316E+006  2.0274893097E+042
  1.6099002845E+006  2.0274893097E+042
  1.6116002109E+006  2.0158701410E+042
  1.6133002004E+006  2.0158701410E+042
  1.6150002434E+006  2.0158701410E+042
  1.6167003450E+006  2.0158701410E+042
  1.6184003200E+006  2.0158701410E+042
  1.6201003571E+006  2.0043073703E+042
  1.6218002653E+006  2.0043073703E+042
  1.6235002308E+006  2.0043073703E+042
  1.6252002616E+006  2.0043073703E+042
  1.6269003448E+006  2.0043073703E+042
  1.6286003044E+006  2.0043073703E+042
  1.6303003222E+006  1.9929397576E+042
  1.6320002166E+006  1.9929397576E+042
  1.6337003501E+006  1.9929397576E+042
  1.6354003616E+006  1.9929397576E+042
  1.6371002502E+006  1.9929397576E+042
  1.6388001957E+006  1.9929397576E+042
  1.6405002007E+006  1.9818275601E+042
  1.6422002625E+006  1.9818275601E+042
  1.6439002048E+006  1.9818275601E+042
  1.6456001995E+006  1.9818275601E+042
  1.6473002570E+006  1.9818275601E+042
  1.6490001921E+006  1.9818275601E+042
  1.6507003669E+006  1.9705532897E+042
  1.6524002319E+006  1.9705532897E+042
  1.6541003404E+006  1.9705532897E+042
  1.6558003272E+006  1.9705532897E+042
  1.6575001842E+006  1.9705532897E+042
  1.6592002867E+006  1.9705532897E+042
  1.6609002629E+006  1.9595752287E+042
  1.6626002998E+006  1.9595752287E+042
  1.6643002047E+006  1.9595752287E+042
  1.6660003524E+006  1.9595752287E+042
  1.6677001960E+006  1.9595752287E+042
  1.6694002759E+006  1.9595752287E+042
  1.6711002311E+006  1.9487247520E+042
  1.6728002446E+006  1.9487247520E+042
  1.6745003166E+006  1.9487247520E+042
  1.6762002558E+006  1.9487247520E+042
  1.6779002567E+006  1.9487247520E+042
  1.6796003129E+006  1.9487247520E+042
  1.6813002430E+006  1.9381791166E+042
  1.6830002277E+006  1.9381791166E+042
  1.6847002678E+006  1.9381791166E+042
  1.6864001840E+006  1.9381791166E+042
  1.6881003337E+006  1.9381791166E+042
  1.6898003609E+006  1.9381791166E+042
  1.6915002604E+006  1.9274440392E+042
  1.6932002160E+006  1.9274440392E+042
  1.6949002234E+006  1.9274440392E+042
  1.6966002897E+006  1.9274440392E+042
  1.6983002264E+006  1.9274440392E+042
  1.7000002169E+006  1.9170367519E+042
  1.7017002654E+006  1.9170367519E+042
  1.7034001853E+006  1.9170367519E+042
  1.7051003484E+006  1.9170367519E+042
  1.7068001913E+006  1.9170367519E+042
  1.7085002793E+006  1.9170367519E+042
  1.7102002399E+006  1.9067087674E+042
  1.7119002546E+006  1.9067087674E+042
  1.7136003237E+006  1.9067087674E+042
  1.7153002683E+006  1.9067087674E+042
  1.7170002680E+006  1.9067087674E+042
  1.7187003189E+006  1.9067087674E+042
  1.7204002456E+006  1.8965905611E+042
  1.7221002283E+006  1.8965905611E+042
  1.7238002711E+006  1.8965905611E+042
  1.7255003628E+006  1.8965905611E+042
  1.7272003330E+006  1.8965905611E+042
  1.7289003579E+006  1.8965905611E+042
  1.7306002526E+006  1.8864347151E+042
  1.7323002059E+006  1.8864347151E+042
  1.7340002165E+006  1.8864347151E+042
  1.7357002846E+006  1.8864347151E+042
  1.7374002211E+006  1.8864347151E+042
  1.7391002170E+006  1.8864347151E+042
  1.7408002670E+006  1.8764089815E+042
  1.7425001926E+006  1.8764089815E+042
  1.7442003536E+006  1.8764089815E+042
  1.7459002092E+006  1.8764089815E+042
  1.7476003017E+006  1.8764089815E+042
  1.7493002634E+006  1.8764089815E+042
  1.7510002848E+006  1.8665170842E+042
  1.7527003614E+006  1.8665170842E+042
  1.7544003115E+006  1.8665170842E+042
  1.7561003131E+006  1.8665170842E+042
  1.7578001904E+006  1.8665170842E+042
  1.7595003046E+006  1.8665170842E+042
  1.7612002896E+006  1.8568196319E+042
  1.7629003276E+006  1.8568196319E+042
  1.7646002429E+006  1.8568196319E+042
  1.7663002099E+006  1.8568196319E+042
  1.7680002283E+006  1.8568196319E+042
  1.7697003054E+006  1.8568196319E+042
  1.7714002516E+006  1.8471061296E+042
  1.7731002549E+006  1.8471061296E+042
  1.7748003069E+006  1.8471061296E+042
