  0.0000000000E+000  0.0000000000E+000
  1.7003154396E+003  8.5859968444E+002
  3.4003206393E+003  8.5958297152E+002
  5.1001929913E+003  8.5999173881E+002
  6.8002580972E+003  8.6082609853E+002
  8.5002959297E+003  8.6314404321E+002
  1.0200211087E+004  8.7119507284E+002
  1.1900208758E+004  9.0284327640E+002
  1.3600293386E+004  9.9708515663E+002
  1.5300304147E+004  1.1738522366E+003
  1.7000289378E+004  1.4108712928E+003
  1.8700233303E+004  1.6824285090E+003
  2.0400282171E+004  2.1497937174E+003
  2.2100287193E+004  2.0268435075E+003
  2.3800298300E+004  1.8822705260E+003
  2.5500273055E+004  1.8981756480E+003
  2.7200216062E+004  1.8848136554E+003
  2.8900317231E+004  1.8678318384E+003
  3.0600183468E+004  1.8553448477E+003
  3.2300304985E+004  1.8450905008E+003
  3.4000185269E+004  1.8375030659E+003
  3.5700237043E+004  1.8320739365E+003
  3.7400211397E+004  1.8286395798E+003
  3.9100188033E+004  1.8312315793E+003
  4.0800190786E+004  1.8424235864E+003
  4.2500234694E+004  1.8623632563E+003
  4.4200194378E+004  1.8611818876E+003
  4.5900257181E+004  1.8564224200E+003
  4.7600225055E+004  1.8533781948E+003
  4.9300256524E+004  1.8491201504E+003
  5.1000292108E+004  1.8438785614E+003
  5.2700222897E+004  1.8377512652E+003
  5.4400199980E+004  1.8308281152E+003
  5.6100286108E+004  1.8234109396E+003
  5.7800171814E+004  1.8157402642E+003
  5.9500230596E+004  1.8091074987E+003
  6.1200172811E+004  1.8014211754E+003
  6.2900220111E+004  1.7901428329E+003
  6.4600169369E+004  1.7591434011E+003
  6.6300235097E+004  1.7391125832E+003
  6.8000298007E+004  1.7249467258E+003
  6.9700286845E+004  1.6777961427E+003
  7.1400204783E+004  1.6370768655E+003
  7.3100218674E+004  1.6072665530E+003
  7.4800306032E+004  1.5832035928E+003
  7.6500311306E+004  1.5626113380E+003
  7.8200179924E+004  1.5438767961E+003
  7.9900163525E+004  1.5260673442E+003
  8.1600251225E+004  1.5094325630E+003
  8.3300162064E+004  1.4941504794E+003
  8.5000276829E+004  1.4801833309E+003
  8.6700179673E+004  1.4674112645E+003
  8.8400258006E+004  1.4556793575E+003
  9.0100259465E+004  1.4448450210E+003
  9.1800321202E+004  1.4347831584E+003
  9.3500176519E+004  1.4253921776E+003
  9.5200284339E+004  1.4165848121E+003
  9.6900317748E+004  1.4082775858E+003
  9.8600215506E+004  1.4003312416E+003
  1.0030026365E+005  1.3927398448E+003
  1.0200018332E+005  1.3854979762E+003
  1.0370017968E+005  1.3785785407E+003
  1.0540031925E+005  1.3718314785E+003
  1.0710029902E+005  1.3651174669E+003
  1.0880017127E+005  1.3582917298E+003
  1.1050027076E+005  1.3514666866E+003
  1.1220030931E+005  1.3448657679E+003
  1.1390026665E+005  1.3385627666E+003
  1.1560017019E+005  1.3325637480E+003
  1.1730030333E+005  1.3268500900E+003
  1.1900027109E+005  1.3213990720E+003
  1.2070021045E+005  1.3161861345E+003
  1.2240030725E+005  1.3111887295E+003
  1.2410028090E+005  1.3063881966E+003
  1.2580020642E+005  1.3017671914E+003
  1.2750017479E+005  1.2973104894E+003
  1.2920031413E+005  1.2930046434E+003
  1.3090024283E+005  1.2888394759E+003
  1.3260030702E+005  1.2848053742E+003
  1.3430032238E+005  1.2808950042E+003
  1.3600027675E+005  1.2770845907E+003
  1.3770029503E+005  1.2733105871E+003
  1.3940022300E+005  1.2695484077E+003
  1.4110022776E+005  1.2658155538E+003
  1.4280017458E+005  1.2621379825E+003
  1.4450026096E+005  1.2585343934E+003
  1.4620030363E+005  1.2550161210E+003
  1.4790024040E+005  1.2515880133E+003
  1.4960019672E+005  1.2482505842E+003
  1.5130022930E+005  1.2450023350E+003
  1.5300028929E+005  1.2418408270E+003
  1.5470017579E+005  1.2387628219E+003
  1.5640027607E+005  1.2357645711E+003
  1.5810019541E+005  1.2328429857E+003
  1.5980016880E+005  1.2299937278E+003
  1.6150017566E+005  1.2272131270E+003
  1.6320021727E+005  1.2244977000E+003
  1.6490017137E+005  1.2218443401E+003
  1.6660022270E+005  1.2192496841E+003
  1.6830028593E+005  1.2167112621E+003
  1.7000024545E+005  1.2142245261E+003
  1.7170028435E+005  1.2117694503E+003
  1.7340023804E+005  1.2093253582E+003
  1.7510025933E+005  1.2068877964E+003
  1.7680027123E+005  1.2044636482E+003
  1.7850018795E+005  1.2020623417E+003
  1.8020020721E+005  1.1996915008E+003
  1.8190032195E+005  1.1973567028E+003
  1.8360016202E+005  1.1950618851E+003
  1.8530028221E+005  1.1928081020E+003
  1.8700030967E+005  1.1905965073E+003
  1.8870030654E+005  1.1884268925E+003
  1.9040025137E+005  1.1862986508E+003
  1.9210022938E+005  1.1842107378E+003
  1.9380030627E+005  1.1821620708E+003
  1.9550028930E+005  1.1801518921E+003
  1.9720026208E+005  1.1781790747E+003
  1.9890019701E+005  1.1762425536E+003
  2.0060031057E+005  1.1743409281E+003
  2.0230018413E+005  1.1724734791E+003
  2.0400028723E+005  1.1706385078E+003
  2.0570022905E+005  1.1688352071E+003
  2.0740030079E+005  1.1670598087E+003
  2.0910023658E+005  1.1653030879E+003
  2.1080024096E+005  1.1635555552E+003
  2.1250029637E+005  1.1618136597E+003
  2.1420020111E+005  1.1600787454E+003
  2.1590026189E+005  1.1583537696E+003
  2.1760017293E+005  1.1566427050E+003
  2.1930029215E+005  1.1549484275E+003
  2.2100030915E+005  1.1532737881E+003
  2.2270018603E+005  1.1516204979E+003
  2.2440021652E+005  1.1499881483E+003
  2.2610026022E+005  1.1483776863E+003
  2.2780019013E+005  1.1467899964E+003
  2.2950016575E+005  1.1452253137E+003
  2.3120016220E+005  1.1436828098E+003
  2.3290016764E+005  1.1421447605E+003
  2.3460018378E+005  1.1406029896E+003
  2.3630023232E+005  1.1390671312E+003
  2.3800016575E+005  1.1375460916E+003
  2.3970029205E+005  1.1360449369E+003
  2.4140026243E+005  1.1345667020E+003
  2.4310024480E+005  1.1331123918E+003
  2.4480026080E+005  1.1316822689E+003
  2.4650032002E+005  1.1302760895E+003
  2.4820024299E+005  1.1288926895E+003
  2.4990017591E+005  1.1275280508E+003
  2.5160028506E+005  1.1261770159E+003
  2.5330026532E+005  1.1248364776E+003
  2.5500028537E+005  1.1235048501E+003
  2.5670016476E+005  1.1221822442E+003
  2.5840021946E+005  1.1208692284E+003
  2.6010029478E+005  1.1195723337E+003
  2.6180023895E+005  1.1182967714E+003
  2.6350021128E+005  1.1170406610E+003
  2.6520020849E+005  1.1158033037E+003
  2.6690022421E+005  1.1145845407E+003
  2.6860025487E+005  1.1133845015E+003
  2.7030031343E+005  1.1122034293E+003
  2.7200024227E+005  1.1110416941E+003
  2.7370019214E+005  1.1098994155E+003
  2.7540031620E+005  1.1087766618E+003
  2.7710030379E+005  1.1076737560E+003
  2.7880031884E+005  1.1065906661E+003
  2.8050019101E+005  1.1055275443E+003
  2.8220024538E+005  1.1044842145E+003
  2.8390032210E+005  1.1034608070E+003
  2.8560025528E+005  1.1024574551E+003
  2.8730020568E+005  1.1014741045E+003
  2.8900018239E+005  1.1005107969E+003
  2.9070017817E+005  1.0995675804E+003
  2.9240018462E+005  1.0986444235E+003
  2.9410020768E+005  1.0977407611E+003
  2.9580025471E+005  1.0968553718E+003
  2.9750031708E+005  1.0959870248E+003
  2.9920022958E+005  1.0951349979E+003
  3.0090031744E+005  1.0942987899E+003
  3.0260026038E+005  1.0934785444E+003
  3.0430022049E+005  1.0926743211E+003
  3.0600019519E+005  1.0918862676E+003
  3.0770018316E+005  1.0911144027E+003
  3.0940018494E+005  1.0903585000E+003
  3.1110020742E+005  1.0896179890E+003
  3.1280025383E+005  1.0888918831E+003
  3.1450031998E+005  1.0881787080E+003
  3.1620024499E+005  1.0874765040E+003
  3.1790019632E+005  1.0867825848E+003
  3.1960018168E+005  1.0860937224E+003
  3.2130020458E+005  1.0854060993E+003
  3.2300026848E+005  1.0847153769E+003
  3.2470020664E+005  1.0840168907E+003
  3.2640018162E+005  1.0833056469E+003
  3.2810020312E+005  1.0825767850E+003
  3.2980026961E+005  1.0818258484E+003
  3.3150021075E+005  1.0810492138E+003
  3.3320018296E+005  1.0802442304E+003
  3.3490019893E+005  1.0794097119E+003
  3.3660025188E+005  1.0785460787E+003
  3.3830017339E+005  1.0776554694E+003
  3.4000028853E+005  1.0767412627E+003
  3.4170027797E+005  1.0758083892E+003
  3.4340029455E+005  1.0748623347E+003
  3.4510018037E+005  1.0739090175E+003
  3.4680025909E+005  1.0729536964E+003
  3.4850020110E+005  1.0720012113E+003
  3.5020016970E+005  1.0710552465E+003
  3.5190016885E+005  1.0701187162E+003
  3.5360019221E+005  1.0691937256E+003
  3.5530023557E+005  1.0682816785E+003
  3.5700030710E+005  1.0673833834E+003
  3.5870024573E+005  1.0664992758E+003
  3.6040020259E+005  1.0656292917E+003
  3.6210017847E+005  1.0647732176E+003
  3.6380017549E+005  1.0639306811E+003
  3.6550019399E+005  1.0631012343E+003
  3.6720023112E+005  1.0622843947E+003
  3.6890028560E+005  1.0614796771E+003
  3.7060019169E+005  1.0606866928E+003
  3.7230027752E+005  1.0599048566E+003
  3.7400022062E+005  1.0591339070E+003
  3.7570017929E+005  1.0583733756E+003
  3.7740031388E+005  1.0576228952E+003
  3.7910030200E+005  1.0568822168E+003
  3.8080030470E+005  1.0561506472E+003
  3.8250016267E+005  1.0554286911E+003
  3.8420020296E+005  1.0547165749E+003
  3.8590025666E+005  1.0540140699E+003
  3.8760032175E+005  1.0533208736E+003
  3.8930024551E+005  1.0526367995E+003
  3.9100019293E+005  1.0519615838E+003
  3.9270031726E+005  1.0512950004E+003
  3.9440029689E+005  1.0506370304E+003
  3.9610029878E+005  1.0499874826E+003
  3.9780016256E+005  1.0493463451E+003
  3.9950021053E+005  1.0487136514E+003
  4.0120028405E+005  1.0480893531E+003
  4.0290021977E+005  1.0474733485E+003
  4.0460017929E+005  1.0468654329E+003
  4.0630017220E+005  1.0462654642E+003
  4.0800020026E+005  1.0456720624E+003
  4.0970025442E+005  1.0450816133E+003
  4.1140017046E+005  1.0444926898E+003
  4.1310028588E+005  1.0439054570E+003
  4.1480027603E+005  1.0433208055E+003
  4.1650029340E+005  1.0427394625E+003
  4.1820017611E+005  1.0421621416E+003
  4.1990025183E+005  1.0415892668E+003
  4.2160019866E+005  1.0410213945E+003
  4.2330017578E+005  1.0404588234E+003
  4.2500018014E+005  1.0399018587E+003
  4.2670020831E+005  1.0393507610E+003
  4.2840026546E+005  1.0388057494E+003
  4.3010019237E+005  1.0382670618E+003
  4.3180030586E+005  1.0377347632E+003
  4.3350027910E+005  1.0372090836E+003
  4.3520027839E+005  1.0366900849E+003
  4.3690030537E+005  1.0361778611E+003
  4.3860019222E+005  1.0356725378E+003
  4.4030026343E+005  1.0351740791E+003
  4.4200019327E+005  1.0346826310E+003
  4.4370031117E+005  1.0341981213E+003
  4.4540028924E+005  1.0337206621E+003
  4.4710028436E+005  1.0332502183E+003
  4.4880029723E+005  1.0327867920E+003
  4.5050017281E+005  1.0323304217E+003
  4.5220023018E+005  1.0318810167E+003
  4.5390030025E+005  1.0314386027E+003
  4.5560022538E+005  1.0310031993E+003
  4.5730017217E+005  1.0305747410E+003
  4.5900029862E+005  1.0301531647E+003
  4.6070027816E+005  1.0297385289E+003
  4.6240027581E+005  1.0293307660E+003
  4.6410028827E+005  1.0289298435E+003
  4.6580031932E+005  1.0285357315E+003
  4.6750020910E+005  1.0281484367E+003
  4.6920027606E+005  1.0277678566E+003
  4.7090019269E+005  1.0273940402E+003
  4.7260029393E+005  1.0270268831E+003
  4.7430025684E+005  1.0266664194E+003
  4.7600023470E+005  1.0263125880E+003
  4.7770022993E+005  1.0259653627E+003
  4.7940024857E+005  1.0256247174E+003
  4.8110028879E+005  1.0252906337E+003
  4.8280018759E+005  1.0249631157E+003
  4.8450027153E+005  1.0246420716E+003
  4.8620021547E+005  1.0243275368E+003
  4.8790018240E+005  1.0240194547E+003
  4.8960017868E+005  1.0237177987E+003
  4.9130020135E+005  1.0234225502E+003
  4.9300024798E+005  1.0231336810E+003
  4.9470032057E+005  1.0228511627E+003
  4.9640026100E+005  1.0225749964E+003
  4.9810022808E+005  1.0223051317E+003
  4.9980022214E+005  1.0220415453E+003
  5.0150024318E+005  1.0217842198E+003
  5.0320029055E+005  1.0215331291E+003
  5.0490020448E+005  1.0212882723E+003
  5.0660030687E+005  1.0210495807E+003
  5.0830027213E+005  1.0208170785E+003
  5.1000026262E+005  1.0205907215E+003
  5.1170028094E+005  1.0203704980E+003
  5.1340032208E+005  1.0201563801E+003
  5.1510022541E+005  1.0199483670E+003
  5.1680031583E+005  1.0197463998E+003
  5.1850026745E+005  1.0195504993E+003
  5.2020024152E+005  1.0193606290E+003
  5.2190023976E+005  1.0191767782E+003
  5.2360025787E+005  1.0189989226E+003
  5.2530029604E+005  1.0188270455E+003
  5.2700019880E+005  1.0186611461E+003
  5.2870028336E+005  1.0185011785E+003
  5.3040022113E+005  1.0183471607E+003
  5.3210018083E+005  1.0181990676E+003
  5.3380016392E+005  1.0180568784E+003
  5.3550016295E+005  1.0179205799E+003
  5.3720017776E+005  1.0177901588E+003
  5.3890021260E+005  1.0176656021E+003
  5.4060026570E+005  1.0175469012E+003
  5.4230017513E+005  1.0174340599E+003
  5.4400026500E+005  1.0173270347E+003
  5.4570020690E+005  1.0172258331E+003
  5.4740016500E+005  1.0171304328E+003
  5.4910030750E+005  1.0170408139E+003
  5.5080030438E+005  1.0169569880E+003
  5.5250031293E+005  1.0168789354E+003
  5.5420017968E+005  1.0168066450E+003
  5.5590023015E+005  1.0167400931E+003
  5.5760029740E+005  1.0166792774E+003
  5.5930021803E+005  1.0166241931E+003
  5.6100032172E+005  1.0165748246E+003
  5.6270028339E+005  1.0165311712E+003
  5.6440026589E+005  1.0164932153E+003
  5.6610026635E+005  1.0164609475E+003
  5.6780028678E+005  1.0164343588E+003
  5.6950016912E+005  1.0164134424E+003
  5.7120023726E+005  1.0163981892E+003
  5.7290016370E+005  1.0163885933E+003
  5.7460027299E+005  1.0163846424E+003
  5.7630024774E+005  1.0163863292E+003
  5.7800024735E+005  1.0163936453E+003
  5.7970027022E+005  1.0164065831E+003
  5.8140031501E+005  1.0164251417E+003
  5.8310022380E+005  1.0164493048E+003
  5.8480032153E+005  1.0164790632E+003
  5.8650028303E+005  1.0165143710E+003
  5.8820026363E+005  1.0165551556E+003
  5.8990026795E+005  1.0166015832E+003
  5.9160030283E+005  1.0166537043E+003
  5.9330019941E+005  1.0167114525E+003
  5.9500027579E+005  1.0167747997E+003
  5.9670021532E+005  1.0168437110E+003
  5.9840018165E+005  1.0169181771E+003
  6.0010016880E+005  1.0169981872E+003
  6.0180017758E+005  1.0170837380E+003
  6.0350020762E+005  1.0171748175E+003
  6.0520025991E+005  1.0172714164E+003
  6.0690017272E+005  1.0173735174E+003
  6.0860026950E+005  1.0174811331E+003
  6.1030022072E+005  1.0175942375E+003
  6.1200019418E+005  1.0177128399E+003
  6.1370019138E+005  1.0178369276E+003
  6.1540020367E+005  1.0179664927E+003
  6.1710023212E+005  1.0181015286E+003
  6.1880028468E+005  1.0182420294E+003
  6.2050019477E+005  1.0183879762E+003
  6.2220028059E+005  1.0185393925E+003
  6.2390022216E+005  1.0186962382E+003
  6.2560018319E+005  1.0188585211E+003
  6.2730016245E+005  1.0190262352E+003
  6.2900032033E+005  1.0191993909E+003
  6.3070016904E+005  1.0193779345E+003
  6.3240019673E+005  1.0195619124E+003
  6.3410024493E+005  1.0197512969E+003
  6.3580030996E+005  1.0199460810E+003
  6.3750022603E+005  1.0201462383E+003
  6.3920032240E+005  1.0203518010E+003
  6.4090027710E+005  1.0205627277E+003
  6.4260024901E+005  1.0207790323E+003
  6.4430023729E+005  1.0210007034E+003
  6.4600024383E+005  1.0212277332E+003
  6.4770027001E+005  1.0214601145E+003
  6.4940031572E+005  1.0216978397E+003
  6.5110021732E+005  1.0219408849E+003
  6.5280029829E+005  1.0221892837E+003
  6.5450024092E+005  1.0224429785E+003
  6.5620020456E+005  1.0227019858E+003
  6.5790018612E+005  1.0229662970E+003
  6.5960018920E+005  1.0232359030E+003
  6.6130021801E+005  1.0235107997E+003
  6.6300026669E+005  1.0237909714E+003
  6.6470017377E+005  1.0240763743E+003
  6.6640026647E+005  1.0243670504E+003
  6.6810021925E+005  1.0246629319E+003
  6.6980019635E+005  1.0249640350E+003
  6.7150019671E+005  1.0252703510E+003
  6.7320021667E+005  1.0255818659E+003
  6.7490025836E+005  1.0258985691E+003
  6.7660016586E+005  1.0262204202E+003
  6.7830025580E+005  1.0265474682E+003
  6.8000020231E+005  1.0268796397E+003
  6.8170017322E+005  1.0272169639E+003
  6.8340016825E+005  1.0275594228E+003
  6.8510018191E+005  1.0279070035E+003
  6.8680021718E+005  1.0282596958E+003
  6.8850027470E+005  1.0286174892E+003
  6.9020018896E+005  1.0289803387E+003
  6.9190028745E+005  1.0293483115E+003
  6.9360024407E+005  1.0297213256E+003
  6.9530021950E+005  1.0300994234E+003
  6.9700021490E+005  1.0304826615E+003
  6.9870023109E+005  1.0308712879E+003
  7.0040026313E+005  1.0312663387E+003
  7.0210031408E+005  1.0316723295E+003
  7.0380022395E+005  1.0321116983E+003
  7.0550031278E+005  1.0327146540E+003
  7.0720025582E+005  1.0343407234E+003
  7.0890021698E+005  1.0436026545E+003
  7.1060019648E+005  1.1277406737E+003
  7.1230019271E+005  1.5702719991E+003
  7.1400020572E+005  2.8150626421E+003
  7.1570023367E+005  4.7446753962E+003
  7.1740028021E+005  4.8683032017E+003
  7.1910018163E+005  5.0098249297E+003
  7.2080026117E+005  5.2631414711E+003
  7.2250019427E+005  5.4454898637E+003
  7.2420030758E+005  5.6192994469E+003
  7.2590027463E+005  5.8158300341E+003
  7.2760025926E+005  6.0499237154E+003
  7.2930026165E+005  6.3749186265E+003
  7.3100027988E+005  6.7562289756E+003
  7.3270031654E+005  6.9636453239E+003
  7.3440020917E+005  7.0468862315E+003
  7.3610028017E+005  7.6121940577E+003
  7.3780020758E+005  6.6744977576E+003
  7.3950031902E+005  7.1590972018E+003
  7.4120028448E+005  8.8471432052E+003
  7.4290026767E+005  1.0321811079E+004
  7.4460027385E+005  1.1449595911E+004
  7.4630029929E+005  9.7561468730E+003
  7.4800018086E+005  7.6885688296E+003
  7.4970024648E+005  8.1723004101E+003
  7.5140017034E+005  9.1336827721E+003
  7.5310027608E+005  1.0080399988E+004
  7.5480024359E+005  1.0826737901E+004
  7.5650023034E+005  1.0940957633E+004
  7.5820023579E+005  1.2329005507E+004
  7.5990026535E+005  1.3154693183E+004
  7.6160031761E+005  1.4016562270E+004
  7.6330022522E+005  1.4904349924E+004
  7.6500031714E+005  1.5783565104E+004
  7.6670026933E+005  1.6638931869E+004
  7.6840024044E+005  1.7460576596E+004
  7.7010023229E+005  1.8252056411E+004
  7.7180024556E+005  1.9014124439E+004
  7.7350027821E+005  1.9745528585E+004
  7.7520016898E+005  2.0419857526E+004
  7.7690024259E+005  2.0213951386E+004
  7.7860017146E+005  2.0862537972E+004
  7.8030028344E+005  2.1475864581E+004
  7.8200025287E+005  2.2054141794E+004
  7.8370023875E+005  2.2597592235E+004
  7.8540024324E+005  2.3106328556E+004
  7.8710026798E+005  2.3580811336E+004
  7.8880031068E+005  2.4021492071E+004
  7.9050020747E+005  2.4428056766E+004
  7.9220028413E+005  2.4800703974E+004
  7.9390021579E+005  2.5139802631E+004
  7.9560016598E+005  2.5446065312E+004
  7.9730029448E+005  2.5720364760E+004
  7.9900027619E+005  2.5963627076E+004
  8.0070027590E+005  2.6176958832E+004
  8.0240029226E+005  2.6361517131E+004
  8.0410032249E+005  2.6518519378E+004
  8.0580020792E+005  2.6649215608E+004
  8.0750027342E+005  2.6754929461E+004
  8.0920019128E+005  2.6836980484E+004
  8.1090028784E+005  2.6896764882E+004
  8.1260023857E+005  2.6935689560E+004
  8.1430020529E+005  2.6955213666E+004
  8.1600018939E+005  2.6956476263E+004
  8.1770018940E+005  2.6940291809E+004
  8.1940020380E+005  2.6907730636E+004
  8.2110023760E+005  2.6859811012E+004
  8.2280029002E+005  2.6797498060E+004
  8.2450019336E+005  2.6721710142E+004
  8.2620027723E+005  2.6633275613E+004
  8.2790021884E+005  2.6533004118E+004
  8.2960017723E+005  2.6421633884E+004
  8.3130031484E+005  2.6299850575E+004
  8.3300031100E+005  2.6168331594E+004
  8.3470032409E+005  2.6027707290E+004
  8.3640019413E+005  2.5878821368E+004
  8.3810024640E+005  2.5722571094E+004
  8.3980031665E+005  2.5559841122E+004
  8.4150024516E+005  2.5391434568E+004
  8.4320019528E+005  2.5218043082E+004
  8.4490032436E+005  2.5040286606E+004
  8.4660031049E+005  2.4858780518E+004
  8.4830032035E+005  2.4674058152E+004
  8.5000018609E+005  2.4486679398E+004
  8.5170023172E+005  2.4297176493E+004
  8.5340029887E+005  2.4105932970E+004
  8.5510022475E+005  2.3913225837E+004
  8.5680016867E+005  2.3719253912E+004
  8.5850029459E+005  2.3524244606E+004
  8.6020027715E+005  2.3328616494E+004
  8.6190027923E+005  2.3132484156E+004
  8.6360030161E+005  2.2935930040E+004
  8.6530017894E+005  2.2739020443E+004
  8.6700023718E+005  2.2541787720E+004
  8.6870031491E+005  2.2344689142E+004
  8.7040024795E+005  2.2147774626E+004
  8.7210019706E+005  2.1951026715E+004
  8.7380016646E+005  2.1754573127E+004
  8.7550031549E+005  2.1558686607E+004
  8.7720031952E+005  2.1363855988E+004
  8.7890017708E+005  2.1170611173E+004
  8.8060021453E+005  2.0979395221E+004
  8.8230027035E+005  2.0790617578E+004
  8.8400017968E+005  2.0604621294E+004
  8.8570026565E+005  2.0421643160E+004
  8.8740020665E+005  2.0241172997E+004
  8.8910016579E+005  2.0063103868E+004
  8.9080030021E+005  1.9887902537E+004
  8.9250028867E+005  1.9715947738E+004
  8.9420029422E+005  1.9547452148E+004
  8.9590031472E+005  1.9382563442E+004
  8.9760018783E+005  1.9221390510E+004
  8.9930024073E+005  1.9063963974E+004
  9.0100030767E+005  1.8910341466E+004
  9.0270022866E+005  1.8760555723E+004
  9.0440016560E+005  1.8614583413E+004
  9.0610027851E+005  1.8472372161E+004
  9.0780024705E+005  1.8333879685E+004
  9.0950023306E+005  1.8199008690E+004
  9.1120023215E+005  1.8067677255E+004
  9.1290024709E+005  1.8884456411E+004
  9.1460028223E+005  1.8694872995E+004
  9.1630016968E+005  1.8507405227E+004
  9.1800023551E+005  1.8322819790E+004
  9.1970032003E+005  1.8141906087E+004
  9.2140025915E+005  1.7965439119E+004
  9.2310021489E+005  1.7794147680E+004
  9.2480018969E+005  1.7628712236E+004
  9.2650018161E+005  1.7469600841E+004
  9.2820019166E+005  1.7316996465E+004
  9.2990022176E+005  1.7170890084E+004
  9.3160026798E+005  1.7031165634E+004
  9.3330017091E+005  1.6897132079E+004
  9.3500025669E+005  1.6768196451E+004
  9.3670019747E+005  1.6644215353E+004
  9.3840031757E+005  1.6525004393E+004
  9.4010029689E+005  1.6410404056E+004
  9.4180029443E+005  1.6300177947E+004
  9.4350030950E+005  1.6194087399E+004
  9.4520018121E+005  1.6091904536E+004
  9.4690023397E+005  1.5993397489E+004
  9.4860030553E+005  1.5898409455E+004
  9.5030023300E+005  1.5806829233E+004
  9.5200017857E+005  1.5718561920E+004
  9.5370030444E+005  1.5633531407E+004
  9.5540028651E+005  1.5551682277E+004
  9.5710028435E+005  1.5472902128E+004
  9.5880030132E+005  1.5397035613E+004
  9.6050017380E+005  1.5323891967E+004
  9.6220022541E+005  1.5253230852E+004
  9.6390029346E+005  1.5184810157E+004
  9.6560021655E+005  1.5118461325E+004
  9.6730031890E+005  1.5054033821E+004
  9.6900027589E+005  1.4991436333E+004
  9.7070024890E+005  1.4930590455E+004
  9.7240023700E+005  1.4871446796E+004
  9.7410024291E+005  1.4813966088E+004
  9.7580026344E+005  1.4758104596E+004
  9.7750029864E+005  1.4703801134E+004
  9.7920018877E+005  1.4650976495E+004
  9.8090025714E+005  1.4599518084E+004
  9.8260017563E+005  1.4549324153E+004
  9.8430027433E+005  1.4500284205E+004
  9.8600022595E+005  1.4452319596E+004
  9.8770019068E+005  1.4405324818E+004
  9.8940017155E+005  1.4359208826E+004
  9.9110016798E+005  1.4313890487E+004
  9.9280017862E+005  1.4269296332E+004
  9.9450020534E+005  1.4225362930E+004
  9.9620024714E+005  1.4182024455E+004
  9.9790030236E+005  1.4139203869E+004
  9.9960021292E+005  1.4096817725E+004
  1.0013003009E+006  1.4054763998E+004
  1.0030002407E+006  1.4012957875E+004
  1.0047001980E+006  1.3971318576E+004
  1.0064001713E+006  1.3929790267E+004
  1.0081003202E+006  1.3888365494E+004
  1.0098001627E+006  1.3847137872E+004
  1.0115001853E+006  1.3806264455E+004
  1.0132002222E+006  1.3766031778E+004
  1.0149002767E+006  1.3726848115E+004
  1.0166001859E+006  1.3689227755E+004
  1.0183002743E+006  1.3653693127E+004
  1.0200002180E+006  1.3620602911E+004
  1.0217001793E+006  1.3590004925E+004
  1.0234003192E+006  1.3561640034E+004
  1.0251003159E+006  1.3535120828E+004
  1.0268001670E+006  1.3510052578E+004
  1.0285001969E+006  1.3486086064E+004
  1.0302002466E+006  1.3462950160E+004
  1.0319003140E+006  1.3440465693E+004
  1.0336002352E+006  1.3418555146E+004
  1.0353001746E+006  1.3397207758E+004
  1.0370002956E+006  1.3376443202E+004
  1.0387002706E+006  1.3356265755E+004
  1.0404002631E+006  1.3336603449E+004
  1.0421002725E+006  1.3317309928E+004
  1.0438003010E+006  1.3298196426E+004
  1.0455001835E+006  1.3279081369E+004
  1.0472002442E+006  1.3259813211E+004
  1.0489003228E+006  1.3240303845E+004
  1.0506002571E+006  1.3220531407E+004
  1.0523002062E+006  1.3200535550E+004
  1.0540001719E+006  1.3180409427E+004
  1.0557003187E+006  1.3160271777E+004
  1.0574003175E+006  1.3140253619E+004
  1.0591001696E+006  1.3120469823E+004
  1.0608002001E+006  1.3101002341E+004
  1.0625002474E+006  1.3081890037E+004
  1.0642003104E+006  1.3063104494E+004
  1.0659002253E+006  1.3044561132E+004
  1.0676003163E+006  1.3026140045E+004
  1.0693002634E+006  1.3007738111E+004
  1.0710002248E+006  1.2989266915E+004
  1.0727001984E+006  1.2970664826E+004
  1.0744001896E+006  1.2951899736E+004
  1.0761001961E+006  1.2932969303E+004
  1.0778002143E+006  1.2913901609E+004
  1.0795002479E+006  1.2894748985E+004
  1.0812002986E+006  1.2875578880E+004
  1.0829001995E+006  1.2856466006E+004
  1.0846002776E+006  1.2837475928E+004
  1.0863002072E+006  1.2818670293E+004
  1.0880003147E+006  1.2800086462E+004
  1.0897002758E+006  1.2781747618E+004
  1.0914002500E+006  1.2763650729E+004
  1.0931002376E+006  1.2745780626E+004
  1.0948002438E+006  1.2728115405E+004
  1.0965002641E+006  1.2710630700E+004
  1.0982002962E+006  1.2693313278E+004
  1.0999001846E+006  1.2676167535E+004
  1.1016002517E+006  1.2659203629E+004
  1.1033001693E+006  1.2642442007E+004
  1.1050002652E+006  1.2625905438E+004
  1.1067002167E+006  1.2609626111E+004
  1.1084001836E+006  1.2593629395E+004
  1.1101001659E+006  1.2577935278E+004
  1.1118001636E+006  1.2562566609E+004
  1.1135001798E+006  1.2547524877E+004
  1.1152002133E+006  1.2532780212E+004
  1.1169002607E+006  1.2518283602E+004
  1.1186003246E+006  1.2503973589E+004
  1.1203002462E+006  1.2489784656E+004
  1.1220001834E+006  1.2475650824E+004
  1.1237002976E+006  1.2461512514E+004
  1.1254002688E+006  1.2447320249E+004
  1.1271002575E+006  1.2433035723E+004
  1.1288002614E+006  1.2418638349E+004
  1.1305002808E+006  1.2404121885E+004
  1.1322003195E+006  1.2389494013E+004
  1.1339002132E+006  1.2374776161E+004
  1.1356002838E+006  1.2359994331E+004
  1.1373002069E+006  1.2345185554E+004
  1.1390003128E+006  1.2330382945E+004
  1.1407002721E+006  1.2315622876E+004
  1.1424002446E+006  1.2300933174E+004
  1.1441002352E+006  1.2286336895E+004
  1.1458002430E+006  1.2271849537E+004
  1.1475002650E+006  1.2257476980E+004
  1.1492003017E+006  1.2243217037E+004
  1.1509001929E+006  1.2229062804E+004
  1.1526002627E+006  1.2215004895E+004
  1.1543001848E+006  1.2201039287E+004
  1.1560002819E+006  1.2187157372E+004
  1.1577002341E+006  1.2173357398E+004
  1.1594002028E+006  1.2159636351E+004
  1.1611001828E+006  1.2146002231E+004
  1.1628001773E+006  1.2132458708E+004
  1.1645001902E+006  1.2119005730E+004
  1.1662002154E+006  1.2105640504E+004
  1.1679002524E+006  1.2092358270E+004
  1.1696003068E+006  1.2079152015E+004
  1.1713002128E+006  1.2066012497E+004
  1.1730002946E+006  1.2052922865E+004
  1.1747002275E+006  1.2039867766E+004
  1.1764001751E+006  1.2026825484E+004
  1.1781003004E+006  1.2013773756E+004
  1.1798002769E+006  1.2000707164E+004
  1.1815002649E+006  1.1987611917E+004
  1.1832002703E+006  1.1974480009E+004
  1.1849002908E+006  1.1961298532E+004
  1.1866003214E+006  1.1948059129E+004
  1.1883002053E+006  1.1934759100E+004
  1.1900002692E+006  1.1921395826E+004
  1.1917001830E+006  1.1907975459E+004
  1.1934002726E+006  1.1894502241E+004
  1.1951002168E+006  1.1880991225E+004
  1.1968001754E+006  1.1867454656E+004
  1.1985003116E+006  1.1853902741E+004
  1.2002002993E+006  1.1840350262E+004
  1.2019003036E+006  1.1826807586E+004
  1.2036003242E+006  1.1813285036E+004
  1.2053001960E+006  1.1799792194E+004
  1.2070002451E+006  1.1786332215E+004
  1.2087003129E+006  1.1772909326E+004
  1.2104002340E+006  1.1759524631E+004
  1.2121001682E+006  1.1746173922E+004
  1.2138002830E+006  1.1732851336E+004
  1.2155002518E+006  1.1719553664E+004
  1.2172002359E+006  1.1706273237E+004
  1.2189002356E+006  1.1693003605E+004
  1.2206002526E+006  1.1679738796E+004
  1.2223002856E+006  1.1666473666E+004
  1.2240001716E+006  1.1653206315E+004
  1.2257002352E+006  1.1639932557E+004
  1.2274003172E+006  1.1626652066E+004
  1.2291002523E+006  1.1613365827E+004
  1.2308002013E+006  1.1600073436E+004
  1.2325001673E+006  1.1586776663E+004
  1.2342003125E+006  1.1573476656E+004
  1.2359003094E+006  1.1560178482E+004
  1.2376003223E+006  1.1546883462E+004
  1.2393001884E+006  1.1533595330E+004
  1.2410002315E+006  1.1520317500E+004
  1.2427002907E+006  1.1507061147E+004
  1.2444002012E+006  1.1493832991E+004
  1.2461002901E+006  1.1480632603E+004
  1.2478002319E+006  1.1467463072E+004
  1.2495001868E+006  1.1454322605E+004
  1.2512003193E+006  1.1441207575E+004
  1.2529003052E+006  1.1428116930E+004
  1.2546003036E+006  1.1415044858E+004
  1.2563003163E+006  1.1401985825E+004
  1.2580001823E+006  1.1388934598E+004
  1.2597002229E+006  1.1375881475E+004
  1.2614002780E+006  1.1362819838E+004
  1.2631001855E+006  1.1349742501E+004
  1.2648002684E+006  1.1336637978E+004
  1.2665002020E+006  1.1323499207E+004
  1.2682003138E+006  1.1310311223E+004
  1.2699002749E+006  1.1297063688E+004
  1.2716002505E+006  1.1283745196E+004
  1.2733002397E+006  1.1270345189E+004
  1.2750002417E+006  1.1256852911E+004
  1.2767002587E+006  1.1243257718E+004
  1.2784002890E+006  1.1229549537E+004
  1.2801001689E+006  1.1215718378E+004
  1.2818002275E+006  1.1201741326E+004
  1.2835002999E+006  1.1187618949E+004
  1.2852002210E+006  1.1173357462E+004
  1.2869003219E+006  1.1158966410E+004
  1.2886002741E+006  1.1144470361E+004
  1.2903002387E+006  1.1129901449E+004
  1.2920002181E+006  1.1115307111E+004
  1.2937002133E+006  1.1100751386E+004
  1.2954002223E+006  1.1086316798E+004
  1.2971002460E+006  1.1072107608E+004
  1.2988002839E+006  1.1058242931E+004
  1.3005001753E+006  1.1044854096E+004
  1.3022002446E+006  1.1032078322E+004
  1.3039001644E+006  1.1020060029E+004
  1.3056002637E+006  1.1008931868E+004
  1.3073002168E+006  1.0998813939E+004
  1.3090001831E+006  1.0989796566E+004
  1.3107001639E+006  1.0981926194E+004
  1.3124001632E+006  1.0975169167E+004
  1.3141001769E+006  1.0969414836E+004
  1.3158002050E+006  1.0964499885E+004
  1.3175002485E+006  1.0960231097E+004
  1.3192003094E+006  1.0956418973E+004
  1.3209002223E+006  1.0952900808E+004
  1.3226003117E+006  1.0949538088E+004
  1.3243002552E+006  1.0946218385E+004
  1.3260002154E+006  1.0942856112E+004
  1.3277001880E+006  1.0939381938E+004
  1.3294001754E+006  1.0935736777E+004
  1.3311001813E+006  1.0931872294E+004
  1.3328002005E+006  1.0927749547E+004
  1.3345002332E+006  1.0923338391E+004
  1.3362002816E+006  1.0918617364E+004
  1.3379001833E+006  1.0913573129E+004
  1.3396002613E+006  1.0908204157E+004
  1.3413001904E+006  1.0902523539E+004
  1.3430002970E+006  1.0896552477E+004
  1.3447002571E+006  1.0890323959E+004
  1.3464002285E+006  1.0883879244E+004
  1.3481002133E+006  1.0877260662E+004
  1.3498002160E+006  1.0870511291E+004
  1.3515002310E+006  1.0863673256E+004
  1.3532002568E+006  1.0856782638E+004
  1.3549002990E+006  1.0849872867E+004
  1.3566001930E+006  1.0842973550E+004
  1.3583002608E+006  1.0836105147E+004
  1.3600001805E+006  1.0829281084E+004
  1.3617002762E+006  1.0822501975E+004
  1.3634002230E+006  1.0815763234E+004
  1.3651001820E+006  1.0809052047E+004
  1.3668003167E+006  1.0802348587E+004
  1.3685003036E+006  1.0795632095E+004
  1.3702003041E+006  1.0788879530E+004
  1.3719003145E+006  1.0782069983E+004
  1.3736001774E+006  1.0775185896E+004
  1.3753002187E+006  1.0768211159E+004
  1.3770002699E+006  1.0761135281E+004
  1.3787001728E+006  1.0753951708E+004
  1.3804002532E+006  1.0746656562E+004
  1.3821001834E+006  1.0739250071E+004
  1.3838002892E+006  1.0731731811E+004
  1.3855002474E+006  1.0724105519E+004
  1.3872002189E+006  1.0716373253E+004
  1.3889002048E+006  1.0708541759E+004
  1.3906002035E+006  1.0700620645E+004
  1.3923002167E+006  1.0692622110E+004
  1.3940002457E+006  1.0684561320E+004
  1.3957002873E+006  1.0676456118E+004
  1.3974001802E+006  1.0668326201E+004
  1.3991002518E+006  1.0660189997E+004
  1.4008001746E+006  1.0652069731E+004
  1.4025002736E+006  1.0643984636E+004
  1.4042002263E+006  1.0635956549E+004
  1.4059001929E+006  1.0628003886E+004
  1.4076001743E+006  1.0620144190E+004
  1.4093001705E+006  1.0612393159E+004
  1.4110001819E+006  1.0604763125E+004
  1.4127002082E+006  1.0597262428E+004
  1.4144002493E+006  1.0589893473E+004
  1.4161003050E+006  1.0582651024E+004
  1.4178002133E+006  1.0575526957E+004
  1.4195002985E+006  1.0568506733E+004
  1.4212002358E+006  1.0561574904E+004
  1.4229001886E+006  1.0554711940E+004
  1.4246003177E+006  1.0547896895E+004
  1.4263002991E+006  1.0541110164E+004
  1.4280002959E+006  1.0534330639E+004
  1.4297003064E+006  1.0527547438E+004
  1.4314001680E+006  1.0520750530E+004
  1.4331002080E+006  1.0513921220E+004
  1.4348002612E+006  1.0507045708E+004
  1.4365001660E+006  1.0500113273E+004
  1.4382002472E+006  1.0493113793E+004
  1.4399001801E+006  1.0486041205E+004
  1.4416002901E+006  1.0478888975E+004
  1.4433002493E+006  1.0471655770E+004
  1.4450002229E+006  1.0464339962E+004
  1.4467002117E+006  1.0456940964E+004
  1.4484002119E+006  1.0449460439E+004
  1.4501002249E+006  1.0441902835E+004
  1.4518002543E+006  1.0434274431E+004
  1.4535002946E+006  1.0426583356E+004
  1.4552001845E+006  1.0418840046E+004
  1.4569002519E+006  1.0411053764E+004
  1.4586001696E+006  1.0403238200E+004
  1.4603002619E+006  1.0395405188E+004
  1.4620002045E+006  1.0387569914E+004
  1.4637003231E+006  1.0379744800E+004
  1.4654002928E+006  1.0371945573E+004
  1.4671002738E+006  1.0364185443E+004
  1.4688002670E+006  1.0356477745E+004
  1.4705002765E+006  1.0348834900E+004
  1.4722002970E+006  1.0341268281E+004
  1.4739001652E+006  1.0333788639E+004
  1.4756002124E+006  1.0326402878E+004
  1.4773002732E+006  1.0319118201E+004
  1.4790001809E+006  1.0311939365E+004
  1.4807002669E+006  1.0304866369E+004
  1.4824002037E+006  1.0297898776E+004
  1.4841003161E+006  1.0291030755E+004
  1.4858002782E+006  1.0284256643E+004
  1.4875002544E+006  1.0277566590E+004
  1.4892002454E+006  1.0270949636E+004
  1.4909002489E+006  1.0264393554E+004
  1.4926002643E+006  1.0257885339E+004
  1.4943002962E+006  1.0251411526E+004
  1.4960001796E+006  1.0244959219E+004
  1.4977002365E+006  1.0238514558E+004
  1.4994003096E+006  1.0232066505E+004
  1.5011002351E+006  1.0225605014E+004
  1.5028001732E+006  1.0219119840E+004
  1.5045002879E+006  1.0212601892E+004
  1.5062002557E+006  1.0206045177E+004
  1.5079002375E+006  1.0199443086E+004
  1.5096002326E+006  1.0192790798E+004
  1.5113002419E+006  1.0186084582E+004
  1.5130002673E+006  1.0179321727E+004
  1.5147003064E+006  1.0172500625E+004
  1.5164001951E+006  1.0165621301E+004
  1.5181002629E+006  1.0158682495E+004
  1.5198001825E+006  1.0151685949E+004
  1.5215002777E+006  1.0144632104E+004
  1.5232002246E+006  1.0137523974E+004
  1.5249001867E+006  1.0130363082E+004
  1.5266003245E+006  1.0123152584E+004
  1.5283003136E+006  1.0115898693E+004
  1.5300003164E+006  1.0108606415E+004
  1.5317001713E+006  1.0101282800E+004
  1.5334002016E+006  1.0093933189E+004
  1.5351002454E+006  1.0086565312E+004
  1.5368003036E+006  1.0079186368E+004
  1.5385002125E+006  1.0071804321E+004
  1.5402002964E+006  1.0064424932E+004
  1.5419002322E+006  1.0057056563E+004
  1.5436001809E+006  1.0049705148E+004
  1.5453003044E+006  1.0042376283E+004
  1.5470002798E+006  1.0035077070E+004
  1.5487002674E+006  1.0027811807E+004
  1.5504002673E+006  1.0020584720E+004
  1.5521002811E+006  1.0013399182E+004
  1.5538003075E+006  1.0006257390E+004
  1.5555001827E+006  9.9991613040E+003
  1.5572002349E+006  9.9921098335E+003
  1.5589002987E+006  9.9851029681E+003
  1.5606002128E+006  9.9781396555E+003
  1.5623003022E+006  9.9712159321E+003
  1.5640002405E+006  9.9643297629E+003
  1.5657001929E+006  9.9574764957E+003
  1.5674003198E+006  9.9506510621E+003
  1.5691002949E+006  9.9438500676E+003
  1.5708002851E+006  9.9370672386E+003
  1.5725002874E+006  9.9302975300E+003
  1.5742003000E+006  9.9235365022E+003
  1.5759001651E+006  9.9167806069E+003
  1.5776002056E+006  9.9100245876E+003
  1.5793002573E+006  9.9032646057E+003
  1.5810003225E+006  9.8964975723E+003
  1.5827002385E+006  9.8897218122E+003
  1.5844001669E+006  9.8829349316E+003
  1.5861002709E+006  9.8761350651E+003
  1.5878002245E+006  9.8693230899E+003
  1.5895001932E+006  9.8624982694E+003
  1.5912001745E+006  9.8556611933E+003
  1.5929001668E+006  9.8488163711E+003
  1.5946001757E+006  9.8419662172E+003
  1.5963001981E+006  9.8351120799E+003
  1.5980002311E+006  9.8282556623E+003
  1.5997002795E+006  9.8213989663E+003
