  0.0000000000E+000  0.0000000000E+000
  1.7002996141E+003 -6.1263458289E+002
  3.4003689607E+003 -1.2286786655E+003
  5.1003340377E+003 -1.8451735234E+003
  6.8003453135E+003 -2.4583732267E+003
  8.5002820383E+003 -3.0611391747E+003
  1.0200196559E+004 -3.6432883344E+003
  1.1900284540E+004 -3.3764162555E+003
  1.3600372770E+004 -3.7466906990E+003
  1.5300217129E+004 -3.2587898913E+003
  1.7000302858E+004 -4.5503050070E+003
  1.8700334284E+004 -5.1216933569E+003
  2.0400368655E+004 -5.9078121678E+003
  2.2100345659E+004 -6.4212776438E+003
  2.3800202982E+004 -6.9395815673E+003
  2.5500276052E+004 -7.4612312870E+003
  2.7200268715E+004 -7.9853859398E+003
  2.8900370521E+004 -8.5115949081E+003
  3.0600360479E+004 -9.0392072835E+003
  3.2300373395E+004 -9.5679494038E+003
  3.4000260315E+004 -1.0097795433E+004
  3.5700278059E+004 -1.0628492805E+004
  3.7400288479E+004 -1.1160203979E+004
  3.9100352891E+004 -1.1693056893E+004
  4.0800258939E+004 -1.2226575397E+004
  4.2500379640E+004 -1.2760907391E+004
  4.4200328248E+004 -1.3295339419E+004
  4.5900296330E+004 -1.3829307766E+004
  4.7600208154E+004 -1.4362272219E+004
  4.9300360798E+004 -1.4893457221E+004
  5.1000229013E+004 -1.5419970066E+004
  5.2700299747E+004 -1.5948178215E+004
  5.4400269831E+004 -1.6477854026E+004
  5.6100230243E+004 -1.7266885202E+004
  5.7800279852E+004 -1.8064071088E+004
  5.9500312666E+004 -1.8726100695E+004
  6.1200238211E+004 -1.9290682184E+004
  6.2900226732E+004 -1.9861191875E+004
  6.4600378086E+004 -2.0527035696E+004
  6.6300383731E+004 -2.1190901789E+004
  6.8000333721E+004 -2.1840636117E+004
  6.9700261682E+004 -2.2446903518E+004
  7.1400273716E+004 -2.3048606663E+004
  7.3100217317E+004 -2.3644433551E+004
  7.4800228469E+004 -2.4233863775E+004
  7.6500345733E+004 -2.4825706736E+004
  7.8200264929E+004 -2.5422422273E+004
  7.9900327952E+004 -2.6028827555E+004
  8.1600222812E+004 -2.6658931907E+004
  8.3300305660E+004 -2.7299182377E+004
  8.5000319002E+004 -2.7932734274E+004
  8.6700347697E+004 -2.8562359691E+004
  8.8400260006E+004 -2.9175715534E+004
  9.0100357946E+004 -2.9763620374E+004
  9.1800334336E+004 -3.0351316125E+004
  9.3500321200E+004 -3.0939089457E+004
  9.5200277923E+004 -3.1527138592E+004
  9.6900207741E+004 -3.2115716301E+004
  9.8600306650E+004 -3.2704960087E+004
  1.0030037248E+005 -3.3285128534E+004
  1.0200025378E+005 -3.3854973232E+004
  1.0370025145E+005 -3.4424623726E+004
  1.0540024564E+005 -3.4993998575E+004
  1.0710033830E+005 -3.5563453796E+004
  1.0880022500E+005 -3.6133600039E+004
  1.1050026072E+005 -3.6703955272E+004
  1.1220026382E+005 -3.7267603092E+004
  1.1390025100E+005 -3.7826044368E+004
  1.1560020218E+005 -3.8384878647E+004
  1.1730022271E+005 -3.8944051861E+004
  1.1900037390E+005 -3.9503332940E+004
  1.2070020765E+005 -4.0062627112E+004
  1.2240037214E+005 -4.0622318460E+004
  1.2410020343E+005 -4.1182235092E+004
  1.2580038070E+005 -4.1742567415E+004
  1.2750036015E+005 -4.2303187370E+004
  1.2920033643E+005 -4.2864191081E+004
  1.3090023601E+005 -4.3425608577E+004
  1.3260019486E+005 -4.3987563631E+004
  1.3430025532E+005 -4.4550132318E+004
  1.3600034044E+005 -4.5113333992E+004
  1.3770036460E+005 -4.5677178585E+004
  1.3940019899E+005 -4.6241650951E+004
  1.4110036620E+005 -4.6806916950E+004
  1.4280037052E+005 -4.7372866990E+004
  1.4450026876E+005 -4.7938644326E+004
  1.4620019795E+005 -4.8503148220E+004
  1.4790022801E+005 -4.9068908143E+004
  1.4960026130E+005 -4.9635891261E+004
  1.5130024492E+005 -5.0204066156E+004
  1.5300037726E+005 -5.0773541735E+004
  1.5470026895E+005 -5.1344211569E+004
  1.5640030997E+005 -5.1916224555E+004
  1.5810030945E+005 -5.2489538258E+004
  1.5980027315E+005 -5.3064177679E+004
  1.6150036949E+005 -5.3640158729E+004
  1.6320022963E+005 -5.4217431034E+004
  1.6490023343E+005 -5.4796148592E+004
  1.6660037541E+005 -5.5376350505E+004
  1.6830031371E+005 -5.5957966356E+004
  1.7000034655E+005 -5.6541147660E+004
  1.7170038154E+005 -5.7124451824E+004
  1.7340033776E+005 -5.7707040304E+004
  1.7510027602E+005 -5.8290798730E+004
  1.7680035668E+005 -5.8875806683E+004
  1.7850021540E+005 -5.9461961049E+004
  1.8020019719E+005 -6.0049391763E+004
  1.8190019521E+005 -6.0638047203E+004
  1.8360029906E+005 -6.1227951883E+004
  1.8530023506E+005 -6.1818948241E+004
  1.8700027846E+005 -6.2411132566E+004
  1.8870034437E+005 -6.3004489639E+004
  1.9040035296E+005 -6.3598980320E+004
  1.9210037117E+005 -6.4194611089E+004
  1.9380033440E+005 -6.4791356134E+004
  1.9550028586E+005 -6.5389162205E+004
  1.9720037234E+005 -6.5987941857E+004
  1.9890027507E+005 -6.6587619576E+004
  2.0060028673E+005 -6.7188318559E+004
  2.0230031053E+005 -6.7789917016E+004
  2.0400024497E+005 -6.8392275778E+004
  2.0570036405E+005 -6.8995774680E+004
  2.0740024177E+005 -6.9600268333E+004
  2.0910028637E+005 -7.0205784456E+004
  2.1080027850E+005 -7.0812238465E+004
  2.1250025036E+005 -7.1413751471E+004
  2.1420034078E+005 -7.2007387425E+004
  2.1590022786E+005 -7.2601451420E+004
  2.1760025199E+005 -7.3196058381E+004
  2.1930022249E+005 -7.3791068765E+004
  2.2100035360E+005 -7.4386458362E+004
  2.2270021438E+005 -7.4983074258E+004
  2.2440023745E+005 -7.5581859371E+004
  2.2610020706E+005 -7.6181894756E+004
  2.2780032194E+005 -7.6782940930E+004
  2.2950037181E+005 -7.7384653446E+004
  2.3120020102E+005 -7.7986868204E+004
  2.3290032180E+005 -7.8567602488E+004
  2.3460025380E+005 -7.9142900242E+004
  2.3630027886E+005 -7.9718280494E+004
  2.3800027816E+005 -8.0293686433E+004
  2.3970020534E+005 -8.0869128155E+004
  2.4140027828E+005 -8.1444652397E+004
  2.4310029500E+005 -8.2020119354E+004
  2.4480027496E+005 -8.2595493212E+004
  2.4650036542E+005 -8.3170789505E+004
  2.4820023669E+005 -8.3745875280E+004
  2.4990023643E+005 -8.4320853799E+004
  2.5160037878E+005 -8.4895698076E+004
  2.5330030991E+005 -8.5441473887E+004
  2.5500033944E+005 -8.5959647928E+004
  2.5670036052E+005 -8.6474733896E+004
  2.5840030662E+005 -8.6986720308E+004
  2.6010022417E+005 -8.7495909587E+004
  2.6180028647E+005 -8.8002275022E+004
  2.6350031064E+005 -8.8505399844E+004
  2.6520026536E+005 -8.9005446973E+004
  2.6690020892E+005 -8.9512969767E+004
  2.6860027663E+005 -9.0031493200E+004
  2.7030031543E+005 -9.0559876051E+004
  2.7200031858E+005 -9.1096430652E+004
  2.7370023634E+005 -9.1638773267E+004
  2.7540034184E+005 -9.2184114618E+004
  2.7710036420E+005 -9.2728642496E+004
  2.7880036082E+005 -9.3268939876E+004
  2.8050029748E+005 -9.3817856792E+004
  2.8220037553E+005 -9.4373386751E+004
  2.8390020031E+005 -9.4925567259E+004
  2.8560036967E+005 -9.5474432696E+004
  2.8730029656E+005 -9.6019848090E+004
  2.8900035470E+005 -9.6562170169E+004
  2.9070038405E+005 -9.7101576341E+004
  2.9240032337E+005 -9.7638405157E+004
  2.9410023379E+005 -9.8173376197E+004
  2.9580027204E+005 -9.8706693120E+004
  2.9750025303E+005 -9.9238325140E+004
  2.9920037774E+005 -9.9768409526E+004
  3.0090023680E+005 -1.0026543328E+005
  3.0260023747E+005 -1.0073398574E+005
  3.0430036093E+005 -1.0119998627E+005
  3.0600025471E+005 -1.0166436870E+005
  3.0770025390E+005 -1.0212822428E+005
  3.0940021389E+005 -1.0259097935E+005
  3.1110029867E+005 -1.0305197737E+005
  3.1280030439E+005 -1.0351130529E+005
  3.1450028955E+005 -1.0396905641E+005
  3.1620036563E+005 -1.0443129947E+005
  3.1790021230E+005 -1.0497911652E+005
  3.1960037507E+005 -1.0552616598E+005
  3.2130026309E+005 -1.0607232660E+005
  3.2300031123E+005 -1.0661779913E+005
  3.2470027495E+005 -1.0716242793E+005
  3.2640038493E+005 -1.0770625484E+005
  3.2810022819E+005 -1.0824916459E+005
  3.2980020596E+005 -1.0879128011E+005
  3.3150031446E+005 -1.0933252408E+005
  3.3320036477E+005 -1.0987293714E+005
  3.3490036464E+005 -1.1028183109E+005
  3.3660028119E+005 -1.1061385034E+005
  3.3830035341E+005 -1.1095069746E+005
  3.4000034646E+005 -1.1129055554E+005
  3.4170028254E+005 -1.1163055955E+005
  3.4340037339E+005 -1.1197201919E+005
  3.4510037582E+005 -1.1231460216E+005
  3.4680033971E+005 -1.1265840649E+005
  3.4850023572E+005 -1.1300360229E+005
  3.5020025987E+005 -1.1335027235E+005
  3.5190024624E+005 -1.1369758923E+005
  3.5360035516E+005 -1.1404711439E+005
  3.5530021158E+005 -1.1439908267E+005
  3.5700020205E+005 -1.1487008963E+005
  3.5870032395E+005 -1.1540238097E+005
  3.6040038558E+005 -1.1593425017E+005
  3.6210038817E+005 -1.1646563433E+005
  3.6380033259E+005 -1.1699660532E+005
  3.6550019511E+005 -1.1752716466E+005
  3.6720020111E+005 -1.1805740183E+005
  3.6890034016E+005 -1.1858733397E+005
  3.7060020564E+005 -1.1911723274E+005
  3.7230023087E+005 -1.1964685433E+005
  3.7400036692E+005 -1.2017583394E+005
  3.7570023268E+005 -1.2070435316E+005
  3.7740025792E+005 -1.2123263478E+005
  3.7910038145E+005 -1.2176089917E+005
  3.8080026019E+005 -1.2228903340E+005
  3.8250027502E+005 -1.2281703657E+005
  3.8420039018E+005 -1.2334514571E+005
  3.8590026086E+005 -1.2387310258E+005
  3.8760024632E+005 -1.2440094365E+005
  3.8930035999E+005 -1.2492872080E+005
  3.9100021693E+005 -1.2545630453E+005
  3.9270038815E+005 -1.2597400867E+005
  3.9440030283E+005 -1.2648864143E+005
  3.9610032333E+005 -1.2700382444E+005
  3.9780028855E+005 -1.2751953090E+005
  3.9950037879E+005 -1.2803582965E+005
  4.0120038464E+005 -1.2855257645E+005
  4.0290033915E+005 -1.2906980373E+005
  4.0460020041E+005 -1.2958774995E+005
  4.0630037729E+005 -1.3010160914E+005
  4.0800030443E+005 -1.3061195351E+005
  4.0970033546E+005 -1.3112120464E+005
  4.1140030003E+005 -1.3163026585E+005
  4.1310020436E+005 -1.3213969478E+005
  4.1480020554E+005 -1.3264991235E+005
  4.1650033797E+005 -1.3316111757E+005
  4.1820021430E+005 -1.3367330420E+005
  4.1990038525E+005 -1.3418697121E+005
  4.2160031256E+005 -1.3471727699E+005
  4.2330035535E+005 -1.0519209468E+005
  4.2500030298E+005 -1.1442020351E+005
  4.2670020622E+005 -1.3095646947E+005
  4.2840021515E+005 -1.4353065586E+005
  4.3010034491E+005 -1.0884605240E+005
  4.3180021925E+005 -5.4106619987E+004
  4.3350020037E+005  1.8853270171E+005
  4.3520030417E+005  9.3912302660E+005
  4.3690033725E+005  2.6885525857E+006
  4.3860030061E+005  6.0640905894E+006
  4.4030038616E+005  1.1339741237E+007
  4.4200020696E+005  1.8358571526E+007
  4.4370034284E+005  2.7077043809E+007
  4.4540020928E+005  3.6856988396E+007
  4.4710019795E+005  4.6967318903E+007
  4.4880031074E+005  5.6939297633E+007
  4.5050035795E+005  6.5646403317E+007
  4.5220031722E+005  7.3103831475E+007
  4.5390021189E+005  7.9420155910E+007
  4.5560022231E+005  8.4486793608E+007
  4.5730034617E+005  8.8532023043E+007
  4.5900021839E+005  9.1756952748E+007
  4.6070019917E+005  9.4374411381E+007
  4.6240030056E+005  9.6538170760E+007
  4.6410033346E+005  9.8372390514E+007
  4.6580028143E+005  1.0023385073E+008
  4.6750034557E+005  1.0169424162E+008
  4.6920035476E+005  1.0299510055E+008
  4.7090027482E+005  1.0419488869E+008
  4.7260030476E+005  1.0533758144E+008
  4.7430028017E+005  1.0647409174E+008
  4.7600034824E+005  1.0766982689E+008
  4.7770033947E+005  1.0898678245E+008
  4.7940027249E+005  1.1048233416E+008
  4.8110031043E+005  1.1220766226E+008
  4.8280025997E+005  1.1419392296E+008
  4.8450034471E+005  1.1644333847E+008
  4.8620033649E+005  1.1893393661E+008
  4.8790023584E+005  1.2164030073E+008
  4.8960028161E+005  1.2454260899E+008
  4.9130023087E+005  1.2763701386E+008
  4.9300029077E+005  1.3091516655E+008
  4.9470028635E+005  1.3429032691E+008
  4.9640038491E+005  1.3770016595E+008
  4.9810039044E+005  1.4110168507E+008
  4.9980033577E+005  1.4447422937E+008
  5.0150039146E+005  1.4780987260E+008
  5.0320034420E+005  1.5110754979E+008
  5.0490023841E+005  1.5437028030E+008
  5.0660023420E+005  1.5760320944E+008
  5.0830032991E+005  1.6080303382E+008
  5.1000035646E+005  1.6397420871E+008
  5.1170030573E+005  1.6712283233E+008
  5.1340034810E+005  1.7024649815E+008
  5.1510031639E+005  1.7336185948E+008
  5.1680021048E+005  1.7642138829E+008
  5.1850038927E+005  1.7930478522E+008
  5.2020030210E+005  1.8203518895E+008
  5.2190033449E+005  1.8464500061E+008
  5.2360026836E+005  1.8715013055E+008
  5.2530031133E+005  1.8955975767E+008
  5.2700028697E+005  1.9191887467E+008
  5.2870035282E+005  1.9420038939E+008
  5.3040033199E+005  1.9641984364E+008
  5.3210024941E+005  1.9857611127E+008
  5.3380025815E+005  2.0069183946E+008
  5.3550037329E+005  2.0276452877E+008
  5.3720022004E+005  2.0477370249E+008
  5.3890037011E+005  2.0674553127E+008
  5.4060022156E+005  2.0868183132E+008
  5.4230020741E+005  2.1057290206E+008
  5.4400030104E+005  2.1241392405E+008
  5.4570029243E+005  2.1419294529E+008
  5.4740020979E+005  2.1592273666E+008
  5.4910024125E+005  2.1762380477E+008
  5.5080036819E+005  2.1928829682E+008
  5.5250021669E+005  2.2090766057E+008
  5.5420039239E+005  2.2249092652E+008
  5.5590025935E+005  2.2404080330E+008
  5.5760023964E+005  2.2555547966E+008
  5.5930034297E+005  2.2703507224E+008
  5.6100034927E+005  2.2847512558E+008
  5.6270025972E+005  2.2987245588E+008
  5.6440030178E+005  2.3123629478E+008
  5.6610025360E+005  2.3257909172E+008
  5.6780029592E+005  2.3390231432E+008
  5.6950026586E+005  2.3519782258E+008
  5.7120034736E+005  2.3646219633E+008
  5.7290032973E+005  2.3770045593E+008
  5.7460022699E+005  2.3891948361E+008
  5.7630025174E+005  2.3998310297E+008
  5.7800036211E+005  2.4083553140E+008
  5.7970038443E+005  2.4159778059E+008
  5.8140032778E+005  2.4235373428E+008
  5.8310037583E+005  2.4311672117E+008
  5.8480032402E+005  2.4385308091E+008
  5.8650039249E+005  2.4453407236E+008
  5.8820037546E+005  2.4516697955E+008
  5.8990025085E+005  2.4577909914E+008
  5.9160024020E+005  2.4639424843E+008
  5.9330034045E+005  2.4701684287E+008
  5.9500034913E+005  2.4763183215E+008
  5.9670026103E+005  2.4821754838E+008
  5.9840029061E+005  2.4876349773E+008
  6.0010022206E+005  2.4927465351E+008
  6.0180025721E+005  2.4976462161E+008
  6.0350020023E+005  2.5024734823E+008
  6.0520025143E+005  2.5073215454E+008
  6.0690020595E+005  2.5122049303E+008
  6.0860027009E+005  2.5170627068E+008
  6.1030023929E+005  2.5217906505E+008
  6.1200031147E+005  2.5262998684E+008
  6.1370029093E+005  2.5305536373E+008
  6.1540037004E+005  2.5345698578E+008
  6.1710035570E+005  2.5383965067E+008
  6.1880025499E+005  2.5420978300E+008
  6.2050026138E+005  2.5457355706E+008
  6.2220035656E+005  2.5493586331E+008
  6.2390036584E+005  2.5529976245E+008
  6.2560028229E+005  2.5566619812E+008
  6.2730029760E+005  2.5603397545E+008
  6.2900020934E+005  2.5640007056E+008
  6.3070024449E+005  2.5676063321E+008
  6.3240037333E+005  2.5711192905E+008
  6.3410019995E+005  2.5745118292E+008
  6.3580032668E+005  2.5777727432E+008
  6.3750036900E+005  2.5809026995E+008
  6.3920029989E+005  2.5839132821E+008
  6.4090033295E+005  2.5868223600E+008
  6.4260028609E+005  2.5896490409E+008
  6.4430033380E+005  2.5924122542E+008
  6.4600027035E+005  2.5951274558E+008
  6.4770031228E+005  2.5978068558E+008
  6.4940027119E+005  2.6004575218E+008
  6.5110031748E+005  2.6030825541E+008
  6.5280026864E+005  2.6056803467E+008
  6.5450032405E+005  2.6082464390E+008
  6.5620028527E+005  2.6107734837E+008
  6.5790033299E+005  2.6132536003E+008
  6.5960029208E+005  2.6144876947E+008
  6.6130034544E+005  2.6155509368E+008
  6.6300030493E+005  2.6165830249E+008
  6.6470036086E+005  2.6175817429E+008
  6.6640032369E+005  2.6185468879E+008
  6.6810037440E+005  2.6194803021E+008
  6.6980033459E+005  2.6203849481E+008
  6.7150039066E+005  2.6212647880E+008
  6.7320034377E+005  2.6221239097E+008
  6.7490019839E+005  2.6229664580E+008
  6.7660036342E+005  2.6237964347E+008
  6.7830022284E+005  2.6246168105E+008
  6.8000036805E+005  2.6254304988E+008
  6.8170022567E+005  2.6262391600E+008
  6.8340038442E+005  2.6270443221E+008
  6.8510023552E+005  2.6278462989E+008
  6.8680038065E+005  2.6286453992E+008
  6.8850024409E+005  2.6294408894E+008
  6.9020019929E+005  2.6302320950E+008
  6.9190024108E+005  2.6310178855E+008
  6.9360038248E+005  2.6317969749E+008
  6.9530023581E+005  2.6325678402E+008
  6.9700037559E+005  2.6333294345E+008
  6.9870022042E+005  2.6340803095E+008
  7.0040036088E+005  2.6348197200E+008
  7.0210020418E+005  2.6355466190E+008
  7.0380033568E+005  2.6362607134E+008
  7.0550037356E+005  2.6369615638E+008
  7.0720030279E+005  2.6376491481E+008
  7.0890033142E+005  2.6383237644E+008
  7.1060026591E+005  2.6389857543E+008
  7.1230030122E+005  2.6396357798E+008
  7.1400021816E+005  2.6402744717E+008
  7.1570023436E+005  2.6409027147E+008
  7.1740035457E+005  2.6415213626E+008
  7.1910037237E+005  2.6421312022E+008
  7.2080027584E+005  2.6427330618E+008
  7.2250028612E+005  2.6433278368E+008
  7.2420039484E+005  2.6439162898E+008
  7.2590039431E+005  2.6444990510E+008
  7.2760028303E+005  2.6450767465E+008
  7.2930027703E+005  2.6456499928E+008
  7.3100036351E+005  2.6462192411E+008
  7.3270034665E+005  2.6467847958E+008
  7.3440022761E+005  2.6473469415E+008
  7.3610020651E+005  2.6479059442E+008
  7.3780027065E+005  2.6484619240E+008
  7.3950023656E+005  2.6490148765E+008
  7.4120029836E+005  2.6495648576E+008
  7.4290025056E+005  2.6501117393E+008
  7.4460029190E+005  2.6506554764E+008
  7.4630024359E+005  2.6511958624E+008
  7.4800028909E+005  2.6517327741E+008
  7.4970021615E+005  2.6522659279E+008
  7.5140023310E+005  2.6527951419E+008
  7.5310035430E+005  2.6533201674E+008
  7.5480037029E+005  2.6538406861E+008
  7.5650027258E+005  2.6543564472E+008
  7.5820027145E+005  2.6548672751E+008
  7.5990036659E+005  2.6553729458E+008
  7.6160035123E+005  2.6558731950E+008
  7.6330022826E+005  2.6563678451E+008
  7.6500019932E+005  2.6568568017E+008
  7.6670025920E+005  2.6573399363E+008
  7.6840021144E+005  2.6578170965E+008
  7.7010026672E+005  2.6582882754E+008
  7.7180021459E+005  2.6587533792E+008
  7.7350024149E+005  2.6592124530E+008
  7.7520035757E+005  2.6596655208E+008
  7.7690037782E+005  2.6601125820E+008
  7.7860029092E+005  2.6605537086E+008
  7.8030028472E+005  2.6609890461E+008
  7.8200037212E+005  2.6614187135E+008
  7.8370035796E+005  2.6618427948E+008
  7.8540023237E+005  2.6622614353E+008
  7.8710039030E+005  2.6626748778E+008
  7.8880024368E+005  2.6630831240E+008
  7.9050038427E+005  2.6634864812E+008
  7.9220021444E+005  2.6638849759E+008
  7.9390034108E+005  2.6642789204E+008
  7.9560036145E+005  2.6646683897E+008
  7.9730026441E+005  2.6650535489E+008
  7.9900025068E+005  2.6654346055E+008
  8.0070033627E+005  2.6658117184E+008
  8.0240031520E+005  2.6661849911E+008
  8.0410037455E+005  2.6665546066E+008
  8.0580032299E+005  2.6669206554E+008
  8.0750037007E+005  2.6672832999E+008
  8.0920030343E+005  2.6676426033E+008
  8.1090032217E+005  2.6679987031E+008
  8.1260022899E+005  2.6683516423E+008
  8.1430022765E+005  2.6687015376E+008
  8.1600030502E+005  2.6690484521E+008
  8.1770027789E+005  2.6693924068E+008
  8.1940034558E+005  2.6697334925E+008
  8.2110030128E+005  2.6700717111E+008
  8.2280032967E+005  2.6704071366E+008
  8.2450025277E+005  2.6707397663E+008
  8.2620026667E+005  2.6710696657E+008
  8.2790036905E+005  2.6713968568E+008
  8.2960035191E+005  2.6717213185E+008
  8.3130023409E+005  2.6720430708E+008
  8.3300019897E+005  2.6723621616E+008
  8.3470024757E+005  2.6726786017E+008
  8.3640038200E+005  2.6729924012E+008
  8.3810021480E+005  2.6733034974E+008
  8.3980032117E+005  2.6736120033E+008
  8.4150031458E+005  2.6739178565E+008
  8.4320020084E+005  2.6742210665E+008
  8.4490038301E+005  2.6745217125E+008
  8.4660023969E+005  2.6748196932E+008
  8.4830037774E+005  2.6751151236E+008
  8.5000020649E+005  2.6754079109E+008
  8.5170032359E+005  2.6756981684E+008
  8.5340032111E+005  2.6759858383E+008
  8.5510021320E+005  2.6762709368E+008
  8.5680038841E+005  2.6765535433E+008
  8.5850024938E+005  2.6768335744E+008
  8.6020038564E+005  2.6771111449E+008
  8.6190021942E+005  2.6773861794E+008
  8.6360033735E+005  2.6776587932E+008
  8.6530033677E+005  2.6779289435E+008
  8.6700021903E+005  2.6781966547E+008
  8.6870039310E+005  2.6784620162E+008
  8.7040025388E+005  2.6787249604E+008
  8.7210039373E+005  2.6789856058E+008
  8.7380022075E+005  2.6792438867E+008
  8.7550033230E+005  2.6794999203E+008
  8.7720032425E+005  2.6797536881E+008
  8.7890039661E+005  2.6800052496E+008
  8.8060036555E+005  2.6802546028E+008
  8.8230022314E+005  2.6805017725E+008
  8.8400035390E+005  2.6807468400E+008
  8.8570036173E+005  2.6809897865E+008
  8.8740026398E+005  2.6812306789E+008
  8.8910024664E+005  2.6814695784E+008
  8.9080031239E+005  2.6817065177E+008
  8.9250026323E+005  2.6819415012E+008
  8.9420030606E+005  2.6821745888E+008
  8.9590022295E+005  2.6824057811E+008
  8.9760022060E+005  2.6826351362E+008
  8.9930030236E+005  2.6828626836E+008
  9.0100027855E+005  2.6830884262E+008
  9.0270032686E+005  2.6833124155E+008
  9.0440025897E+005  2.6835346541E+008
  9.0610027567E+005  2.6837551949E+008
  9.0780038085E+005  2.6839740633E+008
  9.0950036062E+005  2.6841912559E+008
  9.1120022687E+005  2.6844067993E+008
  9.1290037501E+005  2.6846207671E+008
  9.1460020533E+005  2.6848331062E+008
  9.1630030845E+005  2.6850439123E+008
  9.1800029975E+005  2.6852531580E+008
  9.1970038094E+005  2.6854608887E+008
  9.2140034159E+005  2.6856670979E+008
  9.2310037767E+005  2.6858718283E+008
  9.2480029616E+005  2.6860750714E+008
  9.2650029889E+005  2.6862768673E+008
  9.2820037503E+005  2.6864772311E+008
  9.2990033845E+005  2.6866761565E+008
  9.3160038805E+005  2.6868736814E+008
  9.3330032338E+005  2.6870697969E+008
  9.3500032704E+005  2.6872645373E+008
  9.3670021478E+005  2.6874578938E+008
  9.3840038200E+005  2.6876499238E+008
  9.4010023537E+005  2.6878405722E+008
  9.4180036031E+005  2.6880299158E+008
  9.4350037414E+005  2.6882179217E+008
  9.4520027003E+005  2.6884045994E+008
  9.4690024276E+005  2.6885899796E+008
  9.4860028834E+005  2.6887740706E+008
  9.5030022043E+005  2.6889568605E+008
  9.5200023461E+005  2.6891383780E+008
  9.5370032310E+005  2.6893186294E+008
  9.5540028971E+005  2.6894976028E+008
  9.5710033869E+005  2.6896753319E+008
  9.5880027267E+005  2.6898518081E+008
  9.6050027731E+005  2.6900270636E+008
  9.6220036395E+005  2.6902011115E+008
  9.6390033343E+005  2.6903739425E+008
  9.6560038360E+005  2.6905455873E+008
  9.6730030077E+005  2.6907143746E+008
  9.6900030248E+005  2.6908803933E+008
  9.7070038606E+005  2.6910450867E+008
  9.7240035072E+005  2.6912084376E+008
  9.7410038734E+005  2.6913704660E+008
  9.7580030851E+005  2.6915311555E+008
  9.7750030813E+005  2.6916905252E+008
  9.7920038066E+005  2.6918485757E+008
  9.8090032646E+005  2.6920052897E+008
  9.8260035381E+005  2.6921607036E+008
  9.8430026742E+005  2.6923148922E+008
  9.8600025291E+005  2.6924678907E+008
  9.8770031590E+005  2.6926197043E+008
  9.8940025691E+005  2.6927703196E+008
  9.9110027813E+005  2.6929197961E+008
  9.9280036571E+005  2.6930681887E+008
  9.9450033345E+005  2.6932154821E+008
  9.9620038160E+005  2.6933616951E+008
  9.9790031491E+005  2.6935068119E+008
  9.9960031786E+005  2.6936508492E+008
  1.0013003970E+006  2.6937938087E+008
  1.0030003555E+006  2.6939356752E+008
  1.0047003889E+006  2.6940764664E+008
  1.0064002936E+006  2.6942161668E+008
  1.0081002755E+006  2.6943547946E+008
  1.0098003436E+006  2.6944923512E+008
  1.0115002866E+006  2.6946288217E+008
  1.0132003035E+006  2.6947642239E+008
  1.0149003908E+006  2.6948985596E+008
  1.0166003619E+006  2.6950318158E+008
  1.0183002025E+006  2.6951639937E+008
  1.0200003158E+006  2.6952951265E+008
  1.0217003061E+006  2.6954251859E+008
  1.0234003814E+006  2.6955541896E+008
  1.0251003288E+006  2.6956821240E+008
  1.0268003466E+006  2.6958090062E+008
  1.0285002412E+006  2.6959348245E+008
  1.0302002125E+006  2.6960595963E+008
  1.0319002574E+006  2.6961833238E+008
  1.0336003689E+006  2.6963060091E+008
  1.0353003644E+006  2.6964276414E+008
  1.0370002378E+006  2.6965482227E+008
  1.0387003854E+006  2.6966677841E+008
  1.0404002006E+006  2.6967862860E+008
  1.0421002952E+006  2.6969037739E+008
  1.0438002651E+006  2.6970202221E+008
  1.0455003061E+006  2.6971356473E+008
  1.0472002167E+006  2.6972500387E+008
  1.0489002075E+006  2.6973634128E+008
  1.0506002792E+006  2.6974757725E+008
  1.0523002174E+006  2.6975871065E+008
  1.0540002279E+006  2.6976974408E+008
  1.0557003130E+006  2.6978067960E+008
  1.0574002774E+006  2.6979151695E+008
  1.0591003052E+006  2.6980225834E+008
  1.0608002075E+006  2.6981290351E+008
  1.0625003864E+006  2.6982345594E+008
  1.0642002463E+006  2.6983391288E+008
  1.0659003704E+006  2.6984427881E+008
  1.0676003663E+006  2.6985455218E+008
  1.0693002412E+006  2.6986473386E+008
  1.0710003874E+006  2.6987482694E+008
  1.0727002024E+006  2.6988482858E+008
  1.0744002850E+006  2.6989474302E+008
  1.0761002516E+006  2.6990456867E+008
  1.0778002898E+006  2.6991430727E+008
  1.0795003986E+006  2.6992395938E+008
  1.0812003765E+006  2.6993352443E+008
  1.0829002342E+006  2.6994300300E+008
  1.0846003608E+006  2.6995239776E+008
  1.0863003541E+006  2.6996170694E+008
  1.0880002191E+006  2.6997093102E+008
  1.0897003602E+006  2.6998007258E+008
  1.0914003785E+006  2.6998912982E+008
  1.0931002609E+006  2.6999810305E+008
  1.0948002185E+006  2.7000699378E+008
  1.0965002475E+006  2.7001580798E+008
  1.0982003508E+006  2.7002455898E+008
  1.0999003171E+006  2.7003324690E+008
  1.1016003537E+006  2.7004187346E+008
  1.1033002664E+006  2.7005043832E+008
  1.1050002530E+006  2.7005894309E+008
  1.1067003077E+006  2.7006738829E+008
  1.1084002319E+006  2.7007577349E+008
  1.1101002348E+006  2.7008410025E+008
  1.1118003053E+006  2.7009236901E+008
  1.1135002425E+006  2.7010057932E+008
  1.1152002437E+006  2.7010873258E+008
  1.1169003252E+006  2.7011682932E+008
  1.1186002764E+006  2.7012486899E+008
  1.1203002952E+006  2.7013285294E+008
  1.1220003856E+006  2.7014078163E+008
  1.1237003518E+006  2.7014865440E+008
  1.1254003907E+006  2.7015647260E+008
  1.1271002887E+006  2.7016423566E+008
  1.1288002581E+006  2.7017194771E+008
  1.1305002986E+006  2.7017961670E+008
  1.1322002126E+006  2.7018724248E+008
  1.1339003894E+006  2.7019482702E+008
  1.1356002382E+006  2.7020236795E+008
  1.1373003616E+006  2.7020986824E+008
  1.1390003565E+006  2.7021732646E+008
  1.1407002167E+006  2.7022474296E+008
  1.1424003404E+006  2.7023211984E+008
  1.1441003391E+006  2.7023945586E+008
  1.1458002050E+006  2.7024675137E+008
  1.1475003397E+006  2.7025400852E+008
  1.1492003381E+006  2.7026122621E+008
  1.1509002146E+006  2.7026840518E+008
  1.1526003621E+006  2.7027554780E+008
  1.1543003733E+006  2.7028005158E+008
  1.1560002512E+006  2.7028347372E+008
  1.1577003996E+006  2.7028677250E+008
  1.1594002228E+006  2.7028995645E+008
  1.1611003049E+006  2.7029302689E+008
  1.1628002565E+006  2.7029598297E+008
  1.1645002793E+006  2.7029882465E+008
  1.1662003754E+006  2.7030155156E+008
  1.1679003342E+006  2.7030416292E+008
  1.1696003573E+006  2.7030665859E+008
  1.1713002531E+006  2.7030903763E+008
  1.1730002175E+006  2.7031129947E+008
  1.1747002495E+006  2.7031344316E+008
  1.1764003434E+006  2.7031546774E+008
  1.1781003108E+006  2.7031737220E+008
  1.1798003477E+006  2.7031915570E+008
  1.1815002516E+006  2.7032081684E+008
  1.1832002159E+006  2.7032235444E+008
  1.1849002486E+006  2.7032376661E+008
  1.1866003543E+006  2.7032505213E+008
  1.1883003223E+006  2.7032620955E+008
  1.1900003563E+006  2.7032723759E+008
  1.1917002570E+006  2.7032813472E+008
  1.1934002358E+006  2.7032890262E+008
  1.1951002770E+006  2.7032954565E+008
  1.1968003808E+006  2.7033006493E+008
  1.1985003517E+006  2.7033046108E+008
  1.2002003915E+006  2.7033073387E+008
  1.2019002986E+006  2.7033088261E+008
  1.2036002641E+006  2.7033090725E+008
  1.2053003009E+006  2.7033080885E+008
  1.2070002058E+006  2.7033059242E+008
  1.2087003823E+006  2.7033025920E+008
  1.2104002190E+006  2.7032980977E+008
  1.2121003203E+006  2.7032924428E+008
  1.2138002932E+006  2.7032856278E+008
  1.2155003306E+006  2.7032373131E+008
  1.2172002312E+006  2.7031750391E+008
  1.2189003913E+006  2.7031108476E+008
  1.2206002259E+006  2.7030447326E+008
  1.2223003270E+006  2.7029767154E+008
  1.2240002903E+006  2.7029068411E+008
  1.2257003168E+006  2.7028351245E+008
  1.2274002105E+006  2.7027615896E+008
  1.2291003746E+006  2.7026862165E+008
  1.2308003972E+006  2.7026090133E+008
  1.2325002848E+006  2.7025299834E+008
  1.2342002381E+006  2.7024491099E+008
  1.2359002644E+006  2.7023663798E+008
  1.2376003540E+006  2.7022817773E+008
  1.2393003032E+006  2.7021952890E+008
  1.2410003195E+006  2.7021068286E+008
  1.2427002022E+006  2.7020163148E+008
  1.2444003511E+006  2.7019237102E+008
  1.2461003549E+006  2.7018290106E+008
  1.2478002267E+006  2.7017321838E+008
  1.2495003681E+006  2.7016334252E+008
  1.2512003750E+006  2.7015328718E+008
  1.2529002424E+006  2.7014305008E+008
  1.2546003730E+006  2.7013164104E+008
  1.2563003739E+006  2.7011958086E+008
  1.2580002366E+006  2.7010735483E+008
  1.2597003620E+006  2.7009495515E+008
  1.2614003454E+006  2.7008237830E+008
  1.2631003980E+006  2.7006962366E+008
  1.2648003182E+006  2.7005669132E+008
  1.2665002979E+006  2.7004357558E+008
  1.2682003399E+006  2.7003027178E+008
  1.2699002463E+006  2.7001677808E+008
  1.2716002231E+006  2.7000308789E+008
  1.2733002565E+006  2.6998919535E+008
  1.2750003503E+006  2.6997509393E+008
  1.2767003090E+006  2.6996077396E+008
  1.2784003353E+006  2.6994624949E+008
  1.2801002265E+006  2.6993154656E+008
  1.2818003762E+006  2.6991665041E+008
  1.2835003919E+006  2.6990154953E+008
  1.2852002722E+006  2.6988626276E+008
  1.2869002181E+006  2.6987096686E+008
  1.2886002201E+006  2.6985551641E+008
  1.2903002816E+006  2.6983990555E+008
  1.2920002123E+006  2.6982413017E+008
  1.2937002055E+006  2.6980817475E+008
  1.2954002602E+006  2.6979203402E+008
  1.2971003736E+006  2.6977570214E+008
  1.2988003553E+006  2.6975917316E+008
  1.3005002008E+006  2.6974243937E+008
  1.3022003054E+006  2.6972553173E+008
  1.3039002688E+006  2.6970846687E+008
  1.3056002928E+006  2.6969123581E+008
  1.3073003872E+006  2.6967382475E+008
  1.3090003405E+006  2.6965621679E+008
  1.3107003536E+006  2.6963839750E+008
  1.3124002288E+006  2.6962035661E+008
  1.3141003716E+006  2.6960324201E+008
  1.3158003777E+006  2.6958638852E+008
  1.3175002358E+006  2.6956940443E+008
  1.3192003584E+006  2.6955226518E+008
  1.3209003425E+006  2.6953495104E+008
  1.3226003921E+006  2.6951748117E+008
  1.3243002997E+006  2.6949987032E+008
  1.3260002651E+006  2.6948210941E+008
  1.3277002984E+006  2.6946418818E+008
  1.3294003947E+006  2.6944609267E+008
  1.3311003528E+006  2.6942781110E+008
  1.3328003632E+006  2.6940932699E+008
  1.3345002372E+006  2.6939062388E+008
  1.3362003775E+006  2.6937167359E+008
  1.3379003758E+006  2.6935246305E+008
  1.3396002336E+006  2.6933292583E+008
  1.3413003506E+006  2.6931318516E+008
  1.3430003362E+006  2.6929329375E+008
  1.3447003815E+006  2.6927323511E+008
  1.3464002845E+006  2.6925298309E+008
  1.3481002440E+006  2.6923250936E+008
  1.3498002656E+006  2.6921179596E+008
  1.3515003539E+006  2.6919082761E+008
  1.3532002945E+006  2.6916959038E+008
  1.3549002955E+006  2.6914806330E+008
  1.3566003580E+006  2.6912622608E+008
  1.3583002860E+006  2.6910409826E+008
  1.3600002739E+006  2.6908168018E+008
  1.3617003161E+006  2.6905895852E+008
  1.3634002190E+006  2.6903475492E+008
  1.3651003837E+006  2.6900971590E+008
  1.3668002105E+006  2.6898443489E+008
  1.3685002924E+006  2.6895887337E+008
  1.3702002315E+006  2.6893301191E+008
  1.3719002380E+006  2.6890681686E+008
  1.3736003055E+006  2.6888027478E+008
  1.3753002316E+006  2.6885340592E+008
  1.3770002117E+006  2.6882620155E+008
  1.3787002544E+006  2.6879865111E+008
  1.3804003602E+006  2.6877074060E+008
  1.3821003216E+006  2.6874245525E+008
  1.3838003407E+006  2.6871376450E+008
  1.3855002144E+006  2.6868483586E+008
  1.3872003581E+006  2.6865568242E+008
  1.3889003597E+006  2.6862624195E+008
  1.3906002158E+006  2.6859651382E+008
  1.3923003308E+006  2.6856648403E+008
  1.3940003044E+006  2.6853614239E+008
  1.3957003420E+006  2.6850546582E+008
  1.3974002308E+006  2.6847444226E+008
  1.3991003789E+006  2.6844304779E+008
  1.4008003850E+006  2.6841127136E+008
  1.4025002547E+006  2.6837909803E+008
  1.4042003861E+006  2.6834651097E+008
  1.4059003679E+006  2.6831613601E+008
  1.4076002098E+006  2.6828643935E+008
  1.4093003134E+006  2.6825641145E+008
  1.4110002760E+006  2.6822604663E+008
  1.4127002935E+006  2.6819532524E+008
  1.4144003648E+006  2.6816422506E+008
  1.4161002994E+006  2.6813272430E+008
  1.4178002945E+006  2.6810080945E+008
  1.4195003493E+006  2.6806847735E+008
  1.4212002559E+006  2.6803572607E+008
  1.4229002216E+006  2.6800254365E+008
  1.4246002517E+006  2.6797250411E+008
  1.4263003355E+006  2.6794460029E+008
  1.4280002753E+006  2.6791635055E+008
  1.4297002683E+006  2.6788772680E+008
  1.4314003247E+006  2.6785872458E+008
  1.4331002413E+006  2.6782934253E+008
  1.4348002119E+006  2.6779956231E+008
  1.4365002390E+006  2.6776937397E+008
  1.4382003238E+006  2.6773876797E+008
  1.4399002713E+006  2.6770773082E+008
  1.4416002727E+006  2.6767585452E+008
  1.4433003264E+006  2.6764167126E+008
  1.4450002372E+006  2.6760701759E+008
  1.4467002062E+006  2.6757188550E+008
  1.4484002387E+006  2.6753626721E+008
  1.4501003236E+006  2.6750015313E+008
  1.4518002623E+006  2.6746352308E+008
  1.4535002632E+006  2.6742632472E+008
  1.4552003221E+006  2.6738853989E+008
  1.4569002372E+006  2.6735016011E+008
  1.4586002015E+006  2.6731185373E+008
  1.4603002256E+006  2.6727406210E+008
  1.4620003093E+006  2.6723577074E+008
  1.4637002500E+006  2.6719694734E+008
  1.4654002462E+006  2.6715756342E+008
  1.4671002946E+006  2.6711760700E+008
  1.4688002056E+006  2.6707706101E+008
  1.4705003763E+006  2.6703589337E+008
  1.4722003986E+006  2.6699409633E+008
  1.4739002736E+006  2.6695219374E+008
  1.4756002025E+006  2.6691141216E+008
  1.4773003959E+006  2.6687009419E+008
  1.4790002418E+006  2.6682823843E+008
  1.4807003429E+006  2.6678581557E+008
  1.4824002980E+006  2.6674281936E+008
  1.4841003123E+006  2.6669920305E+008
  1.4858003885E+006  2.6665491835E+008
  1.4875003124E+006  2.6660994680E+008
  1.4892002913E+006  2.6657087093E+008
  1.4909003256E+006  2.6653469196E+008
  1.4926002170E+006  2.6649801247E+008
  1.4943003685E+006  2.6646077552E+008
  1.4960003677E+006  2.6642296110E+008
  1.4977002230E+006  2.6638455097E+008
  1.4994003400E+006  2.6634551598E+008
  1.5011003130E+006  2.6630583597E+008
  1.5028003408E+006  2.6626417133E+008
  1.5045002157E+006  2.6622082260E+008
  1.5062003517E+006  2.6617686668E+008
  1.5079003428E+006  2.6613228951E+008
  1.5096003908E+006  2.6608705559E+008
  1.5113002885E+006  2.6604114092E+008
  1.5130002399E+006  2.6599447978E+008
  1.5147002541E+006  2.6594702832E+008
  1.5164003235E+006  2.6589469728E+008
  1.5181002453E+006  2.6584095145E+008
  1.5198002194E+006  2.6578640617E+008
  1.5215002468E+006  2.6573099722E+008
  1.5232003361E+006  2.6567466493E+008
  1.5249002748E+006  2.6561737487E+008
  1.5266002660E+006  2.6555908238E+008
  1.5283003114E+006  2.6550718961E+008
  1.5300002139E+006  2.6546018219E+008
  1.5317003778E+006  2.6541235677E+008
  1.5334003898E+006  2.6536369288E+008
  1.5351002531E+006  2.6531415912E+008
  1.5368003724E+006  2.6526370393E+008
  1.5385003481E+006  2.6521226038E+008
  1.5402003795E+006  2.6516745465E+008
  1.5419002561E+006  2.6512660073E+008
  1.5436003914E+006  2.6508509609E+008
  1.5453003814E+006  2.6504290726E+008
  1.5470002276E+006  2.6499997308E+008
  1.5487003303E+006  2.6495624488E+008
  1.5504002788E+006  2.6491163325E+008
  1.5521002857E+006  2.6485906146E+008
  1.5538003483E+006  2.6480567453E+008
  1.5555002630E+006  2.6475141547E+008
  1.5572002288E+006  2.6469623302E+008
  1.5589002450E+006  2.6464007557E+008
  1.5606003214E+006  2.6458288709E+008
  1.5623002521E+006  2.6452189917E+008
  1.5640002360E+006  2.6445868888E+008
  1.5657002708E+006  2.6439453121E+008
  1.5674003583E+006  2.6432937312E+008
  1.5691003045E+006  2.6426313909E+008
  1.5708003014E+006  2.6419572939E+008
  1.5725003494E+006  2.6413112658E+008
  1.5742002466E+006  2.6406841166E+008
  1.5759004000E+006  2.6400474034E+008
  1.5776002107E+006  2.6394003454E+008
  1.5793002730E+006  2.6387419969E+008
  1.5810003867E+006  2.6380717976E+008
  1.5827003532E+006  2.6373972558E+008
  1.5844003737E+006  2.6367148261E+008
  1.5861002500E+006  2.6360207006E+008
  1.5878003746E+006  2.6353140858E+008
  1.5895003485E+006  2.6345944313E+008
  1.5912003780E+006  2.6338604528E+008
  1.5929002614E+006  2.6331135845E+008
  1.5946004015E+006  2.6323543267E+008
  1.5963003875E+006  2.6315821363E+008
  1.5980002261E+006  2.6307957984E+008
  1.5997003230E+006  2.6299939127E+008
  1.6014002721E+006  2.6292418330E+008
  1.6031002729E+006  2.6285447198E+008
  1.6048003191E+006  2.6278354047E+008
  1.6065002198E+006  2.6271128646E+008
  1.6082003785E+006  2.6263760376E+008
  1.6099003873E+006  2.6256270953E+008
  1.6116002471E+006  2.6248806665E+008
  1.6133003565E+006  2.6241199143E+008
  1.6150003223E+006  2.6233440388E+008
  1.6167003438E+006  2.6225519682E+008
  1.6184002115E+006  2.6217424772E+008
  1.6201003323E+006  2.6209394875E+008
  1.6218003002E+006  2.6201229419E+008
  1.6235003246E+006  2.6192907442E+008
  1.6252004037E+006  2.6184415172E+008
  1.6269003283E+006  2.6175739215E+008
  1.6286003055E+006  2.6168286810E+008
  1.6303003353E+006  2.6160810336E+008
  1.6320002206E+006  2.6153181472E+008
  1.6337003589E+006  2.6145385472E+008
  1.6354003420E+006  2.6137400078E+008
  1.6371003767E+006  2.6128658116E+008
  1.6388002623E+006  2.6119739347E+008
  1.6405002035E+006  2.6110628488E+008
  1.6422003963E+006  2.6101310911E+008
  1.6439002321E+006  2.6092136114E+008
  1.6456003265E+006  2.6083861671E+008
  1.6473002715E+006  2.6075422885E+008
  1.6490002722E+006  2.6066805487E+008
  1.6507003204E+006  2.6057992331E+008
  1.6524002135E+006  2.6049149837E+008
  1.6541003650E+006  2.6040234437E+008
  1.6558003661E+006  2.6031118813E+008
  1.6575002165E+006  2.6021784786E+008
  1.6592003183E+006  2.6012227882E+008
  1.6609002660E+006  2.6002657131E+008
  1.6626002730E+006  2.5992884062E+008
  1.6643003317E+006  2.5982891305E+008
  1.6660002381E+006  2.5972665268E+008
  1.6677003955E+006  2.5963298551E+008
  1.6694003996E+006  2.5954395546E+008
  1.6711002584E+006  2.5945278098E+008
  1.6728003693E+006  2.5935929442E+008
  1.6745003253E+006  2.5926199756E+008
  1.6762003314E+006  2.5915903004E+008
  1.6779003892E+006  2.5905369284E+008
  1.6796003020E+006  2.5894580198E+008
  1.6813002645E+006  2.5883642216E+008
  1.6830002739E+006  2.5874862789E+008
  1.6847003341E+006  2.5865867687E+008
  1.6864002432E+006  2.5856638631E+008
  1.6881002076E+006  2.5847157756E+008
  1.6898002179E+006  2.5836621143E+008
  1.6915002757E+006  2.5825746769E+008
  1.6932003859E+006  2.5814597461E+008
  1.6949003464E+006  2.5803156142E+008
  1.6966003618E+006  2.5793399656E+008
  1.6983002218E+006  2.5783767602E+008
  1.7000003309E+006  2.5773875162E+008
  1.7017002930E+006  2.5763707291E+008
  1.7034003046E+006  2.5752796740E+008
  1.7051003685E+006  2.5741537741E+008
  1.7068002754E+006  2.5729986205E+008
  1.7085002292E+006  2.5718118587E+008
  1.7102002397E+006  2.5707507793E+008
  1.7119003006E+006  2.5696672959E+008
  1.7136002100E+006  2.5685523467E+008
  1.7153003695E+006  2.5674302344E+008
  1.7170003742E+006  2.5664494465E+008
  1.7187002330E+006  2.5654422250E+008
  1.7204003435E+006  2.5644064896E+008
  1.7221002980E+006  2.5632730144E+008
  1.7238003010E+006  2.5619999984E+008
  1.7255003513E+006  2.5606902579E+008
  1.7272002560E+006  2.5593417284E+008
  1.7289002100E+006  2.5583392124E+008
  1.7306002109E+006  2.5574653734E+008
  1.7323002615E+006  2.5565646544E+008
  1.7340003621E+006  2.5555938294E+008
  1.7357003144E+006  2.5542528114E+008
  1.7374003152E+006  2.5528754325E+008
  1.7391003598E+006  2.5514590692E+008
  1.7408002518E+006  2.5501123328E+008
  1.7425003964E+006  2.5488129495E+008
  1.7442003917E+006  2.5474711654E+008
  1.7459002333E+006  2.5461412066E+008
  1.7476003221E+006  2.5454598401E+008
  1.7493002607E+006  2.5447564904E+008
  1.7510002503E+006  2.5440296187E+008
  1.7527002919E+006  2.5430607595E+008
  1.7544003796E+006  2.5419577513E+008
  1.7561003093E+006  2.5408226904E+008
  1.7578002901E+006  2.5396194541E+008
  1.7595003218E+006  2.5382915443E+008
  1.7612004038E+006  2.5369259739E+008
  1.7629003305E+006  2.5355208007E+008
  1.7646003023E+006  2.5341542846E+008
  1.7663003279E+006  2.5327602709E+008
  1.7680004049E+006  2.5313256658E+008
  1.7697003277E+006  2.5299166538E+008
  1.7714002974E+006  2.5285351140E+008
  1.7731003107E+006  2.5271129933E+008
  1.7748003776E+006  2.5256709173E+008
  1.7765002920E+006  2.5243066139E+008
  1.7782002531E+006  2.5229017703E+008
  1.7799002618E+006  2.5214539134E+008
  1.7816003168E+006  2.5200856649E+008
  1.7833002228E+006  2.5186972216E+008
  1.7850003833E+006  2.5172655561E+008
  1.7867003852E+006  2.5158741727E+008
  1.7884002324E+006  2.5145004832E+008
  1.7901003281E+006  2.5130834604E+008
  1.7918002724E+006  2.5116726674E+008
  1.7935002683E+006  2.5103118273E+008
  1.7952003058E+006  2.5089076087E+008
  1.7969003919E+006  2.5074808690E+008
  1.7986003242E+006  2.5061312946E+008
  1.8003003079E+006  2.5047380086E+008
  1.8020003435E+006  2.5032989873E+008
  1.8037002186E+006  2.5019589303E+008
  1.8054003430E+006  2.5005745668E+008
  1.8071003152E+006  2.4991438848E+008
  1.8088003355E+006  2.4977942343E+008
  1.8105002039E+006  2.4964172851E+008
  1.8122003171E+006  2.4949932876E+008
  1.8139002736E+006  2.4936372430E+008
  1.8156002840E+006  2.4922655814E+008
  1.8173003423E+006  2.4908465526E+008
  1.8190002485E+006  2.4894874813E+008
  1.8207004012E+006  2.4881193133E+008
  1.8224003965E+006  2.4867033976E+008
  1.8241002424E+006  2.4853446093E+008
  1.8258003376E+006  2.4839783117E+008
  1.8275002766E+006  2.4825636387E+008
  1.8292002604E+006  2.4812081918E+008
  1.8309002888E+006  2.4798419908E+008
  1.8326003711E+006  2.4784264916E+008
  1.8343002993E+006  2.4770777009E+008
  1.8360002719E+006  2.4757098817E+008
  1.8377002923E+006  2.4742923285E+008
  1.8394003566E+006  2.4729537720E+008
  1.8411002712E+006  2.4715833601E+008
  1.8428002335E+006  2.4701630030E+008
  1.8445002375E+006  2.4688380384E+008
  1.8462002888E+006  2.4674643938E+008
  1.8479003853E+006  2.4660608215E+008
  1.8496003309E+006  2.4647314115E+008
  1.8513003267E+006  2.4633520045E+008
  1.8530003643E+006  2.4619668130E+008
  1.8547002470E+006  2.4606306027E+008
  1.8564003806E+006  2.4592430655E+008
  1.8581003602E+006  2.4578785059E+008
  1.8598003899E+006  2.4565335185E+008
  1.8615002569E+006  2.4551371750E+008
  1.8632003721E+006  2.4537966528E+008
  1.8649003339E+006  2.4524422377E+008
  1.8666003427E+006  2.4510349341E+008
  1.8683004022E+006  2.4497199919E+008
  1.8700003003E+006  2.4483535277E+008
  1.8717002439E+006  2.4469733024E+008
  1.8734002391E+006  2.4456456797E+008
  1.8751002808E+006  2.4442649840E+008
  1.8768003707E+006  2.4429139073E+008
  1.8785003003E+006  2.4415713326E+008
  1.8802002727E+006  2.4401746534E+008
  1.8819002969E+006  2.4388548557E+008
  1.8836003681E+006  2.4374952447E+008
  1.8853002821E+006  2.4361179775E+008
  1.8870002419E+006  2.4347940809E+008
  1.8887002443E+006  2.4334157000E+008
  1.8904002994E+006  2.4320731630E+008
  1.8921004027E+006  2.4307295480E+008
  1.8938003461E+006  2.4293348079E+008
  1.8955003353E+006  2.4280247182E+008
  1.8972003658E+006  2.4266596162E+008
  1.8989002435E+006  2.4253031244E+008
  1.9006003726E+006  2.4239706933E+008
  1.9023003407E+006  2.4225820427E+008
  1.9040003546E+006  2.4212656017E+008
  1.9057002103E+006  2.4199091594E+008
  1.9074003184E+006  2.4185461678E+008
  1.9091002747E+006  2.4172204517E+008
  1.9108002725E+006  2.4158376050E+008
  1.9125003147E+006  2.4145178883E+008
  1.9142004027E+006  2.4131651707E+008
