 0001  0.3455457722632522E-004
 0002  0.3455457722632522E-004
 0003  0.4253786238521578E-004
 0004  0.4253786238521577E-004
 0005  0.5033576057502241E-004
 0006  0.5033576057502241E-004
 0007  0.6096013477065212E-004
 0008  0.6096013477065211E-004
 0009  0.7578091772429349E-004
 0010  0.7578091772429349E-004
 0011  0.9025753408779782E-004
 0012  0.9025753408779780E-004
 0013  0.1089519830612963E-003
 0014  0.1089519830612963E-003
 0015  0.1348407354387006E-003
 0016  0.1348407354387006E-003
 0017  0.1601283020584761E-003
 0018  0.1601283020584761E-003
 0019  0.2003362094225321E-003
 0020  0.2597079166382489E-003
 0021  0.2597079166382489E-003
 0022  0.3177009006052077E-003
 0023  0.3177009006052077E-003
 0024  0.4183071828152874E-003
 0025  0.4183071828152874E-003
 0026  0.5584906939289608E-003
 0027  0.7849486475741415E-003
 0028  0.7849486475741415E-003
 0029  0.1006147819550410E-002
 0030  0.1006147819550410E-002
 0031  0.1412384216877498E-002
 0032  0.2079378402165984E-002
 0033  0.2079378402165984E-002
 0034  0.3003937151890940E-002
 0035  0.3868871047949770E-002
 0036  0.3868871047949769E-002
 0037  0.5151269690050983E-002
 0038  0.6887695310854139E-002
 0039  0.6887695310854139E-002
 0040  0.8583797847053197E-002
 0041  0.1089031318410851E-001
 0042  0.1089031318410851E-001
 0043  0.1403636783186925E-001
 0044  0.1775796104794572E-001
 0045  0.1775796104794572E-001
 0046  0.2240303433211773E-001
 0047  0.2668495053881592E-001
 0048  0.3187416751421788E-001
 0049  0.3187416751421787E-001
 0050  0.3839080743388878E-001
 0051  0.4590148079285179E-001
 0052  0.5278995252636444E-001
 0053  0.5278995252636445E-001
 0054  0.6138361603762280E-001
 0055  0.7087739196002969E-001
 0056  0.7087739196002969E-001
 0057  0.8204442421856645E-001
 0058  0.9413859600753059E-001
 0059  0.1050896532240113E+000
 0060  0.1172515488935034E+000
 0061  0.1172515488935034E+000
 0062  0.1315703314098970E+000
 0063  0.1468605602793769E+000
 0064  0.1627269566654867E+000
 0065  0.1627269566654867E+000
 0066  0.1805716538694449E+000
 0067  0.1964373818983213E+000
 0068  0.2131518817803522E+000
 0069  0.2305571352218974E+000
 0070  0.2305571352218974E+000
 0071  0.2502641668938337E+000
 0072  0.2701713613783909E+000
 0073  0.2901378306466475E+000
 0074  0.3076716690278251E+000
 0075  0.3254962428922500E+000
 0076  0.3254962428922500E+000
 0077  0.3455001944545655E+000
 0078  0.3652577140913656E+000
 0079  0.3846604905326872E+000
 0080  0.4036114252151584E+000
 0081  0.4220336355438879E+000
 0082  0.4220336355438878E+000
 0083  0.4400280473324565E+000
 0084  0.4577646101553108E+000
 0085  0.4750980640043227E+000
 0086  0.4919653919592430E+000
 0087  0.5083768300679181E+000
 0088  0.5244043529479799E+000
 0089  0.5244043529479800E+000
 0090  0.5425385117598042E+000
 0091  0.5600299993146000E+000
 0092  0.5771157315608202E+000
 0093  0.5939761269367247E+000
 0094  0.6106549733220955E+000
 0095  0.6267070168102175E+000
 0096  0.6419273099721061E+000
 0097  0.6561906976365693E+000
 0098  0.6693552900254646E+000
 0099  0.6811015081778597E+000
 0100  0.6910730074916630E+000
 0101  0.6989172032910821E+000
 0102  0.7043741083320010E+000
 0103  0.7073038879923665E+000
 0104  0.7076800364577923E+000
 0105  0.7055738111308005E+000
 0106  0.7011348217910679E+000
 0107  0.6945239153007197E+000
 0108  0.6859788624921918E+000
 0109  0.6757795705840604E+000
 0110  0.6642226988013025E+000
 0111  0.6516036285285216E+000
 0112  0.6379204325450814E+000
 0113  0.6236001997542487E+000
 0114  0.6089827927039009E+000
 0115  0.5943362884008937E+000
 0116  0.5798696993152260E+000
 0117  0.5641652766250719E+000
 0118  0.5495517965130381E+000
 0119  0.5359508414863356E+000
 0120  0.5232940908186076E+000
 0121  0.5115209844520959E+000
 0122  0.4918978466600180E+000
 0123  0.4836370670472531E+000
 0124  0.4758003874516135E+000
 0125  0.4683893694302023E+000
 0126  0.4614017610069481E+000
 0127  0.4548319507244907E+000
 0128  0.4486714378350526E+000
 0129  0.4429092972102863E+000
 0130  0.4375159520445672E+000
 0131  0.4324857367175452E+000
 0132  0.4278089098694001E+000
 0133  0.4234727524746130E+000
 0134  0.4194624526906580E+000
 0135  0.4157618144498805E+000
 0136  0.4121791009471641E+000
 0137  0.4089369295664300E+000
 0138  0.4060017255702059E+000
 0139  0.4033434041805099E+000
 0140  0.4009350663833747E+000
 0141  0.3987526187513168E+000
 0142  0.3952113610812586E+000
 0143  0.3937661479812213E+000
 0144  0.3924311010607696E+000
 0145  0.3911973617170458E+000
 0146  0.3900586655049285E+000
 0147  0.3890089034159002E+000
 0148  0.3880421645826725E+000
 0149  0.3871527674037513E+000
 0150  0.3863352811755856E+000
 0151  0.3855845311506041E+000
 0152  0.3848720707946491E+000
 0153  0.3842247324893281E+000
 0154  0.3836364227554312E+000
 0155  0.3831016407714694E+000
 0156  0.3826154175295292E+000
 0157  0.3821732616491794E+000
 0158  0.3817708474155591E+000
 0159  0.3811094947629963E+000
 0160  0.3808368084676286E+000
 0161  0.3805849836535470E+000
 0162  0.3803525409663422E+000
 0163  0.3801380909766878E+000
 0164  0.3799403307878600E+000
 0165  0.3797532813429436E+000
 0166  0.3795819987555245E+000
 0167  0.3794251314047344E+000
 0168  0.3792814465769069E+000
 0169  0.3791498196281799E+000
 0170  0.3790291764934419E+000
 0171  0.3789185986999576E+000
 0172  0.3788172443761723E+000
 0173  0.3786479987284033E+000
 0174  0.3785771675816677E+000
 0175  0.3785114701503499E+000
 0176  0.3784505516246368E+000
 0177  0.3783940797813133E+000
 0178  0.3783406486722366E+000
 0179  0.3782913630922132E+000
 0180  0.3782458852467134E+000
 0181  0.3782039196196401E+000
 0182  0.3781651937405545E+000
 0183  0.3781294563782824E+000
 0184  0.3780964758768736E+000
 0185  0.3780660386226317E+000
 0186  0.3780379476318358E+000
 0187  0.3779903518774174E+000
 0188  0.3779701533991262E+000
 0189  0.3779509910812617E+000
 0190  0.3779331940048238E+000
 0191  0.3779166644339064E+000
 0192  0.3779013116659727E+000
 0193  0.3778870515228504E+000
 0194  0.3778738058787874E+000
 0195  0.3778615022122957E+000
 0196  0.3778500732149440E+000
 0197  0.3778394564141800E+000
 0198  0.3778295921747532E+000
 0199  0.3778124153260691E+000
 0200  0.3778050601668235E+000
 0201  0.3777981879956307E+000
 0202  0.3777917669699939E+000
 0203  0.3777857673563430E+000
 0204  0.3777801613896127E+000
 0205  0.3777749224744407E+000
 0206  0.3777700265909619E+000
 0207  0.3777654512861506E+000
 0208  0.3777611187089053E+000
 0209  0.3777536143562446E+000
 0210  0.3777503609831241E+000
 0211  0.3777473056559256E+000
 0212  0.3777444359894284E+000
 0213  0.3777417407054694E+000
 0214  0.3777392092093394E+000
 0215  0.3777368315485716E+000
 0216  0.3777345720914579E+000
 0217  0.3777324537255940E+000
 0218  0.3777304674775538E+000
 0219  0.3777269890034293E+000
 0220  0.3777254646138394E+000
 0221  0.3777240264663244E+000
 0222  0.3777226696829293E+000
 0223  0.3777213896607369E+000
 0224  0.3777201691879839E+000
 0225  0.3777190194191676E+000
 0226  0.3777179361987717E+000
 0227  0.3777169156187638E+000
 0228  0.3777151116075504E+000
 0229  0.3777143137716821E+000
 0230  0.3777135580925525E+000
 0231  0.3777128354452718E+000
 0232  0.3777121518670155E+000
 0233  0.3777115052172161E+000
 0234  0.3777108934741231E+000
 0235  0.3777103147280492E+000
 0236  0.3777097671467355E+000
 0237  0.3777087871711093E+000
 0238  0.3777083486840193E+000
 0239  0.3777079323737005E+000
 0240  0.3777075370874219E+000
 0241  0.3777071617521689E+000
 0242  0.3777068053501930E+000
 0243  0.3777064669161758E+000
 0244  0.3777061429245723E+000
 0245  0.3777055620985842E+000
 0246  0.3777053016369893E+000
 0247  0.3777050535243753E+000
 0248  0.3777048171694531E+000
 0249  0.3777045920014300E+000
 0250  0.3777043758651542E+000
 0251  0.3777041701236147E+000
 0252  0.3777037988627949E+000
 0253  0.3777036312904655E+000
 0254  0.3777034711982548E+000
 0255  0.3777033171763978E+000
 0256  0.3777031701337057E+000
 0257  0.3777030297446831E+000
 0258  0.3777028957033817E+000
 0259  0.3777026523972256E+000
 0260  0.3777025412127737E+000
 0261  0.3777024347843961E+000
 0262  0.3777023329055392E+000
 0263  0.3777022353787412E+000
 0264  0.3777021420130810E+000
 0265  0.3777020520783069E+000
 0266  0.3777018881114947E+000
 0267  0.3777018133470852E+000
 0268  0.3777017416043308E+000
 0269  0.3777016727594357E+000
 0270  0.3777016063085367E+000
 0271  0.3777015425715596E+000
 0272  0.3777014258044745E+000
 0273  0.3777013723061596E+000
 0274  0.3777013205749229E+000
 0275  0.3777012708490113E+000
 0276  0.3777012230484827E+000
 0277  0.3777011770974402E+000
 0278  0.3777010923343016E+000
 0279  0.3777010532412373E+000
 0280  0.3777010155877671E+000
 0281  0.3777009793194556E+000
 0282  0.3777009442122008E+000
 0283  0.3777008793960169E+000
 0284  0.3777008494714086E+000
 0285  0.3777008205957318E+000
 0286  0.3777007926000802E+000
 0287  0.3777007655942273E+000
 0288  0.3777007395421733E+000
 0289  0.3777006911615281E+000
 0290  0.3777006686979537E+000
 0291  0.3777006469918512E+000
 0292  0.3777006260171836E+000
 0293  0.3777006056618427E+000
 0294  0.3777005678318165E+000
 0295  0.3777005502513566E+000
 0296  0.3777005331670449E+000
 0297  0.3777005166370083E+000
 0298  0.3777005006427411E+000
 0299  0.3777004707675758E+000
 0300  0.3777004568157976E+000
 0301  0.3777004432969921E+000
 0302  0.3777004301480448E+000
 0303  0.3777004055727077E+000
 0304  0.3777003940879277E+000
 0305  0.3777003829040652E+000
 0306  0.3777003720548529E+000
 0307  0.3777003615300500E+000
 0308  0.3777003417392309E+000
 0309  0.3777003324683707E+000
 0310  0.3777003234333171E+000
 0311  0.3777003146590691E+000
 0312  0.3777002981794525E+000
 0313  0.3777002904152053E+000
 0314  0.3777002828662679E+000
 0315  0.3777002755264935E+000
 0316  0.3777002616666740E+000
 0317  0.3777002551444854E+000
 0318  0.3777002487768652E+000
 0319  0.3777002425798537E+000
 0320  0.3777002308743467E+000
 0321  0.3777002253464125E+000
 0322  0.3777002199458298E+000
 0323  0.3777002146852095E+000
 0324  0.3777002047310857E+000
 0325  0.3777002000220391E+000
 0326  0.3777001954305667E+000
 0327  0.3777001867149204E+000
 0328  0.3777001825793471E+000
 0329  0.3777001785438592E+000
 0330  0.3777001746059714E+000
 0331  0.3777001671198699E+000
 0332  0.3777001635623827E+000
 0333  0.3777001600883212E+000
 0334  0.3777001534824188E+000
 0335  0.3777001503419960E+000
 0336  0.3777001472656488E+000
 0337  0.3777001414078545E+000
 0338  0.3777001386192168E+000
 0339  0.3777001358919109E+000
 0340  0.3777001332187084E+000
 0341  0.3777001281216379E+000
 0342  0.3777001256918546E+000
 0343  0.3777001233090123E+000
 0344  0.3777001187598038E+000
 0345  0.3777001165884332E+000
 0346  0.3777001144579135E+000
 0347  0.3777001103854823E+000
 0348  0.3777001084393229E+000
 0349  0.3777001065288269E+000
 0350  0.3777001028727189E+000
 0351  0.3777001011234860E+000
 0352  0.3777000977661027E+000
 0353  0.3777000961580505E+000
 0354  0.3777000945780061E+000
 0355  0.3777000915477680E+000
 0356  0.3777000900948610E+000
 0357  0.3777000886666170E+000
 0358  0.3777000859225532E+000
 0359  0.3777000846045708E+000
 0360  0.3777000820700114E+000
 0361  0.3777000808515263E+000
 0362  0.3777000796545951E+000
 0363  0.3777000773490936E+000
 0364  0.3777000762405555E+000
 0365  0.3777000741035508E+000
 0366  0.3777000730737239E+000
 0367  0.3777000720612507E+000
 0368  0.3777000701080581E+000
 0369  0.3777000691661367E+000
 0370  0.3777000673500495E+000
 0371  0.3777000664735637E+000
 0372  0.3777000647812915E+000
 0373  0.3777000639644714E+000
 0374  0.3777000631595208E+000
 0375  0.3777000616034371E+000
 0376  0.3777000608514458E+000
 0377  0.3777000593983806E+000
 0378  0.3777000586956772E+000
 0379  0.3777000573354800E+000
 0380  0.3777000566772904E+000
 0381  0.3777000554025118E+000
 0382  0.3777000547852927E+000
 0383  0.3777000535891888E+000
 0384  0.3777000530097345E+000
 0385  0.3777000518861993E+000
 0386  0.3777000513416006E+000
 0387  0.3777000502850826E+000
 0388  0.3777000497726924E+000
 0389  0.3777000487773528E+000
 0390  0.3777000482944043E+000
 0391  0.3777000473565660E+000
 0392  0.3777000464603765E+000
 0393  0.3777000460251003E+000
 0394  0.3777000451784377E+000
 0395  0.3777000447670320E+000
 0396  0.3777000439664818E+000
 0397  0.3777000435773110E+000
 0398  0.3777000428197277E+000
 0399  0.3777000420936917E+000
 0400  0.3777000417403374E+000
 0401  0.3777000410519537E+000
 0402  0.3777000403914624E+000
 0403  0.3777000400695924E+000
 0404  0.3777000394422548E+000
 0405  0.3777000391364405E+000
 0406  0.3777000385399138E+000
 0407  0.3777000379665204E+000
 0408  0.3777000376868232E+000
 0409  0.3777000371407874E+000
 0410  0.3777000366153148E+000
 0411  0.3777000361092960E+000
 0412  0.3777000358621513E+000
 0413  0.3777000353792561E+000
 0414  0.3777000349138484E+000
 0415  0.3777000344649625E+000
 0416  0.3777000342455177E+000
 0417  0.3777000338162299E+000
 0418  0.3777000334017839E+000
 0419  0.3777000330015234E+000
 0420  0.3777000328056524E+000
 0421  0.3777000324221617E+000
 0422  0.3777000320514249E+000
 0423  0.3777000316928806E+000
 0424  0.3777000313459459E+000
 0425  0.3777000310101399E+000
 0426  0.3777000308455755E+000
 0427  0.3777000305229253E+000
 0428  0.3777000302103784E+000
 0429  0.3777000299074720E+000
 0430  0.3777000296138330E+000
 0431  0.3777000293290554E+000
 0432  0.3777000290527656E+000
 0433  0.3777000287846250E+000
 0434  0.3777000285244866E+000
 0435  0.3777000282722869E+000
 0436  0.3777000280276962E+000
 0437  0.3777000277904024E+000
 0438  0.3777000275601097E+000
 0439  0.3777000273365370E+000
 0440  0.3777000271194177E+000
 0441  0.3777000269084983E+000
 0442  0.3777000267035381E+000
 0443  0.3777000265043082E+000
 0444  0.3777000262167458E+000
 0445  0.3777000260322086E+000
 0446  0.3777000258526234E+000
 0447  0.3777000256778091E+000
 0448  0.3777000255075935E+000
 0449  0.3777000252613694E+000
 0450  0.3777000251030200E+000
 0451  0.3777000249486787E+000
 0452  0.3777000247251223E+000
 0453  0.3777000245811643E+000
 0454  0.3777000244407172E+000
 0455  0.3777000242370371E+000
 0456  0.3777000241057211E+000
 0457  0.3777000239774953E+000
 0458  0.3777000237913276E+000
 0459  0.3777000236711681E+000
 0460  0.3777000234965720E+000
 0461  0.3777000233288661E+000
 0462  0.3777000232204835E+000
 0463  0.3777000230628046E+000
 0464  0.3777000229608289E+000
 0465  0.3777000228123680E+000
 0466  0.3777000226694295E+000
 0467  0.3777000225317337E+000
 0468  0.3777000224425442E+000
 0469  0.3777000223125046E+000
 0470  0.3777000221870746E+000
 0471  0.3777000220660321E+000
 0472  0.3777000219491691E+000
 0473  0.3777000218362905E+000
 0474  0.3777000217272118E+000
 0475  0.3777000216217607E+000
 0476  0.3777000215197745E+000
 0477  0.3777000213891561E+000
 0478  0.3777000212950160E+000
 0479  0.3777000212038454E+000
 0480  0.3777000210868960E+000
 0481  0.3777000210024786E+000
 0482  0.3777000208940811E+000
 0483  0.3777000208157585E+000
 0484  0.3777000207150899E+000
 0485  0.3777000206422842E+000
 0486  0.3777000205486223E+000
 0487  0.3777000204588052E+000
 0488  0.3777000203726259E+000
 0489  0.3777000202898913E+000
 0490  0.3777000202104205E+000
 0491  0.3777000201155341E+000
 0492  0.3777000200429891E+000
 0493  0.3777000199562610E+000
 0494  0.3777000198898714E+000
 0495  0.3777000198104088E+000
 0496  0.3777000197347238E+000
 0497  0.3777000196625874E+000
 0498  0.3777000195937885E+000
 0499  0.3777000195154341E+000
 0500  0.3777000194534264E+000
 0501  0.3777000193827050E+000
 0502  0.3777000193158082E+000
 0503  0.3777000192423106E+000
 0504  0.3777000191829405E+000
 0505  0.3777000191176012E+000
 0506  0.3777000190562342E+000
 0507  0.3777000189906330E+000
 0508  0.3777000189295197E+000
 0509  0.3777000188725304E+000
 0510  0.3777000188129687E+000
 0511  0.3777000187578468E+000
 0512  0.3777000186960024E+000
 0513  0.3777000186396943E+000
 0514  0.3777000185883561E+000
 0515  0.3777000185334549E+000
 0516  0.3777000184805928E+000
 0517  0.3777000184271913E+000
 0518  0.3777000183749015E+000
 0519  0.3777000183228090E+000
 0520  0.3777000182731163E+000
 0521  0.3777000182244821E+000
 0522  0.3777000181906031E+000
 0523  0.3777000181906031E+000
 0524  0.3777000181906031E+000
 0525  0.3777000181906031E+000
 0526  0.3777000181906031E+000
 0527  0.3777000181906031E+000
 0528  0.3777000181906031E+000
 0529  0.3777000181906031E+000
 0530  0.3777000181906031E+000
 0531  0.3777000181906031E+000
 0532  0.3777000181906031E+000
 0533  0.3777000181906031E+000
 0534  0.3777000181906031E+000
 0535  0.3777000181906031E+000
 0536  0.3777000181906031E+000
 0537  0.3777000181906031E+000
 0538  0.3777000181906031E+000
 0539  0.3777000181906031E+000
 0540  0.3777000181906031E+000
 0541  0.3777000181906031E+000
 0542  0.3777000181906031E+000
 0543  0.3777000181906031E+000
 0544  0.3777000181906031E+000
 0545  0.3777000181906031E+000
 0546  0.3777000181906031E+000
 0547  0.3777000181906031E+000
 0548  0.3777000181906031E+000
 0549  0.3777000181906031E+000
 0550  0.3777000181906031E+000
 0551  0.3777000181906031E+000
 0552  0.3777000181906031E+000
 0553  0.3777000181906031E+000
 0554  0.3777000181906031E+000
 0555  0.3777000181906031E+000
 0556  0.3777000181906031E+000
 0557  0.3777000181906031E+000
 0558  0.3777000181906031E+000
 0559  0.3777000181906031E+000
 0560  0.3777000181906031E+000
 0561  0.3777000181906031E+000
 0562  0.3777000181906031E+000
 0563  0.3777000181906031E+000
 0564  0.3777000181906031E+000
 0565  0.3777000181906031E+000
 0566  0.3777000181906031E+000
 0567  0.3777000181906031E+000
 0568  0.3777000181906031E+000
 0569  0.3777000181906031E+000
 0570  0.3777000181906031E+000
 0571  0.3777000181906031E+000
 0572  0.3777000181906031E+000
 0573  0.3777000181906031E+000
 0574  0.3777000181906031E+000
 0575  0.3777000181906031E+000
 0576  0.3777000181906031E+000
 0577  0.3777000181906031E+000
 0578  0.3777000181906031E+000
 0579  0.3777000181906031E+000
 0580  0.3777000181906031E+000
 0581  0.3777000181906031E+000
 0582  0.3777000181906031E+000
 0583  0.3777000181906031E+000
 0584  0.3777000181906031E+000
 0585  0.3777000181906031E+000
 0586  0.3777000181906031E+000
 0587  0.3777000181906031E+000
 0588  0.3777000181906031E+000
 0589  0.3777000181906031E+000
 0590  0.3777000181906031E+000
 0591  0.3777000181906031E+000
 0592  0.3777000181906031E+000
 0593  0.3777000181906031E+000
 0594  0.3777000181906031E+000
 0595  0.3777000181906031E+000
 0596  0.3777000181906031E+000
 0597  0.3777000181906031E+000
 0598  0.3777000181906031E+000
 0599  0.3777000181906031E+000
 0600  0.3777000181906031E+000
 0601  0.3777000181906031E+000
 0602  0.3777000181906031E+000
 0603  0.3777000181906031E+000
 0604  0.3777000181906031E+000
 0605  0.3777000181906031E+000
 0606  0.3777000181906031E+000
 0607  0.3777000181906031E+000
 0608  0.3777000181906031E+000
 0609  0.3777000181906031E+000
 0610  0.3777000181906031E+000
 0611  0.3777000181906031E+000
 0612  0.3777000181906031E+000
 0613  0.3777000181906031E+000
 0614  0.3777000181906031E+000
 0615  0.3777000181906031E+000
 0616  0.3777000181906031E+000
 0617  0.3777000181906031E+000
 0618  0.3777000181906031E+000
 0619  0.3777000181906031E+000
 0620  0.3777000181906031E+000
 0621  0.3777000181906031E+000
 0622  0.3777000181906031E+000
 0623  0.3777000181906031E+000
 0624  0.3777000181906031E+000
 0625  0.3777000181906031E+000
 0626  0.3777000181906031E+000
 0627  0.3777000181906031E+000
 0628  0.3777000181906031E+000
 0629  0.3777000181906031E+000
 0630  0.3777000181906031E+000
 0631  0.3777000181906031E+000
 0632  0.3777000181906031E+000
 0633  0.3777000181906031E+000
 0634  0.3777000181906031E+000
 0635  0.3777000181906031E+000
 0636  0.3777000181906031E+000
 0637  0.3777000181906031E+000
 0638  0.3777000181906031E+000
 0639  0.3777000181906031E+000
 0640  0.3777000181906031E+000
 0641  0.3777000181906031E+000
 0642  0.3777000181906031E+000
 0643  0.3777000181906031E+000
 0644  0.3777000181906031E+000
 0645  0.3777000181906031E+000
 0646  0.3777000181906031E+000
 0647  0.3777000181906031E+000
 0648  0.3777000181906031E+000
 0649  0.3777000181906031E+000
 0650  0.3777000181906031E+000
 0651  0.3777000181906031E+000
 0652  0.3777000181906031E+000
 0653  0.3777000181906031E+000
 0654  0.3777000181906031E+000
 0655  0.3777000181906031E+000
 0656  0.3777000181906031E+000
 0657  0.3777000181906031E+000
 0658  0.3777000181906031E+000
 0659  0.3777000181906031E+000
 0660  0.3777000181906031E+000
 0661  0.3777000181906031E+000
 0662  0.3777000181906031E+000
 0663  0.3777000181906031E+000
 0664  0.3777000181906031E+000
 0665  0.3777000181906031E+000
 0666  0.3777000181906031E+000
 0667  0.3777000181906031E+000
 0668  0.3777000181906031E+000
 0669  0.3777000181906031E+000
 0670  0.3777000181906031E+000
 0671  0.3777000181906031E+000
 0672  0.3777000181906031E+000
 0673  0.3777000181906031E+000
 0674  0.3777000181906031E+000
 0675  0.3777000181906031E+000
 0676  0.3777000181906031E+000
 0677  0.3777000181906031E+000
 0678  0.3777000181906031E+000
 0679  0.3777000181906031E+000
 0680  0.3777000181906031E+000
 0681  0.3777000181906031E+000
 0682  0.3777000181906031E+000
 0683  0.3777000181906031E+000
 0684  0.3777000181906031E+000
 0685  0.3777000181906031E+000
 0686  0.3777000181906031E+000
 0687  0.3777000181906031E+000
 0688  0.3777000181906031E+000
 0689  0.3777000181906031E+000
 0690  0.3777000181906031E+000
 0691  0.3777000181906031E+000
 0692  0.3777000181906031E+000
 0693  0.3777000181906031E+000
 0694  0.3777000181906031E+000
 0695  0.3777000181906031E+000
 0696  0.3777000181906031E+000
 0697  0.3777000181906031E+000
 0698  0.3777000181906031E+000
 0699  0.3777000181906031E+000
 0700  0.3777000181906031E+000
 0701  0.3777000181906031E+000
 0702  0.3777000181906031E+000
 0703  0.3777000181906031E+000
 0704  0.3777000181906031E+000
 0705  0.3777000181906031E+000
 0706  0.3777000181906031E+000
 0707  0.3777000181906031E+000
 0708  0.3777000181906031E+000
 0709  0.3777000181906031E+000
 0710  0.3777000181906031E+000
 0711  0.3777000181906031E+000
 0712  0.3777000181906031E+000
 0713  0.3777000181906031E+000
 0714  0.3777000181906031E+000
 0715  0.3777000181906031E+000
 0716  0.3777000181906031E+000
 0717  0.3777000181906031E+000
 0718  0.3777000181906031E+000
 0719  0.3777000181906031E+000
 0720  0.3777000181906031E+000
 0721  0.3777000181906031E+000
 0722  0.3777000181906031E+000
 0723  0.3777000181906031E+000
 0724  0.3777000181906031E+000
 0725  0.3777000181906031E+000
 0726  0.3777000181906031E+000
 0727  0.3777000181906031E+000
 0728  0.3777000181906031E+000
 0729  0.3777000181906031E+000
 0730  0.3777000181906031E+000
 0731  0.3777000181906031E+000
 0732  0.3777000181906031E+000
 0733  0.3777000181906031E+000
 0734  0.3777000181906031E+000
 0735  0.3777000181906031E+000
 0736  0.3777000181906031E+000
 0737  0.3777000181906031E+000
 0738  0.3777000181906031E+000
 0739  0.3777000181906031E+000
 0740  0.3777000181906031E+000
 0741  0.3777000181906031E+000
 0742  0.3777000181906031E+000
 0743  0.3777000181906031E+000
 0744  0.3777000181906031E+000
 0745  0.3777000181906031E+000
 0746  0.3777000181906031E+000
 0747  0.3777000181906031E+000
 0748  0.3777000181906031E+000
 0749  0.3777000181906031E+000
 0750  0.3777000181906031E+000
 0751  0.3777000181906031E+000
 0752  0.3777000181906031E+000
 0753  0.3777000181906031E+000
 0754  0.3777000181906031E+000
 0755  0.3777000181906031E+000
 0756  0.3777000181906031E+000
 0757  0.3777000181906031E+000
 0758  0.3777000181906031E+000
 0759  0.3777000181906031E+000
 0760  0.3777000181906031E+000
 0761  0.3777000181906031E+000
 0762  0.3777000181906031E+000
 0763  0.3777000181906031E+000
 0764  0.3777000181906031E+000
 0765  0.3777000181906031E+000
 0766  0.3777000181906031E+000
 0767  0.3777000181906031E+000
 0768  0.3777000181906031E+000
 0769  0.3777000181906031E+000
 0770  0.3777000181906031E+000
 0771  0.3777000181906031E+000
 0772  0.3777000181906031E+000
 0773  0.3777000181906031E+000
 0774  0.3777000181906031E+000
 0775  0.3777000181906031E+000
 0776  0.3777000181906031E+000
 0777  0.3777000181906031E+000
 0778  0.3777000181906031E+000
 0779  0.3777000181906031E+000
 0780  0.3777000181906031E+000
 0781  0.3777000181906031E+000
 0782  0.3777000181906031E+000
 0783  0.3777000181906031E+000
 0784  0.3777000181906031E+000
 0785  0.3777000181906031E+000
 0786  0.3777000181906031E+000
 0787  0.3777000181906031E+000
 0788  0.3777000181906031E+000
 0789  0.3777000181906031E+000
 0790  0.3777000181906031E+000
 0791  0.3777000181906031E+000
 0792  0.3777000181906031E+000
 0793  0.3777000181906031E+000
 0794  0.3777000181906031E+000
 0795  0.3777000181906031E+000
 0796  0.3777000181906031E+000
 0797  0.3777000181906031E+000
 0798  0.3777000181906031E+000
 0799  0.3777000181906031E+000
 0800  0.3777000181906031E+000
 0801  0.3777000181906031E+000
 0802  0.3777000181906031E+000
 0803  0.3777000181906031E+000
 0804  0.3777000181906031E+000
 0805  0.3777000181906031E+000
 0806  0.3777000181906031E+000
 0807  0.3777000181906031E+000
 0808  0.3777000181906031E+000
 0809  0.3777000181906031E+000
 0810  0.3777000181906031E+000
 0811  0.3777000181906031E+000
 0812  0.3777000181906031E+000
 0813  0.3777000181906031E+000
 0814  0.3777000181906031E+000
 0815  0.3777000181906031E+000
 0816  0.3777000181906031E+000
 0817  0.3777000181906031E+000
 0818  0.3777000181906031E+000
 0819  0.3777000181906031E+000
 0820  0.3777000181906031E+000
 0821  0.3777000181906031E+000
 0822  0.3777000181906031E+000
 0823  0.3777000181906031E+000
 0824  0.3777000181906031E+000
 0825  0.3777000181906031E+000
 0826  0.3777000181906031E+000
 0827  0.3777000181906031E+000
 0828  0.3777000181906031E+000
 0829  0.3777000181906031E+000
 0830  0.3777000181906031E+000
 0831  0.3777000181906031E+000
 0832  0.3777000181906031E+000
 0833  0.3777000181906031E+000
 0834  0.3777000181906031E+000
 0835  0.3777000181906031E+000
 0836  0.3777000181906031E+000
 0837  0.3777000181906031E+000
 0838  0.3777000181906031E+000
 0839  0.3777000181906031E+000
 0840  0.3777000181906031E+000
 0841  0.3777000181906031E+000
 0842  0.3777000181906031E+000
 0843  0.3777000181906031E+000
 0844  0.3777000181906031E+000
 0845  0.3777000181906031E+000
 0846  0.3777000181906031E+000
 0847  0.3777000181906031E+000
 0848  0.3777000181906031E+000
 0849  0.3777000181906031E+000
 0850  0.3777000181906031E+000
 0851  0.3777000181906031E+000
 0852  0.3777000181906031E+000
 0853  0.3777000181906031E+000
 0854  0.3777000181906031E+000
 0855  0.3777000181906031E+000
 0856  0.3777000181906031E+000
 0857  0.3777000181906031E+000
 0858  0.3777000181906031E+000
 0859  0.3777000181906031E+000
 0860  0.3777000181906031E+000
 0861  0.3777000181906031E+000
 0862  0.3777000181906031E+000
 0863  0.3777000181906031E+000
 0864  0.3777000181906031E+000
 0865  0.3777000181906031E+000
 0866  0.3777000181906031E+000
 0867  0.3777000181906031E+000
 0868  0.3777000181906031E+000
 0869  0.3777000181906031E+000
 0870  0.3777000181906031E+000
 0871  0.3777000181906031E+000
 0872  0.3777000181906031E+000
 0873  0.3777000181906031E+000
 0874  0.3777000181906031E+000
 0875  0.3777000181906031E+000
 0876  0.3777000181906031E+000
 0877  0.3777000181906031E+000
 0878  0.3777000181906031E+000
 0879  0.3777000181906031E+000
 0880  0.3777000181906031E+000
 0881  0.3777000181906031E+000
 0882  0.3777000181906031E+000
 0883  0.3777000181906031E+000
 0884  0.3777000181906031E+000
 0885  0.3777000181906031E+000
 0886  0.3777000181906031E+000
 0887  0.3777000181906031E+000
 0888  0.3777000181906031E+000
 0889  0.3777000181906031E+000
 0890  0.3777000181906031E+000
 0891  0.3777000181906031E+000
 0892  0.3777000181906031E+000
 0893  0.3777000181906031E+000
 0894  0.3777000181906031E+000
 0895  0.3777000181906031E+000
 0896  0.3777000181906031E+000
 0897  0.3777000181906031E+000
 0898  0.3777000181906031E+000
 0899  0.3777000181906031E+000
 0900  0.3777000181906031E+000
 0901  0.3777000181906031E+000
 0902  0.3777000181906031E+000
 0903  0.3777000181906031E+000
 0904  0.3777000181906031E+000
 0905  0.3777000181906031E+000
 0906  0.3777000181906031E+000
 0907  0.3777000181906031E+000
 0908  0.3777000181906031E+000
 0909  0.3777000181906031E+000
 0910  0.3777000181906031E+000
 0911  0.3777000181906031E+000
 0912  0.3777000181906031E+000
 0913  0.3777000181906031E+000
 0914  0.3777000181906031E+000
 0915  0.3777000181906031E+000
 0916  0.3777000181906031E+000
 0917  0.3777000181906031E+000
 0918  0.3777000181906031E+000
 0919  0.3777000181906031E+000
 0920  0.3777000181906031E+000
 0921  0.3777000181906031E+000
 0922  0.3777000181906031E+000
 0923  0.3777000181906031E+000
 0924  0.3777000181906031E+000
 0925  0.3777000181906031E+000
 0926  0.3777000181906031E+000
 0927  0.3777000181906031E+000
 0928  0.3777000181906031E+000
 0929  0.3777000181906031E+000
 0930  0.3777000181906031E+000
 0931  0.3777000181906031E+000
 0932  0.3777000181906031E+000
 0933  0.3777000181906031E+000
 0934  0.3777000181906031E+000
 0935  0.3777000181906031E+000
 0936  0.3777000181906031E+000
 0937  0.3777000181906031E+000
 0938  0.3777000181906031E+000
 0939  0.3777000181906031E+000
 0940  0.3777000181906031E+000
 0941  0.3777000181906031E+000
 0942  0.3777000181906031E+000
 0943  0.3777000181906031E+000
 0944  0.3777000181906031E+000
 0945  0.3777000181906031E+000
 0946  0.3777000181906031E+000
 0947  0.3777000181906031E+000
 0948  0.3777000181906031E+000
 0949  0.3777000181906031E+000
 0950  0.3777000181906031E+000
 0951  0.3777000181906031E+000
 0952  0.3777000181906031E+000
 0953  0.3777000181906031E+000
 0954  0.3777000181906031E+000
 0955  0.3777000181906031E+000
 0956  0.3777000181906031E+000
 0957  0.3777000181906031E+000
 0958  0.3777000181906031E+000
 0959  0.3777000181906031E+000
 0960  0.3777000181906031E+000
 0961  0.3777000181906031E+000
 0962  0.3777000181906031E+000
 0963  0.3777000181906031E+000
 0964  0.3777000181906031E+000
 0965  0.3777000181906031E+000
 0966  0.3777000181906031E+000
 0967  0.3777000181906031E+000
 0968  0.3777000181906031E+000
 0969  0.3777000181906031E+000
 0970  0.3777000181906031E+000
 0971  0.3777000181906031E+000
 0972  0.3777000181906031E+000
 0973  0.3777000181906031E+000
 0974  0.3777000181906031E+000
 0975  0.3777000181906031E+000
 0976  0.3777000181906031E+000
 0977  0.3777000181906031E+000
 0978  0.3777000181906031E+000
 0979  0.3777000181906031E+000
 0980  0.3777000181906031E+000
 0981  0.3777000181906031E+000
 0982  0.3777000181906031E+000
 0983  0.3777000181906031E+000
 0984  0.3777000181906031E+000
 0985  0.3777000181906031E+000
 0986  0.3777000181906031E+000
 0987  0.3777000181906031E+000
 0988  0.3777000181906031E+000
 0989  0.3777000181906031E+000
 0990  0.3777000181906031E+000
 0991  0.3777000181906031E+000
 0992  0.3777000181906031E+000
 0993  0.3777000181906031E+000
 0994  0.3777000181906031E+000
 0995  0.3777000181906031E+000
 0996  0.3777000181906031E+000
 0997  0.3777000181906031E+000
 0998  0.3777000181906031E+000
 0999  0.3777000181906031E+000
 1000  0.3777000181906031E+000
