  0.0000000000E+000  0.0000000000E+000
  1.7003450371E+003  3.1079974993E+034
  3.4002054980E+003  3.1079974647E+034
  5.1003198547E+003  3.1079974293E+034
  6.8002450857E+003  3.1079973984E+034
  8.5003142103E+003  3.1079973960E+034
  1.0200270593E+004  3.1079974568E+034
  1.1900179435E+004  3.1079975341E+034
  1.3600335068E+004  3.1079975514E+034
  1.5300328240E+004  3.1079975198E+034
  1.7000226088E+004  3.1079974697E+034
  1.8700309312E+004  3.1079974134E+034
  2.0400251078E+004  3.1079973549E+034
  2.2100303094E+004  3.1079972973E+034
  2.3800198826E+004  3.1079972379E+034
  2.5500301990E+004  3.1079971680E+034
  2.7200325843E+004  3.1079970990E+034
  2.8900336031E+004  3.1079970389E+034
  3.0600331959E+004  3.1079969840E+034
  3.2300237550E+004  3.1079969811E+034
  3.4000254876E+004  3.1079971312E+034
  3.5700285022E+004  3.1079976497E+034
  3.7400273553E+004  3.1079978269E+034
  3.9100180933E+004  3.1079979259E+034
  4.0800201283E+004  3.1079980197E+034
  4.2500235130E+004  3.1079981044E+034
  4.4200254550E+004  3.1079981780E+034
  4.5900334318E+004  3.1079982399E+034
  4.7600268418E+004  3.1079982911E+034
  4.9300319924E+004  3.1079983334E+034
  5.1000202709E+004  3.1079983646E+034
  5.2700206592E+004  3.1079983841E+034
  5.4400248571E+004  3.1079983934E+034
  5.6100295102E+004  3.1079983924E+034
  5.7800230904E+004  3.1079983815E+034
  5.9500294339E+004  3.1079983635E+034
  6.1200256294E+004  3.1079983436E+034
  6.2900332147E+004  3.1079983288E+034
  6.4600266423E+004  3.1079983188E+034
  6.6300236980E+004  3.1079982972E+034
  6.8000291309E+004  3.1079982675E+034
  6.9700329157E+004  3.1079982366E+034
  7.1400203455E+004  3.1079981869E+034
  7.3100278371E+004  3.1079981260E+034
  7.4800299402E+004  3.1079980623E+034
  7.6500343177E+004  3.1079980038E+034
  7.8200255424E+004  3.1079979431E+034
  7.9900184693E+004  3.1079978765E+034
  8.1600237112E+004  3.1079978063E+034
  8.3300216388E+004  3.1079977347E+034
  8.5000202551E+004  3.1079976636E+034
  8.6700290263E+004  3.1077948644E+034
  8.8400221270E+004  3.1077944357E+034
  9.0100208193E+004  3.1077943435E+034
  9.1800249188E+004  3.1077943913E+034
  9.3500220967E+004  3.1077944276E+034
  9.5200256806E+004  3.1077943466E+034
  9.6900184343E+004  3.1077940676E+034
  9.8600256261E+004  3.1077935104E+034
  1.0030025963E+005  3.1077925823E+034
  1.0200020678E+005  3.1077911888E+034
  1.0370032475E+005  3.1077893917E+034
  1.0540023862E+005  3.1077872290E+034
  1.0710029779E+005  3.1077846942E+034
  1.0880028846E+005  3.1077817984E+034
  1.1050030193E+005  3.1077785650E+034
  1.1220021564E+005  3.1077750345E+034
  1.1390028878E+005  3.1077712621E+034
  1.1560019670E+005  3.1077671619E+034
  1.1730022387E+005  3.1077625604E+034
  1.1900019119E+005  3.1077575670E+034
  1.2070021559E+005  3.1077523617E+034
  1.2240030442E+005  3.1077472116E+034
  1.2410034354E+005  3.1077424465E+034
  1.2580033023E+005  3.1077383640E+034
  1.2750031177E+005  3.1077347411E+034
  1.2920028479E+005  3.1077315876E+034
  1.3090019888E+005  3.1077289964E+034
  1.3260022628E+005  3.1077269871E+034
  1.3430020334E+005  3.1077255294E+034
  1.3600029367E+005  3.1077245615E+034
  1.3770027370E+005  3.1077240068E+034
  1.3940033233E+005  3.1077237860E+034
  1.4110022825E+005  3.1077238056E+034
  1.4280019458E+005  3.1077240076E+034
  1.4450030229E+005  3.1077243549E+034
  1.4620020336E+005  3.1077248035E+034
  1.4790021083E+005  3.1077253284E+034
  1.4960033277E+005  3.1077259118E+034
  1.5130022537E+005  3.1077265397E+034
  1.5300020709E+005  3.1077272015E+034
  1.5470017497E+005  3.1077278904E+034
  1.5640027960E+005  3.1077286024E+034
  1.5810024954E+005  3.1077293313E+034
  1.5980026865E+005  3.1077300714E+034
  1.6150021854E+005  3.1077308172E+034
  1.6320026903E+005  3.1077314933E+034
  1.6490021657E+005  3.1077320231E+034
  1.6660026169E+005  3.1077324445E+034
  1.6830017588E+005  3.1077327901E+034
  1.7000031483E+005  3.1077330900E+034
  1.7170027655E+005  3.1077333706E+034
  1.7340026531E+005  3.1077340596E+034
  1.7510022814E+005  3.1077346160E+034
  1.7680030761E+005  3.1077352011E+034
  1.7850017268E+005  3.1077359299E+034
  1.8020031472E+005  3.1077368375E+034
  1.8190025276E+005  3.1077379282E+034
  1.8360031232E+005  3.1077391900E+034
  1.8530021844E+005  3.1077406053E+034
  1.8700030694E+005  3.1077421580E+034
  1.8870025845E+005  3.1077438198E+034
  1.9040028805E+005  3.1077455375E+034
  1.9210023216E+005  3.1077472432E+034
  1.9380026562E+005  3.1077489331E+034
  1.9550034450E+005  3.1077506094E+034
  1.9720031646E+005  3.1077522747E+034
  1.9890032084E+005  3.1077539332E+034
  2.0060034307E+005  3.1077555870E+034
  2.0230019444E+005  3.1077572351E+034
  2.0400020624E+005  3.1077588747E+034
  2.0570018695E+005  3.1077605020E+034
  2.0740027910E+005  3.1077621135E+034
  2.0910034476E+005  3.1077637063E+034
  2.1080019403E+005  3.1077652782E+034
  2.1250019034E+005  3.1077668284E+034
  2.1420017578E+005  3.1077683580E+034
  2.1590018559E+005  3.1077698699E+034
  2.1760024398E+005  3.1077713667E+034
  2.1930017865E+005  3.1077728479E+034
  2.2100019295E+005  3.1077743118E+034
  2.2270027672E+005  3.1077757562E+034
  2.2440024790E+005  3.1077771790E+034
  2.2610026066E+005  3.1077785790E+034
  2.2780031402E+005  3.1077799554E+034
  2.2950021788E+005  3.1077813076E+034
  2.3120028408E+005  3.1077826357E+034
  2.3290017314E+005  3.1077839406E+034
  2.3460020987E+005  3.1077852253E+034
  2.3630020911E+005  3.1077864919E+034
  2.3800033494E+005  3.1077877407E+034
  2.3970026300E+005  3.1077889705E+034
  2.4140017822E+005  3.1077901804E+034
  2.4310025316E+005  3.1077913694E+034
  2.4480017498E+005  3.1077925365E+034
  2.4650030857E+005  3.1077936814E+034
  2.4820032437E+005  3.1077948037E+034
  2.4990022828E+005  3.1077959033E+034
  2.5160019807E+005  3.1077969801E+034
  2.5330023091E+005  3.1077980367E+034
  2.5500029424E+005  3.1077990830E+034
  2.5670021809E+005  3.1078001198E+034
  2.5840033625E+005  3.1078011413E+034
  2.6010029021E+005  3.1078021433E+034
  2.6180022955E+005  3.1078031245E+034
  2.6350031798E+005  3.1078040846E+034
  2.6520021087E+005  3.1078050231E+034
  2.6690023238E+005  3.1078059400E+034
  2.6860023162E+005  3.1078068351E+034
  2.7030021527E+005  3.1078077083E+034
  2.7200020420E+005  3.1078085597E+034
  2.7370020258E+005  3.1078093894E+034
  2.7540023363E+005  3.1078101975E+034
  2.7710032473E+005  3.1078109842E+034
  2.7880029017E+005  3.1078117496E+034
  2.8050031688E+005  3.1078124940E+034
  2.8220021750E+005  3.1078132179E+034
  2.8390034456E+005  3.1078139223E+034
  2.8560032044E+005  3.1078146083E+034
  2.8730031303E+005  3.1078152769E+034
  2.8900031793E+005  3.1078159280E+034
  2.9070030641E+005  3.1078165616E+034
  2.9240028168E+005  3.1078171773E+034
  2.9410022566E+005  3.1078177750E+034
  2.9580032835E+005  3.1078183531E+034
  2.9750021998E+005  3.1078189112E+034
  2.9920027562E+005  3.1078194505E+034
  3.0090033636E+005  3.1078199715E+034
  3.0260023776E+005  3.1078204741E+034
  3.0430034540E+005  3.1078209586E+034
  3.0600031544E+005  3.1078214250E+034
  3.0770018378E+005  3.1078218735E+034
  3.0940026205E+005  3.1078223042E+034
  3.1110022122E+005  3.1078227172E+034
  3.1280021645E+005  3.1078231128E+034
  3.1450024378E+005  3.1078234910E+034
  3.1620028518E+005  3.1078238521E+034
  3.1790032765E+005  3.1078241961E+034
  3.1960020668E+005  3.1078245232E+034
  3.2130022566E+005  3.1078248335E+034
  3.2300022916E+005  3.1078251273E+034
  3.2470020354E+005  3.1078254045E+034
  3.2640034050E+005  3.1078256655E+034
  3.2810028796E+005  3.1078259101E+034
  3.2980023451E+005  3.1078261387E+034
  3.3150020791E+005  3.1078263513E+034
  3.3320019940E+005  3.1078265481E+034
  3.3490023882E+005  3.1078267295E+034
  3.3660031870E+005  3.1078268992E+034
  3.3830028863E+005  3.1078270544E+034
  3.4000029138E+005  3.1078271939E+034
  3.4170033229E+005  3.1078273176E+034
  3.4340023300E+005  3.1078274257E+034
  3.4510031759E+005  3.1078275186E+034
  3.4680023606E+005  3.1078275962E+034
  3.4850031712E+005  3.1078276585E+034
  3.5020022584E+005  3.1078277057E+034
  3.5190027502E+005  3.1078277378E+034
  3.5360030683E+005  3.1078277548E+034
  3.5530032282E+005  3.1078277569E+034
  3.5700032820E+005  3.1078277440E+034
  3.5870033768E+005  3.1078277163E+034
  3.6040018701E+005  3.1078276738E+034
  3.6210024932E+005  3.1078276165E+034
  3.6380033831E+005  3.1078275445E+034
  3.6550030152E+005  3.1078274579E+034
  3.6720030996E+005  3.1078273566E+034
  3.6890019251E+005  3.1078272408E+034
  3.7060027801E+005  3.1078271103E+034
  3.7230021487E+005  3.1078269652E+034
  3.7400017619E+005  3.1078268056E+034
  3.7570030724E+005  3.1078266314E+034
  3.7740026472E+005  3.1078264427E+034
  3.7910020734E+005  3.1078262396E+034
  3.8080031225E+005  3.1078260219E+034
  3.8250021950E+005  3.1078257898E+034
  3.8420028546E+005  3.1078255431E+034
  3.8590017814E+005  3.1078252821E+034
  3.8760024213E+005  3.1078250065E+034
  3.8930032034E+005  3.1078247165E+034
  3.9100025276E+005  3.1078244120E+034
  3.9270022684E+005  3.1078240931E+034
  3.9440023904E+005  3.1078237596E+034
  3.9610029203E+005  3.1078234117E+034
  3.9780021633E+005  3.1078230493E+034
  3.9950034558E+005  3.1078226723E+034
  4.0120032308E+005  3.1078222809E+034
  4.0290031654E+005  3.1078218749E+034
  4.0460032079E+005  3.1078214544E+034
  4.0630031723E+005  3.1078210193E+034
  4.0800030312E+005  3.1078205697E+034
  4.0970027656E+005  3.1078201061E+034
  4.1140023377E+005  3.1078196295E+034
  4.1310017349E+005  3.1078191406E+034
  4.1480028265E+005  3.1078186397E+034
  4.1650022668E+005  3.1078181270E+034
  4.1820018624E+005  3.1078176027E+034
  4.1990033774E+005  3.1078170675E+034
  4.2160018510E+005  3.1078165206E+034
  4.2330024071E+005  3.1078159612E+034
  4.2500033705E+005  3.1078153891E+034
  4.2670029734E+005  3.1078148042E+034
  4.2840029490E+005  3.1078142063E+034
  4.3010031482E+005  3.1078135954E+034
  4.3180034164E+005  3.1078129714E+034
  4.3350020864E+005  3.1078123342E+034
  4.3520024399E+005  3.1078116838E+034
  4.3690027114E+005  3.1078110201E+034
  4.3860028155E+005  3.1078103432E+034
  4.4030028410E+005  3.1078096531E+034
  4.4200027252E+005  3.1078089498E+034
  4.4370025083E+005  3.1078082334E+034
  4.4540024115E+005  3.1078075047E+034
  4.4710024365E+005  3.1078067654E+034
  4.4880027586E+005  3.1078060170E+034
  4.5050033205E+005  3.1078052598E+034
  4.5220026330E+005  3.1078044937E+034
  4.5390022687E+005  3.1078037184E+034
  4.5560022413E+005  3.1078029333E+034
  4.5730025551E+005  3.1078021381E+034
  4.5900030888E+005  3.1078013324E+034
  4.6070020794E+005  3.1078005160E+034
  4.6240027490E+005  3.1077996888E+034
  4.6410017984E+005  3.1077988507E+034
  4.6580024136E+005  3.1077980064E+034
  4.6750029368E+005  3.1077971610E+034
  4.6920033192E+005  3.1077963104E+034
  4.7090019122E+005  3.1077954498E+034
  4.7260021990E+005  3.1077945771E+034
  4.7430024596E+005  3.1077936926E+034
  4.7600029819E+005  3.1077927984E+034
  4.7770019271E+005  3.1077918970E+034
  4.7940029643E+005  3.1077909899E+034
  4.8110025581E+005  3.1077900775E+034
  4.8280026050E+005  3.1077891590E+034
  4.8450029699E+005  3.1077882339E+034
  4.8620018465E+005  3.1077873017E+034
  4.8790027539E+005  3.1077863618E+034
  4.8960019899E+005  3.1077854142E+034
  4.9130030768E+005  3.1077844587E+034
  4.9300023348E+005  3.1077834955E+034
  4.9470033936E+005  3.1077825244E+034
  4.9640025358E+005  3.1077815456E+034
  4.9810032916E+005  3.1077805593E+034
  4.9980022500E+005  3.1077795658E+034
  5.0150028959E+005  3.1077785651E+034
  5.0320019074E+005  3.1077775591E+034
  5.0490027229E+005  3.1077765507E+034
  5.0660021652E+005  3.1077755429E+034
  5.0830018147E+005  3.1077745364E+034
  5.1000018214E+005  3.1077735308E+034
  5.1170021586E+005  3.1077725253E+034
  5.1340028600E+005  3.1077715190E+034
  5.1510021147E+005  3.1077705118E+034
  5.1680032535E+005  3.1077695036E+034
  5.1850028949E+005  3.1077684946E+034
  5.2020024997E+005  3.1077674844E+034
  5.2190021428E+005  3.1077664730E+034
  5.2360034064E+005  3.1077654607E+034
  5.2530029354E+005  3.1077644481E+034
  5.2700023205E+005  3.1077634355E+034
  5.2870033270E+005  3.1077624235E+034
  5.3040026472E+005  3.1077614134E+034
  5.3210019656E+005  3.1077604085E+034
  5.3380032090E+005  3.1077594124E+034
  5.3550028948E+005  3.1077584270E+034
  5.3720029658E+005  3.1077574519E+034
  5.3890032874E+005  3.1077564862E+034
  5.4060022200E+005  3.1077555293E+034
  5.4230032172E+005  3.1077545804E+034
  5.4400027532E+005  3.1077536396E+034
  5.4570024958E+005  3.1077527070E+034
  5.4740023364E+005  3.1077517829E+034
  5.4910023135E+005  3.1077508677E+034
  5.5080022184E+005  3.1077499620E+034
  5.5250021070E+005  3.1077490665E+034
  5.5420018944E+005  3.1077481821E+034
  5.5590033423E+005  3.1077473092E+034
  5.5760029719E+005  3.1077464489E+034
  5.5930025714E+005  3.1077456030E+034
  5.6100023011E+005  3.1077447748E+034
  5.6270021326E+005  3.1077439674E+034
  5.6440021948E+005  3.1077431900E+034
  5.6610025119E+005  3.1077424456E+034
  5.6780031802E+005  3.1077417311E+034
  5.6950023959E+005  3.1077410499E+034
  5.7120019333E+005  3.1077404022E+034
  5.7290017588E+005  3.1077397834E+034
  5.7460017782E+005  3.1077391905E+034
  5.7630018937E+005  3.1077386229E+034
  5.7800020713E+005  3.1077380803E+034
  5.7970022849E+005  3.1077375629E+034
  5.8140024206E+005  3.1077370700E+034
  5.8310024976E+005  3.1077365921E+034
  5.8480025118E+005  3.1077360286E+034
  5.8650024576E+005  3.1077337391E+034
  5.8820023574E+005  3.1077015994E+034
  5.8990023364E+005  3.1077887113E+034
  5.9160024898E+005  3.1041285307E+034
  5.9330028598E+005  3.1049390526E+034
  5.9500017441E+005  3.1056274355E+034
  5.9670026807E+005  3.1062216905E+034
  5.9840021860E+005  3.1067617070E+034
  6.0010019578E+005  3.1071522873E+034
  6.0180020131E+005  3.1075004112E+034
  6.0350022825E+005  3.1076858496E+034
  6.0520026752E+005  3.1078459462E+034
  6.0690030808E+005  3.1079954547E+034
  6.0860018000E+005  3.1079913649E+034
  6.1030021978E+005  3.1080088515E+034
  6.1200025177E+005  3.1079960281E+034
  6.1370027880E+005  3.1079950570E+034
  6.1540030115E+005  3.1079945697E+034
  6.1710032347E+005  3.1079958301E+034
  6.1880017483E+005  3.1079976021E+034
  6.2050021921E+005  3.1079983255E+034
  6.2220028170E+005  3.1080001850E+034
  6.2390019904E+005  3.1079999781E+034
  6.2560031536E+005  3.1079997967E+034
  6.2730029259E+005  3.1080000564E+034
  6.2900029730E+005  3.1080000919E+034
  6.3070032279E+005  3.1080001343E+034
  6.3240019966E+005  3.1080001686E+034
  6.3410025847E+005  3.1080001857E+034
  6.3580032545E+005  3.1080001809E+034
  6.3750021538E+005  3.1080001541E+034
  6.3920028168E+005  3.1080001079E+034
  6.4090033921E+005  3.1080000473E+034
  6.4260021550E+005  3.1079999783E+034
  6.4430026332E+005  3.1079999073E+034
  6.4600030873E+005  3.1079998402E+034
  6.4770019089E+005  3.1079997821E+034
  6.4940025450E+005  3.1079997384E+034
  6.5110017467E+005  3.1079997327E+034
  6.5280028664E+005  3.1079997713E+034
  6.5450025473E+005  3.1079992185E+034
  6.5620025017E+005  3.1079992381E+034
  6.5790027543E+005  3.1079992613E+034
  6.5960032637E+005  3.1079992874E+034
  6.6130021849E+005  3.1079993083E+034
  6.6300030279E+005  3.1079993182E+034
  6.6470021198E+005  3.1079993116E+034
  6.6640029822E+005  3.1079992852E+034
  6.6810020585E+005  3.1079992412E+034
  6.6980028746E+005  3.1079991849E+034
  6.7150018785E+005  3.1079991210E+034
  6.7320025457E+005  3.1079990544E+034
  6.7490032682E+005  3.1079989899E+034
  6.7660022621E+005  3.1079989263E+034
  6.7830031771E+005  3.1079988599E+034
  6.8000025168E+005  3.1079987988E+034
  6.8170021857E+005  3.1079987491E+034
  6.8340020585E+005  3.1079987129E+034
  6.8510022151E+005  3.1079986899E+034
  6.8680026518E+005  3.1079986776E+034
  6.8850033130E+005  3.1079961348E+034
  6.9020024537E+005  3.1079959733E+034
  6.9190033922E+005  3.1079958011E+034
  6.9360027466E+005  3.1079956096E+034
  6.9530020187E+005  3.1079953903E+034
  6.9700030458E+005  3.1079951402E+034
  6.9870022806E+005  3.1079948685E+034
  7.0040032235E+005  3.1079945810E+034
  7.0210023927E+005  3.1079942832E+034
  7.0380032669E+005  3.1079939781E+034
  7.0550025529E+005  3.1079936690E+034
  7.0720018973E+005  3.1079933587E+034
  7.0890032248E+005  3.1079930500E+034
  7.1060030254E+005  3.1079927450E+034
  7.1230031343E+005  3.1079924425E+034
  7.1400017304E+005  3.1079921308E+034
  7.1570023260E+005  3.1079918124E+034
  7.1740031896E+005  3.1079914908E+034
  7.1910024523E+005  3.1079911681E+034
  7.2080018701E+005  3.1079908463E+034
  7.2250030273E+005  3.1079905304E+034
  7.2420025442E+005  3.1079902308E+034
  7.2590019589E+005  3.1079899568E+034
  7.2760031291E+005  3.1079897073E+034
  7.2930025179E+005  3.1079894765E+034
  7.3100018692E+005  3.1079892596E+034
  7.3270029545E+005  3.1079890546E+034
  7.3440023650E+005  3.1079888600E+034
  7.3610019749E+005  3.1079886737E+034
  7.3780034399E+005  3.1079884950E+034
  7.3950017308E+005  3.1079883235E+034
  7.4120019821E+005  3.1079881580E+034
  7.4290024991E+005  3.1079879977E+034
  7.4460032353E+005  3.1079878418E+034
  7.4630024879E+005  3.1079876896E+034
  7.4800019555E+005  3.1079875406E+034
  7.4970032078E+005  3.1079873939E+034
  7.5140028296E+005  3.1079872489E+034
  7.5310024315E+005  3.1079871053E+034
  7.5480020524E+005  3.1079869631E+034
  7.5650033189E+005  3.1079868222E+034
  7.5820028741E+005  3.1079866822E+034
  7.5990024103E+005  3.1079865420E+034
  7.6160019178E+005  3.1079864013E+034
  7.6330032454E+005  3.1079862596E+034
  7.6500029669E+005  3.1079861167E+034
  7.6670029138E+005  3.1079859724E+034
  7.6840030395E+005  3.1079858268E+034
  7.7010017378E+005  3.1079856788E+034
  7.7180024034E+005  3.1079855262E+034
  7.7350032914E+005  3.1079853663E+034
  7.7520026635E+005  3.1079851990E+034
  7.7690022313E+005  3.1079850269E+034
  7.7860019290E+005  3.1079848526E+034
  7.8030033682E+005  3.1079846766E+034
  7.8200031431E+005  3.1079844995E+034
  7.8370028796E+005  3.1079843215E+034
  7.8540025882E+005  3.1079841425E+034
  7.8710022508E+005  3.1079839621E+034
  7.8880019286E+005  3.1079837801E+034
  7.9050033486E+005  3.1079835970E+034
  7.9220030699E+005  3.1079834132E+034
  7.9390029622E+005  3.1079832287E+034
  7.9560030330E+005  3.1079830431E+034
  7.9730033293E+005  3.1079828559E+034
  7.9900021103E+005  3.1079826671E+034
  8.0070029071E+005  3.1079824770E+034
  8.0240021942E+005  3.1079822857E+034
  8.0410034068E+005  3.1079820933E+034
  8.0580030834E+005  3.1079818998E+034
  8.0750028817E+005  3.1079817055E+034
  8.0920027229E+005  3.1079815105E+034
  8.1090025620E+005  3.1079813149E+034
  8.1260024300E+005  3.1079811185E+034
  8.1430022599E+005  3.1079809209E+034
  8.1600020495E+005  3.1079807218E+034
  8.1770018352E+005  3.1079805213E+034
  8.1940033847E+005  3.1079803198E+034
  8.2110032470E+005  3.1079801177E+034
  8.2280032297E+005  3.1079799152E+034
  8.2450034301E+005  3.1079797122E+034
  8.2620021168E+005  3.1079795087E+034
  8.2790027454E+005  3.1079793045E+034
  8.2960018865E+005  3.1079790996E+034
  8.3130030086E+005  3.1079788939E+034
  8.3300025806E+005  3.1079786872E+034
  8.3470023253E+005  3.1079784790E+034
  8.3640022079E+005  3.1079782694E+034
  8.3810021563E+005  3.1079780585E+034
  8.3980020785E+005  3.1079778473E+034
  8.4150020146E+005  3.1079776365E+034
  8.4320019376E+005  3.1079774264E+034
  8.4490018303E+005  3.1079772169E+034
  8.4660034415E+005  3.1079770078E+034
  8.4830033571E+005  3.1079767989E+034
  8.5000033470E+005  3.1079765899E+034
  8.5170034185E+005  3.1079763808E+034
  8.5340019681E+005  3.1079761715E+034
  8.5510024702E+005  3.1079759622E+034
  8.5680032048E+005  3.1079757528E+034
  8.5850024200E+005  3.1079755433E+034
  8.6020018855E+005  3.1079753335E+034
  8.6190032845E+005  3.1079751233E+034
  8.6360030816E+005  3.1079749125E+034
  8.6530030215E+005  3.1079747009E+034
  8.6700030222E+005  3.1079744882E+034
  8.6870030568E+005  3.1079742742E+034
  8.7040030430E+005  3.1079740586E+034
  8.7210030547E+005  3.1079738411E+034
  8.7380030290E+005  3.1079736219E+034
  8.7550029829E+005  3.1079734009E+034
  8.7720029812E+005  3.1079731783E+034
  8.7890030496E+005  3.1079729543E+034
  8.8060032549E+005  3.1079727290E+034
  8.8230018572E+005  3.1079725024E+034
  8.8400024570E+005  3.1079722743E+034
  8.8570032549E+005  3.1079720446E+034
  8.8740025586E+005  3.1079718131E+034
  8.8910020651E+005  3.1079715794E+034
  8.9080017993E+005  3.1079713433E+034
  8.9250034180E+005  3.1079711044E+034
  8.9420033892E+005  3.1079708623E+034
  8.9590017368E+005  3.1079706163E+034
  8.9760018093E+005  3.1079703656E+034
  8.9930018877E+005  3.1079701095E+034
  9.0100019296E+005  3.1079698475E+034
  9.0270019983E+005  3.1079695799E+034
  9.0440020451E+005  3.1079693078E+034
  9.0610020987E+005  3.1079690325E+034
  9.0780022545E+005  3.1079687552E+034
  9.0950025054E+005  3.1079684766E+034
  9.1120029502E+005  3.1079681971E+034
  9.1290018363E+005  3.1079679168E+034
  9.1460027325E+005  3.1079676355E+034
  9.1630020776E+005  3.1079673529E+034
  9.1800033684E+005  3.1079670688E+034
  9.1970031268E+005  3.1079667829E+034
  9.2140030445E+005  3.1079664950E+034
  9.2310030798E+005  3.1079662050E+034
  9.2480031512E+005  3.1079659130E+034
  9.2650033079E+005  3.1079656188E+034
  9.2820034027E+005  3.1079653225E+034
  9.2990017706E+005  3.1079650240E+034
  9.3160018436E+005  3.1079647232E+034
  9.3330019471E+005  3.1079644200E+034
  9.3500020664E+005  3.1079641143E+034
  9.3670022379E+005  3.1079638061E+034
  9.3840025735E+005  3.1079634954E+034
  9.4010030204E+005  3.1079631821E+034
  9.4180019689E+005  3.1079628664E+034
  9.4350028462E+005  3.1079625482E+034
  9.4520022661E+005  3.1079622276E+034
  9.4690018515E+005  3.1079619047E+034
  9.4860033635E+005  3.1079615793E+034
  9.5030033160E+005  3.1079612515E+034
  9.5200033548E+005  3.1079609210E+034
  9.5370017510E+005  3.1079605878E+034
  9.5540018809E+005  3.1079602519E+034
  9.5710020702E+005  3.1079599131E+034
  9.5880021827E+005  3.1079595716E+034
  9.6050023147E+005  3.1079592273E+034
  9.6220024461E+005  3.1079588803E+034
  9.6390026114E+005  3.1079585308E+034
  9.6560028462E+005  3.1079581787E+034
  9.6730031889E+005  3.1079578243E+034
  9.6900020092E+005  3.1079574678E+034
  9.7070026987E+005  3.1079571091E+034
  9.7240019124E+005  3.1079567485E+034
  9.7410030550E+005  3.1079563860E+034
  9.7580026988E+005  3.1079560218E+034
  9.7750024973E+005  3.1079556557E+034
  9.7920024591E+005  3.1079552877E+034
  9.8090025614E+005  3.1079549177E+034
  9.8260026841E+005  3.1079545457E+034
  9.8430028727E+005  3.1079541717E+034
  9.8600030347E+005  3.1079537955E+034
  9.8770032254E+005  3.1079534172E+034
  9.8940033535E+005  3.1079530369E+034
  9.9110017948E+005  3.1079526543E+034
  9.9280020021E+005  3.1079522693E+034
  9.9450022625E+005  3.1079518820E+034
  9.9620026427E+005  3.1079514925E+034
  9.9790031695E+005  3.1079511008E+034
  9.9960021919E+005  3.1079507071E+034
  1.0013003105E+006  3.1079503113E+034
  1.0030002550E+006  3.1079499136E+034
  1.0047002186E+006  3.1079495141E+034
  1.0064001993E+006  3.1079491129E+034
  1.0081001937E+006  3.1079487100E+034
  1.0098002001E+006  3.1079483055E+034
  1.0115002160E+006  3.1079478994E+034
  1.0132002304E+006  3.1079474917E+034
  1.0149002500E+006  3.1079470824E+034
  1.0166002654E+006  3.1079466714E+034
  1.0183002814E+006  3.1079462587E+034
  1.0200002950E+006  3.1079458443E+034
  1.0217003162E+006  3.1079454280E+034
  1.0234003448E+006  3.1079450099E+034
  1.0251002085E+006  3.1079445900E+034
  1.0268002634E+006  3.1079441681E+034
  1.0285003350E+006  3.1079437443E+034
  1.0302002561E+006  3.1079433186E+034
  1.0319001949E+006  3.1079428909E+034
  1.0336003322E+006  3.1079424613E+034
  1.0353003119E+006  3.1079420297E+034
  1.0370003044E+006  3.1079415962E+034
  1.0387003087E+006  3.1079411606E+034
  1.0404003198E+006  3.1079407231E+034
  1.0421003355E+006  3.1079402836E+034
  1.0438001759E+006  3.1079398422E+034
  1.0455001935E+006  3.1079393987E+034
  1.0472002072E+006  3.1079389531E+034
  1.0489002217E+006  3.1079385055E+034
  1.0506002394E+006  3.1079380558E+034
  1.0523002667E+006  3.1079376041E+034
  1.0540003051E+006  3.1079371502E+034
  1.0557001827E+006  3.1079366942E+034
  1.0574002559E+006  3.1079362360E+034
  1.0591001734E+006  3.1079357756E+034
  1.0608002858E+006  3.1079353127E+034
  1.0625002436E+006  3.1079348475E+034
  1.0642002221E+006  3.1079343799E+034
  1.0659002125E+006  3.1079339096E+034
  1.0676002125E+006  3.1079334368E+034
  1.0693002223E+006  3.1079329612E+034
  1.0710002343E+006  3.1079324828E+034
  1.0727002476E+006  3.1079320016E+034
  1.0744002590E+006  3.1079315174E+034
  1.0761002731E+006  3.1079310302E+034
  1.0778002846E+006  3.1079305396E+034
  1.0795003009E+006  3.1079300448E+034
  1.0812003263E+006  3.1079295460E+034
  1.0829001889E+006  3.1079290430E+034
  1.0846002385E+006  3.1079285359E+034
  1.0863003050E+006  3.1079280248E+034
  1.0880002218E+006  3.1079275096E+034
  1.0897003292E+006  3.1079269904E+034
  1.0914002848E+006  3.1079264673E+034
  1.0931002577E+006  3.1079259404E+034
  1.0948002448E+006  3.1079254096E+034
  1.0965002400E+006  3.1079248751E+034
  1.0982002434E+006  3.1079243369E+034
  1.0999002531E+006  3.1079237952E+034
  1.1016002620E+006  3.1079232500E+034
  1.1033002709E+006  3.1079227014E+034
  1.1050002795E+006  3.1079221495E+034
  1.1067002893E+006  3.1079215945E+034
  1.1084003008E+006  3.1079210364E+034
  1.1101003225E+006  3.1079204753E+034
  1.1118001832E+006  3.1079199114E+034
  1.1135002294E+006  3.1079193447E+034
  1.1152002929E+006  3.1079187753E+034
  1.1169002031E+006  3.1079182033E+034
  1.1186003079E+006  3.1079176288E+034
  1.1203002570E+006  3.1079170519E+034
  1.1220002255E+006  3.1079164726E+034
  1.1237002082E+006  3.1079158911E+034
  1.1254001987E+006  3.1079153075E+034
  1.1271001960E+006  3.1079147218E+034
  1.1288001991E+006  3.1079141342E+034
  1.1305002046E+006  3.1079135448E+034
  1.1322002078E+006  3.1079129536E+034
  1.1339002124E+006  3.1079123609E+034
  1.1356002181E+006  3.1079117668E+034
  1.1373002256E+006  3.1079111713E+034
  1.1390002406E+006  3.1079105748E+034
  1.1407002689E+006  3.1079099772E+034
  1.1424003115E+006  3.1079093788E+034
  1.1441001956E+006  3.1079087798E+034
  1.1458002737E+006  3.1079081803E+034
  1.1475001987E+006  3.1079075806E+034
  1.1492003149E+006  3.1079069807E+034
  1.1509002747E+006  3.1079063810E+034
  1.1526002499E+006  3.1079057815E+034
  1.1543002349E+006  3.1079051825E+034
  1.1560002248E+006  3.1079045841E+034
  1.1577002209E+006  3.1079039866E+034
  1.1594002195E+006  3.1079033901E+034
  1.1611002167E+006  3.1079027949E+034
  1.1628002133E+006  3.1079022011E+034
  1.1645002125E+006  3.1079016090E+034
  1.1662002155E+006  3.1079010188E+034
  1.1679002241E+006  3.1079004305E+034
  1.1696002455E+006  3.1078998445E+034
  1.1713002815E+006  3.1078992609E+034
  1.1730003326E+006  3.1078986798E+034
  1.1747002290E+006  3.1078981015E+034
  1.1764003196E+006  3.1078975239E+034
  1.1781002567E+006  3.1078969462E+034
  1.1798002083E+006  3.1078963685E+034
  1.1815001753E+006  3.1078957908E+034
  1.1832003253E+006  3.1078952132E+034
  1.1849003082E+006  3.1078946359E+034
  1.1866002948E+006  3.1078940591E+034
  1.1883002861E+006  3.1078934828E+034
  1.1900002776E+006  3.1078929071E+034
  1.1917002668E+006  3.1078923320E+034
  1.1934002580E+006  3.1078917578E+034
  1.1951002534E+006  3.1078911844E+034
  1.1968002557E+006  3.1078906120E+034
  1.1985002687E+006  3.1078900405E+034
  1.2002002977E+006  3.1078894702E+034
  1.2019003428E+006  3.1078889010E+034
  1.2036002301E+006  3.1078883331E+034
  1.2053003117E+006  3.1078877663E+034
  1.2070002391E+006  3.1078872010E+034
  1.2087001838E+006  3.1078866371E+034
  1.2104003138E+006  3.1078860744E+034
  1.2121002828E+006  3.1078855128E+034
  1.2138002572E+006  3.1078849523E+034
  1.2155002348E+006  3.1078843930E+034
  1.2172002161E+006  3.1078838348E+034
  1.2189001989E+006  3.1078832779E+034
  1.2206001818E+006  3.1078827223E+034
  1.2223003371E+006  3.1078821679E+034
  1.2240003254E+006  3.1078816149E+034
  1.2257003193E+006  3.1078810634E+034
  1.2274003237E+006  3.1078805132E+034
  1.2291003427E+006  3.1078799645E+034
  1.2308002056E+006  3.1078794174E+034
  1.2325002592E+006  3.1078788717E+034
  1.2342003295E+006  3.1078783276E+034
  1.2359002481E+006  3.1078777851E+034
  1.2376001811E+006  3.1078772441E+034
  1.2393003016E+006  3.1078767047E+034
  1.2410002582E+006  3.1078761671E+034
  1.2427002238E+006  3.1078756310E+034
  1.2444001920E+006  3.1078750966E+034
  1.2461003354E+006  3.1078745639E+034
  1.2478003083E+006  3.1078740328E+034
  1.2495002799E+006  3.1078735035E+034
  1.2512002537E+006  3.1078729759E+034
  1.2529002297E+006  3.1078724500E+034
  1.2546002164E+006  3.1078719258E+034
  1.2563002109E+006  3.1078714034E+034
  1.2580002198E+006  3.1078708826E+034
  1.2597002454E+006  3.1078703636E+034
  1.2614002884E+006  3.1078698464E+034
  1.2631001762E+006  3.1078693309E+034
  1.2648002551E+006  3.1078688170E+034
  1.2665001797E+006  3.1078683050E+034
  1.2682002880E+006  3.1078677946E+034
  1.2699002340E+006  3.1078672859E+034
  1.2716001868E+006  3.1078667790E+034
  1.2733003179E+006  3.1078662737E+034
  1.2750002766E+006  3.1078657702E+034
  1.2767002372E+006  3.1078652683E+034
  1.2784002007E+006  3.1078647681E+034
  1.2801003354E+006  3.1078642696E+034
  1.2818003022E+006  3.1078637727E+034
  1.2835002750E+006  3.1078632775E+034
  1.2852002605E+006  3.1078627839E+034
  1.2869002567E+006  3.1078622919E+034
  1.2886002706E+006  3.1078618015E+034
  1.2903003029E+006  3.1078613127E+034
  1.2920001774E+006  3.1078609409E+034
  1.2937002439E+006  3.1078607664E+034
  1.2954003268E+006  3.1078605922E+034
  1.2971002517E+006  3.1078604183E+034
  1.2988001833E+006  3.1078602447E+034
  1.3005002978E+006  3.1078600712E+034
  1.3022002430E+006  3.1078598983E+034
  1.3039001892E+006  3.1078597261E+034
  1.3056003102E+006  3.1078595546E+034
  1.3073002595E+006  3.1078593838E+034
  1.3090002121E+006  3.1078592136E+034
  1.3107003378E+006  3.1078590441E+034
  1.3124003004E+006  3.1078588753E+034
  1.3141002717E+006  3.1078587071E+034
  1.3158002566E+006  3.1078585396E+034
  1.3175002563E+006  3.1078583727E+034
  1.3192002752E+006  3.1078582065E+034
  1.3209003126E+006  3.1078580409E+034
  1.3226001907E+006  3.1078578762E+034
  1.3243002611E+006  3.1078577121E+034
  1.3260003432E+006  3.1078575487E+034
  1.3277002634E+006  3.1078573861E+034
  1.3294001887E+006  3.1078572244E+034
  1.3311002952E+006  3.1078570634E+034
  1.3328002288E+006  3.1078569032E+034
  1.3345003354E+006  3.1078567439E+034
  1.3362002718E+006  3.1078565854E+034
  1.3379002093E+006  3.1078564278E+034
  1.3396003252E+006  3.1078562711E+034
  1.3413002717E+006  3.1078561153E+034
  1.3430002322E+006  3.1078559604E+034
  1.3447002030E+006  3.1078558064E+034
  1.3464001896E+006  3.1078556534E+034
  1.3481001942E+006  3.1078555014E+034
  1.3498002167E+006  3.1078553502E+034
  1.3515002565E+006  3.1078552001E+034
  1.3532003100E+006  3.1078550509E+034
  1.3549002071E+006  3.1078549026E+034
  1.3566002844E+006  3.1078547553E+034
  1.3583001972E+006  3.1078546088E+034
  1.3600002870E+006  3.1078544633E+034
  1.3617002080E+006  3.1078543186E+034
  1.3634003016E+006  3.1078541748E+034
  1.3651002231E+006  3.1078540318E+034
  1.3668003224E+006  3.1078538896E+034
  1.3685002496E+006  3.1078537481E+034
  1.3702001849E+006  3.1078536073E+034
  1.3719003024E+006  3.1078534672E+034
  1.3736002618E+006  3.1078533277E+034
  1.3753002335E+006  3.1078531888E+034
  1.3770002242E+006  3.1078530504E+034
  1.3787002334E+006  3.1078529124E+034
  1.3804002577E+006  3.1078527749E+034
  1.3821002978E+006  3.1078526376E+034
  1.3838001772E+006  3.1078525007E+034
  1.3855002430E+006  3.1078523640E+034
  1.3872003126E+006  3.1078522274E+034
  1.3889002163E+006  3.1078520910E+034
  1.3906002951E+006  3.1078519546E+034
  1.3923002013E+006  3.1078518181E+034
  1.3940002812E+006  3.1078516815E+034
  1.3957001912E+006  3.1078515448E+034
  1.3974002807E+006  3.1078514079E+034
  1.3991001997E+006  3.1078512706E+034
  1.4008003042E+006  3.1078511331E+034
  1.4025002463E+006  3.1078509951E+034
  1.4042002047E+006  3.1078508567E+034
  1.4059001784E+006  3.1078507178E+034
  1.4076003454E+006  3.1078505783E+034
  1.4093001825E+006  3.1078504382E+034
  1.4110002049E+006  3.1078502974E+034
  1.4127002425E+006  3.1078501560E+034
  1.4144002892E+006  3.1078500138E+034
  1.4161003456E+006  3.1078498708E+034
  1.4178002309E+006  3.1078497271E+034
  1.4195002953E+006  3.1078495825E+034
  1.4212001860E+006  3.1078494372E+034
  1.4229002499E+006  3.1078492909E+034
  1.4246003172E+006  3.1078491438E+034
  1.4263002155E+006  3.1078489957E+034
  1.4280002953E+006  3.1078488468E+034
  1.4297002079E+006  3.1078486970E+034
  1.4314003096E+006  3.1078485463E+034
  1.4331002503E+006  3.1078483946E+034
  1.4348002084E+006  3.1078482421E+034
  1.4365001836E+006  3.1078480886E+034
  1.4382001767E+006  3.1078479342E+034
  1.4399001848E+006  3.1078477790E+034
  1.4416002029E+006  3.1078476231E+034
  1.4433002348E+006  3.1078474667E+034
  1.4450002720E+006  3.1078473100E+034
  1.4467003156E+006  3.1078471528E+034
  1.4484001870E+006  3.1078469953E+034
  1.4501002354E+006  3.1078468374E+034
  1.4518002834E+006  3.1078466792E+034
  1.4535003331E+006  3.1078465207E+034
  1.4552002162E+006  3.1078463619E+034
  1.4569002775E+006  3.1078462028E+034
  1.4586001754E+006  3.1078460434E+034
  1.4603002566E+006  3.1078458838E+034
  1.4620001825E+006  3.1078457241E+034
  1.4637002958E+006  3.1078455641E+034
  1.4654002538E+006  3.1078454039E+034
  1.4671002287E+006  3.1078452436E+034
  1.4688002178E+006  3.1078450839E+034
  1.4705002190E+006  3.1078449254E+034
  1.4722002297E+006  3.1078447679E+034
  1.4739002517E+006  3.1078446116E+034
  1.4756002761E+006  3.1078444563E+034
  1.4773003047E+006  3.1078443021E+034
  1.4790003338E+006  3.1078441489E+034
  1.4807001916E+006  3.1078439967E+034
  1.4824002238E+006  3.1078438456E+034
  1.4841002614E+006  3.1078436954E+034
  1.4858003079E+006  3.1078435462E+034
  1.4875001872E+006  3.1078433979E+034
  1.4892002526E+006  3.1078432505E+034
  1.4909003312E+006  3.1078431039E+034
  1.4926002547E+006  3.1078429582E+034
  1.4943001930E+006  3.1078428132E+034
  1.4960003229E+006  3.1078426690E+034
  1.4977002947E+006  3.1078425254E+034
  1.4994002765E+006  3.1078423825E+034
  1.5011002687E+006  3.1078422402E+034
  1.5028002691E+006  3.1078420984E+034
  1.5045002770E+006  3.1078419570E+034
  1.5062002850E+006  3.1078418161E+034
  1.5079002967E+006  3.1078416755E+034
  1.5096003093E+006  3.1078415353E+034
  1.5113003230E+006  3.1078413953E+034
  1.5130003414E+006  3.1078412554E+034
  1.5147001941E+006  3.1078411157E+034
  1.5164002308E+006  3.1078409760E+034
  1.5181002754E+006  3.1078408363E+034
  1.5198003366E+006  3.1078406965E+034
  1.5215002394E+006  3.1078405566E+034
  1.5232003330E+006  3.1078404164E+034
  1.5249002680E+006  3.1078402759E+034
  1.5266002195E+006  3.1078401351E+034
  1.5283001835E+006  3.1078399938E+034
  1.5300003281E+006  3.1078398520E+034
  1.5317003098E+006  3.1078397097E+034
  1.5334002960E+006  3.1078395667E+034
  1.5351002860E+006  3.1078394229E+034
  1.5368002757E+006  3.1078392785E+034
  1.5385002694E+006  3.1078391332E+034
  1.5402002643E+006  3.1078389869E+034
  1.5419002625E+006  3.1078388397E+034
  1.5436002693E+006  3.1078386915E+034
  1.5453002845E+006  3.1078385422E+034
  1.5470003113E+006  3.1078383917E+034
  1.5487001762E+006  3.1078382401E+034
  1.5504002340E+006  3.1078380872E+034
  1.5521003066E+006  3.1078379329E+034
  1.5538002219E+006  3.1078377773E+034
  1.5555003255E+006  3.1078376203E+034
  1.5572002682E+006  3.1078374619E+034
  1.5589002202E+006  3.1078373019E+034
  1.5606001791E+006  3.1078371404E+034
  1.5623003203E+006  3.1078369774E+034
  1.5640002891E+006  3.1078368127E+034
  1.5657002601E+006  3.1078366464E+034
  1.5674002317E+006  3.1078364783E+034
  1.5691002075E+006  3.1078363086E+034
  1.5708001858E+006  3.1078361371E+034
  1.5725003451E+006  3.1078359638E+034
  1.5742003415E+006  3.1078357887E+034
  1.5759001739E+006  3.1078356119E+034
  1.5776001934E+006  3.1078354331E+034
  1.5793002284E+006  3.1078352524E+034
  1.5810002817E+006  3.1078350699E+034
  1.5827001754E+006  3.1078348854E+034
  1.5844002584E+006  3.1078346990E+034
  1.5861001806E+006  3.1078345106E+034
  1.5878002849E+006  3.1078343202E+034
  1.5895002236E+006  3.1078341278E+034
  1.5912003417E+006  3.1078339333E+034
  1.5929002917E+006  3.1078337368E+034
  1.5946002406E+006  3.1078335383E+034
  1.5963001932E+006  3.1078333376E+034
  1.5980003213E+006  3.1078331348E+034
  1.5997002796E+006  3.1078329299E+034
  1.6014002437E+006  3.1078327231E+034
  1.6031002182E+006  3.1078325152E+034
  1.6048002046E+006  3.1078323063E+034
  1.6065002021E+006  3.1078320963E+034
  1.6082002168E+006  3.1078318853E+034
  1.6099002468E+006  3.1078316731E+034
  1.6116002929E+006  3.1078314598E+034
  1.6133001786E+006  3.1078312454E+034
  1.6150002523E+006  3.1078310298E+034
  1.6167003359E+006  3.1078308131E+034
  1.6184002519E+006  3.1078305952E+034
  1.6201001750E+006  3.1078303761E+034
  1.6218002744E+006  3.1078301556E+034
  1.6235002031E+006  3.1078299340E+034
  1.6252003055E+006  3.1078297109E+034
  1.6269002393E+006  3.1078294865E+034
  1.6286001761E+006  3.1078292607E+034
  1.6303002920E+006  3.1078290335E+034
  1.6320002437E+006  3.1078288047E+034
  1.6337002069E+006  3.1078285743E+034
  1.6354001836E+006  3.1078283424E+034
  1.6371001741E+006  3.1078281088E+034
  1.6388001830E+006  3.1078278734E+034
  1.6405002059E+006  3.1078276363E+034
  1.6422002430E+006  3.1078273973E+034
  1.6439002925E+006  3.1078271563E+034
  1.6456001796E+006  3.1078269134E+034
  1.6473002476E+006  3.1078266683E+034
  1.6490003203E+006  3.1078264210E+034
  1.6507002252E+006  3.1078261715E+034
  1.6524003040E+006  3.1078259196E+034
  1.6541002116E+006  3.1078256652E+034
  1.6558002948E+006  3.1078254082E+034
  1.6575002102E+006  3.1078251485E+034
  1.6592003040E+006  3.1078248859E+034
  1.6609002327E+006  3.1078246204E+034
  1.6626001741E+006  3.1078243519E+034
  1.6643003012E+006  3.1078240800E+034
  1.6660002697E+006  3.1078238048E+034
  1.6677002533E+006  3.1078235261E+034
  1.6694002545E+006  3.1078232443E+034
  1.6711002675E+006  3.1078229611E+034
  1.6728002940E+006  3.1078226768E+034
  1.6745003312E+006  3.1078223910E+034
  1.6762002022E+006  3.1078221038E+034
  1.6779002515E+006  3.1078218148E+034
  1.6796003046E+006  3.1078215239E+034
  1.6813001882E+006  3.1078212309E+034
  1.6830002452E+006  3.1078209357E+034
  1.6847003062E+006  3.1078206381E+034
  1.6864001976E+006  3.1078203379E+034
  1.6881002685E+006  3.1078200349E+034
