  0.0000000000E+000  0.0000000000E+000
  1.7003450371E+003  6.4744806669E+004
  3.4002054980E+003  6.4558183473E+004
  5.1003198547E+003  6.4364962521E+004
  6.8002450857E+003  6.4170115272E+004
  8.5003142103E+003  6.3986114115E+004
  1.0200270593E+004  6.3830081854E+004
  1.1900179435E+004  6.3680617652E+004
  1.3600335068E+004  6.3502345745E+004
  1.5300328240E+004  6.3300492425E+004
  1.7000226088E+004  6.3089407140E+004
  1.8700309312E+004  6.2874908608E+004
  2.0400251078E+004  6.2658916309E+004
  2.2100303094E+004  6.2442973767E+004
  2.3800198826E+004  6.2225826512E+004
  2.5500301990E+004  6.2003416662E+004
  2.7200325843E+004  6.1781124403E+004
  2.8900336031E+004  6.1562723785E+004
  3.0600331959E+004  6.1346537596E+004
  3.2300237550E+004  6.1154790887E+004
  3.4000254876E+004  6.1035506672E+004
  3.5700285022E+004  6.1091325345E+004
  3.7400273553E+004  6.0985276411E+004
  3.9100180933E+004  6.0842194461E+004
  4.0800201283E+004  6.0696693129E+004
  4.2500235130E+004  6.0546926327E+004
  4.4200254550E+004  6.0391911763E+004
  4.5900334318E+004  6.0231353979E+004
  4.7600268418E+004  6.0065687790E+004
  4.9300319924E+004  5.9895804003E+004
  5.1000202709E+004  5.9720560708E+004
  5.2700206592E+004  5.9539752960E+004
  5.4400248571E+004  5.9353948585E+004
  5.6100295102E+004  5.9163163157E+004
  5.7800230904E+004  5.8967588506E+004
  5.9500294339E+004  5.8768499522E+004
  6.1200256294E+004  5.8568459921E+004
  6.2900332147E+004  5.8370788482E+004
  6.4600266423E+004  5.8175405314E+004
  6.6300236980E+004  5.7974369760E+004
  6.8000291309E+004  5.7769294306E+004
  6.9700329157E+004  5.7563550970E+004
  7.1400203455E+004  5.7348640114E+004
  7.3100278371E+004  5.7128085678E+004
  7.4800299402E+004  5.6906113290E+004
  7.6500343177E+004  5.6686511496E+004
  7.8200255424E+004  5.6465747848E+004
  7.9900184693E+004  5.6241998447E+004
  8.1600237112E+004  5.6016375151E+004
  8.3300216388E+004  5.5789934209E+004
  8.5000202551E+004  5.5563654262E+004
  8.6700290263E+004 -1.2785974154E+004
  8.8400221270E+004 -1.3070690546E+004
  9.0100208193E+004 -1.3350994883E+004
  9.1800249188E+004 -1.3629425550E+004
  9.3500220967E+004 -1.3907994496E+004
  9.5200256806E+004 -1.4188204555E+004
  9.6900184343E+004 -1.4471218070E+004
  9.8600256261E+004 -1.4758303714E+004
  1.0030025963E+005 -1.5050885113E+004
  1.0200020678E+005 -1.5350496879E+004
  1.0370032475E+005 -1.5656476065E+004
  1.0540023862E+005 -1.5968371721E+004
  1.0710029779E+005 -1.6286502813E+004
  1.0880028846E+005 -1.6610828130E+004
  1.1050030193E+005 -1.6941166940E+004
  1.1220021564E+005 -1.7277021976E+004
  1.1390028878E+005 -1.7617712499E+004
  1.1560019670E+005 -1.7964640625E+004
  1.1730022387E+005 -1.8320750647E+004
  1.1900019119E+005 -1.8684484906E+004
  1.2070021559E+005 -1.9053133098E+004
  1.2240030442E+005 -1.9422438500E+004
  1.2410034354E+005 -1.9786933785E+004
  1.2580033023E+005 -2.0141511590E+004
  1.2750031177E+005 -2.0489614336E+004
  1.2920028479E+005 -2.0830872716E+004
  1.3090019888E+005 -2.1163489011E+004
  1.3260022628E+005 -2.1486907508E+004
  1.3430020334E+005 -2.1801365570E+004
  1.3600029367E+005 -2.2107728871E+004
  1.3770027370E+005 -2.2407090411E+004
  1.3940033233E+005 -2.2700710347E+004
  1.4110022825E+005 -2.2990075559E+004
  1.4280019458E+005 -2.3276164497E+004
  1.4450030229E+005 -2.3559587381E+004
  1.4620020336E+005 -2.3841027481E+004
  1.4790021083E+005 -2.4120956124E+004
  1.4960033277E+005 -2.4399672663E+004
  1.5130022537E+005 -2.4677354999E+004
  1.5300020709E+005 -2.4954240152E+004
  1.5470017497E+005 -2.5230421508E+004
  1.5640027960E+005 -2.5505995155E+004
  1.5810024954E+005 -2.5781019511E+004
  1.5980026865E+005 -2.6055633068E+004
  1.6150021854E+005 -2.6329916196E+004
  1.6320026903E+005 -2.6605396422E+004
  1.6490021657E+005 -2.6883604751E+004
  1.6660026169E+005 -2.7163877374E+004
  1.6830017588E+005 -2.7445558026E+004
  1.7000031483E+005 -2.7728129072E+004
  1.7170027655E+005 -2.8010995291E+004
  1.7340026531E+005 -2.8285308223E+004
  1.7510022814E+005 -2.8562188487E+004
  1.7680030761E+005 -2.8838313866E+004
  1.7850017268E+005 -2.9111177295E+004
  1.8020031472E+005 -2.9380042267E+004
  1.8190025276E+005 -2.9644658020E+004
  1.8360031232E+005 -2.9905255807E+004
  1.8530021844E+005 -3.0162097409E+004
  1.8700030694E+005 -3.0415525280E+004
  1.8870025845E+005 -3.0666051806E+004
  1.9040028805E+005 -3.0914846154E+004
  1.9210023216E+005 -3.1163385088E+004
  1.9380026562E+005 -3.1411784831E+004
  1.9550034450E+005 -3.1659998237E+004
  1.9720031646E+005 -3.1907942626E+004
  1.9890032084E+005 -3.2155554940E+004
  2.0060034307E+005 -3.2402784315E+004
  2.0230019444E+005 -3.2649625386E+004
  2.0400020624E+005 -3.2896201020E+004
  2.0570018695E+005 -3.3142576404E+004
  2.0740027910E+005 -3.3388860676E+004
  2.0910034476E+005 -3.3635107869E+004
  2.1080019403E+005 -3.3881347784E+004
  2.1250019034E+005 -3.4127670101E+004
  2.1420017578E+005 -3.4374035752E+004
  2.1590018559E+005 -3.4620380678E+004
  2.1760024398E+005 -3.4866660414E+004
  2.1930017865E+005 -3.5112862046E+004
  2.2100019295E+005 -3.5359068645E+004
  2.2270027672E+005 -3.5605343288E+004
  2.2440024790E+005 -3.5851716598E+004
  2.2610026066E+005 -3.6098254440E+004
  2.2780031402E+005 -3.6344988137E+004
  2.2950021788E+005 -3.6591911212E+004
  2.3120028408E+005 -3.6839085265E+004
  2.3290017314E+005 -3.7086440365E+004
  2.3460020987E+005 -3.7333961824E+004
  2.3630020911E+005 -3.7581576058E+004
  2.3800033494E+005 -3.7829307068E+004
  2.3970026300E+005 -3.8077140124E+004
  2.4140017822E+005 -3.8325143249E+004
  2.4310025316E+005 -3.8573378713E+004
  2.4480017498E+005 -3.8821830749E+004
  2.4650030857E+005 -3.9070575852E+004
  2.4820032437E+005 -3.9319583596E+004
  2.4990022828E+005 -3.9568868556E+004
  2.5160019807E+005 -3.9818467523E+004
  2.5330023091E+005 -4.0068324623E+004
  2.5500029424E+005 -4.0318163347E+004
  2.5670021809E+005 -4.0567938841E+004
  2.5840033625E+005 -4.0817873371E+004
  2.6010029021E+005 -4.1068035047E+004
  2.6180022955E+005 -4.1318494685E+004
  2.6350031798E+005 -4.1569296940E+004
  2.6520021087E+005 -4.1820407158E+004
  2.6690023238E+005 -4.2071889172E+004
  2.6860023162E+005 -4.2323734719E+004
  2.7030021527E+005 -4.2575956053E+004
  2.7200020420E+005 -4.2828565079E+004
  2.7370020258E+005 -4.3081569313E+004
  2.7540023363E+005 -4.3334977660E+004
  2.7710032473E+005 -4.3588798575E+004
  2.7880029017E+005 -4.3843007921E+004
  2.8050031688E+005 -4.4097636426E+004
  2.8220021750E+005 -4.4352651686E+004
  2.8390034456E+005 -4.4608083972E+004
  2.8560032044E+005 -4.4863847785E+004
  2.8730031303E+005 -4.5119953981E+004
  2.8900031793E+005 -4.5376404973E+004
  2.9070030641E+005 -4.5633209170E+004
  2.9240028168E+005 -4.5890382348E+004
  2.9410022566E+005 -4.6147936940E+004
  2.9580032835E+005 -4.6405961381E+004
  2.9750021998E+005 -4.6664414217E+004
  2.9920027562E+005 -4.6923328916E+004
  3.0090033636E+005 -4.7182675159E+004
  3.0260023776E+005 -4.7442431765E+004
  3.0430034540E+005 -4.7702659926E+004
  3.0600031544E+005 -4.7963311452E+004
  3.0770018378E+005 -4.8224395387E+004
  3.0940026205E+005 -4.8485962854E+004
  3.1110022122E+005 -4.8747966244E+004
  3.1280021645E+005 -4.9010432242E+004
  3.1450024378E+005 -4.9273362973E+004
  3.1620028518E+005 -4.9536758311E+004
  3.1790032765E+005 -4.9800618861E+004
  3.1960020668E+005 -5.0064921639E+004
  3.2130022566E+005 -5.0329716460E+004
  3.2300022916E+005 -5.0594981861E+004
  3.2470020354E+005 -5.0860718445E+004
  3.2640034050E+005 -5.1126959047E+004
  3.2810028796E+005 -5.1393651394E+004
  3.2980023451E+005 -5.1660827927E+004
  3.3150020791E+005 -5.1928495937E+004
  3.3320019940E+005 -5.2196656581E+004
  3.3490023882E+005 -5.2465302904E+004
  3.3660031870E+005 -5.2734315848E+004
  3.3830028863E+005 -5.3003768512E+004
  3.4000029138E+005 -5.3273742230E+004
  3.4170033229E+005 -5.3544241554E+004
  3.4340023300E+005 -5.3815236070E+004
  3.4510031759E+005 -5.4086776856E+004
  3.4680023606E+005 -5.4358813325E+004
  3.4850031712E+005 -5.4631403484E+004
  3.5020022584E+005 -5.4904498079E+004
  3.5190027502E+005 -5.5178151605E+004
  3.5360030683E+005 -5.5452343017E+004
  3.5530032282E+005 -5.5727076902E+004
  3.5700032820E+005 -5.6002358481E+004
  3.5870033768E+005 -5.6278194551E+004
  3.6040018701E+005 -5.6554562829E+004
  3.6210024932E+005 -5.6831528464E+004
  3.6380033831E+005 -5.7109065698E+004
  3.6550030152E+005 -5.7387154095E+004
  3.6720030996E+005 -5.7665826249E+004
  3.6890019251E+005 -5.7945062130E+004
  3.7060027801E+005 -5.8224921334E+004
  3.7230021487E+005 -5.8505350736E+004
  3.7400017619E+005 -5.8786384207E+004
  3.7570030724E+005 -5.9068051503E+004
  3.7740026472E+005 -5.9350301491E+004
  3.7910020734E+005 -5.9633166244E+004
  3.8080031225E+005 -5.9916681242E+004
  3.8250021950E+005 -6.0200792445E+004
  3.8420028546E+005 -6.0485565509E+004
  3.8590017814E+005 -6.0770951005E+004
  3.8760024213E+005 -6.1057013060E+004
  3.8930032034E+005 -6.1343731722E+004
  3.9100025276E+005 -6.1631086379E+004
  3.9270022684E+005 -6.1919115194E+004
  3.9440023904E+005 -6.2207824223E+004
  3.9610029203E+005 -6.2497220664E+004
  3.9780021633E+005 -6.2787282381E+004
  3.9950034558E+005 -6.3078073195E+004
  4.0120032308E+005 -6.3369539042E+004
  4.0290031654E+005 -6.3661715572E+004
  4.0460032079E+005 -6.3954608969E+004
  4.0630031723E+005 -6.4248223093E+004
  4.0800030312E+005 -6.4542561624E+004
  4.0970027656E+005 -6.4837610584E+004
  4.1140023377E+005 -6.5133335671E+004
  4.1310017349E+005 -6.5429708148E+004
  4.1480028265E+005 -6.5726752214E+004
  4.1650022668E+005 -6.6024417090E+004
  4.1820018624E+005 -6.6322718239E+004
  4.1990033774E+005 -6.6621667923E+004
  4.2160018510E+005 -6.6921222329E+004
  4.2330024071E+005 -6.7221503844E+004
  4.2500033705E+005 -6.7522499998E+004
  4.2670029734E+005 -6.7824191100E+004
  4.2840029490E+005 -6.8126618183E+004
  4.3010031482E+005 -6.8429788334E+004
  4.3180034164E+005 -6.8733707795E+004
  4.3350020864E+005 -6.9038354950E+004
  4.3520024399E+005 -6.9343796208E+004
  4.3690027114E+005 -6.9650006712E+004
  4.3860028155E+005 -6.9956991029E+004
  4.4030028410E+005 -7.0264756384E+004
  4.4200027252E+005 -7.0573306964E+004
  4.4370025083E+005 -7.0882643839E+004
  4.4540024115E+005 -7.1192739314E+004
  4.4710024365E+005 -7.1503524716E+004
  4.4880027586E+005 -7.1814945960E+004
  4.5050033205E+005 -7.2126983761E+004
  4.5220026330E+005 -7.2439622070E+004
  4.5390022687E+005 -7.2752913133E+004
  4.5560022413E+005 -7.3066881996E+004
  4.5730025551E+005 -7.3381550974E+004
  4.5900030888E+005 -7.3696936704E+004
  4.6070020794E+005 -7.4013022094E+004
  4.6240027490E+005 -7.4329880035E+004
  4.6410017984E+005 -7.4647452707E+004
  4.6580024136E+005 -7.4965589320E+004
  4.6750029368E+005 -7.5284025402E+004
  4.6920033192E+005 -7.5602950371E+004
  4.7090019122E+005 -7.5922563138E+004
  4.7260021990E+005 -7.6243027518E+004
  4.7430024596E+005 -7.6564306044E+004
  4.7600029819E+005 -7.6886312098E+004
  4.7770019271E+005 -7.7208891386E+004
  4.7940029643E+005 -7.7532044912E+004
  4.8110025581E+005 -7.7855699616E+004
  4.8280026050E+005 -7.8179919371E+004
  4.8450029699E+005 -7.8504736375E+004
  4.8620018465E+005 -7.8830145420E+004
  4.8790027539E+005 -7.9156234822E+004
  4.8960019899E+005 -7.9482946629E+004
  4.9130030768E+005 -7.9810356064E+004
  4.9300023348E+005 -8.0138396191E+004
  4.9470033936E+005 -8.0467138055E+004
  4.9640025358E+005 -8.0796507951E+004
  4.9810032916E+005 -8.1126570124E+004
  4.9980022500E+005 -8.1457252172E+004
  5.0150028959E+005 -8.1788608043E+004
  5.0320019074E+005 -8.2120501025E+004
  5.0490027229E+005 -8.2452842345E+004
  5.0660021652E+005 -8.2785434108E+004
  5.0830018147E+005 -8.3118261565E+004
  5.1000018214E+005 -8.3451349421E+004
  5.1170021586E+005 -8.3784740444E+004
  5.1340028600E+005 -8.4118472794E+004
  5.1510021147E+005 -8.4452533910E+004
  5.1680032535E+005 -8.4786971446E+004
  5.1850028949E+005 -8.5121729265E+004
  5.2020024997E+005 -8.5456851460E+004
  5.2190021428E+005 -8.5792333896E+004
  5.2360034064E+005 -8.6128192076E+004
  5.2530029354E+005 -8.6464339744E+004
  5.2700023205E+005 -8.6800785290E+004
  5.2870033270E+005 -8.7137535376E+004
  5.3040026472E+005 -8.7474457096E+004
  5.3210019656E+005 -8.7811409223E+004
  5.3380032090E+005 -8.8148235751E+004
  5.3550028948E+005 -8.8484775488E+004
  5.3720029658E+005 -8.8821072594E+004
  5.3890032874E+005 -8.9157168116E+004
  5.4060022200E+005 -8.9493069011E+004
  5.4230032172E+005 -8.9828864366E+004
  5.4400027532E+005 -9.0164487611E+004
  5.4570024958E+005 -9.0499961416E+004
  5.4740023364E+005 -9.0835263560E+004
  5.4910023135E+005 -9.1170366221E+004
  5.5080022184E+005 -9.1505229076E+004
  5.5250021070E+005 -9.1839811888E+004
  5.5420018944E+005 -9.2174069064E+004
  5.5590033423E+005 -9.2507989838E+004
  5.5760029719E+005 -9.2841456650E+004
  5.5930025714E+005 -9.3174402000E+004
  5.6100023011E+005 -9.3506630189E+004
  5.6270021326E+005 -9.3837972769E+004
  5.6440021948E+005 -9.4167907292E+004
  5.6610025119E+005 -9.4496264213E+004
  5.6780031802E+005 -9.4823200663E+004
  5.6950023959E+005 -9.5148476808E+004
  5.7120019333E+005 -9.5472101957E+004
  5.7290017588E+005 -9.5794321758E+004
  5.7460017782E+005 -9.6115277387E+004
  5.7630018937E+005 -9.6435005188E+004
  5.7800020713E+005 -9.6753494853E+004
  5.7970022849E+005 -9.7070727554E+004
  5.8140024206E+005 -9.7386736057E+004
  5.8310024976E+005 -9.7702040541E+004
  5.8480025118E+005 -9.8022351337E+004
  5.8650024576E+005 -9.8441089618E+004
  5.8820023574E+005 -1.0056417992E+005
  5.8990023364E+005 -9.5866731274E+004
  5.9160024898E+005 -9.4863012263E+004
  5.9330028598E+005 -9.8352081519E+004
  5.9500017441E+005 -1.0225971964E+005
  5.9670026807E+005 -1.0539798750E+005
  5.9840021860E+005 -1.0794346344E+005
  6.0010019578E+005 -1.0855717121E+005
  6.0180020131E+005 -1.0634757289E+005
  6.0350022825E+005 -1.0128839249E+005
  6.0520026752E+005 -9.0140039498E+004
  6.0690030808E+005  1.4976003235E+003
  6.0860018000E+005  1.3716631607E+004
  6.1030021978E+005  4.5328100406E+004
  6.1200025177E+005  1.1152117749E+005
  6.1370027880E+005  2.3298446830E+005
  6.1540030115E+005  4.3908990062E+005
  6.1710032347E+005  7.4983045793E+005
  6.1880017483E+005  1.1961148016E+006
  6.2050021921E+005  1.8353828281E+006
  6.2220028170E+005  2.6592150907E+006
  6.2390019904E+005  3.7936152069E+006
  6.2560031536E+005  5.2194956030E+006
  6.2730029259E+005  6.9233862490E+006
  6.2900029730E+005  8.9447864286E+006
  6.3070032279E+005  1.1263796861E+007
  6.3240019966E+005  1.3863015386E+007
  6.3410025847E+005  1.6716098270E+007
  6.3580032545E+005  1.9787541699E+007
  6.3750021538E+005  2.3035171928E+007
  6.3920028168E+005  2.6413518567E+007
  6.4090033921E+005  2.9874179566E+007
  6.4260021550E+005  3.3369277911E+007
  6.4430026332E+005  3.6854775221E+007
  6.4600030873E+005  4.0290070149E+007
  6.4770019089E+005  4.3640255987E+007
  6.4940025450E+005  4.6877384328E+007
  6.5110017467E+005  4.9973928514E+007
  6.5280028664E+005  5.2912724281E+007
  6.5450025473E+005  5.5827463089E+007
  6.5620025017E+005  5.8441408668E+007
  6.5790027543E+005  6.0883425841E+007
  6.5960032637E+005  6.3157047624E+007
  6.6130021849E+005  6.5270407200E+007
  6.6300030279E+005  6.7233512940E+007
  6.6470021198E+005  6.9056329380E+007
  6.6640029822E+005  7.0750241640E+007
  6.6810020585E+005  7.2324827392E+007
  6.6980028746E+005  7.3788958941E+007
  6.7150018785E+005  7.5150609535E+007
  6.7320025457E+005  7.6418870786E+007
  6.7490032682E+005  7.7602367524E+007
  6.7660022621E+005  7.8710373777E+007
  6.7830031771E+005  7.9752292899E+007
  6.8000025168E+005  8.0733603078E+007
  6.8170021857E+005  8.1660120411E+007
  6.8340020585E+005  8.2539143172E+007
  6.8510022151E+005  8.3378648572E+007
  6.8680026518E+005  8.4186343292E+007
  6.8850033130E+005  8.5539169385E+007
  6.9020024537E+005  8.6338731984E+007
  6.9190033922E+005  8.7125704322E+007
  6.9360027466E+005  8.7907519663E+007
  6.9530020187E+005  8.8691377835E+007
  6.9700030458E+005  8.9483039901E+007
  6.9870022806E+005  9.0285694299E+007
  7.0040032235E+005  9.1103432530E+007
  7.0210023927E+005  9.1938458649E+007
  7.0380032669E+005  9.2792267632E+007
  7.0550025529E+005  9.3665320982E+007
  7.0720018973E+005  9.4557889539E+007
  7.0890032248E+005  9.5469909695E+007
  7.1060030254E+005  9.6400912409E+007
  7.1230031343E+005  9.7351321412E+007
  7.1400017304E+005  9.8324727941E+007
  7.1570023260E+005  9.9321320947E+007
  7.1740031896E+005  1.0034059659E+008
  7.1910024523E+005  1.0138235111E+008
  7.2080018701E+005  1.0244668561E+008
  7.2250030273E+005  1.0353314761E+008
  7.2420025442E+005  1.0463937481E+008
  7.2590019589E+005  1.0576068359E+008
  7.2760031291E+005  1.0689255322E+008
  7.2930025179E+005  1.0803342125E+008
  7.3100018692E+005  1.0918184282E+008
  7.3270029545E+005  1.1033670253E+008
  7.3440023650E+005  1.1149739650E+008
  7.3610019749E+005  1.1266266993E+008
  7.3780034399E+005  1.1383155300E+008
  7.3950017308E+005  1.1500404172E+008
  7.4120019821E+005  1.1618026047E+008
  7.4290024991E+005  1.1735942152E+008
  7.4460032353E+005  1.1854172794E+008
  7.4630024879E+005  1.1972738074E+008
  7.4800019555E+005  1.2091642543E+008
  7.4970032078E+005  1.2210939961E+008
  7.5140028296E+005  1.2330646068E+008
  7.5310024315E+005  1.2450686609E+008
  7.5480020524E+005  1.2570944272E+008
  7.5650033189E+005  1.2691433999E+008
  7.5820028741E+005  1.2812236825E+008
  7.5990024103E+005  1.2933468886E+008
  7.6160019178E+005  1.3055193208E+008
  7.6330032454E+005  1.3177481067E+008
  7.6500029669E+005  1.3300332294E+008
  7.6670029138E+005  1.3423738324E+008
  7.6840030395E+005  1.3547713928E+008
  7.7010017378E+005  1.3672369144E+008
  7.7180024034E+005  1.3797915531E+008
  7.7350032914E+005  1.3924330748E+008
  7.7520026635E+005  1.4050249900E+008
  7.7690022313E+005  1.4174567364E+008
  7.7860019290E+005  1.4297516509E+008
  7.8030033682E+005  1.4419403776E+008
  7.8200031431E+005  1.4539915570E+008
  7.8370028796E+005  1.4658864506E+008
  7.8540025882E+005  1.4776617444E+008
  7.8710022508E+005  1.4893567021E+008
  7.8880019286E+005  1.5009599219E+008
  7.9050033486E+005  1.5124310109E+008
  7.9220030699E+005  1.5237555258E+008
  7.9390029622E+005  1.5349675715E+008
  7.9560030330E+005  1.5461040899E+008
  7.9730033293E+005  1.5571717697E+008
  7.9900021103E+005  1.5681483027E+008
  8.0070029071E+005  1.5790179742E+008
  8.0240021942E+005  1.5897814520E+008
  8.0410034068E+005  1.6004528806E+008
  8.0580030834E+005  1.6110311271E+008
  8.0750028817E+005  1.6215043831E+008
  8.0920027229E+005  1.6318624653E+008
  8.1090025620E+005  1.6421129603E+008
  8.1260024300E+005  1.6522783786E+008
  8.1430022599E+005  1.6623765321E+008
  8.1600020495E+005  1.6724070492E+008
  8.1770018352E+005  1.6823522776E+008
  8.1940033847E+005  1.6921945684E+008
  8.2110032470E+005  1.7019257987E+008
  8.2280032297E+005  1.7115539629E+008
  8.2450034301E+005  1.7210907260E+008
  8.2620021168E+005  1.7305424744E+008
  8.2790027454E+005  1.7399124185E+008
  8.2960018865E+005  1.7491991852E+008
  8.3130030086E+005  1.7584099459E+008
  8.3300025806E+005  1.7675521403E+008
  8.3470023253E+005  1.7766335501E+008
  8.3640022079E+005  1.7856521258E+008
  8.3810021563E+005  1.7945960581E+008
  8.3980020785E+005  1.8034484409E+008
  8.4150020146E+005  1.8121998257E+008
  8.4320019376E+005  1.8208507523E+008
  8.4490018303E+005  1.8294087623E+008
  8.4660034415E+005  1.8378837744E+008
  8.4830033571E+005  1.8462794048E+008
  8.5000033470E+005  1.8545963873E+008
  8.5170034185E+005  1.8628312141E+008
  8.5340019681E+005  1.8709802432E+008
  8.5510024702E+005  1.8790454392E+008
  8.5680032048E+005  1.8870290934E+008
  8.5850024200E+005  1.8949344524E+008
  8.6020018855E+005  1.9027655679E+008
  8.6190032845E+005  1.9105252885E+008
  8.6360030816E+005  1.9182139691E+008
  8.6530030215E+005  1.9258357030E+008
  8.6700030222E+005  1.9333955467E+008
  8.6870030568E+005  1.9408991363E+008
  8.7040030430E+005  1.9483502117E+008
  8.7210030547E+005  1.9557485502E+008
  8.7380030290E+005  1.9630893511E+008
  8.7550029829E+005  1.9703650178E+008
  8.7720029812E+005  1.9775684397E+008
  8.7890030496E+005  1.9846954847E+008
  8.8060032549E+005  1.9917462473E+008
  8.8230018572E+005  1.9987239165E+008
  8.8400024570E+005  2.0056361871E+008
  8.8570032549E+005  2.0124891221E+008
  8.8740025586E+005  2.0192880858E+008
  8.8910020651E+005  2.0260383943E+008
  8.9080017993E+005  2.0327432950E+008
  8.9250034180E+005  2.0394059408E+008
  8.9420033892E+005  2.0460275039E+008
  8.9590017368E+005  2.0526103709E+008
  8.9760018093E+005  2.0591577059E+008
  8.9930018877E+005  2.0656700168E+008
  9.0100019296E+005  2.0721491671E+008
  9.0270019983E+005  2.0785891407E+008
  9.0440020451E+005  2.0848473388E+008
  9.0610020987E+005  2.0907841464E+008
  9.0780022545E+005  2.0963934140E+008
  9.0950025054E+005  2.1017401114E+008
  9.1120029502E+005  2.1069027944E+008
  9.1290018363E+005  2.1119497068E+008
  9.1460027325E+005  2.1169357228E+008
  9.1630020776E+005  2.1218985287E+008
  9.1800033684E+005  2.1268468523E+008
  9.1970031268E+005  2.1317676516E+008
  9.2140030445E+005  2.1366421219E+008
  9.2310030798E+005  2.1414414941E+008
  9.2480031512E+005  2.1461400790E+008
  9.2650033079E+005  2.1507243702E+008
  9.2820034027E+005  2.1551948113E+008
  9.2990017706E+005  2.1595624769E+008
  9.3160018436E+005  2.1638463866E+008
  9.3330019471E+005  2.1680665404E+008
  9.3500020664E+005  2.1722421293E+008
  9.3670022379E+005  2.1763895465E+008
  9.3840025735E+005  2.1805170382E+008
  9.4010030204E+005  2.1846230812E+008
  9.4180019689E+005  2.1887002295E+008
  9.4350028462E+005  2.1927369956E+008
  9.4520022661E+005  2.1967162249E+008
  9.4690018515E+005  2.2006230009E+008
  9.4860033635E+005  2.2044468797E+008
  9.5030033160E+005  2.2081824155E+008
  9.5200033548E+005  2.2118313977E+008
  9.5370017510E+005  2.2153997596E+008
  9.5540018809E+005  2.2188978156E+008
  9.5710020702E+005  2.2223366579E+008
  9.5880021827E+005  2.2257283251E+008
  9.6050023147E+005  2.2290845971E+008
  9.6220024461E+005  2.2324170866E+008
  9.6390026114E+005  2.2357360247E+008
  9.6560028462E+005  2.2390462241E+008
  9.6730031889E+005  2.2423474435E+008
  9.6900020092E+005  2.2456358184E+008
  9.7070026987E+005  2.2489069147E+008
  9.7240019124E+005  2.2521539391E+008
  9.7410030550E+005  2.2553683955E+008
  9.7580026988E+005  2.2585397077E+008
  9.7750024973E+005  2.2616594855E+008
  9.7920024591E+005  2.2647213454E+008
  9.8090025614E+005  2.2677218044E+008
  9.8260026841E+005  2.2706602486E+008
  9.8430028727E+005  2.2735385642E+008
  9.8600030347E+005  2.2763605144E+008
  9.8770032254E+005  2.2791311494E+008
  9.8940033535E+005  2.2818562715E+008
  9.9110017948E+005  2.2845423525E+008
  9.9280020021E+005  2.2871962581E+008
  9.9450022625E+005  2.2898234633E+008
  9.9620026427E+005  2.2924291120E+008
  9.9790031695E+005  2.2950178071E+008
  9.9960021919E+005  2.2975929959E+008
  1.0013003105E+006  2.3001570761E+008
  1.0030002550E+006  2.3027097607E+008
  1.0047002186E+006  2.3052503039E+008
  1.0064001993E+006  2.3077769654E+008
  1.0081001937E+006  2.3102874657E+008
  1.0098002001E+006  2.3127785020E+008
  1.0115002160E+006  2.3152462035E+008
  1.0132002304E+006  2.3176866836E+008
  1.0149002500E+006  2.3200964498E+008
  1.0166002654E+006  2.3224726306E+008
  1.0183002814E+006  2.3248132029E+008
  1.0200002950E+006  2.3271170419E+008
  1.0217003162E+006  2.3293839501E+008
  1.0234003448E+006  2.3316145307E+008
  1.0251002085E+006  2.3338098419E+008
  1.0268002634E+006  2.3359721371E+008
  1.0285003350E+006  2.3381033484E+008
  1.0302002561E+006  2.3402056553E+008
  1.0319001949E+006  2.3422817345E+008
  1.0336003322E+006  2.3443342259E+008
  1.0353003119E+006  2.3463649969E+008
  1.0370003044E+006  2.3483763495E+008
  1.0387003087E+006  2.3503700969E+008
  1.0404003198E+006  2.3523477057E+008
  1.0421003355E+006  2.3543102836E+008
  1.0438001759E+006  2.3562583711E+008
  1.0455001935E+006  2.3581927264E+008
  1.0472002072E+006  2.3601131141E+008
  1.0489002217E+006  2.3620191864E+008
  1.0506002394E+006  2.3639103126E+008
  1.0523002667E+006  2.3657856514E+008
  1.0540003051E+006  2.3676442158E+008
  1.0557001827E+006  2.3694847804E+008
  1.0574002559E+006  2.3713067175E+008
  1.0591001734E+006  2.3731087285E+008
  1.0608002858E+006  2.3748904169E+008
  1.0625002436E+006  2.3766508539E+008
  1.0642002221E+006  2.3783898993E+008
  1.0659002125E+006  2.3801074613E+008
  1.0676002125E+006  2.3818037080E+008
  1.0693002223E+006  2.3834790506E+008
  1.0710002343E+006  2.3851340967E+008
  1.0727002476E+006  2.3867696495E+008
  1.0744002590E+006  2.3883866828E+008
  1.0761002731E+006  2.3899862982E+008
  1.0778002846E+006  2.3915701525E+008
  1.0795003009E+006  2.3931402421E+008
  1.0812003263E+006  2.3946977948E+008
  1.0829001889E+006  2.3962438513E+008
  1.0846002385E+006  2.3977798929E+008
  1.0863003050E+006  2.3993068820E+008
  1.0880002218E+006  2.4008257201E+008
  1.0897003292E+006  2.4023376661E+008
  1.0914002848E+006  2.4038432558E+008
  1.0931002577E+006  2.4053433557E+008
  1.0948002448E+006  2.4068385532E+008
  1.0965002400E+006  2.4083292748E+008
  1.0982002434E+006  2.4098157437E+008
  1.0999002531E+006  2.4112979836E+008
  1.1016002620E+006  2.4127758220E+008
  1.1033002709E+006  2.4142489418E+008
  1.1050002795E+006  2.4157169023E+008
  1.1067002893E+006  2.4171791096E+008
  1.1084003008E+006  2.4186348048E+008
  1.1101003225E+006  2.4200831266E+008
  1.1118001832E+006  2.4215229809E+008
  1.1135002294E+006  2.4229536605E+008
  1.1152002929E+006  2.4243739999E+008
  1.1169002031E+006  2.4257828667E+008
  1.1186003079E+006  2.4271796074E+008
  1.1203002570E+006  2.4285630212E+008
  1.1220002255E+006  2.4299324367E+008
  1.1237002082E+006  2.4312871408E+008
  1.1254001987E+006  2.4326265411E+008
  1.1271001960E+006  2.4339501776E+008
  1.1288001991E+006  2.4352577212E+008
  1.1305002046E+006  2.4365489676E+008
  1.1322002078E+006  2.4378238290E+008
  1.1339002124E+006  2.4390823347E+008
  1.1356002181E+006  2.4403246111E+008
  1.1373002256E+006  2.4415508738E+008
  1.1390002406E+006  2.4427614257E+008
  1.1407002689E+006  2.4439566360E+008
  1.1424003115E+006  2.4451369156E+008
  1.1441001956E+006  2.4463025916E+008
  1.1458002737E+006  2.4474543826E+008
  1.1475001987E+006  2.4485925532E+008
  1.1492003149E+006  2.4497178483E+008
  1.1509002747E+006  2.4508305746E+008
  1.1526002499E+006  2.4519313553E+008
  1.1543002349E+006  2.4530206723E+008
  1.1560002248E+006  2.4540989919E+008
  1.1577002209E+006  2.4551667566E+008
  1.1594002195E+006  2.4562243794E+008
  1.1611002167E+006  2.4572722396E+008
  1.1628002133E+006  2.4583106803E+008
  1.1645002125E+006  2.4593400042E+008
  1.1662002155E+006  2.4603604708E+008
  1.1679002241E+006  2.4613722976E+008
  1.1696002455E+006  2.4623756593E+008
  1.1713002815E+006  2.4633706791E+008
  1.1730003326E+006  2.4643574306E+008
  1.1747002290E+006  2.4653359005E+008
  1.1764003196E+006  2.4663081706E+008
  1.1781002567E+006  2.4672749467E+008
  1.1798002083E+006  2.4682362289E+008
  1.1815001753E+006  2.4691918602E+008
  1.1832003253E+006  2.4701417414E+008
  1.1849003082E+006  2.4710854585E+008
  1.1866002948E+006  2.4720228675E+008
  1.1883002861E+006  2.4729537097E+008
  1.1900002776E+006  2.4738777104E+008
  1.1917002668E+006  2.4747945901E+008
  1.1934002580E+006  2.4757040729E+008
  1.1951002534E+006  2.4766058868E+008
  1.1968002557E+006  2.4774997701E+008
  1.1985002687E+006  2.4783854758E+008
  1.2002002977E+006  2.4792627780E+008
  1.2019003428E+006  2.4801314642E+008
  1.2036002301E+006  2.4809912646E+008
  1.2053003117E+006  2.4818422016E+008
  1.2070002391E+006  2.4826839753E+008
  1.2087001838E+006  2.4835165795E+008
  1.2104003138E+006  2.4843401424E+008
  1.2121002828E+006  2.4851547154E+008
  1.2138002572E+006  2.4859603896E+008
  1.2155002348E+006  2.4867571943E+008
  1.2172002161E+006  2.4875451907E+008
  1.2189001989E+006  2.4883244686E+008
  1.2206001818E+006  2.4890951449E+008
  1.2223003371E+006  2.4898574390E+008
  1.2240003254E+006  2.4906113657E+008
  1.2257003193E+006  2.4913571849E+008
  1.2274003237E+006  2.4920950959E+008
  1.2291003427E+006  2.4928253114E+008
  1.2308002056E+006  2.4935479805E+008
  1.2325002592E+006  2.4942634795E+008
  1.2342003295E+006  2.4949719685E+008
  1.2359002481E+006  2.4956736145E+008
  1.2376001811E+006  2.4963687222E+008
  1.2393003016E+006  2.4970575930E+008
  1.2410002582E+006  2.4977403103E+008
  1.2427002238E+006  2.4984171624E+008
  1.2444001920E+006  2.4990883528E+008
  1.2461003354E+006  2.4997541427E+008
  1.2478003083E+006  2.5004145771E+008
  1.2495002799E+006  2.5010698877E+008
  1.2512002537E+006  2.5017202241E+008
  1.2529002297E+006  2.5023657173E+008
  1.2546002164E+006  2.5030064827E+008
  1.2563002109E+006  2.5036426123E+008
  1.2580002198E+006  2.5042741817E+008
  1.2597002454E+006  2.5049012446E+008
  1.2614002884E+006  2.5055238324E+008
  1.2631001762E+006  2.5061418960E+008
  1.2648002551E+006  2.5067555563E+008
  1.2665001797E+006  2.5073646659E+008
  1.2682002880E+006  2.5079693059E+008
  1.2699002340E+006  2.5085692974E+008
  1.2716001868E+006  2.5091646307E+008
  1.2733003179E+006  2.5097552828E+008
  1.2750002766E+006  2.5103410390E+008
  1.2767002372E+006  2.5109218560E+008
  1.2784002007E+006  2.5114976221E+008
  1.2801003354E+006  2.5120682802E+008
  1.2818003022E+006  2.5126336003E+008
  1.2835002750E+006  2.5131935249E+008
  1.2852002605E+006  2.5137479413E+008
  1.2869002567E+006  2.5142967378E+008
  1.2886002706E+006  2.5148398109E+008
  1.2903003029E+006  2.5153770625E+008
  1.2920001774E+006  2.5157865275E+008
  1.2937002439E+006  2.5159848915E+008
  1.2954003268E+006  2.5161807144E+008
  1.2971002517E+006  2.5163738927E+008
  1.2988001833E+006  2.5165643767E+008
  1.3005002978E+006  2.5167521334E+008
  1.3022002430E+006  2.5169370893E+008
  1.3039001892E+006  2.5171192454E+008
  1.3056003102E+006  2.5172986171E+008
  1.3073002595E+006  2.5174751814E+008
  1.3090002121E+006  2.5176489853E+008
  1.3107003378E+006  2.5178200872E+008
  1.3124003004E+006  2.5179885070E+008
  1.3141002717E+006  2.5181543274E+008
  1.3158002566E+006  2.5183176244E+008
  1.3175002563E+006  2.5184784831E+008
  1.3192002752E+006  2.5186369973E+008
  1.3209003126E+006  2.5187932674E+008
  1.3226001907E+006  2.5189473844E+008
  1.3243002611E+006  2.5190994922E+008
  1.3260003432E+006  2.5192496908E+008
  1.3277002634E+006  2.5193980850E+008
  1.3294001887E+006  2.5195448120E+008
  1.3311002952E+006  2.5196900105E+008
  1.3328002288E+006  2.5198337746E+008
  1.3345003354E+006  2.5199762579E+008
  1.3362002718E+006  2.5201175554E+008
  1.3379002093E+006  2.5202578033E+008
  1.3396003252E+006  2.5203971355E+008
  1.3413002717E+006  2.5205356397E+008
  1.3430002322E+006  2.5206734438E+008
  1.3447002030E+006  2.5208106561E+008
  1.3464001896E+006  2.5209473810E+008
  1.3481001942E+006  2.5210837179E+008
  1.3498002167E+006  2.5212197605E+008
  1.3515002565E+006  2.5213555969E+008
  1.3532003100E+006  2.5214913092E+008
  1.3549002071E+006  2.5216269598E+008
  1.3566002844E+006  2.5217626455E+008
  1.3583001972E+006  2.5218984020E+008
  1.3600002870E+006  2.5220343130E+008
  1.3617002080E+006  2.5221704006E+008
  1.3634003016E+006  2.5223067352E+008
  1.3651002231E+006  2.5224433250E+008
  1.3668003224E+006  2.5225802275E+008
  1.3685002496E+006  2.5227174369E+008
  1.3702001849E+006  2.5228549833E+008
  1.3719003024E+006  2.5229928899E+008
  1.3736002618E+006  2.5231311316E+008
  1.3753002335E+006  2.5232697185E+008
  1.3770002242E+006  2.5234086411E+008
  1.3787002334E+006  2.5235478835E+008
  1.3804002577E+006  2.5236874237E+008
  1.3821002978E+006  2.5238272347E+008
  1.3838001772E+006  2.5239672696E+008
  1.3855002430E+006  2.5241075197E+008
  1.3872003126E+006  2.5242479286E+008
  1.3889002163E+006  2.5243884366E+008
  1.3906002951E+006  2.5245290224E+008
  1.3923002013E+006  2.5246696046E+008
  1.3940002812E+006  2.5248101564E+008
  1.3957001912E+006  2.5249505914E+008
  1.3974002807E+006  2.5250908785E+008
  1.3991001997E+006  2.5252309271E+008
  1.4008003042E+006  2.5253707040E+008
  1.4025002463E+006  2.5255101174E+008
  1.4042002047E+006  2.5256491184E+008
  1.4059001784E+006  2.5257876439E+008
  1.4076003454E+006  2.5259256462E+008
  1.4093001825E+006  2.5260630218E+008
  1.4110002049E+006  2.5261997526E+008
  1.4127002425E+006  2.5263357671E+008
  1.4144002892E+006  2.5264710091E+008
  1.4161003456E+006  2.5266054253E+008
  1.4178002309E+006  2.5267389514E+008
  1.4195002953E+006  2.5268715675E+008
  1.4212001860E+006  2.5270032023E+008
  1.4229002499E+006  2.5271338422E+008
  1.4246003172E+006  2.5272634373E+008
  1.4263002155E+006  2.5273919417E+008
  1.4280002953E+006  2.5275193531E+008
  1.4297002079E+006  2.5276456203E+008
  1.4314003096E+006  2.5277707486E+008
  1.4331002503E+006  2.5278946955E+008
  1.4348002084E+006  2.5280174609E+008
  1.4365001836E+006  2.5281390358E+008
  1.4382001767E+006  2.5282594148E+008
  1.4399001848E+006  2.5283785963E+008
  1.4416002029E+006  2.5284965833E+008
  1.4433002348E+006  2.5286133854E+008
  1.4450002720E+006  2.5287290151E+008
  1.4467003156E+006  2.5288434880E+008
  1.4484001870E+006  2.5289568108E+008
  1.4501002354E+006  2.5290690277E+008
  1.4518002834E+006  2.5291801501E+008
  1.4535003331E+006  2.5292902033E+008
  1.4552002162E+006  2.5293992037E+008
  1.4569002775E+006  2.5295072022E+008
  1.4586001754E+006  2.5296142074E+008
  1.4603002566E+006  2.5297202722E+008
  1.4620001825E+006  2.5298254076E+008
  1.4637002958E+006  2.5299296678E+008
  1.4654002538E+006  2.5300330650E+008
  1.4671002287E+006  2.5301356436E+008
  1.4688002178E+006  2.5302374400E+008
  1.4705002190E+006  2.5303384911E+008
  1.4722002297E+006  2.5304388328E+008
  1.4739002517E+006  2.5305385006E+008
  1.4756002761E+006  2.5306375288E+008
  1.4773003047E+006  2.5307359514E+008
  1.4790003338E+006  2.5308338012E+008
  1.4807001916E+006  2.5309311003E+008
  1.4824002238E+006  2.5310278992E+008
  1.4841002614E+006  2.5311242176E+008
  1.4858003079E+006  2.5312200836E+008
  1.4875001872E+006  2.5313155140E+008
  1.4892002526E+006  2.5314105534E+008
  1.4909003312E+006  2.5315052156E+008
  1.4926002547E+006  2.5315995127E+008
  1.4943001930E+006  2.5316934745E+008
  1.4960003229E+006  2.5317871288E+008
  1.4977002947E+006  2.5318804731E+008
  1.4994002765E+006  2.5319735314E+008
  1.5011002687E+006  2.5320663168E+008
  1.5028002691E+006  2.5321588401E+008
  1.5045002770E+006  2.5322511109E+008
  1.5062002850E+006  2.5323431364E+008
  1.5079002967E+006  2.5324349227E+008
  1.5096003093E+006  2.5325264738E+008
  1.5113003230E+006  2.5326177922E+008
  1.5130003414E+006  2.5327088788E+008
  1.5147001941E+006  2.5327997240E+008
  1.5164002308E+006  2.5328903440E+008
  1.5181002754E+006  2.5329807258E+008
  1.5198003366E+006  2.5330708647E+008
  1.5215002394E+006  2.5331607450E+008
  1.5232003330E+006  2.5332503774E+008
  1.5249002680E+006  2.5333397345E+008
  1.5266002195E+006  2.5334288155E+008
  1.5283001835E+006  2.5335176094E+008
  1.5300003281E+006  2.5336061129E+008
  1.5317003098E+006  2.5336942954E+008
  1.5334002960E+006  2.5337821523E+008
  1.5351002860E+006  2.5338696695E+008
  1.5368002757E+006  2.5339568321E+008
  1.5385002694E+006  2.5340436256E+008
  1.5402002643E+006  2.5341300343E+008
  1.5419002625E+006  2.5342160430E+008
  1.5436002693E+006  2.5343016364E+008
  1.5453002845E+006  2.5343867991E+008
  1.5470003113E+006  2.5344715156E+008
  1.5487001762E+006  2.5345557622E+008
  1.5504002340E+006  2.5346395414E+008
  1.5521003066E+006  2.5347228299E+008
  1.5538002219E+006  2.5348056050E+008
  1.5555003255E+006  2.5348878701E+008
  1.5572002682E+006  2.5349695952E+008
  1.5589002202E+006  2.5350507763E+008
  1.5606001791E+006  2.5351314019E+008
  1.5623003203E+006  2.5352114693E+008
  1.5640002891E+006  2.5352909520E+008
  1.5657002601E+006  2.5353698495E+008
  1.5674002317E+006  2.5354481537E+008
  1.5691002075E+006  2.5355258578E+008
  1.5708001858E+006  2.5356029558E+008
  1.5725003451E+006  2.5356794509E+008
  1.5742003415E+006  2.5357553238E+008
  1.5759001739E+006  2.5358305719E+008
  1.5776001934E+006  2.5359052092E+008
  1.5793002284E+006  2.5359792274E+008
  1.5810002817E+006  2.5360526271E+008
  1.5827001754E+006  2.5361254024E+008
  1.5844002584E+006  2.5361975708E+008
  1.5861001806E+006  2.5362691211E+008
  1.5878002849E+006  2.5363400725E+008
  1.5895002236E+006  2.5364104159E+008
  1.5912003417E+006  2.5364801721E+008
  1.5929002917E+006  2.5365493343E+008
  1.5946002406E+006  2.5366179175E+008
  1.5963001932E+006  2.5366859307E+008
  1.5980003213E+006  2.5367533907E+008
  1.5997002796E+006  2.5368202941E+008
  1.6014002437E+006  2.5368866596E+008
  1.6031002182E+006  2.5369525023E+008
  1.6048002046E+006  2.5370178379E+008
  1.6065002021E+006  2.5370826823E+008
  1.6082002168E+006  2.5371470516E+008
  1.6099002468E+006  2.5372109623E+008
  1.6116002929E+006  2.5372744307E+008
  1.6133001786E+006  2.5373374666E+008
  1.6150002523E+006  2.5374000995E+008
  1.6167003359E+006  2.5374623389E+008
  1.6184002519E+006  2.5375241946E+008
  1.6201001750E+006  2.5375856891E+008
  1.6218002744E+006  2.5376468444E+008
  1.6235002031E+006  2.5377076638E+008
  1.6252003055E+006  2.5377681752E+008
  1.6269002393E+006  2.5378283814E+008
  1.6286001761E+006  2.5378883033E+008
  1.6303002920E+006  2.5379479613E+008
  1.6320002437E+006  2.5380073572E+008
  1.6337002069E+006  2.5380665105E+008
  1.6354001836E+006  2.5381254341E+008
  1.6371001741E+006  2.5381841413E+008
  1.6388001830E+006  2.5382426463E+008
  1.6405002059E+006  2.5383009623E+008
  1.6422002430E+006  2.5383591018E+008
  1.6439002925E+006  2.5384170764E+008
  1.6456001796E+006  2.5384748911E+008
  1.6473002476E+006  2.5385325671E+008
  1.6490003203E+006  2.5385901075E+008
  1.6507002252E+006  2.5386475141E+008
  1.6524003040E+006  2.5387048054E+008
  1.6541002116E+006  2.5387619753E+008
  1.6558002948E+006  2.5388190403E+008
  1.6575002102E+006  2.5388759924E+008
  1.6592003040E+006  2.5389328457E+008
  1.6609002327E+006  2.5389895901E+008
  1.6626001741E+006  2.5390462319E+008
  1.6643003012E+006  2.5391027760E+008
  1.6660002697E+006  2.5391592095E+008
  1.6677002533E+006  2.5392155352E+008
  1.6694002545E+006  2.5392717489E+008
  1.6711002675E+006  2.5393278443E+008
  1.6728002940E+006  2.5393838193E+008
  1.6745003312E+006  2.5394396713E+008
  1.6762002022E+006  2.5394953910E+008
  1.6779002515E+006  2.5395509853E+008
  1.6796003046E+006  2.5396064436E+008
  1.6813001882E+006  2.5396617544E+008
  1.6830002452E+006  2.5397169220E+008
  1.6847003062E+006  2.5397719339E+008
  1.6864001976E+006  2.5398267763E+008
  1.6881002685E+006  2.5398814521E+008
