  0.0000000000E+000  0.0000000000E+000
  1.7001665124E+003  2.7067870794E+037
  3.4002485087E+003  2.7546692638E+037
  5.1002044601E+003  2.8054209708E+037
  6.8001585183E+003  2.8522006661E+037
  8.5002302782E+003  2.8545544748E+037
  1.0200201678E+004  2.8951879092E+037
  1.1900157300E+004  3.1013864685E+037
  1.3600178754E+004  3.3977915304E+037
  1.5300166930E+004  3.8300188968E+037
  1.7000196425E+004  4.4656512595E+037
  1.8700240368E+004  5.5646713098E+037
  2.0400156656E+004  7.1810375146E+037
  2.2100169999E+004  7.2786871527E+037
  2.3800163874E+004  7.1805004590E+037
  2.5500181986E+004  7.0472106013E+037
  2.7200159706E+004  7.2775729849E+037
  2.8900250139E+004  7.1056140778E+037
  3.0600201750E+004  6.9505388764E+037
  3.2300244938E+004  6.8104623122E+037
  3.4000223667E+004  6.6807061006E+037
  3.5700152143E+004  6.5628956347E+037
  3.7400166143E+004  6.4553630431E+037
  3.9100154182E+004  6.3569371893E+037
  4.0800159916E+004  6.2656695558E+037
  4.2500185233E+004  6.1791202378E+037
  4.4200235297E+004  6.1005826468E+037
  4.5900247642E+004  6.0297830998E+037
  4.7600227950E+004  5.9652512839E+037
  4.9300236720E+004  5.9046223323E+037
  5.1000176948E+004  5.8460307469E+037
  5.2700247466E+004  5.7920178158E+037
  5.4400221449E+004  5.7412934236E+037
  5.6100191526E+004  5.6933498802E+037
  5.7800238083E+004  5.6483853799E+037
  5.9500175006E+004  5.6068368148E+037
  6.1200141593E+004  5.5714081340E+037
  6.2900140193E+004  5.5368893173E+037
  6.4600239747E+004  5.5048831984E+037
  6.6300240799E+004  5.4744076270E+037
  6.8000177147E+004  5.4454669184E+037
  6.9700158546E+004  5.4182602265E+037
  7.1400147746E+004  5.3899076101E+037
  7.3100188965E+004  5.3663308204E+037
  7.4800201575E+004  5.3442182205E+037
  7.6500127568E+004  5.3235665690E+037
  7.8200237334E+004  5.3043850104E+037
  7.9900167095E+004  5.2865751032E+037
  8.1600187612E+004  5.2649729290E+037
  8.3300176531E+004  5.2459370882E+037
  8.5000156964E+004  5.2293371502E+037
  8.6700233540E+004  5.2149826943E+037
  8.8400144066E+004  5.2025111772E+037
  9.0100220649E+004  5.1931578756E+037
  9.1800216400E+004  5.1855284146E+037
  9.3500234891E+004  5.1785604843E+037
  9.5200126649E+004  5.1717625693E+037
  9.6900153198E+004  5.1654022925E+037
  9.8600191750E+004  5.1598010978E+037
  1.0030018239E+005  5.1542886358E+037
  1.0200018283E+005  5.1494712400E+037
  1.0370019994E+005  5.1453751889E+037
  1.0540022428E+005  5.1430727015E+037
  1.0710013897E+005  5.1424199752E+037
  1.0880021350E+005  5.1432262249E+037
  1.1050022758E+005  5.1445729222E+037
  1.1220024679E+005  5.1469677226E+037
  1.1390018963E+005  5.1506826273E+037
  1.1560022236E+005  5.1550723503E+037
  1.1730025006E+005  5.1603631782E+037
  1.1900021899E+005  5.1666882720E+037
  1.2070020250E+005  5.1748076229E+037
  1.2240015826E+005  5.2073739592E+037
  1.2410016042E+005  5.2201304922E+037
  1.2580019949E+005  5.2339170285E+037
  1.2750021127E+005  5.2486989543E+037
  1.2920017396E+005  5.2644246808E+037
  1.3090025240E+005  5.2793147757E+037
  1.3260018100E+005  5.2952694729E+037
  1.3430020275E+005  5.3125211253E+037
  1.3600013808E+005  5.3308715349E+037
  1.3770014336E+005  5.3503123824E+037
  1.3940018562E+005  5.3708448680E+037
  1.4110013297E+005  5.3862873924E+037
  1.4280015222E+005  5.4082273278E+037
  1.4450013421E+005  5.4306512696E+037
  1.4620025250E+005  5.4540372646E+037
  1.4790021544E+005  5.4782313690E+037
  1.4960015733E+005  5.5014970507E+037
  1.5130016365E+005  5.5265983099E+037
  1.5300022346E+005  5.5532564737E+037
  1.5470016820E+005  5.5811399764E+037
  1.5640015698E+005  5.6099547642E+037
  1.5810019348E+005  5.6396957891E+037
  1.5980018033E+005  5.6703299053E+037
  1.6150020528E+005  5.7006203661E+037
  1.6320020813E+005  5.7286596727E+037
  1.6490018975E+005  5.7594004671E+037
  1.6660012725E+005  5.7914879413E+037
  1.6830025082E+005  5.8245874350E+037
  1.7000023760E+005  5.8570140111E+037
  1.7170013432E+005  5.8928910889E+037
  1.7340019815E+005  5.9289440054E+037
  1.7510019450E+005  5.9625389331E+037
  1.7680024019E+005  5.9973025916E+037
  1.7850015239E+005  6.0330590771E+037
  1.8020016943E+005  6.0668604998E+037
  1.8190015202E+005  6.1009037996E+037
  1.8360021040E+005  6.1363809258E+037
  1.8530024858E+005  6.1725787930E+037
  1.8700017823E+005  6.2071570742E+037
  1.8870014754E+005  6.2420546317E+037
  1.9040016082E+005  6.2728233886E+037
  1.9210022086E+005  6.3082713784E+037
  1.9380016273E+005  6.3441523098E+037
  1.9550020890E+005  6.3804397243E+037
  1.9720023255E+005  6.4172465758E+037
  1.9890021922E+005  6.4545705945E+037
  2.0060017731E+005  6.4988155831E+037
  2.0230014711E+005  6.5324070677E+037
  2.0400015199E+005  6.5678433413E+037
  2.0570019001E+005  6.6043934485E+037
  2.0740014012E+005  6.6416186013E+037
  2.0910023149E+005  6.6792666048E+037
  2.1080018456E+005  6.7055881589E+037
  2.1250024087E+005  6.7458157396E+037
  2.1420014604E+005  6.7827757375E+037
  2.1590015140E+005  6.8201093209E+037
  2.1760016353E+005  6.8574195778E+037
  2.1930019981E+005  6.9087026839E+037
  2.2100014069E+005  6.9459165177E+037
  2.2270023969E+005  6.9797823025E+037
  2.2440022578E+005  7.0143321337E+037
  2.2610021105E+005  7.0488331112E+037
  2.2780017557E+005  7.0825005705E+037
  2.2950024785E+005  7.1168014733E+037
  2.3120017392E+005  7.1463635584E+037
  2.3290022793E+005  7.1821003128E+037
  2.3460017302E+005  7.2174205093E+037
  2.3630014263E+005  7.2524799407E+037
  2.3800013907E+005  7.3009461586E+037
  2.3970014979E+005  7.3360861424E+037
  2.4140016199E+005  7.3763688493E+037
  2.4310015939E+005  7.4096255099E+037
  2.4480014448E+005  7.4430634723E+037
  2.4650024150E+005  7.4870886882E+037
  2.4820021085E+005  7.5192881532E+037
  2.4990019202E+005  7.5511703611E+037
  2.5160019663E+005  7.5762106177E+037
  2.5330021766E+005  7.6191916284E+037
  2.5500012765E+005  7.6492137821E+037
  2.5670016657E+005  7.6789191193E+037
  2.5840019870E+005  7.7205696458E+037
  2.6010021801E+005  7.7399741908E+037
  2.6180023064E+005  7.7848034751E+037
  2.6350024407E+005  7.8124995472E+037
  2.6520013554E+005  7.8513932541E+037
  2.6690017391E+005  7.8889171440E+037
  2.6860022476E+005  7.9255274071E+037
  2.7030016201E+005  7.9611981884E+037
  2.7200022803E+005  7.9899998126E+037
  2.7370016420E+005  8.0331332586E+037
  2.7540022065E+005  8.0698897972E+037
  2.7710014456E+005  8.1237461703E+037
  2.7880019646E+005  8.1713238956E+037
  2.8050012775E+005  8.2239442724E+037
  2.8220019970E+005  8.2719202589E+037
  2.8390015658E+005  8.3147108071E+037
  2.8560024948E+005  8.3606664226E+037
  2.8730021936E+005  8.3983379905E+037
  2.8900018942E+005  8.4370348444E+037
  2.9070015385E+005  8.4747506369E+037
  2.9240024156E+005  8.4987343190E+037
  2.9410020436E+005  8.5415391224E+037
  2.9580017371E+005  8.5694890828E+037
  2.9750015048E+005  8.5988231439E+037
  2.9920014059E+005  8.6280067917E+037
  3.0090013847E+005  8.6246624244E+037
  3.0260013679E+005  8.6602731229E+037
  3.0430014144E+005  8.6889291366E+037
  3.0600014137E+005  8.7203902729E+037
  3.0770013870E+005  8.7350541554E+037
  3.0940013953E+005  8.7649518249E+037
  3.1110014545E+005  8.7591058944E+037
  3.1280015721E+005  8.7868689020E+037
  3.1450017757E+005  8.8002213806E+037
  3.1620020774E+005  8.8140302778E+037
  3.1790024016E+005  8.8390676482E+037
  3.1960014825E+005  8.8513231911E+037
  3.2130018347E+005  8.8779910801E+037
  3.2300021921E+005  8.8912365979E+037
  3.2470012999E+005  8.9032163897E+037
  3.2640017058E+005  8.9319980088E+037
  3.2810021836E+005  8.9435304010E+037
  3.2980014536E+005  8.9549353171E+037
  3.3150020568E+005  8.9596240178E+037
  3.3320014438E+005  8.9875614765E+037
  3.3490021001E+005  8.9994306594E+037
  3.3660015307E+005  9.0114504914E+037
  3.3830022447E+005  9.0402867795E+037
  3.4000016973E+005  9.0419295706E+037
  3.4170024744E+005  9.0523443531E+037
  3.4340020456E+005  9.0644946090E+037
  3.4510016510E+005  9.0757022403E+037
  3.4680013214E+005  9.0864567198E+037
  3.4850022868E+005  9.1125296859E+037
  3.5020020168E+005  9.1242027173E+037
  3.5190017657E+005  9.1341403736E+037
  3.5360015590E+005  9.1444071585E+037
  3.5530013529E+005  9.1546721195E+037
  3.5700024670E+005  9.1813565779E+037
  3.5870023802E+005  9.1911812527E+037
  3.6040023250E+005  9.1977053079E+037
  3.6210023184E+005  9.2044354181E+037
  3.6380023439E+005  9.2121590296E+037
  3.6550024249E+005  9.2201752348E+037
  3.6720024970E+005  9.2283474724E+037
  3.6890013494E+005  9.2366200074E+037
  3.7060015014E+005  9.2322965584E+037
  3.7230016887E+005  9.2436867952E+037
  3.7400019207E+005  9.2536158707E+037
  3.7570021919E+005  9.2628845930E+037
  3.7740025176E+005  9.2716750801E+037
  3.7910016176E+005  9.2800886436E+037
  3.8080020092E+005  9.2892243783E+037
  3.8250024202E+005  9.2958316648E+037
  3.8420016174E+005  9.3023970995E+037
  3.8590020947E+005  9.3091018366E+037
  3.8760013480E+005  9.3324591190E+037
  3.8930018876E+005  9.3391927676E+037
  3.9100024966E+005  9.3250532514E+037
  3.9270018569E+005  9.3329231337E+037
  3.9440012649E+005  9.3409477387E+037
  3.9610019812E+005  9.3485969922E+037
  3.9780014509E+005  9.3559319296E+037
  3.9950022324E+005  9.3630313139E+037
  4.0120017708E+005  9.3566429768E+037
  4.0290013502E+005  9.3618205324E+037
  4.0460022024E+005  9.3671030674E+037
  4.0630018630E+005  9.3725163332E+037
  4.0800015320E+005  9.3780042204E+037
  4.0970024899E+005  9.3835184908E+037
  4.1140022455E+005  9.4005288898E+037
  4.1310020182E+005  9.4059271173E+037
  4.1480018271E+005  9.4292891598E+037
  4.1650016647E+005  9.4344067581E+037
  4.1820015418E+005  9.4395099258E+037
  4.1990014466E+005  9.4446076001E+037
  4.2160013922E+005  9.4236123975E+037
  4.2330013489E+005  9.4275720317E+037
  4.2500013551E+005  9.4316249845E+037
  4.2670013884E+005  9.4355182967E+037
  4.2840014613E+005  9.4392431522E+037
  4.3010015500E+005  9.4414552732E+037
  4.3180016858E+005  9.4407179191E+037
  4.3350018760E+005  9.4425581512E+037
  4.3520020757E+005  9.4452529227E+037
  4.3690023250E+005  9.4484139776E+037
  4.3860013515E+005  9.4518414501E+037
  4.4030016848E+005  9.4258575048E+037
  4.4200020213E+005  9.4364410458E+037
  4.4370024199E+005  9.4423897831E+037
  4.4540015895E+005  9.4469019606E+037
  4.4710020460E+005  9.4507710456E+037
  4.4880013200E+005  9.4543093145E+037
  4.5050018840E+005  9.4670043586E+037
  4.5220025080E+005  9.4666255553E+037
  4.5390019339E+005  9.4676186227E+037
  4.5560014073E+005  9.4692407858E+037
  4.5730021850E+005  9.4711325686E+037
  4.5900017596E+005  9.4731429652E+037
  4.6070013766E+005  9.4662737547E+037
  4.6240023108E+005  9.4855761202E+037
  4.6410020299E+005  9.4885904418E+037
  4.6580018044E+005  9.4912152175E+037
  4.6750016425E+005  9.4936906874E+037
  4.6920015368E+005  9.4965451458E+037
  4.7090014804E+005  9.4997878692E+037
  4.7260014686E+005  9.5268660060E+037
  4.7430015225E+005  9.6768439201E+037
  4.7600016083E+005  1.0459096172E+038
  4.7770017402E+005  1.4628334842E+038
  4.7940019178E+005  3.0509620876E+038
  4.8110021568E+005  6.6916136837E+038
  4.8280024389E+005  1.2180531194E+039
  4.8450014862E+005  1.6836569158E+039
  4.8620018752E+005  2.1050997439E+039
  4.8790022929E+005  3.0788542751E+039
  4.8960014910E+005  5.7253593058E+039
  4.9130020049E+005  1.2180035935E+040
  4.9300012950E+005  2.4007423754E+040
  4.9470018929E+005  9.9555297596E+040
  4.9640012740E+005  5.0905646022E+041
  4.9810019595E+005  1.4508293901E+042
  4.9980014154E+005  3.1355722321E+042
  5.0150021882E+005  5.7902481722E+042
  5.0320017283E+005  9.3236853107E+042
  5.0490013011E+005  1.3426499839E+043
  5.0660021895E+005  1.7254874550E+043
  5.0830018513E+005  2.0450919706E+043
  5.1000015543E+005  2.2560576241E+043
  5.1170012997E+005  2.3412475306E+043
  5.1340023563E+005  2.3039647805E+043
  5.1510021832E+005  2.1649785757E+043
  5.1680020559E+005  1.9558521791E+043
  5.1850019584E+005  1.7270195134E+043
  5.2020018920E+005  1.4708682481E+043
  5.2190018585E+005  1.2243493268E+043
  5.2360018773E+005  1.0042016430E+043
  5.2530019103E+005  8.2621741231E+042
  5.2700019908E+005  6.8671403748E+042
  5.2870021202E+005  5.7797059224E+042
  5.3040022742E+005  4.9660854608E+042
  5.3210024638E+005  4.3126241251E+042
  5.3380014212E+005  3.8033036948E+042
  5.3550016926E+005  3.4020162654E+042
  5.3720019567E+005  3.0873582622E+042
  5.3890022737E+005  2.8186263984E+042
  5.4060013584E+005  2.6134869642E+042
  5.4230017284E+005  2.4511327030E+042
  5.4400021356E+005  2.2999469843E+042
  5.4570013209E+005  2.1612505091E+042
  5.4740017962E+005  2.0586542435E+042
  5.4910022978E+005  1.9697905353E+042
  5.5080015861E+005  1.8828811713E+042
  5.5250021454E+005  1.7908045683E+042
  5.5420014813E+005  1.7008487849E+042
  5.5590021127E+005  1.6421361747E+042
  5.5760015090E+005  1.5898445765E+042
  5.5930021916E+005  1.5386413639E+042
  5.6100016586E+005  1.4875194930E+042
  5.6270023976E+005  1.4350406497E+042
  5.6440019188E+005  1.3830315693E+042
  5.6610014681E+005  1.3271283532E+042
  5.6780023089E+005  1.2794097467E+042
  5.6950019286E+005  1.2536206326E+042
  5.7120015719E+005  1.2271858108E+042
  5.7290012676E+005  1.1987658687E+042
  5.7460022331E+005  1.1701260566E+042
  5.7630019889E+005  1.1419444751E+042
  5.7800017726E+005  1.1136688821E+042
  5.7970015772E+005  1.0865640736E+042
  5.8140014154E+005  1.0592477338E+042
  5.8310013011E+005  1.0342932407E+042
  5.8480024743E+005  1.0097731029E+042
  5.8650024143E+005  9.8411839545E+041
  5.8820024195E+005  9.5948923823E+041
  5.8990024409E+005  9.3490979825E+041
  5.9160025014E+005  9.0957797918E+041
  5.9330013421E+005  8.9774862780E+041
  5.9500014762E+005  8.9242045515E+041
  5.9670016378E+005  8.8230082740E+041
  5.9840018514E+005  8.6951349341E+041
  6.0010020898E+005  8.5726917388E+041
  6.0180023801E+005  8.4423883649E+041
  6.0350014460E+005  8.3036957336E+041
  6.0520018138E+005  8.1842268756E+041
  6.0690022378E+005  8.0661449471E+041
  6.0860014339E+005  7.9446941555E+041
  6.1030019447E+005  7.8263735637E+041
  6.1200024891E+005  7.7107604477E+041
  6.1370018267E+005  7.6060207772E+041
  6.1540024601E+005  7.5024739129E+041
  6.1710018726E+005  7.3900063108E+041
  6.1880013345E+005  7.2840545263E+041
  6.2050021054E+005  7.1955213783E+041
  6.2220016560E+005  7.1155299412E+041
  6.2390025131E+005  7.0341390135E+041
  6.2560021716E+005  6.9473946530E+041
  6.2730018578E+005  6.8566776260E+041
  6.2900015942E+005  6.7703515687E+041
  6.3070013846E+005  6.6934443698E+041
  6.3240024697E+005  6.6213407342E+041
  6.3410023373E+005  6.5492790444E+041
  6.3580022569E+005  6.4781452496E+041
  6.3750022083E+005  6.4089809077E+041
  6.3920022045E+005  6.3401706814E+041
  6.4090022512E+005  6.2701873412E+041
  6.4260023367E+005  6.1994400683E+041
  6.4430024631E+005  6.1290433244E+041
  6.4600013752E+005  6.0593268265E+041
  6.4770015951E+005  5.9901829672E+041
  6.4940018479E+005  5.9214516907E+041
  6.5110021530E+005  5.8546342049E+041
  6.5280024925E+005  5.7978093811E+041
  6.5450016050E+005  5.7633801551E+041
  6.5620020299E+005  5.7556178654E+041
  6.5790024822E+005  5.7519724533E+041
  6.5960017100E+005  5.7365936620E+041
  6.6130022465E+005  5.7099072877E+041
  6.6300015689E+005  5.6759026874E+041
  6.6470021787E+005  5.6397151161E+041
  6.6640015764E+005  5.6048079834E+041
  6.6810022894E+005  5.5707262367E+041
  6.6980017554E+005  5.5361719338E+041
  6.7150012655E+005  5.5012170299E+041
  6.7320020781E+005  5.4662208785E+041
  6.7490016630E+005  5.4313024723E+041
  6.7660012710E+005  5.3970170348E+041
  6.7830021879E+005  5.3642563785E+041
  6.8000018827E+005  5.3329679736E+041
  6.8170016012E+005  5.3022684519E+041
  6.8340013688E+005  5.2713369103E+041
  6.8510024347E+005  5.2401494086E+041
  6.8680022626E+005  5.2088648726E+041
  6.8850021330E+005  5.1777881419E+041
  6.9020020448E+005  5.1471430451E+041
  6.9190019684E+005  5.1172296119E+041
  6.9360019428E+005  5.0881909933E+041
  6.9530019462E+005  5.0601085771E+041
  6.9700019771E+005  5.0329331972E+041
  6.9870020370E+005  5.0064818378E+041
  7.0040021428E+005  4.9803824851E+041
  7.0210022696E+005  4.9543510888E+041
  7.0380024359E+005  4.9283729920E+041
  7.0550013757E+005  4.9024201286E+041
  7.0720015998E+005  4.8765215068E+041
  7.0890018780E+005  4.8508539805E+041
  7.1060021713E+005  4.8254943110E+041
  7.1230025030E+005  4.8004822061E+041
  7.1400015905E+005  4.7758968757E+041
  7.1570019864E+005  4.7517648412E+041
  7.1740024128E+005  4.7281456274E+041
  7.1910015945E+005  4.7051313148E+041
  7.2080020897E+005  4.6827272003E+041
  7.2250013595E+005  4.6608963800E+041
  7.2420019155E+005  4.6396015660E+041
  7.2590025079E+005  4.6187469930E+041
  7.2760018881E+005  4.5982668922E+041
  7.2930012800E+005  4.5780911799E+041
  7.3100019796E+005  4.5581390208E+041
  7.3270014453E+005  4.5384149760E+041
  7.3440022076E+005  4.5189003367E+041
  7.3610017370E+005  4.4996016653E+041
  7.3780013112E+005  4.4805141373E+041
  7.3950021714E+005  4.4616226160E+041
  7.4120018151E+005  4.4429629366E+041
  7.4290015018E+005  4.4245239194E+041
  7.4460024782E+005  4.4063243111E+041
  7.4630022418E+005  4.3883769039E+041
  7.4800020296E+005  4.3706933969E+041
  7.4970018663E+005  4.3532797406E+041
  7.5140017300E+005  4.3361348937E+041
  7.5310016368E+005  4.3192605291E+041
  7.5480015770E+005  4.3026343581E+041
  7.5650015574E+005  4.2862530572E+041
  7.5820015868E+005  4.2701084084E+041
  7.5990016479E+005  4.2541986856E+041
  7.6160017541E+005  4.2385061755E+041
  7.6330019083E+005  4.2230256607E+041
  7.6500021071E+005  4.2077461380E+041
  7.6670023286E+005  4.1926601488E+041
  7.6840013444E+005  4.1777596099E+041
  7.7010016661E+005  4.1630296859E+041
  7.7180020186E+005  4.1484645671E+041
  7.7350024114E+005  4.1340643437E+041
  7.7520015953E+005  4.1198308467E+041
  7.7690020745E+005  4.1057578408E+041
  7.7860013364E+005  4.0918465001E+041
  7.8030019083E+005  4.0780836915E+041
  7.8200025189E+005  4.0644653972E+041
  7.8370019178E+005  4.0509903999E+041
  7.8540013539E+005  4.0376590604E+041
  7.8710020985E+005  4.0244734895E+041
  7.8880016125E+005  4.0115005748E+041
  7.9050024428E+005  3.9986793196E+041
  7.9220020394E+005  3.9860032033E+041
  7.9390016714E+005  3.9734698838E+041
  7.9560013584E+005  3.9610748715E+041
  7.9730023397E+005  3.9488170051E+041
  7.9900021013E+005  3.9366970998E+041
  8.0070019097E+005  3.9247018537E+041
  8.0240017595E+005  3.9128285604E+041
  8.0410016448E+005  3.9010790038E+041
  8.0580015791E+005  3.8894515134E+041
  8.0750015472E+005  3.8779445986E+041
  8.0920015441E+005  3.8665562835E+041
  8.1090015913E+005  3.8552819888E+041
  8.1260016764E+005  3.8441199202E+041
  8.1430017875E+005  3.8330670290E+041
  8.1600019450E+005  3.8221181093E+041
  8.1770021483E+005  3.8112599309E+041
  8.1940023844E+005  3.8004939434E+041
  8.2110013894E+005  3.7898212040E+041
  8.2280017085E+005  3.7792382700E+041
  8.2450020656E+005  3.7687450718E+041
  8.2620024428E+005  3.7583420423E+041
  8.2790016064E+005  3.7480282154E+041
  8.2960020701E+005  3.7378030661E+041
  8.3130012900E+005  3.7276604055E+041
  8.3300018258E+005  3.7175923118E+041
  8.3470023867E+005  3.7076037888E+041
  8.3640017180E+005  3.6976971711E+041
  8.3810023564E+005  3.6878711180E+041
  8.3980017649E+005  3.6781275715E+041
  8.4150024667E+005  3.6684662550E+041
  8.4320019467E+005  3.6588879957E+041
  8.4490014639E+005  3.6493862850E+041
  8.4660022654E+005  3.6399697595E+041
  8.4830018481E+005  3.6306377416E+041
  8.5000014554E+005  3.6213898282E+041
  8.5170023592E+005  3.6122254864E+041
  8.5340020298E+005  3.6031439398E+041
  8.5510017362E+005  3.5941440844E+041
  8.5680014767E+005  3.5852179123E+041
  8.5850025100E+005  3.5763657242E+041
  8.6020023252E+005  3.5675912543E+041
  8.6190021697E+005  3.5588933302E+041
  8.6360020417E+005  3.5502730995E+041
  8.6530019557E+005  3.5417312563E+041
  8.6700019054E+005  3.5332643321E+041
  8.6870018672E+005  3.5248688521E+041
  8.7040018816E+005  3.5165459396E+041
  8.7210019197E+005  3.5082963643E+041
  8.7380019880E+005  3.5001210165E+041
  8.7550020930E+005  3.4920196823E+041
  8.7720022401E+005  3.4839912989E+041
  8.7890024131E+005  3.4760332969E+041
  8.8060013609E+005  3.4681472010E+041
  8.8230016154E+005  3.4603335084E+041
  8.8400018905E+005  3.4525929433E+041
  8.8570022147E+005  3.4449271337E+041
  8.8740012941E+005  3.4373306557E+041
  8.8910016810E+005  3.4298013795E+041
  8.9080020968E+005  3.4223414095E+041
  8.9250012881E+005  3.4149518960E+041
  8.9420017766E+005  3.4076331222E+041
  8.9590023023E+005  3.4003826540E+041
  8.9760016103E+005  3.3931978899E+041
  8.9930022100E+005  3.3860788026E+041
  9.0100015887E+005  3.3790262825E+041
  9.0270022720E+005  3.3720382922E+041
  9.0440017263E+005  3.3651139103E+041
  9.0610024714E+005  3.3582489537E+041
  9.0780020069E+005  3.3514452588E+041
  9.0950015680E+005  3.3447027611E+041
  9.1120024324E+005  3.3380219826E+041
  9.1290020735E+005  3.3314026970E+041
  9.1460017596E+005  3.3248467828E+041
  9.1630014778E+005  3.3183517519E+041
  9.1800025063E+005  3.3119155376E+041
  9.1970023190E+005  3.3055383558E+041
  9.2140021593E+005  3.2992163012E+041
  9.2310020533E+005  3.2929483094E+041
  9.2480019783E+005  3.2867346713E+041
  9.2650019461E+005  3.2805749424E+041
  9.2820019474E+005  3.2744662932E+041
  9.2990019969E+005  3.2684059796E+041
  9.3160020792E+005  3.2623948105E+041
  9.3330021996E+005  3.2564344434E+041
  9.3500023743E+005  3.2505243539E+041
  9.3670013133E+005  3.2446621675E+041
  9.3840015645E+005  3.2388460566E+041
  9.4010018604E+005  3.2330754205E+041
  9.4180021869E+005  3.2273500715E+041
  9.4350012901E+005  3.2216690353E+041
  9.4520017061E+005  3.2160306152E+041
  9.4690021456E+005  3.2104356647E+041
  9.4860013637E+005  3.2048844600E+041
  9.5030018919E+005  3.1993736402E+041
  9.5200024555E+005  3.1939042127E+041
  9.5370017875E+005  3.1884796306E+041
  9.5540024336E+005  3.1830985550E+041
  9.5710018570E+005  3.1777588652E+041
  9.5880013087E+005  3.1724591909E+041
  9.6050020687E+005  3.1671974889E+041
  9.6220016057E+005  3.1619737044E+041
  9.6390024415E+005  3.1567858150E+041
  9.6560020413E+005  3.1516345731E+041
  9.6730016879E+005  3.1465209153E+041
  9.6900013661E+005  3.1414438718E+041
  9.7070023367E+005  3.1364004715E+041
  9.7240020970E+005  3.1313919271E+041
  9.7410018810E+005  3.1264178441E+041
  9.7580017050E+005  3.1214772337E+041
  9.7750015773E+005  3.1165680518E+041
  9.7920014754E+005  3.1116879279E+041
  9.8090014090E+005  3.1068376489E+041
  9.8260013854E+005  3.1020197471E+041
  9.8430013894E+005  3.0972351075E+041
  9.8600014239E+005  3.0924829462E+041
  9.8770014996E+005  3.0877614766E+041
  9.8940016030E+005  3.0830693845E+041
  9.9110017412E+005  3.0784064305E+041
  9.9280019197E+005  3.0737733290E+041
  9.9450021285E+005  3.0691714512E+041
  9.9620023731E+005  3.0646023625E+041
  9.9790013916E+005  3.0600645602E+041
  9.9960017095E+005  3.0555564824E+041
  1.0013002054E+006  3.0510787027E+041
  1.0030002431E+006  3.0466310925E+041
  1.0047001589E+006  3.0422128964E+041
  1.0064002034E+006  3.0378240787E+041
  1.0081002503E+006  3.0334653833E+041
  1.0098001763E+006  3.0291363768E+041
  1.0115002309E+006  3.0248308999E+041
  1.0132001622E+006  3.0205502454E+041
  1.0149002244E+006  3.0162941071E+041
  1.0166001635E+006  3.0120634545E+041
  1.0183002323E+006  3.0078581900E+041
  1.0200001782E+006  3.0036787629E+041
  1.0217001277E+006  2.9995246169E+041
  1.0234002061E+006  2.9953956717E+041
  1.0251001626E+006  2.9912924555E+041
  1.0268002478E+006  2.9872152806E+041
  1.0285002104E+006  2.9831636644E+041
  1.0302001770E+006  2.9791366182E+041
  1.0319001471E+006  2.9751338985E+041
  1.0336002472E+006  2.9711562247E+041
  1.0353002245E+006  2.9672031243E+041
  1.0370002060E+006  2.9632733375E+041
  1.0387001906E+006  2.9593690589E+041
  1.0404001792E+006  2.9554906746E+041
  1.0421001713E+006  2.9516370455E+041
  1.0438001667E+006  2.9478081301E+041
  1.0455001655E+006  2.9440045007E+041
  1.0472001693E+006  2.9402254004E+041
  1.0489001749E+006  2.9364700216E+041
  1.0506001855E+006  2.9327373440E+041
  1.0523002003E+006  2.9290270447E+041
  1.0540002182E+006  2.9253399574E+041
  1.0557002402E+006  2.9216753802E+041
  1.0574001400E+006  2.9180327233E+041
  1.0591001708E+006  2.9144114208E+041
  1.0608002037E+006  2.9108119379E+041
  1.0625002418E+006  2.9072342686E+041
  1.0642001565E+006  2.9036784260E+041
  1.0659002017E+006  2.9001435365E+041
  1.0676002507E+006  2.8966296431E+041
  1.0693001774E+006  2.8931362212E+041
  1.0710002343E+006  2.8896645853E+041
  1.0727001692E+006  2.8862152700E+041
  1.0744002350E+006  2.8827874334E+041
  1.0761001771E+006  2.8793809908E+041
  1.0778002506E+006  2.8759951671E+041
  1.0795002015E+006  2.8726299711E+041
  1.0812001553E+006  2.8692847514E+041
  1.0829002394E+006  2.8659587621E+041
  1.0846002022E+006  2.8626525272E+041
  1.0863001669E+006  2.8593656199E+041
  1.0880001367E+006  2.8560972440E+041
  1.0897002368E+006  2.8528471309E+041
  1.0914002138E+006  2.8496163069E+041
  1.0931001953E+006  2.8464045803E+041
  1.0948001809E+006  2.8432111473E+041
  1.0965001701E+006  2.8400379130E+041
  1.0982001624E+006  2.8368811899E+041
  1.0999001598E+006  2.8337394303E+041
  1.1016001599E+006  2.8306139947E+041
  1.1033001634E+006  2.8275055406E+041
  1.1050001708E+006  2.8244141121E+041
  1.1067001826E+006  2.8213392146E+041
  1.1084001971E+006  2.8182812526E+041
  1.1101002153E+006  2.8152400371E+041
  1.1118002386E+006  2.8122151758E+041
  1.1135001380E+006  2.8092066678E+041
  1.1152001678E+006  2.8062083705E+041
  1.1169002018E+006  2.8032227572E+041
  1.1186002384E+006  2.8002526622E+041
  1.1203001524E+006  2.7972982007E+041
  1.1220001968E+006  2.7943582989E+041
  1.1237002436E+006  2.7914330399E+041
  1.1254001682E+006  2.7885229229E+041
  1.1271002231E+006  2.7856274645E+041
  1.1288001542E+006  2.7827470729E+041
  1.1305002157E+006  2.7798810860E+041
  1.1322001551E+006  2.7770304024E+041
  1.1339002238E+006  2.7741937163E+041
  1.1356001694E+006  2.7713650650E+041
  1.1373002457E+006  2.7685473320E+041
  1.1390001982E+006  2.7657425651E+041
  1.1407001540E+006  2.7629508982E+041
  1.1424002398E+006  2.7601719527E+041
  1.1441002028E+006  2.7574054757E+041
  1.1458001686E+006  2.7546497223E+041
  1.1475001380E+006  2.7519058455E+041
  1.1492002385E+006  2.7491739392E+041
  1.1509002149E+006  2.7464546452E+041
  1.1526001953E+006  2.7437481405E+041
  1.1543001801E+006  2.7410556533E+041
  1.1560001671E+006  2.7383776336E+041
  1.1577001581E+006  2.7357134881E+041
  1.1594001526E+006  2.7330629423E+041
  1.1611001503E+006  2.7304263598E+041
  1.1628001511E+006  2.7278032537E+041
  1.1645001560E+006  2.7251935753E+041
  1.1662001639E+006  2.7225970991E+041
  1.1679001756E+006  2.7200139578E+041
  1.1696001913E+006  2.7174443156E+041
  1.1713002103E+006  2.7148893847E+041
  1.1730002330E+006  2.7123492695E+041
