  0.0000000000E+000  0.0000000000E+000
  1.7002963363E+003  8.5859875393E+002
  3.4002915945E+003  8.5958094657E+002
  5.1002050508E+003  8.5998858071E+002
  6.8001993849E+003  8.6082192472E+002
  8.5002385881E+003  8.6313862033E+002
  1.0200198349E+004  8.7118732385E+002
  1.1900239731E+004  9.0282597479E+002
  1.3600168314E+004  9.9703858187E+002
  1.5300319804E+004  1.1740904203E+003
  1.7000316164E+004  1.4113566923E+003
  1.8700206592E+004  1.6831853604E+003
  2.0400234508E+004  2.1498963477E+003
  2.2100292161E+004  2.0268792360E+003
  2.3800245932E+004  1.8823406039E+003
  2.5500200747E+004  1.8981451333E+003
  2.7200297412E+004  1.8848502534E+003
  2.8900271769E+004  1.8678519961E+003
  3.0600201513E+004  1.8553451746E+003
  3.2300273174E+004  1.8450766497E+003
  3.4000303164E+004  1.8374883965E+003
  3.5700297571E+004  1.8320611328E+003
  3.7400213009E+004  1.8286307813E+003
  3.9100227578E+004  1.8312282763E+003
  4.0800224660E+004  1.8424194408E+003
  4.2500201744E+004  1.8623459371E+003
  4.4200254589E+004  1.8611797565E+003
  4.5900321992E+004  1.8564181474E+003
  4.7600314721E+004  1.8533722305E+003
  4.9300199556E+004  1.8491165436E+003
  5.1000300701E+004  1.8438795610E+003
  5.2700187990E+004  1.8377482362E+003
  5.4400166867E+004  1.8307994327E+003
  5.6100297072E+004  1.8233542901E+003
  5.7800220211E+004  1.8156755599E+003
  5.9500175714E+004  1.8090485738E+003
  6.1200206661E+004  1.8013878436E+003
  6.2900250351E+004  1.7901463803E+003
  6.4600292515E+004  1.7590839396E+003
  6.6300235178E+004  1.7391151814E+003
  6.8000161862E+004  1.7249492977E+003
  6.9700227750E+004  1.6781155758E+003
  7.1400181633E+004  1.6373206103E+003
  7.3100299698E+004  1.6074684709E+003
  7.4800261366E+004  1.5833845137E+003
  7.6500288713E+004  1.5627774761E+003
  7.8200219104E+004  1.5440328327E+003
  7.9900231950E+004  1.5262156377E+003
  8.1600277046E+004  1.5095741429E+003
  8.3300224604E+004  1.4942847539E+003
  8.5000175430E+004  1.4803121456E+003
  8.6700281917E+004  1.4675322744E+003
  8.8400210447E+004  1.4557957826E+003
  9.0100180401E+004  1.4449566202E+003
  9.1800277362E+004  1.4348901318E+003
  9.3500290942E+004  1.4254944277E+003
  9.5200235899E+004  1.4166845302E+003
  9.6900266977E+004  1.4083648695E+003
  9.8600322803E+004  1.4004040482E+003
  1.0030023188E+005  1.3928047893E+003
  1.0200028114E+005  1.3855560978E+003
  1.0370025168E+005  1.3786316071E+003
  1.0540022725E+005  1.3718807334E+003
  1.0710018573E+005  1.3651629611E+003
  1.0880023657E+005  1.3583362869E+003
  1.1050016304E+005  1.3515085044E+003
  1.1220030796E+005  1.3449027332E+003
  1.1390022085E+005  1.3385955728E+003
  1.1560027418E+005  1.3325920965E+003
  1.1730029087E+005  1.3268753185E+003
  1.1900022259E+005  1.3214212414E+003
  1.2070022320E+005  1.3162052332E+003
  1.2240026558E+005  1.3112053363E+003
  1.2410023631E+005  1.3064023368E+003
  1.2580018781E+005  1.3017789378E+003
  1.2750028348E+005  1.2973197112E+003
  1.2920030834E+005  1.2930120697E+003
  1.3090032072E+005  1.2888446955E+003
  1.3260020833E+005  1.2848090780E+003
  1.3430025985E+005  1.2808967606E+003
  1.3600017012E+005  1.2770846453E+003
  1.3770020436E+005  1.2733087605E+003
  1.3940018670E+005  1.2695445379E+003
  1.4110030910E+005  1.2658095221E+003
  1.4280028266E+005  1.2621300738E+003
  1.4450016665E+005  1.2585251945E+003
  1.4620020932E+005  1.2550053029E+003
  1.4790016171E+005  1.2515756407E+003
  1.4960022237E+005  1.2482365717E+003
  1.5130029138E+005  1.2449869031E+003
  1.5300029323E+005  1.2418242217E+003
  1.5470016745E+005  1.2387450189E+003
  1.5640026687E+005  1.2357455922E+003
  1.5810026274E+005  1.2328227544E+003
  1.5980024301E+005  1.2299724138E+003
  1.6150020411E+005  1.2271908688E+003
  1.6320023353E+005  1.2244744786E+003
  1.6490030120E+005  1.2218199984E+003
  1.6660022563E+005  1.2192246290E+003
  1.6830030354E+005  1.2166853040E+003
  1.7000021584E+005  1.2141977738E+003
  1.7170021466E+005  1.2117418749E+003
  1.7340025419E+005  1.2092967313E+003
  1.7510029047E+005  1.2068581909E+003
  1.7680029573E+005  1.2044331008E+003
  1.7850030937E+005  1.2020307409E+003
  1.8020028278E+005  1.1996590952E+003
  1.8190029116E+005  1.1973236237E+003
  1.8360026828E+005  1.1950278471E+003
  1.8530020146E+005  1.1927735774E+003
  1.8700032140E+005  1.1905611610E+003
  1.8870025678E+005  1.1883909526E+003
  1.9040023143E+005  1.1862620280E+003
  1.9210031981E+005  1.1841733630E+003
  1.9380018498E+005  1.1821243496E+003
  1.9550024737E+005  1.1801134879E+003
  1.9720030784E+005  1.1781399941E+003
  1.9890024334E+005  1.1762029108E+003
  2.0060027247E+005  1.1743008323E+003
  2.0230023712E+005  1.1724327501E+003
  2.0400024333E+005  1.1705973570E+003
  2.0570025601E+005  1.1687934606E+003
  2.0740031259E+005  1.1670175473E+003
  2.0910029573E+005  1.1652602063E+003
  2.1080019887E+005  1.1635121643E+003
  2.1250030270E+005  1.1617695796E+003
  2.1420027421E+005  1.1600339511E+003
  2.1590029224E+005  1.1583083835E+003
  2.1760021745E+005  1.1565966899E+003
  2.1930021387E+005  1.1549019439E+003
  2.2100026789E+005  1.1532267023E+003
  2.2270019334E+005  1.1515729871E+003
  2.2440031840E+005  1.1499412088E+003
  2.2610018503E+005  1.1483314612E+003
  2.2780028581E+005  1.1467440049E+003
  2.2950027496E+005  1.1451795938E+003
  2.3120030113E+005  1.1436375181E+003
  2.3290021077E+005  1.1421010321E+003
  2.3460018115E+005  1.1405604968E+003
  2.3630021170E+005  1.1390253614E+003
  2.3800029689E+005  1.1375045613E+003
  2.3970026230E+005  1.1360037370E+003
  2.4140027422E+005  1.1345255647E+003
  2.4310017627E+005  1.1330713858E+003
  2.4480030268E+005  1.1316412284E+003
  2.4650032073E+005  1.1302351546E+003
  2.4820022209E+005  1.1288518572E+003
  2.4990016887E+005  1.1274873010E+003
  2.5160016815E+005  1.1261364623E+003
  2.5330022342E+005  1.1247959959E+003
  2.5500016950E+005  1.1234645989E+003
  2.5670016296E+005  1.1221421285E+003
  2.5840019707E+005  1.1208294112E+003
  2.6010028104E+005  1.1195335587E+003
  2.6180026060E+005  1.1182589028E+003
  2.6350028759E+005  1.1170036403E+003
  2.6520019417E+005  1.1157672541E+003
  2.6690030803E+005  1.1145493813E+003
  2.6860031063E+005  1.1133504025E+003
  2.7030019488E+005  1.1121705893E+003
  2.7200028698E+005  1.1110099950E+003
  2.7370026259E+005  1.1098690792E+003
  2.7540028240E+005  1.1087479146E+003
  2.7710017593E+005  1.1076467435E+003
  2.7880027550E+005  1.1065654431E+003
  2.8050025982E+005  1.1055042816E+003
  2.8220028449E+005  1.1044632064E+003
  2.8390018219E+005  1.1034423641E+003
  2.8560027963E+005  1.1024416155E+003
  2.8730025711E+005  1.1014612150E+003
  2.8900027090E+005  1.1005011406E+003
  2.9070032089E+005  1.0995614629E+003
  2.9240025101E+005  1.0986422542E+003
  2.9410021924E+005  1.0977428852E+003
  2.9580022491E+005  1.0968621712E+003
  2.9750027537E+005  1.0959989170E+003
  2.9920021561E+005  1.0951524404E+003
  3.0090020578E+005  1.0943223625E+003
  3.0260024701E+005  1.0935086978E+003
  3.0430018226E+005  1.0927116742E+003
  3.0600018752E+005  1.0919313514E+003
  3.0770026548E+005  1.0911677238E+003
  3.0940025399E+005  1.0904205850E+003
  3.1110031024E+005  1.0896892130E+003
  3.1280026696E+005  1.0889725643E+003
  3.1450029703E+005  1.0882689111E+003
  3.1620023885E+005  1.0875760602E+003
  3.1790024386E+005  1.0868910378E+003
  3.1960030366E+005  1.0862102664E+003
  3.2130026203E+005  1.0855295833E+003
  3.2300028738E+005  1.0848441354E+003
  3.2470020906E+005  1.0841488031E+003
  3.2640018579E+005  1.0834381674E+003
  3.2810021584E+005  1.0827070238E+003
  3.2980029796E+005  1.0819506987E+003
  3.3150027157E+005  1.0811655333E+003
  3.3320030471E+005  1.0803490467E+003
  3.3490022503E+005  1.0795005526E+003
  3.3660018538E+005  1.0786210090E+003
  3.3830019487E+005  1.0777132251E+003
  3.4000026255E+005  1.0767815831E+003
  3.4170021569E+005  1.0758317645E+003
  3.4340020314E+005  1.0748699777E+003
  3.4510023093E+005  1.0739026034E+003
  3.4680030544E+005  1.0729354267E+003
  3.4850025874E+005  1.0719733391E+003
  3.5020025007E+005  1.0710199855E+003
  3.5190027907E+005  1.0700781002E+003
  3.5360017961E+005  1.0691496164E+003
  3.5530027909E+005  1.0682354498E+003
  3.5700025804E+005  1.0673362730E+003
  3.5870027545E+005  1.0664520610E+003
  3.6040016380E+005  1.0655826584E+003
  3.6210024945E+005  1.0647274695E+003
  3.6380021531E+005  1.0638861218E+003
  3.6550022267E+005  1.0630579597E+003
  3.6720026820E+005  1.0622424110E+003
  3.6890019109E+005  1.0614390044E+003
  3.7060031615E+005  1.0606470813E+003
  3.7230032330E+005  1.0598663347E+003
  3.7400021410E+005  1.0590963474E+003
  3.7570031475E+005  1.0583365766E+003
  3.7740029532E+005  1.0575868782E+003
  3.7910032383E+005  1.0568467971E+003
  3.8080024634E+005  1.0561157879E+003
  3.8250022441E+005  1.0553942324E+003
  3.8420025584E+005  1.0546825057E+003
  3.8590018134E+005  1.0539803777E+003
  3.8760016454E+005  1.0532874827E+003
  3.8930020345E+005  1.0526035816E+003
  3.9100030163E+005  1.0519284790E+003
  3.9270029597E+005  1.0512620793E+003
  3.9440017958E+005  1.0506042476E+003
  3.9610027393E+005  1.0499547830E+003
  3.9780026309E+005  1.0493139629E+003
  3.9950031127E+005  1.0486816078E+003
  4.0120024456E+005  1.0480576237E+003
  4.0290022391E+005  1.0474418077E+003
  4.0460025626E+005  1.0468340272E+003
  4.0630018169E+005  1.0462342132E+003
  4.0800031613E+005  1.0456410707E+003
  4.0970017349E+005  1.0450511256E+003
  4.1140023963E+005  1.0444625072E+003
  4.1310018709E+005  1.0438755450E+003
  4.1480018194E+005  1.0432909693E+003
  4.1650022441E+005  1.0427095918E+003
  4.1820030719E+005  1.0421321061E+003
  4.1990026141E+005  1.0415591303E+003
  4.2160026060E+005  1.0409910621E+003
  4.2330030667E+005  1.0404282772E+003
  4.2500022841E+005  1.0398711462E+003
  4.2670018395E+005  1.0393198816E+003
  4.2840017701E+005  1.0387747060E+003
  4.3010021339E+005  1.0382358065E+003
  4.3180028926E+005  1.0377033437E+003
  4.3350023887E+005  1.0371775039E+003
  4.3520022023E+005  1.0366583512E+003
  4.3690023834E+005  1.0361459781E+003
  4.3860029830E+005  1.0356404589E+003
  4.4030023628E+005  1.0351418998E+003
  4.4200020908E+005  1.0346502976E+003
  4.4370021845E+005  1.0341656819E+003
  4.4540027294E+005  1.0336880698E+003
  4.4710020972E+005  1.0332175157E+003
  4.4880019001E+005  1.0327539758E+003
  4.5050021287E+005  1.0322974454E+003
  4.5220027898E+005  1.0318479141E+003
  4.5390022815E+005  1.0314054083E+003
  4.5560022908E+005  1.0309698647E+003
  4.5730028076E+005  1.0305412621E+003
  4.5900021399E+005  1.0301196184E+003
  4.6070019361E+005  1.0297048660E+003
  4.6240023126E+005  1.0292969749E+003
  4.6410016267E+005  1.0288959555E+003
  4.6580030417E+005  1.0285017042E+003
  4.6750016941E+005  1.0281143031E+003
  4.6920025243E+005  1.0277336090E+003
  4.7090022552E+005  1.0273596652E+003
  4.7260024620E+005  1.0269924063E+003
  4.7430031269E+005  1.0266318035E+003
  4.7600026401E+005  1.0262778626E+003
  4.7770025938E+005  1.0259305237E+003
  4.7940030385E+005  1.0255897608E+003
  4.8110023287E+005  1.0252555813E+003
  4.8280020504E+005  1.0249279283E+003
  4.8450021815E+005  1.0246067774E+003
  4.8620027924E+005  1.0242921018E+003
  4.8790022307E+005  1.0239839060E+003
  4.8960020701E+005  1.0236821349E+003
  4.9130023148E+005  1.0233867631E+003
  4.9300029680E+005  1.0230977652E+003
  4.9470023970E+005  1.0228151434E+003
  4.9640022227E+005  1.0225388457E+003
  4.9810024419E+005  1.0222688485E+003
  4.9980030130E+005  1.0220051290E+003
  5.0150023336E+005  1.0217476883E+003
  5.0320020378E+005  1.0214964781E+003
  5.0490020924E+005  1.0212514765E+003
  5.0660025002E+005  1.0210126616E+003
  5.0830016440E+005  1.0207800340E+003
  5.1000027860E+005  1.0205535280E+003
  5.1170026586E+005  1.0203331668E+003
  5.1340029247E+005  1.0201189082E+003
  5.1510019481E+005  1.0199107527E+003
  5.1680029564E+005  1.0197086419E+003
  5.1850027289E+005  1.0195125959E+003
  5.2020029238E+005  1.0193225769E+003
  5.2190019006E+005  1.0191385853E+003
  5.2360028592E+005  1.0189605697E+003
  5.2530026225E+005  1.0187885471E+003
  5.2700028321E+005  1.0186224844E+003
  5.2870018411E+005  1.0184623818E+003
  5.3040028998E+005  1.0183081942E+003
  5.3210028065E+005  1.0181599365E+003
  5.3380031775E+005  1.0180175805E+003
  5.3550023605E+005  1.0178811257E+003
  5.3720020362E+005  1.0177505450E+003
  5.3890021954E+005  1.0176258256E+003
  5.4060027956E+005  1.0175069554E+003
  5.4230022224E+005  1.0173939326E+003
  5.4400021432E+005  1.0172867331E+003
  5.4570025165E+005  1.0171853457E+003
  5.4740016752E+005  1.0170897676E+003
  5.4910029185E+005  1.0169999692E+003
  5.5080029904E+005  1.0169159566E+003
  5.5250018698E+005  1.0168377175E+003
  5.5420027743E+005  1.0167652264E+003
  5.5590025010E+005  1.0166984869E+003
  5.5760026483E+005  1.0166374817E+003
  5.5930032122E+005  1.0165822012E+003
  5.6100025582E+005  1.0165326402E+003
  5.6270022960E+005  1.0164887839E+003
  5.6440024219E+005  1.0164506232E+003
  5.6610029484E+005  1.0164181492E+003
  5.6780022328E+005  1.0163913557E+003
  5.6950018530E+005  1.0163702307E+003
  5.7120018463E+005  1.0163547660E+003
  5.7290022334E+005  1.0163449534E+003
  5.7460029915E+005  1.0163407851E+003
  5.7630024611E+005  1.0163422529E+003
  5.7800022854E+005  1.0163493484E+003
  5.7970024729E+005  1.0163620642E+003
  5.8140030300E+005  1.0163803924E+003
  5.8310023291E+005  1.0164043220E+003
  5.8480019510E+005  1.0164338421E+003
  5.8650019043E+005  1.0164689130E+003
  5.8820022577E+005  1.0165094605E+003
  5.8990030085E+005  1.0165556510E+003
  5.9160024608E+005  1.0166075185E+003
  5.9330022456E+005  1.0166650158E+003
  5.9500024407E+005  1.0167281064E+003
  5.9670030368E+005  1.0167967671E+003
  5.9840023789E+005  1.0168709757E+003
  6.0010020880E+005  1.0169507272E+003
  6.0180022039E+005  1.0170360131E+003
  6.0350027251E+005  1.0171268255E+003
  6.0520020612E+005  1.0172231480E+003
  6.0690018197E+005  1.0173249818E+003
  6.0860019621E+005  1.0174323203E+003
  6.1030025092E+005  1.0175451568E+003
  6.1200019140E+005  1.0176634738E+003
  6.1370017738E+005  1.0177872755E+003
  6.1540020017E+005  1.0179165548E+003
  6.1710026386E+005  1.0180513056E+003
  6.1880021246E+005  1.0181915088E+003
  6.2050020526E+005  1.0183371703E+003
  6.2220023815E+005  1.0184882836E+003
  6.2390031238E+005  1.0186448428E+003
  6.2560026716E+005  1.0188068259E+003
  6.2730026515E+005  1.0189742416E+003
  6.2900030689E+005  1.0191470838E+003
  6.3070022436E+005  1.0193253283E+003
  6.3240017927E+005  1.0195089851E+003
  6.3410017462E+005  1.0196980483E+003
  6.3580021208E+005  1.0198925118E+003
  6.3750028572E+005  1.0200923688E+003
  6.3920023064E+005  1.0202975926E+003
  6.4090021390E+005  1.0205081964E+003
  6.4260023523E+005  1.0207241736E+003
  6.4430029245E+005  1.0209455177E+003
  6.4600021930E+005  1.0211721995E+003
  6.4770018059E+005  1.0214042335E+003
  6.4940017743E+005  1.0216416126E+003
  6.5110021082E+005  1.0218843296E+003
  6.5280027649E+005  1.0221323767E+003
  6.5450021108E+005  1.0223857218E+003
  6.5620018269E+005  1.0226443818E+003
  6.5790019186E+005  1.0229083485E+003
  6.5960023396E+005  1.0231776112E+003
  6.6130030717E+005  1.0234521584E+003
  6.6300025460E+005  1.0237319519E+003
  6.6470023817E+005  1.0240170055E+003
  6.6640025439E+005  1.0243073064E+003
  6.6810030470E+005  1.0246028427E+003
  6.6980022821E+005  1.0249035742E+003
  6.7150018850E+005  1.0252095178E+003
  6.7320018733E+005  1.0255206627E+003
  6.7490022548E+005  1.0258369984E+003
  6.7660029901E+005  1.0261585134E+003
  6.7830024838E+005  1.0264851662E+003
  6.8000024252E+005  1.0268169783E+003
  6.8170027729E+005  1.0271539382E+003
  6.8340018280E+005  1.0274960011E+003
  6.8510029083E+005  1.0278432234E+003
  6.8680028163E+005  1.0281955290E+003
  6.8850031225E+005  1.0285529394E+003
  6.9020021702E+005  1.0289154088E+003
  6.9190032385E+005  1.0292829977E+003
  6.9360031011E+005  1.0296556300E+003
  6.9530017354E+005  1.0300333074E+003
  6.9700024006E+005  1.0304161421E+003
  6.9870017997E+005  1.0308042375E+003
  7.0040032050E+005  1.0311984086E+003
  7.0210017645E+005  1.0316016882E+003
  7.0380023670E+005  1.0320292854E+003
  7.0550016900E+005  1.0325653765E+003
  7.0720029831E+005  1.0337495738E+003
  7.0890030559E+005  1.0395087037E+003
  7.1060018872E+005  1.0872870076E+003
  7.1230026872E+005  1.3488474685E+003
  7.1400021829E+005  2.7376239530E+003
  7.1570020382E+005  2.7950478711E+003
  7.1740022587E+005  4.8292057433E+003
  7.1910028195E+005  4.9969850360E+003
  7.2080020755E+005  5.1298464153E+003
  7.2250016432E+005  5.3868399430E+003
  7.2420032045E+005  5.6025210024E+003
  7.2590018419E+005  5.8150920915E+003
  7.2760024198E+005  6.0922077170E+003
  7.2930016768E+005  6.5263326891E+003
  7.3100029298E+005  6.6536146271E+003
  7.3270028737E+005  6.7252579978E+003
  7.3440031249E+005  6.9800881829E+003
  7.3610020748E+005  7.5029711690E+003
  7.3780029882E+005  6.9745595162E+003
  7.3950026105E+005  6.7086832627E+003
  7.4120025714E+005  8.4679631115E+003
  7.4290028785E+005  9.9409229066E+003
  7.4460018715E+005  1.1334554774E+004
  7.4630028760E+005  1.1602114625E+004
  7.4800026288E+005  7.8749516261E+003
  7.4970027170E+005  7.9232964559E+003
  7.5140031368E+005  8.8738165136E+003
  7.5310023288E+005  9.8333594013E+003
  7.5480019203E+005  1.0646751994E+004
  7.5650018535E+005  1.0740176430E+004
  7.5820021468E+005  1.2107875254E+004
  7.5990028460E+005  1.2926154787E+004
  7.6160023099E+005  1.3774998596E+004
  7.6330021483E+005  1.4659734651E+004
  7.6500023647E+005  1.5541018051E+004
  7.6670029580E+005  1.6404177576E+004
  7.6840023066E+005  1.7233436207E+004
  7.7010020703E+005  1.8032477295E+004
  7.7180021973E+005  1.8800469222E+004
  7.7350026568E+005  1.9542100599E+004
  7.7520018583E+005  2.0233926064E+004
  7.7690030993E+005  2.0020663162E+004
  7.7860030492E+005  2.0678422075E+004
  7.8030016812E+005  2.1300686752E+004
  7.8200023129E+005  2.1887998265E+004
  7.8370016819E+005  2.2440441014E+004
  7.8540030214E+005  2.2958241208E+004
  7.8710030464E+005  2.3441545055E+004
  7.8880017725E+005  2.3891079551E+004
  7.9050024638E+005  2.4306699282E+004
  7.9220018663E+005  2.4688331365E+004
  7.9390032103E+005  2.5036402835E+004
  7.9560032204E+005  2.5351457800E+004
  7.9730019334E+005  2.5634306392E+004
  7.9900026141E+005  2.5885943893E+004
  8.0070019601E+005  2.6107370203E+004
  8.0240032349E+005  2.6299761479E+004
  8.0410032088E+005  2.6464280288E+004
  8.0580018668E+005  2.6602180678E+004
  8.0750024659E+005  2.6714773443E+004
  8.0920017365E+005  2.6803362508E+004
  8.1090029524E+005  2.6869331583E+004
  8.1260028700E+005  2.6914073428E+004
  8.1430031176E+005  2.6939035946E+004
  8.1600020384E+005  2.6945504121E+004
  8.1770028915E+005  2.6934257539E+004
  8.1940024791E+005  2.6906354646E+004
  8.2110024171E+005  2.6862825671E+004
  8.2280026578E+005  2.6804647954E+004
  8.2450032014E+005  2.6732746260E+004
  8.2620024929E+005  2.6647987796E+004
  8.2790021389E+005  2.6551170512E+004
  8.2960021044E+005  2.6443052582E+004
  8.3130024113E+005  2.6324343735E+004
  8.3300030768E+005  2.6195708193E+004
  8.3470024817E+005  2.6057792588E+004
  8.3640022475E+005  2.5911349323E+004
  8.3810023764E+005  2.5757303917E+004
  8.3980028315E+005  2.5596544731E+004
  8.4150020283E+005  2.5429897625E+004
  8.4320032418E+005  2.5258057887E+004
  8.4490031571E+005  2.5081713396E+004
  8.4660017437E+005  2.4901459301E+004
  8.4830023412E+005  2.4717814670E+004
  8.5000016800E+005  2.4531352578E+004
  8.5170029669E+005  2.4342603306E+004
  8.5340029468E+005  2.4152037392E+004
  8.5510016484E+005  2.3959927321E+004
  8.5680023244E+005  2.3766465384E+004
  8.5850016882E+005  2.3571900670E+004
  8.6020030097E+005  2.3376588059E+004
  8.6190030180E+005  2.3180752537E+004
  8.6360017222E+005  2.2984486338E+004
  8.6530023934E+005  2.2787810611E+004
  8.6700017280E+005  2.2590793288E+004
  8.6870029933E+005  2.2393784758E+004
  8.7040029605E+005  2.2196971849E+004
  8.7210032451E+005  2.2000309554E+004
  8.7380021663E+005  2.1803901521E+004
  8.7550030108E+005  2.1607947265E+004
  8.7720025448E+005  2.1412887789E+004
  8.7890023838E+005  2.1219225225E+004
  8.8060025088E+005  2.1027469335E+004
  8.8230029029E+005  2.0838040492E+004
  8.8400019731E+005  2.0651300797E+004
  8.8570029966E+005  2.0467504749E+004
  8.8740026933E+005  2.0286467376E+004
  8.8910026545E+005  2.0107697022E+004
  8.9080029198E+005  1.9931689892E+004
  8.9250018984E+005  1.9758846515E+004
  8.9420028265E+005  1.9589393596E+004
  8.9590024051E+005  1.9423530844E+004
  8.9760022993E+005  1.9261346741E+004
  8.9930025500E+005  1.9102908511E+004
  9.0100031281E+005  1.8948262606E+004
  9.0270024017E+005  1.8797449362E+004
  9.0440019983E+005  1.8650454413E+004
  9.0610019349E+005  1.8507249776E+004
  9.0780022281E+005  1.8367775511E+004
  9.0950028741E+005  1.8231951396E+004
  9.1120021969E+005  1.8099705955E+004
  9.1290018453E+005  1.8931160100E+004
  9.1460018712E+005  1.8741183698E+004
  9.1630022308E+005  1.8553107204E+004
  9.1800028843E+005  1.8367726935E+004
  9.1970022427E+005  1.8185826845E+004
  9.2140019704E+005  1.8008131104E+004
  9.2310020146E+005  1.7835378091E+004
  9.2480023586E+005  1.7668270333E+004
  9.2650030513E+005  1.7507363201E+004
  9.2820024404E+005  1.7352948635E+004
  9.2990021492E+005  1.7205053359E+004
  9.3160021635E+005  1.7063591425E+004
  9.3330024765E+005  1.6928074325E+004
  9.3500030905E+005  1.6797735221E+004
  9.3670024003E+005  1.6672399679E+004
  9.3840019973E+005  1.6551893604E+004
  9.4010018522E+005  1.6436047413E+004
  9.4180020202E+005  1.6324652429E+004
  9.4350025165E+005  1.6217473031E+004
  9.4520016553E+005  1.6114280334E+004
  9.4690026829E+005  1.6014827779E+004
  9.4860023911E+005  1.5918948167E+004
  9.5030024024E+005  1.5826494264E+004
  9.5200026990E+005  1.5737368553E+004
  9.5370032587E+005  1.5651497766E+004
  9.5540024695E+005  1.5568822125E+004
  9.5710019721E+005  1.5489245003E+004
  9.5880017717E+005  1.5412631620E+004
  9.6050018422E+005  1.5338798937E+004
  9.6220021834E+005  1.5267530867E+004
  9.6390028382E+005  1.5198570975E+004
  9.6560021574E+005  1.5131732422E+004
  9.6730017563E+005  1.5066857630E+004
  9.6900016424E+005  1.5003829008E+004
  9.7070018496E+005  1.4942562278E+004
  9.7240023669E+005  1.4883000226E+004
  9.7410031887E+005  1.4825101410E+004
  9.7580026898E+005  1.4768831573E+004
  9.7750025088E+005  1.4714133069E+004
  9.7920026636E+005  1.4660931865E+004
  9.8090031423E+005  1.4609132807E+004
  9.8260022840E+005  1.4558632424E+004
  9.8430017472E+005  1.4509318869E+004
  9.8600031982E+005  1.4461101265E+004
  9.8770016974E+005  1.4413891696E+004
  9.8940021264E+005  1.4367581560E+004
  9.9110028921E+005  1.4322090730E+004
  9.9280023578E+005  1.4277347404E+004
  9.9450021270E+005  1.4233280144E+004
  9.9620021838E+005  1.4189827477E+004
  9.9790025753E+005  1.4146917648E+004
  9.9960016371E+005  1.4104472344E+004
  1.0013002649E+006  1.4062392343E+004
  1.0030002340E+006  1.4020591564E+004
  1.0047002331E+006  1.3978982047E+004
  1.0064002625E+006  1.3937497184E+004
  1.0081003244E+006  1.3896104849E+004
  1.0098002529E+006  1.3854854092E+004
  1.0115002082E+006  1.3813869449E+004
  1.0132001946E+006  1.3773380676E+004
  1.0149002113E+006  1.3733741111E+004
  1.0166002550E+006  1.3695422350E+004
  1.0183003257E+006  1.3658960305E+004
  1.0200002636E+006  1.3624802586E+004
  1.0217002284E+006  1.3593156538E+004
  1.0234002185E+006  1.3563888350E+004
  1.0251002368E+006  1.3536643271E+004
  1.0268002822E+006  1.3511017330E+004
  1.0285001897E+006  1.3486643144E+004
  1.0302002873E+006  1.3463208828E+004
  1.0319002487E+006  1.3440495403E+004
  1.0336002363E+006  1.3418378946E+004
  1.0353002520E+006  1.3396823890E+004
  1.0370002953E+006  1.3375843477E+004
  1.0387002009E+006  1.3355456997E+004
  1.0404002986E+006  1.3335625583E+004
  1.0421002615E+006  1.3316238415E+004
  1.0438002520E+006  1.3297118132E+004
  1.0455002696E+006  1.3278073864E+004
  1.0472003180E+006  1.3258938851E+004
  1.0489002317E+006  1.3239597326E+004
  1.0506001745E+006  1.3219995485E+004
  1.0523003113E+006  1.3200144886E+004
  1.0540003152E+006  1.3180122574E+004
  1.0557001861E+006  1.3160039249E+004
  1.0574002516E+006  1.3140017102E+004
  1.0591001844E+006  1.3120181800E+004
  1.0608003119E+006  1.3100629861E+004
  1.0625003079E+006  1.3081425900E+004
  1.0642001693E+006  1.3062570876E+004
  1.0659002240E+006  1.3043997895E+004
  1.0676003106E+006  1.3025601602E+004
  1.0693002650E+006  1.3007270816E+004
  1.0710002478E+006  1.2988908755E+004
  1.0727002611E+006  1.2970441368E+004
  1.0744003075E+006  1.2951823599E+004
  1.0761002201E+006  1.2933041726E+004
  1.0778003260E+006  1.2914106931E+004
  1.0795002980E+006  1.2895065419E+004
  1.0812003004E+006  1.2875977252E+004
  1.0829001679E+006  1.2856915803E+004
  1.0846002294E+006  1.2837949189E+004
  1.0863003178E+006  1.2819143084E+004
  1.0880002701E+006  1.2800548369E+004
  1.0897002531E+006  1.2782192579E+004
  1.0914002636E+006  1.2764082966E+004
  1.0931002983E+006  1.2746209137E+004
  1.0948001969E+006  1.2728552741E+004
  1.0965002893E+006  1.2711084264E+004
  1.0982002424E+006  1.2693788237E+004
  1.0999002200E+006  1.2676657403E+004
  1.1016002261E+006  1.2659702906E+004
  1.1033002594E+006  1.2642937665E+004
  1.1050003173E+006  1.2626384071E+004
  1.1067002373E+006  1.2610071619E+004
  1.1084001846E+006  1.2594026937E+004
  1.1101003219E+006  1.2578271886E+004
  1.1118003226E+006  1.2562832849E+004
  1.1135001840E+006  1.2547725040E+004
  1.1152002344E+006  1.2532926234E+004
  1.1169003135E+006  1.2518396592E+004
  1.1186002573E+006  1.2504080825E+004
  1.1203002251E+006  1.2489912187E+004
  1.1220002190E+006  1.2475824305E+004
  1.1237002444E+006  1.2461755565E+004
  1.1254002972E+006  1.2447649678E+004
  1.1271002120E+006  1.2433463584E+004
  1.1288003183E+006  1.2419167143E+004
  1.1305002922E+006  1.2404750319E+004
  1.1322002945E+006  1.2390213060E+004
  1.1339003251E+006  1.2375570031E+004
  1.1356002195E+006  1.2360847836E+004
  1.1373003081E+006  1.2346075914E+004
  1.1390002637E+006  1.2331293068E+004
  1.1407002475E+006  1.2316532875E+004
  1.1424002584E+006  1.2301827177E+004
  1.1441002997E+006  1.2287202511E+004
  1.1458002081E+006  1.2272679881E+004
  1.1475003068E+006  1.2258266956E+004
  1.1492002694E+006  1.2243967837E+004
  1.1509002621E+006  1.2229774718E+004
  1.1526002845E+006  1.2215681062E+004
  1.1543001704E+006  1.2201681523E+004
  1.1560002476E+006  1.2187766853E+004
  1.1577001894E+006  1.2173934400E+004
  1.1594003243E+006  1.2160178096E+004
  1.1611003230E+006  1.2146505701E+004
  1.1628001822E+006  1.2132922883E+004
  1.1645002335E+006  1.2119427276E+004
  1.1662003144E+006  1.2106018522E+004
  1.1679002574E+006  1.2092694046E+004
  1.1696002239E+006  1.2079447371E+004
  1.1713002186E+006  1.2066270131E+004
  1.1730002414E+006  1.2053150294E+004
  1.1747002881E+006  1.2040072156E+004
  1.1764001967E+006  1.2027018096E+004
  1.1781002958E+006  1.2013964724E+004
  1.1798002569E+006  1.2000902496E+004
  1.1815002436E+006  1.1987821136E+004
  1.1832002561E+006  1.1974706851E+004
  1.1849002929E+006  1.1961551251E+004
  1.1866001920E+006  1.1948343464E+004
  1.1883002828E+006  1.1935074771E+004
  1.1900002336E+006  1.1921745513E+004
  1.1917002098E+006  1.1908355891E+004
  1.1934002139E+006  1.1894910809E+004
  1.1951002447E+006  1.1881419953E+004
  1.1968002988E+006  1.1867897158E+004
  1.1985002179E+006  1.1854354618E+004
  1.2002001650E+006  1.1840802968E+004
  1.2019003013E+006  1.1827252936E+004
  1.2036002999E+006  1.1813718285E+004
  1.2053003268E+006  1.1800207212E+004
  1.2070002166E+006  1.1786728317E+004
  1.2087002968E+006  1.1773283664E+004
  1.2104002419E+006  1.1759877504E+004
  1.2121002137E+006  1.1746507061E+004
  1.2138002135E+006  1.1733168878E+004
  1.2155002419E+006  1.1719857981E+004
  1.2172002978E+006  1.1706568400E+004
  1.2189002169E+006  1.1693295025E+004
  1.2206001651E+006  1.1680030336E+004
  1.2223003052E+006  1.1666767459E+004
  1.2240003077E+006  1.1653504636E+004
  1.2257001753E+006  1.1640239786E+004
  1.2274002342E+006  1.1626968124E+004
  1.2291003191E+006  1.1613689840E+004
  1.2308002666E+006  1.1600406351E+004
  1.2325002427E+006  1.1587117571E+004
  1.2342002443E+006  1.1573825563E+004
  1.2359002710E+006  1.1560532679E+004
  1.2376003237E+006  1.1547241432E+004
  1.2393002387E+006  1.1533955688E+004
  1.2410001794E+006  1.1520676530E+004
  1.2427003082E+006  1.1507414106E+004
  1.2444002976E+006  1.1494178345E+004
  1.2461003131E+006  1.1480971344E+004
  1.2478001903E+006  1.1467795398E+004
  1.2495002539E+006  1.1454648299E+004
  1.2512001775E+006  1.1441530951E+004
  1.2529002919E+006  1.1428437847E+004
  1.2546002660E+006  1.1415367470E+004
  1.2563002629E+006  1.1402313513E+004
  1.2580002844E+006  1.1389269939E+004
  1.2597001678E+006  1.1376231115E+004
  1.2614002385E+006  1.1363187017E+004
  1.2631001689E+006  1.1350132046E+004
  1.2648002871E+006  1.1337055015E+004
  1.2665002671E+006  1.1323949213E+004
  1.2682002728E+006  1.1310801931E+004
  1.2699003019E+006  1.1297600036E+004
  1.2716001903E+006  1.1284334940E+004
  1.2733002702E+006  1.1270993770E+004
  1.2750002130E+006  1.1257568504E+004
  1.2767001775E+006  1.1244047253E+004
  1.2784001677E+006  1.1230419625E+004
  1.2801001866E+006  1.1216676022E+004
  1.2818002320E+006  1.1202800315E+004
  1.2835003010E+006  1.1188779317E+004
  1.2852002332E+006  1.1174616865E+004
  1.2869001935E+006  1.1160319218E+004
  1.2886001805E+006  1.1145902176E+004
  1.2903001945E+006  1.1131391783E+004
  1.2920002344E+006  1.1116826626E+004
  1.2937003017E+006  1.1102259965E+004
  1.2954002327E+006  1.1087764218E+004
  1.2971001904E+006  1.1073428193E+004
  1.2988001720E+006  1.1059362867E+004
  1.3005001827E+006  1.1045690494E+004
  1.3022002216E+006  1.1032545054E+004
  1.3039002842E+006  1.1020067521E+004
  1.3056002080E+006  1.1008398759E+004
  1.3073003248E+006  1.0997665580E+004
  1.3090003036E+006  1.0987978572E+004
  1.3107003057E+006  1.0979414411E+004
  1.3124001701E+006  1.0971992901E+004
  1.3141002247E+006  1.0965648012E+004
  1.3158003047E+006  1.0960248035E+004
  1.3175002449E+006  1.0955615026E+004
  1.3192002093E+006  1.0951552777E+004
  1.3209001983E+006  1.0947883376E+004
  1.3226002124E+006  1.0944453573E+004
  1.3243002498E+006  1.0941135407E+004
  1.3260003088E+006  1.0937827093E+004
  1.3277002284E+006  1.0934452255E+004
  1.3294001715E+006  1.0930944064E+004
  1.3311003010E+006  1.0927247334E+004
  1.3328002897E+006  1.0923318026E+004
  1.3345003032E+006  1.0919120089E+004
  1.3362001756E+006  1.0914626976E+004
  1.3379002351E+006  1.0909818779E+004
  1.3396003195E+006  1.0904686223E+004
  1.3413002632E+006  1.0899234263E+004
  1.3430002309E+006  1.0893478138E+004
  1.3447002223E+006  1.0887443266E+004
  1.3464002386E+006  1.0881166638E+004
  1.3481002791E+006  1.0874689622E+004
  1.3498001802E+006  1.0868055107E+004
  1.3515002691E+006  1.0861304551E+004
  1.3532002195E+006  1.0854478732E+004
  1.3549001959E+006  1.0847611549E+004
  1.3566001963E+006  1.0840735519E+004
  1.3583002220E+006  1.0833877134E+004
  1.3600002747E+006  1.0827054896E+004
  1.3617001891E+006  1.0820277930E+004
  1.3634002912E+006  1.0813543936E+004
  1.3651002568E+006  1.0806847043E+004
  1.3668002492E+006  1.0800171168E+004
  1.3685002670E+006  1.0793495890E+004
  1.3702003101E+006  1.0786798908E+004
  1.3719002156E+006  1.0780058894E+004
  1.3736003118E+006  1.0773254526E+004
  1.3753002697E+006  1.0766370092E+004
  1.3770002531E+006  1.0759391409E+004
  1.3787002606E+006  1.0752308606E+004
  1.3804002962E+006  1.0745116628E+004
  1.3821001933E+006  1.0737814189E+004
  1.3838002770E+006  1.0730399096E+004
  1.3855002212E+006  1.0722874297E+004
  1.3872001938E+006  1.0715240501E+004
  1.3889001901E+006  1.0707502357E+004
  1.3906002078E+006  1.0699667510E+004
  1.3923002517E+006  1.0691746325E+004
  1.3940003201E+006  1.0683751913E+004
  1.3957002463E+006  1.0675701434E+004
  1.3974001948E+006  1.0667612032E+004
  1.3991001676E+006  1.0659502826E+004
  1.4008003275E+006  1.0651393174E+004
  1.4025001822E+006  1.0643306061E+004
  1.4042002224E+006  1.0635259743E+004
  1.4059002846E+006  1.0627274923E+004
  1.4076002076E+006  1.0619370979E+004
  1.4093003178E+006  1.0611563577E+004
  1.4110002837E+006  1.0603868757E+004
  1.4127002724E+006  1.0596297104E+004
  1.4144002871E+006  1.0588855276E+004
  1.4161003230E+006  1.0581542476E+004
  1.4178002156E+006  1.0574353613E+004
  1.4195002973E+006  1.0567277360E+004
  1.4212002388E+006  1.0560300842E+004
  1.4229002025E+006  1.0553406139E+004
  1.4246001889E+006  1.0546574103E+004
  1.4263001996E+006  1.0539784205E+004
  1.4280002336E+006  1.0533015696E+004
  1.4297002923E+006  1.0526255108E+004
  1.4314002096E+006  1.0519493047E+004
  1.4331003154E+006  1.0512709346E+004
  1.4348002820E+006  1.0505889036E+004
  1.4365002729E+006  1.0499018258E+004
  1.4382002870E+006  1.0492086653E+004
  1.4399003269E+006  1.0485085771E+004
  1.4416002284E+006  1.0478009338E+004
  1.4433003180E+006  1.0470851891E+004
  1.4450002690E+006  1.0463612674E+004
  1.4467002456E+006  1.0456290043E+004
  1.4484002475E+006  1.0448883672E+004
  1.4501002738E+006  1.0441396702E+004
  1.4518003260E+006  1.0433833966E+004
  1.4535002380E+006  1.0426202965E+004
  1.4552001748E+006  1.0418511476E+004
  1.4569003003E+006  1.0410768562E+004
  1.4586002855E+006  1.0402986850E+004
  1.4603002956E+006  1.0395178129E+004
  1.4620001647E+006  1.0387356556E+004
  1.4637002209E+006  1.0379534139E+004
  1.4654003011E+006  1.0371725747E+004
  1.4671002411E+006  1.0363946255E+004
  1.4688002017E+006  1.0356208678E+004
  1.4705001848E+006  1.0348526084E+004
  1.4722001929E+006  1.0340910615E+004
  1.4739002231E+006  1.0333373351E+004
  1.4756002740E+006  1.0325923918E+004
  1.4773001836E+006  1.0318570902E+004
  1.4790002811E+006  1.0311318773E+004
  1.4807002351E+006  1.0304172504E+004
  1.4824002107E+006  1.0297131951E+004
  1.4841002075E+006  1.0290194735E+004
  1.4858002264E+006  1.0283355854E+004
  1.4875002671E+006  1.0276607859E+004
  1.4892003281E+006  1.0269941190E+004
  1.4909002451E+006  1.0263345257E+004
  1.4926001864E+006  1.0256807015E+004
  1.4943003144E+006  1.0250312777E+004
  1.4960002966E+006  1.0243850197E+004
  1.4977003024E+006  1.0237405511E+004
  1.4994001685E+006  1.0230967028E+004
  1.5011002198E+006  1.0224522168E+004
  1.5028002913E+006  1.0218061094E+004
  1.5045002232E+006  1.0211575055E+004
  1.5062001787E+006  1.0205055263E+004
  1.5079003203E+006  1.0198494165E+004
  1.5096003205E+006  1.0191887307E+004
  1.5113001795E+006  1.0185230131E+004
  1.5130002274E+006  1.0178517842E+004
  1.5147002997E+006  1.0171748631E+004
  1.5164002303E+006  1.0164921823E+004
  1.5181001841E+006  1.0158036254E+004
  1.5198003286E+006  1.0151091126E+004
  1.5215001679E+006  1.0144089348E+004
  1.5232001938E+006  1.0137030582E+004
  1.5249002454E+006  1.0129916712E+004
  1.5266003223E+006  1.0122750705E+004
  1.5283002575E+006  1.0115537376E+004
  1.5300002162E+006  1.0108281057E+004
  1.5317002004E+006  1.0100987605E+004
  1.5334002068E+006  1.0093663403E+004
  1.5351002359E+006  1.0086315204E+004
  1.5368002884E+006  1.0078950039E+004
  1.5385001993E+006  1.0071575811E+004
  1.5402002969E+006  1.0064198311E+004
  1.5419002530E+006  1.0056826082E+004
  1.5436002317E+006  1.0049465292E+004
  1.5453002328E+006  1.0042122551E+004
  1.5470002573E+006  1.0034804050E+004
  1.5487003030E+006  1.0027515347E+004
  1.5504002071E+006  1.0020261984E+004
  1.5521002977E+006  1.0013046645E+004
  1.5538002452E+006  1.0005873794E+004
  1.5555002143E+006  9.9987448012E+003
  1.5572002069E+006  9.9916608510E+003
  1.5589002205E+006  9.9846221101E+003
  1.5606002544E+006  9.9776277944E+003
  1.5623003108E+006  9.9706760311E+003
  1.5640002244E+006  9.9637647602E+003
  1.5657003232E+006  9.9568892008E+003
  1.5674002778E+006  9.9500466496E+003
  1.5691002546E+006  9.9432319744E+003
  1.5708002530E+006  9.9364401483E+003
  1.5725002730E+006  9.9296655658E+003
  1.5742003125E+006  9.9229036115E+003
  1.5759002099E+006  9.9161504986E+003
  1.5776002953E+006  9.9094007737E+003
  1.5793002370E+006  9.9026511933E+003
  1.5810001989E+006  9.8958970961E+003
  1.5827001850E+006  9.8891356750E+003
  1.5844001949E+006  9.8823646896E+003
  1.5861002244E+006  9.8755824641E+003
  1.5878002768E+006  9.8687879983E+003
  1.5895001896E+006  9.8619815081E+003
  1.5912002896E+006  9.8551616781E+003
  1.5929002469E+006  9.8483332654E+003
  1.5946002271E+006  9.8414986028E+003
  1.5963002314E+006  9.8346586936E+003
