  0.0000000000E+000  0.0000000000E+000
  1.7003177018E+003  2.7600133761E+036
  3.4002228284E+003  2.8197297366E+036
  5.1002626879E+003  2.9431172172E+036
  6.8002337050E+003  3.3008829283E+036
  8.5002019549E+003  4.3143880552E+036
  1.0200212331E+004  6.8371059485E+036
  1.1900302848E+004  1.1864255543E+037
  1.3600362538E+004  2.1058934735E+037
  1.5300301773E+004  4.4863871665E+037
  1.7000335281E+004  6.1569232267E+037
  1.8700266276E+004  6.0796270367E+037
  2.0400212242E+004  5.8889232168E+037
  2.2100273701E+004  5.6858052065E+037
  2.3800218545E+004  5.4929219515E+037
  2.5500278536E+004  5.3151158880E+037
  2.7200381654E+004  5.1500498731E+037
  2.8900301813E+004  4.9974302111E+037
  3.0600254403E+004  4.8574933502E+037
  3.2300288048E+004  4.7310323589E+037
  3.4000239452E+004  4.6153247450E+037
  3.5700215312E+004  4.5058673081E+037
  3.7400329455E+004  4.4038324387E+037
  3.9100339793E+004  4.3107325829E+037
  4.0800354174E+004  4.2205551974E+037
  4.2500245382E+004  4.1383303038E+037
  4.4200338598E+004  4.0613688923E+037
  4.5900379864E+004  3.9878789003E+037
  4.7600204359E+004  3.9217265837E+037
  4.9300201199E+004  3.8598208920E+037
  5.1000348238E+004  3.8049208782E+037
  5.2700363176E+004  3.7426889489E+037
  5.4400254934E+004  3.6834141843E+037
  5.6100288644E+004  3.6271806859E+037
  5.7800312960E+004  3.5741508751E+037
  5.9500264052E+004  3.5235040294E+037
  6.1200298293E+004  3.4749837658E+037
  6.2900274211E+004  3.4287833556E+037
  6.4600350253E+004  3.3835383331E+037
  6.6300221243E+004  3.3402924944E+037
  6.8000224917E+004  3.2990593927E+037
  6.9700289279E+004  3.2590993331E+037
  7.1400382746E+004  3.2210158487E+037
  7.3100355232E+004  3.1845895754E+037
  7.4800196441E+004  3.1493783755E+037
  7.6500204711E+004  3.1154373464E+037
  7.8200351145E+004  3.0822105917E+037
  7.9900296405E+004  3.0500986383E+037
  8.1600236480E+004  3.0190215127E+037
  8.3300227157E+004  2.9895126901E+037
  8.5000212726E+004  2.9611722539E+037
  8.6700219815E+004  2.9339368756E+037
  8.8400198914E+004  2.9077937489E+037
  9.0100204771E+004  2.8825593620E+037
  9.1800309463E+004  2.8578579553E+037
  9.3500243642E+004  2.8346683027E+037
  9.5200317924E+004  2.8123151916E+037
  9.6900250092E+004  2.7908536566E+037
  9.8600354415E+004  2.7699984427E+037
  1.0030026987E+005  2.7498799426E+037
  1.0200019711E+005  2.7306121786E+037
  1.0370032286E+005  2.7117081262E+037
  1.0540025055E+005  2.6941210925E+037
  1.0710021159E+005  2.6772877751E+037
  1.0880027021E+005  2.6611592770E+037
  1.1050019867E+005  2.6449327923E+037
  1.1220024819E+005  2.6269137761E+037
  1.1390033940E+005  2.6111567124E+037
  1.1560020511E+005  2.5965244573E+037
  1.1730029418E+005  2.5823195059E+037
  1.1900037635E+005  2.5693975315E+037
  1.2070035980E+005  2.5572459914E+037
  1.2240030246E+005  2.5458934810E+037
  1.2410035664E+005  2.5352819288E+037
  1.2580032114E+005  2.5252381202E+037
  1.2750022410E+005  2.5157667916E+037
  1.2920022183E+005  2.5069858938E+037
  1.3090034841E+005  2.4988587638E+037
  1.3260033753E+005  2.4913984125E+037
  1.3430027030E+005  2.4845869915E+037
  1.3600023799E+005  2.4784076572E+037
  1.3770038113E+005  2.4728437745E+037
  1.3940037327E+005  2.4678811502E+037
  1.4110030077E+005  2.4634480427E+037
  1.4280031487E+005  2.4596098430E+037
  1.4450020892E+005  2.4563251996E+037
  1.4620023216E+005  2.4535817853E+037
  1.4790033137E+005  2.4513770675E+037
  1.4960034218E+005  2.4497074550E+037
  1.5130020859E+005  2.4485217924E+037
  1.5300038811E+005  2.4478846819E+037
  1.5470020412E+005  2.4477651473E+037
  1.5640034416E+005  2.4481557216E+037
  1.5810036750E+005  2.4490483548E+037
  1.5980023505E+005  2.4504239867E+037
  1.6150025451E+005  2.4522177225E+037
  1.6320027645E+005  2.4544947639E+037
  1.6490023667E+005  2.4572330049E+037
  1.6660027679E+005  2.4604263900E+037
  1.6830036349E+005  2.4640702013E+037
  1.7000037286E+005  2.4681471178E+037
  1.7170021179E+005  2.4726480995E+037
  1.7340034601E+005  2.4775936097E+037
  1.7510033854E+005  2.4829692937E+037
  1.7680021495E+005  2.4887700409E+037
  1.7850036237E+005  2.4949923273E+037
  1.8020035302E+005  2.5015982749E+037
  1.8190026562E+005  2.5085589796E+037
  1.8360020653E+005  2.5158684420E+037
  1.8530025249E+005  2.5235333474E+037
  1.8700038514E+005  2.5315088695E+037
  1.8870034387E+005  2.5397431236E+037
  1.9040024276E+005  2.5483291717E+037
  1.9210036148E+005  2.5572852414E+037
  1.9380036453E+005  2.5665938771E+037
  1.9550028711E+005  2.5761745921E+037
  1.9720021288E+005  2.5860275871E+037
  1.9890025640E+005  2.5966185424E+037
  2.0060036047E+005  2.6070356097E+037
  2.0230032085E+005  2.6177931827E+037
  2.0400022192E+005  2.6288697918E+037
  2.0570035628E+005  2.6402024790E+037
  2.0740037872E+005  2.6517279311E+037
  2.0910030503E+005  2.6616717820E+037
  2.1080028801E+005  2.6721969648E+037
  2.1250036555E+005  2.6833565674E+037
  2.1420032180E+005  2.6949816671E+037
  2.1590034171E+005  2.7069626210E+037
  2.1760023373E+005  2.7191830725E+037
  2.1930019630E+005  2.7320927384E+037
  2.2100022545E+005  2.7447811120E+037
  2.2270033410E+005  2.7577548041E+037
  2.2440030987E+005  2.7709949369E+037
  2.2610035477E+005  2.7844144576E+037
  2.2780027600E+005  2.7976609278E+037
  2.2950024505E+005  2.8110825982E+037
  2.3120031236E+005  2.8246849121E+037
  2.3290024090E+005  2.8385211967E+037
  2.3460022867E+005  2.8525761704E+037
  2.3630030041E+005  2.8667324039E+037
  2.3800021939E+005  2.8809417863E+037
  2.3970039107E+005  2.8952686427E+037
  2.4140024858E+005  2.9101427876E+037
  2.4310036060E+005  2.9247711635E+037
  2.4480031331E+005  2.9395580164E+037
  2.4650035440E+005  2.9543415005E+037
  2.4820023732E+005  2.9691196807E+037
  2.4990035928E+005  2.9839685376E+037
  2.5160037478E+005  2.9988787650E+037
  2.5330024519E+005  3.0139168051E+037
  2.5500035545E+005  3.0290155375E+037
  2.5670034310E+005  3.0439822557E+037
  2.5840020349E+005  3.0588570013E+037
  2.6010027448E+005  3.0735888608E+037
  2.6180023505E+005  3.0881341580E+037
  2.6350026080E+005  3.1028363292E+037
  2.6520031403E+005  3.1176657746E+037
  2.6690022776E+005  3.1329020824E+037
  2.6860020628E+005  3.1476139206E+037
  2.7030021163E+005  3.1623166526E+037
  2.7200026020E+005  3.1771175578E+037
  2.7370038792E+005  3.1920224857E+037
  2.7540035120E+005  3.2070210467E+037
  2.7710036396E+005  3.2220965976E+037
  2.7880023295E+005  3.2370106933E+037
  2.8050035392E+005  3.2517739519E+037
  2.8220030622E+005  3.2665199663E+037
  2.8390032766E+005  3.2812767103E+037
  2.8560020609E+005  3.2960504812E+037
  2.8730032273E+005  3.3112862951E+037
  2.8900029090E+005  3.3260941023E+037
  2.9070029773E+005  3.3407031323E+037
  2.9240035863E+005  3.3550774060E+037
  2.9410026023E+005  3.3693742708E+037
  2.9580021296E+005  3.3836478894E+037
  2.9750020244E+005  3.3979136764E+037
  2.9920025574E+005  3.4121722618E+037
  3.0090033310E+005  3.4264088579E+037
  3.0260024951E+005  3.4406935790E+037
  3.0430022541E+005  3.4545505483E+037
  3.0600025996E+005  3.4681342538E+037
  3.0770031676E+005  3.4816597262E+037
  3.0940022695E+005  3.4951628619E+037
  3.1110020662E+005  3.5088659395E+037
  3.1280020886E+005  3.5224387106E+037
  3.1450023935E+005  3.5359820390E+037
  3.1620033560E+005  3.5494906421E+037
  3.1790029470E+005  3.5634238099E+037
  3.1960026265E+005  3.5767250681E+037
  3.2130028300E+005  3.5898624619E+037
  3.2300035588E+005  3.6027960352E+037
  3.2470026851E+005  3.6156791561E+037
  3.2640039236E+005  3.6285218470E+037
  3.2810038444E+005  3.6413207999E+037
  3.2980022080E+005  3.6540706477E+037
  3.3150029917E+005  3.6670429095E+037
  3.3320020886E+005  3.6797979014E+037
  3.3490036237E+005  3.6924894781E+037
  3.3660034022E+005  3.7050716230E+037
  3.3830037842E+005  3.7176573425E+037
  3.4000025923E+005  3.7298285505E+037
  3.4170037203E+005  3.7418717961E+037
  3.4340031034E+005  3.7538579836E+037
  3.4510031043E+005  3.7657864661E+037
  3.4680033463E+005  3.7776536487E+037
  3.4850037682E+005  3.7894580021E+037
  3.5020025824E+005  3.8014304079E+037
  3.5190020038E+005  3.8132098672E+037
  3.5360036306E+005  3.8248014410E+037
  3.5530034785E+005  3.8362769719E+037
  3.5700036969E+005  3.8475384946E+037
  3.5870023319E+005  3.8584326994E+037
  3.6040031785E+005  3.8695544739E+037
  3.6210024221E+005  3.8805038943E+037
  3.6380020050E+005  3.8912962631E+037
  3.6550038628E+005  3.9020825301E+037
  3.6720020114E+005  3.9128362100E+037
  3.6890026580E+005  3.9235474369E+037
  3.7060035191E+005  3.9350818107E+037
  3.7230025436E+005  3.9458042995E+037
  3.7400038018E+005  3.9564569959E+037
  3.7570036153E+005  3.9670299789E+037
  3.7740036697E+005  3.9775191656E+037
  3.7910039189E+005  3.9879197467E+037
  3.8080024127E+005  3.9980895087E+037
  3.8250032404E+005  4.0074240233E+037
  3.8420021827E+005  4.0164242913E+037
  3.8590034561E+005  4.0253833559E+037
  3.8760030364E+005  4.0343514888E+037
  3.8930029031E+005  4.0433370681E+037
  3.9100028102E+005  4.0526942145E+037
  3.9270031132E+005  4.0618267832E+037
  3.9440037477E+005  4.0709457067E+037
  3.9610026074E+005  4.0800469261E+037
  3.9780034208E+005  4.0891269997E+037
  3.9950026743E+005  4.0981779363E+037
  4.0120022004E+005  4.1075887645E+037
  4.0290039453E+005  4.1167179389E+037
  4.0460038629E+005  4.1257949892E+037
  4.0630021636E+005  4.1342301211E+037
  4.0800025251E+005  4.1427226085E+037
  4.0970029794E+005  4.1512498178E+037
  4.1140036290E+005  4.1602249754E+037
  4.1310026932E+005  4.1688643078E+037
  4.1480039189E+005  4.1774644285E+037
  4.1650032358E+005  4.1860716524E+037
  4.1820027320E+005  4.1955591882E+037
  4.1990024510E+005  4.2307119174E+037
  4.2160022813E+005  5.8278579333E+037
  4.2330021896E+005  2.0588274127E+039
  4.2500024548E+005  3.1624100258E+039
  4.2670029068E+005  8.3955958420E+039
  4.2840034647E+005  1.6203890020E+040
  4.3010020799E+005  5.7979669438E+040
  4.3180030322E+005  4.3975102635E+041
  4.3350020631E+005  1.6030594489E+042
  4.3520032336E+005  3.9819860549E+042
  4.3690025261E+005  7.8388122596E+042
  4.3860021224E+005  1.3012121582E+043
  4.4030037738E+005  1.8411789975E+043
  4.4200035112E+005  2.2133024436E+043
  4.4370033632E+005  2.5202085677E+043
  4.4540034575E+005  2.6527461671E+043
  4.4710036486E+005  2.6060372280E+043
  4.4880038450E+005  2.4565974936E+043
  4.5050022465E+005  2.1326709527E+043
  4.5220027708E+005  1.7879354985E+043
  4.5390033954E+005  1.4799718471E+043
  4.5560039833E+005  1.1851939095E+043
  4.5730028096E+005  9.3153406283E+042
  4.5900037521E+005  7.4422173424E+042
  4.6070028095E+005  6.0818813889E+042
  4.6240037911E+005  5.1007029804E+042
  4.6410029985E+005  4.3785874085E+042
  4.6580023210E+005  3.8816731470E+042
  4.6750036535E+005  3.4473080562E+042
  4.6920030482E+005  3.1284921631E+042
  4.7090025958E+005  2.8626958125E+042
  4.7260023408E+005  2.6385492699E+042
  4.7430039785E+005  2.4784855449E+042
  4.7600036972E+005  2.3455188915E+042
  4.7770035237E+005  2.2101987580E+042
  4.7940035360E+005  2.0724038331E+042
  4.8110034296E+005  1.9836890874E+042
  4.8280033775E+005  1.9065201848E+042
  4.8450034468E+005  1.8313074063E+042
  4.8620035987E+005  1.7549796445E+042
  4.8790036856E+005  1.6781770498E+042
  4.8960037327E+005  1.5983484596E+042
  4.9130020042E+005  1.5245275463E+042
  4.9300022661E+005  1.4822750737E+042
  4.9470025573E+005  1.4429833171E+042
  4.9640027615E+005  1.4015424259E+042
  4.9810031298E+005  1.3604209445E+042
  4.9980035141E+005  1.3189499149E+042
  5.0150038305E+005  1.2794005741E+042
  5.0320021060E+005  1.2418870649E+042
  5.0490024106E+005  1.2079801960E+042
  5.0660028802E+005  1.1753973097E+042
  5.0830032538E+005  1.1429209307E+042
  5.1000036586E+005  1.1117269284E+042
  5.1170021009E+005  1.0782262554E+042
  5.1340026648E+005  1.0430063290E+042
  5.1510031004E+005  1.0244103253E+042
  5.1680034016E+005  1.0142020244E+042
  5.1850037713E+005  9.9948498371E+041
  5.2020021659E+005  9.8233976162E+041
  5.2190025340E+005  9.6603904027E+041
  5.2360027481E+005  9.4778545567E+041
  5.2530030553E+005  9.3139882514E+041
  5.2700033651E+005  9.1638468384E+041
  5.2870036440E+005  9.0091893953E+041
  5.3040037889E+005  8.8540110653E+041
  5.3210038480E+005  8.7038061419E+041
  5.3380039963E+005  8.5724605653E+041
  5.3550020465E+005  8.4378843360E+041
  5.3720020194E+005  8.3021417084E+041
  5.3890038866E+005  8.1821899852E+041
  5.4060038565E+005  8.0747309517E+041
  5.4230037812E+005  7.9727431638E+041
  5.4400035052E+005  7.8654434523E+041
  5.4570031554E+005  7.7507994484E+041
  5.4740027420E+005  7.6426969217E+041
  5.4910023704E+005  7.5444231703E+041
  5.5080038460E+005  7.4471319642E+041
  5.5250032071E+005  7.3502976691E+041
  5.5420025509E+005  7.2574974789E+041
  5.5590038846E+005  7.1688940620E+041
  5.5760031684E+005  7.0837293898E+041
  5.5930021834E+005  6.9991092012E+041
  5.6100031776E+005  6.9117410911E+041
  5.6270021204E+005  6.8221972167E+041
  5.6440029569E+005  6.7335700233E+041
  5.6610036411E+005  6.6473739711E+041
  5.6780021413E+005  6.5623470055E+041
  5.6950027139E+005  6.4767854647E+041
  5.7120031563E+005  6.4008264796E+041
  5.7290034821E+005  6.3557125809E+041
  5.7460035597E+005  6.3484408614E+041
  5.7630035249E+005  6.3454626098E+041
  5.7800034966E+005  6.3272377312E+041
  5.7970032264E+005  6.2937177129E+041
  5.8140028120E+005  6.2530754438E+041
  5.8310022283E+005  6.2131484958E+041
  5.8480036368E+005  6.1737874167E+041
  5.8650029443E+005  6.1328410201E+041
  5.8820040191E+005  6.0907981234E+041
  5.8990029339E+005  6.0488311979E+041
  5.9160037174E+005  6.0077749343E+041
  5.9330024274E+005  5.9686890651E+041
  5.9500029271E+005  5.9316494671E+041
  5.9670031628E+005  5.8953672796E+041
  5.9840033562E+005  5.8586684888E+041
  6.0010033941E+005  5.8214887926E+041
  6.0180033761E+005  5.7842860453E+041
  6.0350030763E+005  5.7477105013E+041
  6.0520025446E+005  5.7120409678E+041
  6.0690039580E+005  5.6776196163E+041
  6.0860031762E+005  5.6445566681E+041
  6.1030021930E+005  5.6125072634E+041
  6.1200029385E+005  5.5806718737E+041
  6.1370035068E+005  5.5485723078E+041
  6.1540040103E+005  5.5162161016E+041
  6.1710022803E+005  5.4837519227E+041
  6.1880023708E+005  5.4513719136E+041
  6.2050021577E+005  5.4193606508E+041
  6.2220038490E+005  5.3878115383E+041
  6.2390033723E+005  5.3568747080E+041
  6.2560025845E+005  5.3267900651E+041
  6.2730035841E+005  5.2976230104E+041
  6.2900023028E+005  5.2694283247E+041
  6.3070029244E+005  5.2420357411E+041
  6.3240034205E+005  5.2152221915E+041
  6.3410035537E+005  5.1888773731E+041
  6.3580035057E+005  5.1628689243E+041
  6.3750032177E+005  5.1371548676E+041
  6.3920027758E+005  5.1117207713E+041
  6.4090021313E+005  5.0865880519E+041
  6.4260031164E+005  5.0617846751E+041
  6.4430038720E+005  5.0373020681E+041
  6.4600024248E+005  5.0131895998E+041
  6.4770028008E+005  4.9894560377E+041
  6.4940029609E+005  4.9661407291E+041
  6.5110027584E+005  4.9432429499E+041
  6.5280023546E+005  4.9207723091E+041
  6.5450037722E+005  4.8987170375E+041
  6.5620029280E+005  4.8770803808E+041
  6.5790037995E+005  4.8559260748E+041
  6.5960022597E+005  4.8352437548E+041
  6.6130025475E+005  4.8148813824E+041
  6.6300026155E+005  4.7948226599E+041
  6.6470024191E+005  4.7750328050E+041
  6.6640039314E+005  4.7554749456E+041
  6.6810030772E+005  4.7361324466E+041
  6.6980020408E+005  4.7170136429E+041
  6.7150028187E+005  4.6981076021E+041
  6.7320032351E+005  4.6794236580E+041
  6.7490033346E+005  4.6609592299E+041
  6.7660030500E+005  4.6427184509E+041
  6.7830025631E+005  4.6246930666E+041
  6.8000038781E+005  4.6068749249E+041
  6.8170027842E+005  4.5892692841E+041
  6.8340034167E+005  4.5718757209E+041
  6.8510037043E+005  4.5546953937E+041
  6.8680037821E+005  4.5377247121E+041
  6.8850036337E+005  4.5209566329E+041
  6.9020030682E+005  4.5043716552E+041
  6.9190021434E+005  4.4879685479E+041
  6.9360029219E+005  4.4717491286E+041
  6.9530034058E+005  4.4557154324E+041
  6.9700036544E+005  4.4398650583E+041
  6.9870034724E+005  4.4241906294E+041
  7.0040029326E+005  4.4086922717E+041
  7.0210021411E+005  4.3933641142E+041
  7.0380030575E+005  4.3781978911E+041
  7.0550037412E+005  4.3631910115E+041
  7.0720039930E+005  4.3483237313E+041
  7.0890038321E+005  4.3335930337E+041
  7.1060034010E+005  4.3189974944E+041
  7.1230026271E+005  4.3045393800E+041
  7.1400035625E+005  4.2902161113E+041
  7.1570020584E+005  4.2760313019E+041
  7.1740021465E+005  4.2619837032E+041
  7.1910039775E+005  4.2480741208E+041
  7.2080034901E+005  4.2342972035E+041
  7.2250026363E+005  4.2206486639E+041
  7.2420034175E+005  4.2071306611E+041
  7.2590037543E+005  4.1937465998E+041
  7.2760037416E+005  4.1804985082E+041
  7.2930034629E+005  4.1673861526E+041
  7.3100027751E+005  4.1544125451E+041
  7.3270036921E+005  4.1415722757E+041
  7.3440021633E+005  4.1288549779E+041
  7.3610022632E+005  4.1162637561E+041
  7.3780021144E+005  4.1038024519E+041
  7.3950036153E+005  4.0914711309E+041
  7.4120026182E+005  4.0792740139E+041
  7.4290032567E+005  4.0672079486E+041
  7.4460034587E+005  4.0552693973E+041
  7.4630033516E+005  4.0434525484E+041
  7.4800029046E+005  4.0317638854E+041
  7.4970039731E+005  4.0202140273E+041
  7.5140026119E+005  4.0088020335E+041
  7.5310028727E+005  3.9975234697E+041
  7.5480027599E+005  3.9863722099E+041
  7.5650023486E+005  3.9753424076E+041
  7.5820034575E+005  3.9644359880E+041
  7.5990020694E+005  3.9536558964E+041
  7.6160023352E+005  3.9430004340E+041
  7.6330021797E+005  3.9324697914E+041
  7.6500037186E+005  3.9220543393E+041
  7.6670027781E+005  3.9117561187E+041
  7.6840033339E+005  3.9015724856E+041
  7.7010034860E+005  3.8915044815E+041
  7.7180032534E+005  3.8815513999E+041
  7.7350025918E+005  3.8717060518E+041
  7.7520035553E+005  3.8619651065E+041
  7.7690039892E+005  3.8523310770E+041
  7.7860039294E+005  3.8428037146E+041
  7.8030035568E+005  3.8333839253E+041
  7.8200027462E+005  3.8240626817E+041
  7.8370035321E+005  3.8148373051E+041
  7.8540038489E+005  3.8057093205E+041
  7.8710035685E+005  3.7966816378E+041
  7.8880029037E+005  3.7877507172E+041
  7.9050038612E+005  3.7789089756E+041
  7.9220022783E+005  3.7701589167E+041
  7.9390022971E+005  3.7614974047E+041
  7.9560038161E+005  3.7529213685E+041
  7.9730028474E+005  3.7444272515E+041
  7.9900035539E+005  3.7360120383E+041
  8.0070038150E+005  3.7276772277E+041
  8.0240035492E+005  3.7194247912E+041
  8.0410027524E+005  3.7112538458E+041
  8.0580034467E+005  3.7031657208E+041
  8.0750036885E+005  3.6951555008E+041
  8.0920035742E+005  3.6872212575E+041
  8.1090029254E+005  3.6793592798E+041
  8.1260037920E+005  3.6715662226E+041
  8.1430021216E+005  3.6638443185E+041
  8.1600039933E+005  3.6561894937E+041
  8.1770034362E+005  3.6485987554E+041
  8.1940024173E+005  3.6410703808E+041
  8.2110028922E+005  3.6336066820E+041
  8.2280028373E+005  3.6262077711E+041
  8.2450022790E+005  3.6188703918E+041
  8.2620032484E+005  3.6115923745E+041
  8.2790037694E+005  3.6043733084E+041
  8.2960037631E+005  3.5972123823E+041
  8.3130031208E+005  3.5901083722E+041
  8.3300040623E+005  3.5830613070E+041
  8.3470024631E+005  3.5760727598E+041
  8.3640024286E+005  3.5691387334E+041
  8.3810039931E+005  3.5622649580E+041
  8.3980029031E+005  3.5554518704E+041
  8.4150032399E+005  3.5486947581E+041
  8.4320030847E+005  3.5419932105E+041
  8.4490024464E+005  3.5353452076E+041
  8.4660033314E+005  3.5287482139E+041
  8.4830037373E+005  3.5222020170E+041
  8.5000034726E+005  3.5157082295E+041
  8.5170026018E+005  3.5092679179E+041
  8.5340033050E+005  3.5028763491E+041
  8.5510034793E+005  3.4965339079E+041
  8.5680031824E+005  3.4902407515E+041
  8.5850023408E+005  3.4839958119E+041
  8.6020029066E+005  3.4777983755E+041
  8.6190028776E+005  3.4716484461E+041
  8.6360023766E+005  3.4655486527E+041
  8.6530033649E+005  3.4594972791E+041
  8.6700038162E+005  3.4534941408E+041
  8.6870037036E+005  3.4475364190E+041
  8.7040028930E+005  3.4416237769E+041
  8.7210035893E+005  3.4357599273E+041
  8.7380037773E+005  3.4299434622E+041
  8.7550034235E+005  3.4241738925E+041
  8.7720025080E+005  3.4184471773E+041
  8.7890030650E+005  3.4127628704E+041
  8.8060029495E+005  3.4071224068E+041
  8.8230022836E+005  3.4015267585E+041
  8.8400031875E+005  3.3959733996E+041
  8.8570034851E+005  3.3904558863E+041
  8.8740032106E+005  3.3849768719E+041
  8.8910022996E+005  3.3795369447E+041
  8.9080027639E+005  3.3741340709E+041
  8.9250026546E+005  3.3687683439E+041
  8.9420020730E+005  3.3634402296E+041
  8.9590029108E+005  3.3581493709E+041
  8.9760031413E+005  3.3528955967E+041
  8.9930027574E+005  3.3476794178E+041
  9.0100037425E+005  3.3425016115E+041
  9.0270021595E+005  3.3373615325E+041
  9.0440021148E+005  3.3322562875E+041
  9.0610034806E+005  3.3271861109E+041
  9.0780021194E+005  3.3221569728E+041
  9.0950021825E+005  3.3171661272E+041
  9.1120036191E+005  3.3122112819E+041
  9.1290024795E+005  3.3072934163E+041
  9.1460028351E+005  3.3024108520E+041
  9.1630025116E+005  3.2975649653E+041
  9.1800035298E+005  3.2927546995E+041
  9.1970039409E+005  3.2879797332E+041
  9.2140037532E+005  3.2832386644E+041
  9.2310029866E+005  3.2785304402E+041
  9.2480037167E+005  3.2738554540E+041
  9.2650037166E+005  3.2692142631E+041
  9.2820030349E+005  3.2646049115E+041
  9.2990037996E+005  3.2600277388E+041
  9.3160039533E+005  3.2554829957E+041
  9.3330034552E+005  3.2509696889E+041
  9.3500023528E+005  3.2464913560E+041
  9.3670025971E+005  3.2420465836E+041
  9.3840021650E+005  3.2376339240E+041
  9.4010031588E+005  3.2332513346E+041
  9.4180035086E+005  3.2289000016E+041
  9.4350031974E+005  3.2245805535E+041
  9.4520023170E+005  3.2202911452E+041
  9.4690028413E+005  3.2160307601E+041
  9.4860026164E+005  3.2117992825E+041
  9.5030037958E+005  3.2075957674E+041
  9.5200022579E+005  3.2034209018E+041
  9.5370021635E+005  3.1992713335E+041
  9.5540034970E+005  3.1951431287E+041
  9.5710021021E+005  3.1910432529E+041
  9.5880039889E+005  3.1869708083E+041
  9.6050031860E+005  3.1829255949E+041
  9.6220038340E+005  3.1789061065E+041
  9.6390038224E+005  3.1749127974E+041
  9.6560031217E+005  3.1709455330E+041
  9.6730038218E+005  3.1670041333E+041
  9.6900037916E+005  3.1630886220E+041
  9.7070030702E+005  3.1591979419E+041
  9.7240037769E+005  3.1553316996E+041
  9.7410037789E+005  3.1514902106E+041
  9.7580031124E+005  3.1476752372E+041
  9.7750038597E+005  3.1438864004E+041
  9.7920038681E+005  3.1401236904E+041
  9.8090030545E+005  3.1363856753E+041
  9.8260036624E+005  3.1326640635E+041
  9.8430036416E+005  3.1289587921E+041
  9.8600029241E+005  3.1252718264E+041
  9.8770035247E+005  3.1216037851E+041
  9.8940034291E+005  3.1179551100E+041
  9.9110025796E+005  3.1143204676E+041
  9.9280031156E+005  3.1107022568E+041
  9.9450029668E+005  3.1071001538E+041
  9.9620021182E+005  3.1035147679E+041
  9.9790026313E+005  3.0999466872E+041
  9.9960024712E+005  3.0963965906E+041
  1.0013003535E+006  3.0928637943E+041
  1.0030003828E+006  3.0893485841E+041
  1.0047003486E+006  3.0858506909E+041
  1.0064002490E+006  3.0823705636E+041
  1.0081002759E+006  3.0789103946E+041
  1.0098002300E+006  3.0754695294E+041
  1.0115003170E+006  3.0720470418E+041
  1.0132003262E+006  3.0686426150E+041
  1.0149002628E+006  3.0652555637E+041
  1.0166003401E+006  3.0618856465E+041
  1.0183003470E+006  3.0585329661E+041
  1.0200002792E+006  3.0551970362E+041
  1.0217003401E+006  3.0518777473E+041
  1.0234003204E+006  3.0485756765E+041
  1.0251002279E+006  3.0452908327E+041
  1.0268002754E+006  3.0420223295E+041
  1.0285002489E+006  3.0387701305E+041
  1.0302003476E+006  3.0355337508E+041
  1.0319003739E+006  3.0323130019E+041
  1.0336003230E+006  3.0291079265E+041
  1.0353003954E+006  3.0259199729E+041
  1.0370003955E+006  3.0227494132E+041
  1.0387003329E+006  3.0195952850E+041
  1.0404003985E+006  3.0164566294E+041
  1.0421003816E+006  3.0133337865E+041
  1.0438002913E+006  3.0102262915E+041
  1.0455003314E+006  3.0071327817E+041
  1.0472002884E+006  3.0040544364E+041
  1.0489003804E+006  3.0009924115E+041
  1.0506004054E+006  2.9979465050E+041
  1.0523003503E+006  2.9949148544E+041
  1.0540002078E+006  2.9918895173E+041
  1.0557004011E+006  2.9888726386E+041
  1.0574003106E+006  2.9858669447E+041
  1.0591003499E+006  2.9828733099E+041
  1.0608003143E+006  2.9798936170E+041
  1.0625002066E+006  2.9769274174E+041
  1.0642002220E+006  2.9739743372E+041
  1.0659003624E+006  2.9710339752E+041
  1.0676002157E+006  2.9681071794E+041
  1.0693004071E+006  2.9651930896E+041
  1.0710003154E+006  2.9622943717E+041
  1.0727003553E+006  2.9594106729E+041
  1.0744003151E+006  2.9565418546E+041
  1.0761003998E+006  2.9536872211E+041
  1.0778004005E+006  2.9508469152E+041
  1.0795003192E+006  2.9480209746E+041
  1.0812003660E+006  2.9452099111E+041
  1.0829003381E+006  2.9424147175E+041
  1.0846002310E+006  2.9396349300E+041
  1.0863002488E+006  2.9368700758E+041
  1.0880003882E+006  2.9341199884E+041
  1.0897002386E+006  2.9313852362E+041
  1.0914002143E+006  2.9286658681E+041
  1.0931003202E+006  2.9259583006E+041
  1.0948003492E+006  2.9232610135E+041
  1.0965002968E+006  2.9205663222E+041
  1.0982003687E+006  2.9178761297E+041
  1.0999003559E+006  2.9151935522E+041
  1.1016002586E+006  2.9125211227E+041
  1.1033002852E+006  2.9098595998E+041
  1.1050002333E+006  2.9072095480E+041
  1.1067003082E+006  2.9045709046E+041
  1.1084003022E+006  2.9019441662E+041
  1.1101002092E+006  2.8993298982E+041
  1.1118002355E+006  2.8967291287E+041
  1.1135003828E+006  2.8941417898E+041
  1.1152002467E+006  2.8915684081E+041
  1.1169002340E+006  2.8890083124E+041
  1.1186003478E+006  2.8864616699E+041
  1.1203003810E+006  2.8839299670E+041
  1.1220003286E+006  2.8814098461E+041
  1.1237003898E+006  2.8788997335E+041
  1.1254003717E+006  2.8764013094E+041
  1.1271002710E+006  2.8739150713E+041
  1.1288002935E+006  2.8714378443E+041
  1.1305002333E+006  2.8689694090E+041
  1.1322003018E+006  2.8665112259E+041
  1.1339002738E+006  2.8640642338E+041
  1.1356003625E+006  2.8616284906E+041
  1.1373003722E+006  2.8592055162E+041
  1.1390002978E+006  2.8567957939E+041
  1.1407003399E+006  2.8543988999E+041
  1.1424003076E+006  2.8520153328E+041
  1.1441003971E+006  2.8496448364E+041
  1.1458003894E+006  2.8472849807E+041
  1.1475002957E+006  2.8449362260E+041
  1.1492003288E+006  2.8425990865E+041
  1.1509002734E+006  2.8402741843E+041
  1.1526003409E+006  2.8379622644E+041
  1.1543003281E+006  2.8356649714E+041
  1.1560002244E+006  2.8333797810E+041
  1.1577002382E+006  2.8310939078E+041
  1.1594003686E+006  2.8288117383E+041
  1.1611004109E+006  2.8265371417E+041
  1.1628003668E+006  2.8242717968E+041
  1.1645002403E+006  2.8220158193E+041
  1.1662002306E+006  2.8197664245E+041
  1.1679003453E+006  2.8175254666E+041
  1.1696003664E+006  2.8152950583E+041
  1.1713002924E+006  2.8130758435E+041
  1.1730003406E+006  2.8108679348E+041
  1.1747003073E+006  2.8086720022E+041
  1.1764003866E+006  2.8064889554E+041
  1.1781003841E+006  2.8043196770E+041
  1.1798002983E+006  2.8021642194E+041
  1.1815003209E+006  2.8000224168E+041
  1.1832002502E+006  2.7978931164E+041
  1.1849003015E+006  2.7957753378E+041
  1.1866002627E+006  2.7936703079E+041
  1.1883003421E+006  2.7915785398E+041
  1.1900003363E+006  2.7895010410E+041
  1.1917002381E+006  2.7874369231E+041
  1.1934002595E+006  2.7853753617E+041
  1.1951003887E+006  2.7833196292E+041
  1.1968002163E+006  2.7812731233E+041
  1.1985003760E+006  2.7792368300E+041
  1.2002002405E+006  2.7772097235E+041
  1.2019002162E+006  2.7751924055E+041
  1.2036003184E+006  2.7731861872E+041
  1.2053003274E+006  2.7711913484E+041
  1.2070002355E+006  2.7692075867E+041
  1.2087002616E+006  2.7672354874E+041
  1.2104004052E+006  2.7652756377E+041
  1.2121002520E+006  2.7633290920E+041
  1.2138002168E+006  2.7613949752E+041
  1.2155002967E+006  2.7594718951E+041
  1.2172002846E+006  2.7575603116E+041
  1.2189003879E+006  2.7556544477E+041
  1.2206003864E+006  2.7537510904E+041
  1.2223002985E+006  2.7518538524E+041
  1.2240003288E+006  2.7499645233E+041
  1.2257002627E+006  2.7480847849E+041
  1.2274003159E+006  2.7462149756E+041
  1.2291002783E+006  2.7443535501E+041
  1.2308003504E+006  2.7425015050E+041
  1.2325003275E+006  2.7406600144E+041
  1.2342004155E+006  2.7388294941E+041
  1.2359004118E+006  2.7370111198E+041
  1.2376003222E+006  2.7352056354E+041
  1.2393003404E+006  2.7334125776E+041
  1.2410002720E+006  2.7316227256E+041
  1.2427003172E+006  2.7298358369E+041
  1.2444002592E+006  2.7280557642E+041
  1.2461003133E+006  2.7262839648E+041
  1.2478002740E+006  2.7245200451E+041
  1.2495003483E+006  2.7227584386E+041
  1.2512003326E+006  2.7210020442E+041
  1.2529002191E+006  2.7192523173E+041
  1.2546002203E+006  2.7175083862E+041
  1.2563003354E+006  2.7157714007E+041
  1.2580003419E+006  2.7140420787E+041
  1.2597002583E+006  2.7123136900E+041
  1.2614002884E+006  2.7105877887E+041
  1.2631002240E+006  2.7088671436E+041
  1.2648002753E+006  2.7071523436E+041
  1.2665002290E+006  2.7054430600E+041
  1.2682002978E+006  2.7037409635E+041
  1.2699002670E+006  2.7020474283E+041
  1.2716003391E+006  2.7003630413E+041
  1.2733003195E+006  2.6986888993E+041
  1.2750004155E+006  2.6970251307E+041
  1.2767004111E+006  2.6953629494E+041
  1.2784003152E+006  2.6936932781E+041
  1.2801003265E+006  2.6920201669E+041
  1.2818002441E+006  2.6903492280E+041
  1.2835002647E+006  2.6886830351E+041
  1.2852003890E+006  2.6870230361E+041
  1.2869002173E+006  2.6853701633E+041
  1.2886003616E+006  2.6837229965E+041
  1.2903004102E+006  2.6820833519E+041
  1.2920003621E+006  2.6804464857E+041
  1.2937002164E+006  2.6788122841E+041
  1.2954003888E+006  2.6771828538E+041
  1.2971002461E+006  2.6755605400E+041
  1.2988002134E+006  2.6739449267E+041
  1.3005002984E+006  2.6723337281E+041
  1.3022002804E+006  2.6707196360E+041
  1.3039003744E+006  2.6691064923E+041
  1.3056003721E+006  2.6674963945E+041
  1.3073002696E+006  2.6658847766E+041
  1.3090002752E+006  2.6642726337E+041
  1.3107003782E+006  2.6626625908E+041
  1.3124003892E+006  2.6610571386E+041
  1.3141002999E+006  2.6594579830E+041
  1.3158003173E+006  2.6578665539E+041
  1.3175002398E+006  2.6562836387E+041
  1.3192002676E+006  2.6547124700E+041
  1.3209004097E+006  2.6531456890E+041
  1.3226002324E+006  2.6515748011E+041
  1.3243003701E+006  2.6500037844E+041
  1.3260004100E+006  2.6484362945E+041
  1.3277003480E+006  2.6468733006E+041
  1.3294003994E+006  2.6453159154E+041
  1.3311003469E+006  2.6437659911E+041
  1.3328004071E+006  2.6422241349E+041
  1.3345003659E+006  2.6406864834E+041
  1.3362002156E+006  2.6391544134E+041
  1.3379003801E+006  2.6376289349E+041
  1.3396002339E+006  2.6361083047E+041
  1.3413004084E+006  2.6345856959E+041
  1.3430002708E+006  2.6330658836E+041
  1.3447002382E+006  2.6315528122E+041
  1.3464003191E+006  2.6300459112E+041
  1.3481002933E+006  2.6285436816E+041
  1.3498003690E+006  2.6270481756E+041
  1.3515003392E+006  2.6255614058E+041
  1.3532004168E+006  2.6240846971E+041
  1.3549003957E+006  2.6226184526E+041
  1.3566002663E+006  2.6211593974E+041
  1.3583002497E+006  2.6196990103E+041
  1.3600003397E+006  2.6182378039E+041
  1.3617003256E+006  2.6167805379E+041
  1.3634004133E+006  2.6153292855E+041
  1.3651003915E+006  2.6138849911E+041
  1.3668002724E+006  2.6124503995E+041
  1.3685002559E+006  2.6110287853E+041
  1.3702003486E+006  2.6096181098E+041
  1.3719003361E+006  2.6082142877E+041
  1.3736002229E+006  2.6068095412E+041
  1.3753002167E+006  2.6054069597E+041
  1.3770003043E+006  2.6040096864E+041
  1.3787002884E+006  2.6026199857E+041
  1.3804003750E+006  2.6012388134E+041
  1.3821003620E+006  2.5998637155E+041
  1.3838002399E+006  2.5984965346E+041
  1.3855002235E+006  2.5971396589E+041
  1.3872003177E+006  2.5957906428E+041
  1.3889003018E+006  2.5944434206E+041
  1.3906003893E+006  2.5931017327E+041
  1.3923003636E+006  2.5917660757E+041
  1.3940002372E+006  2.5904352393E+041
  1.3957002132E+006  2.5891109896E+041
  1.3974002940E+006  2.5877954464E+041
  1.3991002706E+006  2.5864906283E+041
  1.4008003518E+006  2.5851968824E+041
  1.4025003322E+006  2.5839037049E+041
  1.4042004070E+006  2.5826107368E+041
  1.4059003738E+006  2.5813225064E+041
  1.4076002323E+006  2.5800420471E+041
  1.4093004077E+006  2.5787708919E+041
  1.4110002637E+006  2.5775104949E+041
  1.4127002233E+006  2.5762605207E+041
  1.4144002894E+006  2.5750162903E+041
  1.4161002487E+006  2.5737713800E+041
  1.4178003081E+006  2.5725298013E+041
  1.4195002533E+006  2.5712943755E+041
  1.4212003021E+006  2.5700675415E+041
  1.4229002410E+006  2.5688495532E+041
  1.4246002863E+006  2.5676395003E+041
  1.4263002184E+006  2.5664396836E+041
  1.4280002586E+006  2.5652412737E+041
  1.4297004030E+006  2.5640466962E+041
  1.4314002290E+006  2.5628590271E+041
  1.4331003607E+006  2.5616761425E+041
  1.4348003795E+006  2.5605004974E+041
  1.4365002967E+006  2.5593344359E+041
  1.4382003080E+006  2.5581800256E+041
  1.4399002172E+006  2.5570294898E+041
  1.4416002231E+006  2.5558837440E+041
  1.4433003384E+006  2.5547427733E+041
  1.4450003430E+006  2.5536089347E+041
  1.4467002353E+006  2.5524839722E+041
  1.4484002242E+006  2.5513695873E+041
  1.4501003115E+006  2.5502653884E+041
  1.4518002942E+006  2.5491601762E+041
  1.4535003692E+006  2.5480584446E+041
  1.4552003390E+006  2.5469632422E+041
  1.4569004098E+006  2.5458767239E+041
  1.4586003763E+006  2.5448021879E+041
  1.4603002276E+006  2.5437362327E+041
  1.4620003873E+006  2.5426746690E+041
  1.4637002222E+006  2.5416146800E+041
  1.4654003700E+006  2.5405606220E+041
  1.4671004039E+006  2.5395137266E+041
  1.4688003284E+006  2.5384738954E+041
  1.4705003524E+006  2.5374433686E+041
  1.4722002726E+006  2.5364203479E+041
  1.4739002921E+006  2.5353997065E+041
  1.4756004039E+006  2.5343831292E+041
  1.4773004072E+006  2.5333718155E+041
  1.4790002936E+006  2.5323686512E+041
  1.4807002841E+006  2.5313753101E+041
  1.4824003660E+006  2.5303888692E+041
  1.4841003405E+006  2.5294011217E+041
  1.4858004128E+006  2.5284169009E+041
  1.4875003813E+006  2.5274384185E+041
  1.4892002331E+006  2.5264665792E+041
  1.4909003906E+006  2.5255046018E+041
  1.4926002230E+006  2.5245446654E+041
  1.4943003660E+006  2.5235850024E+041
  1.4960003902E+006  2.5226304704E+041
  1.4977003047E+006  2.5216837499E+041
  1.4994003146E+006  2.5207442382E+041
  1.5011002189E+006  2.5198122052E+041
  1.5028002227E+006  2.5188832687E+041
  1.5045003190E+006  2.5179584690E+041
  1.5062003022E+006  2.5170395402E+041
  1.5079003807E+006  2.5161264360E+041
  1.5096003481E+006  2.5152218353E+041
  1.5113004070E+006  2.5143188775E+041
  1.5130003543E+006  2.5134178593E+041
  1.5147003986E+006  2.5125230674E+041
  1.5164003359E+006  2.5116396305E+041
  1.5181003689E+006  2.5107646823E+041
  1.5198002879E+006  2.5098934370E+041
  1.5215002970E+006  2.5090215351E+041
  1.5232004092E+006  2.5081530495E+041
  1.5249003987E+006  2.5072907260E+041
  1.5266002764E+006  2.5064365565E+041
  1.5283002448E+006  2.5055838489E+041
  1.5300003164E+006  2.5047301085E+041
  1.5317002742E+006  2.5038806786E+041
  1.5334003302E+006  2.5030381411E+041
  1.5351002649E+006  2.5022039551E+041
  1.5368002990E+006  2.5013686394E+041
  1.5385002141E+006  2.5005332439E+041
  1.5402002269E+006  2.4996968590E+041
  1.5419003257E+006  2.4988680737E+041
  1.5436003156E+006  2.4980458106E+041
  1.5453003985E+006  2.4972214359E+041
  1.5470003747E+006  2.4964001448E+041
  1.5487002315E+006  2.4955844746E+041
  1.5504003936E+006  2.4947757655E+041
  1.5521002287E+006  2.4939739984E+041
  1.5538003724E+006  2.4931714688E+041
  1.5555003913E+006  2.4923735837E+041
  1.5572002980E+006  2.4915808372E+041
  1.5589002929E+006  2.4907958377E+041
  1.5606003916E+006  2.4900109842E+041
  1.5623003729E+006  2.4892319071E+041
  1.5640002396E+006  2.4884575392E+041
  1.5657004061E+006  2.4876904708E+041
  1.5674002506E+006  2.4869292175E+041
  1.5691003950E+006  2.4861673498E+041
  1.5708002133E+006  2.4854089496E+041
  1.5725003264E+006  2.4846580402E+041
  1.5742003280E+006  2.4839162130E+041
  1.5759002107E+006  2.4831736415E+041
  1.5776004049E+006  2.4824338187E+041
  1.5793002657E+006  2.4817001555E+041
  1.5810002233E+006  2.4809757696E+041
  1.5827002728E+006  2.4802583981E+041
  1.5844004172E+006  2.4795426584E+041
  1.5861002277E+006  2.4788333246E+041
  1.5878003416E+006  2.4781321973E+041
  1.5895003325E+006  2.4774334482E+041
  1.5912002157E+006  2.4767371417E+041
  1.5929003986E+006  2.4760520274E+041
  1.5946002552E+006  2.4753744999E+041
  1.5963004146E+006  2.4747000763E+041
  1.5980002467E+006  2.4740249327E+041
  1.5997003826E+006  2.4733557341E+041
  1.6014003980E+006  2.4726941297E+041
  1.6031002880E+006  2.4720362423E+041
  1.6048002717E+006  2.4713775492E+041
  1.6065003489E+006  2.4707246550E+041
  1.6082003082E+006  2.4700784684E+041
  1.6099003612E+006  2.4694397274E+041
  1.6116002919E+006  2.4688045708E+041
  1.6133003200E+006  2.4681749147E+041
  1.6150002265E+006  2.4675523308E+041
  1.6167002246E+006  2.4669325161E+041
  1.6184003065E+006  2.4663139647E+041
  1.6201002708E+006  2.4657038901E+041
  1.6218003247E+006  2.4651016166E+041
  1.6235002644E+006  2.4645009798E+041
  1.6252002902E+006  2.4639001399E+041
  1.6269004116E+006  2.4633047607E+041
  1.6286004114E+006  2.4627173829E+041
  1.6303002982E+006  2.4621297758E+041
  1.6320002704E+006  2.4615426486E+041
  1.6337003312E+006  2.4609625517E+041
  1.6354002686E+006  2.4603951751E+041
  1.6371002972E+006  2.4598334805E+041
  1.6388004195E+006  2.4592736891E+041
  1.6405004192E+006  2.4587219859E+041
  1.6422002993E+006  2.4581771217E+041
  1.6439002710E+006  2.4576280767E+041
  1.6456003373E+006  2.4570812835E+041
  1.6473002800E+006  2.4565436770E+041
  1.6490003135E+006  2.4560075390E+041
  1.6507002165E+006  2.4554716928E+041
  1.6524002157E+006  2.4549503636E+041
  1.6541003003E+006  2.4544381273E+041
  1.6558002655E+006  2.4539246577E+041
  1.6575003187E+006  2.4534139097E+041
  1.6592002510E+006  2.4529126794E+041
  1.6609002771E+006  2.4524171133E+041
  1.6626003943E+006  2.4519218203E+041
  1.6643003862E+006  2.4514314226E+041
  1.6660002529E+006  2.4509480821E+041
  1.6677004203E+006  2.4504664146E+041
  1.6694002514E+006  2.4499888438E+041
  1.6711003886E+006  2.4495171976E+041
  1.6728003949E+006  2.4490473550E+041
  1.6745002843E+006  2.4485840588E+041
  1.6762002634E+006  2.4481291404E+041
  1.6779003346E+006  2.4476790001E+041
  1.6796002847E+006  2.4472268587E+041
  1.6813003187E+006  2.4467789443E+041
  1.6830002287E+006  2.4463327234E+041
  1.6847002274E+006  2.4458851620E+041
  1.6864003150E+006  2.4454407118E+041
  1.6881002756E+006  2.4450017896E+041
  1.6898003270E+006  2.4445733546E+041
  1.6915002513E+006  2.4441431525E+041
  1.6932002736E+006  2.4437178961E+041
  1.6949003812E+006  2.4432956214E+041
  1.6966003648E+006  2.4428690948E+041
  1.6983002244E+006  2.4424470555E+041
  1.7000003785E+006  2.4420280820E+041
  1.7017004137E+006  2.4416065086E+041
  1.7034003199E+006  2.4411968892E+041
  1.7051003126E+006  2.4407907447E+041
  1.7068003907E+006  2.4403810677E+041
  1.7085003494E+006  2.4399743885E+041
  1.7102003965E+006  2.4395821427E+041
  1.7119003228E+006  2.4391875589E+041
  1.7136003317E+006  2.4387919710E+041
  1.7153002155E+006  2.4383979698E+041
  1.7170004009E+006  2.4379938495E+041
  1.7187002452E+006  2.4375865723E+041
  1.7204003913E+006  2.4371842553E+041
  1.7221004045E+006  2.4367986522E+041
  1.7238002965E+006  2.4364212373E+041
  1.7255002784E+006  2.4360483154E+041
  1.7272003475E+006  2.4356766572E+041
  1.7289002946E+006  2.4352760825E+041
  1.7306003241E+006  2.4348760111E+041
  1.7323002311E+006  2.4344782678E+041
  1.7340002232E+006  2.4340814316E+041
  1.7357003024E+006  2.4337042729E+041
  1.7374002503E+006  2.4333315411E+041
  1.7391002836E+006  2.4329553938E+041
  1.7408004037E+006  2.4326088181E+041
  1.7425003999E+006  2.4322768561E+041
  1.7442002751E+006  2.4319409058E+041
  1.7459002309E+006  2.4315951009E+041
  1.7476002759E+006  2.4312027775E+041
  1.7493004048E+006  2.4308061167E+041
  1.7510004096E+006  2.4304142151E+041
  1.7527002869E+006  2.4300136200E+041
  1.7544002436E+006  2.4296065059E+041
  1.7561002859E+006  2.4292052840E+041
  1.7578004119E+006  2.4288165591E+041
  1.7595004176E+006  2.4284327729E+041
  1.7612002943E+006  2.4280558060E+041
  1.7629002572E+006  2.4276885065E+041
  1.7646003053E+006  2.4273318709E+041
  1.7663002264E+006  2.4269827263E+041
  1.7680002384E+006  2.4266437972E+041
  1.7697003272E+006  2.4263116900E+041
  1.7714002897E+006  2.4259917293E+041
  1.7731003335E+006  2.4256821735E+041
  1.7748002495E+006  2.4253760789E+041
  1.7765002567E+006  2.4250865500E+041
  1.7782003434E+006  2.4248072590E+041
  1.7799003059E+006  2.4245291199E+041
  1.7816003528E+006  2.4242706564E+041
  1.7833002736E+006  2.4240222989E+041
  1.7850002819E+006  2.4237751905E+041
  1.7867003700E+006  2.4235465091E+041
  1.7884003282E+006  2.4233296430E+041
  1.7901003678E+006  2.4231142874E+041
  1.7918002814E+006  2.4229165610E+041
  1.7935002784E+006  2.4227315119E+041
  1.7952003593E+006  2.4225486057E+041
  1.7969003116E+006  2.4223823735E+041
  1.7986003469E+006  2.4222289496E+041
  1.8003002604E+006  2.4220792854E+041
  1.8020002555E+006  2.4219449054E+041
  1.8037003335E+006  2.4218230459E+041
  1.8054002805E+006  2.4217077823E+041
  1.8071003061E+006  2.4216061371E+041
  1.8088004192E+006  2.4215148569E+041
  1.8105004016E+006  2.4214338052E+041
  1.8122002543E+006  2.4213645417E+041
  1.8139004019E+006  2.4213038601E+041
  1.8156004201E+006  2.4212558397E+041
  1.8173003144E+006  2.4212182302E+041
  1.8190002929E+006  2.4211889166E+041
  1.8207003538E+006  2.4211731885E+041
  1.8224002819E+006  2.4211660372E+041
  1.8241002918E+006  2.4211689109E+041
  1.8258003850E+006  2.4211848167E+041
  1.8275003474E+006  2.4212067686E+041
  1.8292003933E+006  2.4212415825E+041
  1.8309003054E+006  2.4212887820E+041
  1.8326003015E+006  2.4213395309E+041
  1.8343003847E+006  2.4214053202E+041
  1.8360003376E+006  2.4214821486E+041
  1.8377003758E+006  2.4215574326E+041
  1.8394002802E+006  2.4216437822E+041
  1.8411002643E+006  2.4217377581E+041
  1.8428003339E+006  2.4218365736E+041
  1.8445002699E+006  2.4219428028E+041
  1.8462002870E+006  2.4220429486E+041
  1.8479003842E+006  2.4221495957E+041
  1.8496003481E+006  2.4222707711E+041
  1.8513003990E+006  2.4223962626E+041
  1.8530003211E+006  2.4225338082E+041
  1.8547003242E+006  2.4226830323E+041
  1.8564004093E+006  2.4228386235E+041
  1.8581003609E+006  2.4230018246E+041
  1.8598003953E+006  2.4231620958E+041
  1.8615002992E+006  2.4233286662E+041
  1.8632002817E+006  2.4235091835E+041
  1.8649003434E+006  2.4236955938E+041
  1.8666002708E+006  2.4238935459E+041
  1.8683002824E+006  2.4241022509E+041
  1.8700003769E+006  2.4243173869E+041
  1.8717003413E+006  2.4245459898E+041
  1.8734003883E+006  2.4247817818E+041
  1.8751002993E+006  2.4250272400E+041
  1.8768002954E+006  2.4252836665E+041
  1.8785003724E+006  2.4255460237E+041
  1.8802003147E+006  2.4258207751E+041
  1.8819003399E+006  2.4261027978E+041
  1.8836002248E+006  2.4263934159E+041
  1.8853004048E+006  2.4266947856E+041
  1.8870002447E+006  2.4270016215E+041
  1.8887003741E+006  2.4273206470E+041
  1.8904003771E+006  2.4276455192E+041
  1.8921002440E+006  2.4279791143E+041
  1.8938004035E+006  2.4283228776E+041
  1.8955002236E+006  2.4286715939E+041
  1.8972003330E+006  2.4290328064E+041
  1.8989003097E+006  2.4293978486E+041
  1.9006003631E+006  2.4297726633E+041
  1.9023002806E+006  2.4301563228E+041
  1.9040002798E+006  2.4305445643E+041
  1.9057003599E+006  2.4309458991E+041
  1.9074003068E+006  2.4313488809E+041
  1.9091003334E+006  2.4317638246E+041
  1.9108002270E+006  2.4321842268E+041
  1.9125004141E+006  2.4326103996E+041
  1.9142002586E+006  2.4330494356E+041
  1.9159003935E+006  2.4334885825E+041
  1.9176003937E+006  2.4339423079E+041
  1.9193002568E+006  2.4343968503E+041
  1.9210004107E+006  2.4348608907E+041
  1.9227002219E+006  2.4353338932E+041
  1.9244003217E+006  2.4358082141E+041
  1.9261002902E+006  2.4362979856E+041
  1.9278003360E+006  2.4367851966E+041
  1.9295002475E+006  2.4372870373E+041
  1.9312002454E+006  2.4377903485E+041
  1.9329003198E+006  2.4383009163E+041
  1.9346002606E+006  2.4388220011E+041
  1.9363002797E+006  2.4393427138E+041
  1.9380003719E+006  2.4398784473E+041
  1.9397003325E+006  2.4404113631E+041
  1.9414003732E+006  2.4409581141E+041
  1.9431002759E+006  2.4415057263E+041
  1.9448002576E+006  2.4420517930E+041
  1.9465003177E+006  2.4426012144E+041
  1.9482002420E+006  2.4431505055E+041
  1.9499002518E+006  2.4437117853E+041
  1.9516003397E+006  2.4442721341E+041
  1.9533002888E+006  2.4448447901E+041
  1.9550003192E+006  2.4454189254E+041
  1.9567004225E+006  2.4460015794E+041
  1.9584003917E+006  2.4465903006E+041
  1.9601002293E+006  2.4471833290E+041
  1.9618003517E+006  2.4477853428E+041
  1.9635003386E+006  2.4483895047E+041
  1.9652004037E+006  2.4490035509E+041
  1.9669003341E+006  2.4496197613E+041
  1.9686003458E+006  2.4502440254E+041
  1.9703002247E+006  2.4508731798E+041
  1.9720003901E+006  2.4515075314E+041
  1.9737004205E+006  2.4521492889E+041
