  0.0000000000E+000  0.0000000000E+000
  1.7002169527E+003  2.6973249046E+034
  3.4003092718E+003  2.6973236825E+034
  5.1002949132E+003  2.6973830668E+034
  6.8002372561E+003  2.6975834314E+034
  8.5003259765E+003  2.6980332235E+034
  1.0200268103E+004  2.6986247782E+034
  1.1900240763E+004  2.6991933060E+034
  1.3600176597E+004  2.6997402891E+034
  1.5300292649E+004  2.7001771659E+034
  1.7000216127E+004  2.7006623338E+034
  1.8700193985E+004  2.7055573872E+034
  2.0400248481E+004  2.7058261560E+034
  2.2100324849E+004  2.7058778956E+034
  2.3800211620E+004  2.7057934965E+034
  2.5500245798E+004  2.7057415481E+034
  2.7200271144E+004  2.7058210812E+034
  2.8900235684E+004  2.7059029610E+034
  3.0600312177E+004  2.7063551716E+034
  3.2300273237E+004  2.7064604718E+034
  3.4000201563E+004  2.7064749533E+034
  3.5700201437E+004  2.7064850199E+034
  3.7400305863E+004  2.7064921210E+034
  3.9100228032E+004  2.7064970516E+034
  4.0800306557E+004  2.7065001974E+034
  4.2500269694E+004  2.7065021860E+034
  4.4200172578E+004  2.7065034644E+034
  4.5900195568E+004  2.7065043084E+034
  4.7600166383E+004  2.7065048820E+034
  4.9300192242E+004  2.7065052828E+034
  5.1000269258E+004  2.7065055747E+034
  5.2700329232E+004  2.7065057949E+034
  5.4400315260E+004  2.7065059658E+034
  5.6100184721E+004  2.7065061007E+034
  5.7800185224E+004  2.7065063132E+034
  5.9500255168E+004  2.7065066082E+034
  6.1200305621E+004  2.7065068460E+034
  6.2900199652E+004  2.7065070331E+034
  6.4600192132E+004  2.7065071807E+034
  6.6300234780E+004  2.7065072967E+034
  6.8000273207E+004  2.7065073851E+034
  6.9700174396E+004  2.7065074488E+034
  7.1400284268E+004  2.7065074896E+034
  7.3100252894E+004  2.7065075022E+034
  7.4800327145E+004  2.7065074905E+034
  7.6500313204E+004  2.7065074581E+034
  7.8200213950E+004  2.7065074077E+034
  7.9900252997E+004  2.7065073410E+034
  8.1600239969E+004  2.7065072583E+034
  8.3300167805E+004  2.7065071640E+034
  8.5000195941E+004  2.7065070606E+034
  8.6700238337E+004  2.7065069489E+034
  8.8400191329E+004  2.7065068286E+034
  9.0100222432E+004  2.7065066988E+034
  9.1800174899E+004  2.7065065665E+034
  9.3500174351E+004  2.7065064350E+034
  9.5200262310E+004  2.7065062939E+034
  9.6900235828E+004  2.7065061573E+034
  9.8600264354E+004  2.7065061079E+034
  1.0030030995E+005  2.7065060536E+034
  1.0200017524E+005  2.7065059928E+034
  1.0370019307E+005  2.7065059274E+034
  1.0540019281E+005  2.7065058574E+034
  1.0710031290E+005  2.7065057826E+034
  1.0880023126E+005  2.7065057033E+034
  1.1050026102E+005  2.7065056199E+034
  1.1220024412E+005  2.7065055350E+034
  1.1390020550E+005  2.7065054486E+034
  1.1560031109E+005  2.7065053599E+034
  1.1730027278E+005  2.7065052678E+034
  1.1900027252E+005  2.7065051707E+034
  1.2070018998E+005  2.7065050681E+034
  1.2240016718E+005  2.7065049609E+034
  1.2410020353E+005  2.7065048480E+034
  1.2580027150E+005  2.7065047282E+034
  1.2750020974E+005  2.7065046006E+034
  1.2920019125E+005  2.7065044646E+034
  1.3090019357E+005  2.7065043182E+034
  1.3260019093E+005  2.7065041604E+034
  1.3430032712E+005  2.7065039927E+034
  1.3600026040E+005  2.7065038160E+034
  1.3770016969E+005  2.7065036304E+034
  1.3940022484E+005  2.7065034356E+034
  1.4110023987E+005  2.7065032322E+034
  1.4280022922E+005  2.7065030181E+034
  1.4450018438E+005  2.7065027936E+034
  1.4620032578E+005  2.7065025586E+034
  1.4790032791E+005  2.7065023127E+034
  1.4960021301E+005  2.7065020555E+034
  1.5130031473E+005  2.7065017888E+034
  1.5300029208E+005  2.7065015117E+034
  1.5470032086E+005  2.7065012220E+034
  1.5640021519E+005  2.7065009184E+034
  1.5810030194E+005  2.7065006000E+034
  1.5980024708E+005  2.7065002668E+034
  1.6150020214E+005  2.7064999161E+034
  1.6320031860E+005  2.7064995560E+034
  1.6490024882E+005  2.7064991872E+034
  1.6660030763E+005  2.7064988086E+034
  1.6830017597E+005  2.7064984192E+034
  1.7000018710E+005  2.7064980182E+034
  1.7170019122E+005  2.7064976007E+034
  1.7340017000E+005  2.7064971596E+034
  1.7510030623E+005  2.7064967020E+034
  1.7680028963E+005  2.7064962319E+034
  1.7850030541E+005  2.7064957499E+034
  1.8020021343E+005  2.7064952560E+034
  1.8190032286E+005  2.7064947710E+034
  1.8360030557E+005  2.7064942911E+034
  1.8530031792E+005  2.7064937987E+034
  1.8700019329E+005  2.7064932894E+034
  1.8870026240E+005  2.7064927634E+034
  1.9040017767E+005  2.7064922271E+034
  1.9210025526E+005  2.7064916857E+034
  1.9380032356E+005  2.7064911297E+034
  1.9550020182E+005  2.7064905667E+034
  1.9720022760E+005  2.7064899989E+034
  1.9890023010E+005  2.7064894270E+034
  2.0060021313E+005  2.7064888431E+034
  2.0230019099E+005  2.7064882400E+034
  2.0400031920E+005  2.7064876334E+034
  2.0570029325E+005  2.7064870217E+034
  2.0740028137E+005  2.7064863983E+034
  2.0910030743E+005  2.7064857629E+034
  2.1080021447E+005  2.7064851239E+034
  2.1250032581E+005  2.7064844926E+034
  2.1420030238E+005  2.7064838632E+034
  2.1590029636E+005  2.7064832347E+034
  2.1760031270E+005  2.7064826057E+034
  2.1930018161E+005  2.7064819751E+034
  2.2100022552E+005  2.7064813395E+034
  2.2270027040E+005  2.7064807081E+034
  2.2440029239E+005  2.7064800791E+034
  2.2610029188E+005  2.7064794484E+034
  2.2780027585E+005  2.7064788127E+034
  2.2950023994E+005  2.7064781702E+034
  2.3120020330E+005  2.7064775153E+034
  2.3290031882E+005  2.7064768497E+034
  2.3460027396E+005  2.7064761768E+034
  2.3630024175E+005  2.7064754962E+034
  2.3800023327E+005  2.7064748093E+034
  2.3970026417E+005  2.7064741180E+034
  2.4140032597E+005  2.7064734327E+034
  2.4310026051E+005  2.7064727441E+034
  2.4480021827E+005  2.7064720511E+034
  2.4650019505E+005  2.7064713587E+034
  2.4820018834E+005  2.7064706699E+034
  2.4990018855E+005  2.7064699856E+034
  2.5160019295E+005  2.7064693079E+034
  2.5330019493E+005  2.7064686493E+034
  2.5500017528E+005  2.7064680083E+034
  2.5670030328E+005  2.7064673787E+034
  2.5840024642E+005  2.7064667549E+034
  2.6010018294E+005  2.7064661337E+034
  2.6180028418E+005  2.7064655243E+034
  2.6350021992E+005  2.7064649067E+034
  2.6520032944E+005  2.7064642822E+034
  2.6690028415E+005  2.7064636543E+034
  2.6860027319E+005  2.7064630254E+034
  2.7030029439E+005  2.7064623960E+034
  2.7200018577E+005  2.7064617678E+034
  2.7370027086E+005  2.7064611503E+034
  2.7540020593E+005  2.7064605403E+034
  2.7710032214E+005  2.7064599340E+034
  2.7880028514E+005  2.7064593293E+034
  2.8050024856E+005  2.7064587244E+034
  2.8220021546E+005  2.7064581182E+034
  2.8390016981E+005  2.7064575167E+034
  2.8560027670E+005  2.7064569193E+034
  2.8730020313E+005  2.7064563257E+034
  2.8900027681E+005  2.7064557361E+034
  2.9070018459E+005  2.7064551473E+034
  2.9240025363E+005  2.7064545777E+034
  2.9410017397E+005  2.7064540311E+034
  2.9580026963E+005  2.7064534990E+034
  2.9750022035E+005  2.7064529747E+034
  2.9920019947E+005  2.7064524559E+034
  3.0090020638E+005  2.7064519557E+034
  3.0260024704E+005  2.7064514723E+034
  3.0430031063E+005  2.7064510033E+034
  3.0600022275E+005  2.7064505501E+034
  3.0770030977E+005  2.7064501120E+034
  3.0940023515E+005  2.7064496873E+034
  3.1110032974E+005  2.7064492776E+034
  3.1280025439E+005  2.7064488732E+034
  3.1450016735E+005  2.7064484746E+034
  3.1620023469E+005  2.7064358060E+034
  3.1790028304E+005  2.7064098641E+034
  3.1960032853E+005  2.7063844209E+034
  3.2130020530E+005  2.7063614358E+034
  3.2300025462E+005  2.7063395162E+034
  3.2470032115E+005  2.7063142905E+034
  3.2640023821E+005  2.7062866569E+034
  3.2810017921E+005  2.7062538613E+034
  3.2980030844E+005  2.7062151567E+034
  3.3150029761E+005  2.7061614630E+034
  3.3320031525E+005  2.7060886777E+034
  3.3490018800E+005  2.7059757743E+034
  3.3660024018E+005  2.7057853452E+034
  3.3830029585E+005  2.7054855389E+034
  3.4000018266E+005  2.7051992193E+034
  3.4170023511E+005  2.7050067379E+034
  3.4340027848E+005  2.7048603806E+034
  3.4510031875E+005  2.7047417793E+034
  3.4680018146E+005  2.7046398993E+034
  3.4850019791E+005  2.7045510237E+034
  3.5020021178E+005  2.7044704914E+034
  3.5190022485E+005  2.7043897752E+034
  3.5360025446E+005  2.7043168672E+034
  3.5530029954E+005  2.7042521614E+034
  3.5700020224E+005  2.7041946988E+034
  3.5870029280E+005  2.7041441775E+034
  3.6040023859E+005  2.7041001386E+034
  3.6210021067E+005  2.7040713193E+034
  3.6380019991E+005  2.7040466998E+034
  3.6550020731E+005  2.7040244036E+034
  3.6720022697E+005  2.7040028578E+034
  3.6890024432E+005  2.7039810652E+034
  3.7060026157E+005  2.7039566960E+034
  3.7230026990E+005  2.7039283696E+034
  3.7400027185E+005  2.7038993120E+034
  3.7570027187E+005  2.7038713024E+034
  3.7740026190E+005  2.7038445663E+034
  3.7910024748E+005  2.7038178334E+034
  3.8080022791E+005  2.7037932377E+034
  3.8250021606E+005  2.7037695433E+034
  3.8420022168E+005  2.7037445004E+034
  3.8590024892E+005  2.7037194316E+034
  3.8760030124E+005  2.7036956412E+034
  3.8930020648E+005  2.7036722055E+034
  3.9100029640E+005  2.7036498625E+034
  3.9270024121E+005  2.7036326513E+034
  3.9440020220E+005  2.7036188170E+034
  3.9610017897E+005  2.7036065496E+034
  3.9780032726E+005  2.7035947880E+034
  3.9950030871E+005  2.7035829921E+034
  4.0120028605E+005  2.7035704322E+034
  4.0290025170E+005  2.7035574918E+034
  4.0460021422E+005  2.7035436380E+034
  4.0630017011E+005  2.7035290424E+034
  4.0800029070E+005  2.7035140205E+034
  4.0970024594E+005  2.7034987853E+034
  4.1140019903E+005  2.7034819826E+034
  4.1310016573E+005  2.7034658149E+034
  4.1480031108E+005  2.7034512601E+034
  4.1650031734E+005  2.7034384565E+034
  4.1820018342E+005  2.7034272583E+034
  4.1990023202E+005  2.7034174538E+034
  4.2160029933E+005  2.7034126118E+034
  4.2330021504E+005  2.7034114162E+034
  4.2500030960E+005  2.7034121143E+034
  4.2670025242E+005  2.7034138202E+034
  4.2840019618E+005  2.7034159643E+034
  4.3010030486E+005  2.7034180935E+034
  4.3180023727E+005  2.7034201040E+034
  4.3350032836E+005  2.7034227265E+034
  4.3520025058E+005  2.7034255179E+034
  4.3690016839E+005  2.7034279275E+034
  4.3860025606E+005  2.7034295929E+034
  4.4030017687E+005  2.7034302618E+034
  4.4200027116E+005  2.7034285765E+034
  4.4370021171E+005  2.7034248601E+034
  4.4540017041E+005  2.7034197791E+034
  4.4710031898E+005  2.7034140537E+034
  4.4880032536E+005  2.7034081996E+034
  4.5050018607E+005  2.7034028173E+034
  4.5220022600E+005  2.7033977457E+034
  4.5390027453E+005  2.7033926520E+034
  4.5560017012E+005  2.7033883163E+034
  4.5730023600E+005  2.7033849825E+034
  4.5900030673E+005  2.7033826064E+034
  4.6070021040E+005  2.7033824692E+034
  4.6240026680E+005  2.7033869509E+034
  4.6410031886E+005  2.7033935661E+034
  4.6580019854E+005  2.7034007161E+034
  4.6750024533E+005  2.7034076501E+034
  4.6920029664E+005  2.7034141238E+034
  4.7090018822E+005  2.7034177174E+034
  4.7260025589E+005  2.7034196762E+034
  4.7430017201E+005  2.7034221611E+034
  4.7600027280E+005  2.7034248719E+034
  4.7770023093E+005  2.7034274508E+034
  4.7940020826E+005  2.7034296781E+034
  4.8110020605E+005  2.7034336255E+034
  4.8280021368E+005  2.7034383088E+034
  4.8450023090E+005  2.7034425272E+034
  4.8620025521E+005  2.7034465973E+034
  4.8790027978E+005  2.7034508206E+034
  4.8960030969E+005  2.7034553700E+034
  4.9130016709E+005  2.7034590292E+034
  4.9300018485E+005  2.7034630176E+034
  4.9470019481E+005  2.7034693760E+034
  4.9640020030E+005  2.7034842419E+034
  4.9810021133E+005  2.7035325438E+034
  4.9980022758E+005  2.7036702808E+034
  5.0150025699E+005  2.7038440978E+034
  5.0320029735E+005  2.7037260309E+034
  5.0490018690E+005  2.7041071229E+034
  5.0660026242E+005  2.7048732266E+034
  5.0830019131E+005  2.7053660177E+034
  5.1000030627E+005  2.7058407403E+034
  5.1170027318E+005  2.7062050774E+034
  5.1340024758E+005  2.7064161821E+034
  5.1510023037E+005  2.7064687376E+034
  5.1680021355E+005  2.7064716105E+034
  5.1850019823E+005  2.7064816170E+034
  5.2020018204E+005  2.7064941937E+034
  5.2190032722E+005  2.7064982590E+034
  5.2360030472E+005  2.7064983111E+034
  5.2530027550E+005  2.7064984586E+034
  5.2700024627E+005  2.7064983437E+034
  5.2870021985E+005  2.7064984341E+034
  5.3040020336E+005  2.7064984782E+034
  5.3210020281E+005  2.7064985168E+034
  5.3380021643E+005  2.7064985301E+034
  5.3550024672E+005  2.7064985127E+034
  5.3720029507E+005  2.7064984699E+034
  5.3890019357E+005  2.7064984135E+034
  5.4060027786E+005  2.7064983584E+034
  5.4230020847E+005  2.7064983179E+034
  5.4400031394E+005  2.7064981567E+034
  5.4570025754E+005  2.7064981881E+034
  5.4740019900E+005  2.7064982190E+034
  5.4910030833E+005  2.7064982567E+034
  5.5080024667E+005  2.7064982917E+034
  5.5250018603E+005  2.7064983072E+034
  5.5420028615E+005  2.7064978077E+034
  5.5590021768E+005  2.7064978508E+034
  5.5760031792E+005  2.7064979302E+034
  5.5930025698E+005  2.7064979762E+034
  5.6100020946E+005  2.7064979497E+034
  5.6270017899E+005  2.7064978467E+034
  5.6440032960E+005  2.7064977069E+034
  5.6610016816E+005  2.7064975590E+034
  5.6780018516E+005  2.7064974166E+034
  5.6950021857E+005  2.7064972982E+034
  5.7120026654E+005  2.7064972065E+034
  5.7290032598E+005  2.7064971260E+034
  5.7460023063E+005  2.7064970483E+034
  5.7630029832E+005  2.7064969670E+034
  5.7800020097E+005  2.7064968756E+034
  5.7970026404E+005  2.7064967803E+034
  5.8140032471E+005  2.7064966790E+034
  5.8310022093E+005  2.7064965655E+034
  5.8480028065E+005  2.7064964355E+034
  5.8650017651E+005  2.7064962913E+034
  5.8820024046E+005  2.7064961316E+034
  5.8990031212E+005  2.7064959548E+034
  5.9160023371E+005  2.7064957606E+034
  5.9330017110E+005  2.7064955858E+034
  5.9500029269E+005  2.7064954359E+034
  5.9670026586E+005  2.7064952903E+034
  5.9840025177E+005  2.7064951458E+034
  6.0010025390E+005  2.7064950059E+034
  6.0180026433E+005  2.7064948752E+034
  6.0350028619E+005  2.7064947511E+034
  6.0520031344E+005  2.7064946320E+034
  6.0690017477E+005  2.7064945157E+034
  6.0860019969E+005  2.7064944064E+034
  6.1030021880E+005  2.7064943030E+034
  6.1200023690E+005  2.7064942037E+034
  6.1370025527E+005  2.7064941097E+034
  6.1540027551E+005  2.7064940215E+034
  6.1710030023E+005  2.7064939395E+034
  6.1880032808E+005  2.7064938622E+034
  6.2050020219E+005  2.7064937858E+034
  6.2220025623E+005  2.7064937098E+034
  6.2390032753E+005  2.7064936345E+034
  6.2560025490E+005  2.7064935594E+034
  6.2730019446E+005  2.7064934843E+034
  6.2900031423E+005  2.7064934086E+034
  6.3070027876E+005  2.7064933335E+034
  6.3240025133E+005  2.7064932592E+034
  6.3410023302E+005  2.7064931854E+034
  6.3580021609E+005  2.7064931117E+034
  6.3750020167E+005  2.7064930376E+034
  6.3920018272E+005  2.7064929640E+034
  6.4090032459E+005  2.7064928909E+034
  6.4260030071E+005  2.7064928168E+034
  6.4430027589E+005  2.7064927411E+034
  6.4600025724E+005  2.7064926640E+034
  6.4770024519E+005  2.7064925865E+034
  6.4940024075E+005  2.7064925091E+034
  6.5110024943E+005  2.7064924315E+034
  6.5280027150E+005  2.7064923530E+034
  6.5450031164E+005  2.7064922742E+034
  6.5620020442E+005  2.7064921951E+034
  6.5790027643E+005  2.7064921158E+034
  6.5960019606E+005  2.7064920365E+034
  6.6130028758E+005  2.7064919576E+034
  6.6300022203E+005  2.7064918795E+034
  6.6470032551E+005  2.7064918028E+034
  6.6640026598E+005  2.7064917285E+034
  6.6810020715E+005  2.7064916567E+034
  6.6980030847E+005  2.7064915855E+034
  6.7150024284E+005  2.7064915083E+034
  6.7320017634E+005  2.7064914187E+034
  6.7490027679E+005  2.7064913273E+034
  6.7660022029E+005  2.7064912415E+034
  6.7830017122E+005  2.7064911607E+034
  6.8000029934E+005  2.7064910819E+034
  6.8170027477E+005  2.7064910035E+034
  6.8340026362E+005  2.7064909264E+034
  6.8510027115E+005  2.7064908502E+034
  6.8680029201E+005  2.7064907741E+034
  6.8850033034E+005  2.7064906978E+034
  6.9020021237E+005  2.7064906210E+034
  6.9190026506E+005  2.7064905450E+034
  6.9360032353E+005  2.7064904704E+034
  6.9530021616E+005  2.7064903967E+034
  6.9700027747E+005  2.7064903232E+034
  6.9870017289E+005  2.7064902492E+034
  7.0040023153E+005  2.7064901742E+034
  7.0210028903E+005  2.7064900991E+034
  7.0380018029E+005  2.7064900247E+034
  7.0550024174E+005  2.7064899512E+034
  7.0720031072E+005  2.7064898780E+034
  7.0890022552E+005  2.7064898051E+034
  7.1060032015E+005  2.7064897322E+034
  7.1230026143E+005  2.7064896589E+034
  7.1400021914E+005  2.7064895851E+034
  7.1570019076E+005  2.7064895110E+034
  7.1740017612E+005  2.7064894369E+034
  7.1910017582E+005  2.7064893628E+034
  7.2080018258E+005  2.7064892886E+034
  7.2250019594E+005  2.7064892140E+034
  7.2420021046E+005  2.7064891390E+034
  7.2590022505E+005  2.7064890634E+034
  7.2760024063E+005  2.7064889871E+034
  7.2930025539E+005  2.7064889102E+034
  7.3100027066E+005  2.7064888326E+034
  7.3270028524E+005  2.7064887543E+034
  7.3440030019E+005  2.7064886751E+034
  7.3610032260E+005  2.7064885950E+034
  7.3780018789E+005  2.7064885137E+034
  7.3950023297E+005  2.7064884314E+034
  7.4120029289E+005  2.7064883482E+034
  7.4290020010E+005  2.7064882642E+034
  7.4460028825E+005  2.7064881798E+034
  7.4630022207E+005  2.7064880951E+034
  7.4800017010E+005  2.7064880103E+034
  7.4970029376E+005  2.7064879253E+034
  7.5140026013E+005  2.7064878404E+034
  7.5310023153E+005  2.7064877556E+034
  7.5480020136E+005  2.7064876710E+034
  7.5650017184E+005  2.7064875868E+034
  7.5820030545E+005  2.7064875034E+034
  7.5990027403E+005  2.7064874209E+034
  7.6160024562E+005  2.7064873398E+034
  7.6330021743E+005  2.7064872598E+034
  7.6500019429E+005  2.7064871815E+034
  7.6670017770E+005  2.7064871051E+034
  7.6840017067E+005  2.7064870310E+034
  7.7010017978E+005  2.7064869595E+034
  7.7180020213E+005  2.7064868911E+034
  7.7350024127E+005  2.7064868261E+034
  7.7520029196E+005  2.7064867648E+034
  7.7690018893E+005  2.7064867079E+034
  7.7860026322E+005  2.7064866555E+034
  7.8030017902E+005  2.7064866075E+034
  7.8200026870E+005  2.7064865621E+034
  7.8370019472E+005  2.7064865192E+034
  7.8540028537E+005  2.7064864791E+034
  7.8710021026E+005  2.7064864422E+034
  7.8880029862E+005  2.7064864088E+034
  7.9050022310E+005  2.7064863795E+034
  7.9220031616E+005  2.7064863544E+034
  7.9390024694E+005  2.7064863342E+034
  7.9560018469E+005  2.7064863192E+034
  7.9730029452E+005  2.7064863098E+034
  7.9900025160E+005  2.7064863065E+034
  8.0070022313E+005  2.7064863097E+034
  8.0240020979E+005  2.7064863196E+034
  8.0410021317E+005  2.7064863368E+034
  8.0580022616E+005  2.7064863614E+034
  8.0750025055E+005  2.7064863939E+034
  8.0920028255E+005  2.7064864347E+034
  8.1090032087E+005  2.7064864841E+034
  8.1260020047E+005  2.7064865426E+034
  8.1430024665E+005  2.7064866106E+034
  8.1600029309E+005  2.7064866885E+034
  8.1770017262E+005  2.7064867770E+034
  8.1940021555E+005  2.7064868764E+034
  8.2110026159E+005  2.7064869874E+034
  8.2280030952E+005  2.7064871104E+034
  8.2450020035E+005  2.7064872459E+034
  8.2620026400E+005  2.7064873944E+034
  8.2790017106E+005  2.7064875565E+034
  8.2960025789E+005  2.7064877326E+034
  8.3130019086E+005  2.7064879234E+034
  8.3300030622E+005  2.7064881294E+034
  8.3470026933E+005  2.7064883511E+034
  8.3640024405E+005  2.7064885892E+034
  8.3810022834E+005  2.7064888414E+034
  8.3980021775E+005  2.7064891071E+034
  8.4150021315E+005  2.7064893868E+034
  8.4320021125E+005  2.7064896811E+034
  8.4490021112E+005  2.7064899905E+034
  8.4660021172E+005  2.7064903154E+034
  8.4830020955E+005  2.7064906563E+034
  8.5000020826E+005  2.7064910139E+034
  8.5170020925E+005  2.7064913887E+034
  8.5340021473E+005  2.7064917811E+034
  8.5510023067E+005  2.7064921920E+034
  8.5680025455E+005  2.7064926218E+034
  8.5850029086E+005  2.7064930714E+034
  8.6020017366E+005  2.7064935412E+034
  8.6190023472E+005  2.7064940320E+034
  8.6360031110E+005  2.7064945443E+034
  8.6530023406E+005  2.7064950784E+034
  8.6700016952E+005  2.7064956348E+034
  8.6870027716E+005  2.7064962134E+034
  8.7040022331E+005  2.7064968142E+034
  8.7210017362E+005  2.7064974369E+034
  8.7380028940E+005  2.7064980813E+034
  8.7550024191E+005  2.7064987466E+034
  8.7720019610E+005  2.7064994315E+034
  8.7890031398E+005  2.7065001348E+034
  8.8060026937E+005  2.7065008557E+034
  8.8230022600E+005  2.7065015935E+034
  8.8400018998E+005  2.7065023475E+034
  8.8570032910E+005  2.7065031168E+034
  8.8740031411E+005  2.7065039003E+034
  8.8910031344E+005  2.7065046967E+034
  8.9080032317E+005  2.7065055043E+034
  8.9250018226E+005  2.7065065966E+034
  8.9420021816E+005  2.7065088657E+034
  8.9590026561E+005  2.7065111250E+034
  8.9760032395E+005  2.7065133596E+034
  8.9930022201E+005  2.7065155509E+034
  9.0100028979E+005  2.7065176768E+034
  9.0270019372E+005  2.7065197101E+034
  9.0440026264E+005  2.7065216271E+034
  9.0610016884E+005  2.7065233954E+034
  9.0780024032E+005  2.7065249759E+034
  9.0950031459E+005  2.7065263276E+034
  9.1120022515E+005  2.7065274101E+034
  9.1290030418E+005  2.7065281861E+034
  9.1460022718E+005  2.7065286225E+034
  9.1630032422E+005  2.7065286926E+034
  9.1800027149E+005  2.7065283811E+034
  9.1970023123E+005  2.7065277189E+034
  9.2140020307E+005  2.7065267937E+034
  9.2310018721E+005  2.7065257209E+034
  9.2480018134E+005  2.7065246142E+034
  9.2650018629E+005  2.7065235670E+034
  9.2820020000E+005  2.7065226456E+034
  9.2990021917E+005  2.7065218907E+034
  9.3160024178E+005  2.7065213221E+034
  9.3330026384E+005  2.7065209436E+034
  9.3500028615E+005  2.7065207477E+034
  9.3670030938E+005  2.7065207175E+034
  9.3840016791E+005  2.7065208270E+034
  9.4010019749E+005  2.7065210397E+034
  9.4180022895E+005  2.7065213130E+034
  9.4350026741E+005  2.7065216046E+034
  9.4520031408E+005  2.7065218763E+034
  9.4690020561E+005  2.7065220968E+034
  9.4860027756E+005  2.7065222420E+034
  9.5030019677E+005  2.7065222959E+034
  9.5200029495E+005  2.7065222500E+034
  9.5370023840E+005  2.7065221043E+034
  9.5540019051E+005  2.7065218704E+034
  9.5710031772E+005  2.7065215694E+034
  9.5880028518E+005  2.7065212285E+034
  9.6050025827E+005  2.7065208762E+034
  9.6220023390E+005  2.7065205391E+034
  9.6390020762E+005  2.7065202399E+034
  9.6560018327E+005  2.7065199959E+034
  9.6730032316E+005  2.7065198179E+034
  9.6900030180E+005  2.7065197134E+034
  9.7070028519E+005  2.7065196856E+034
  9.7240027366E+005  2.7065197326E+034
  9.7410027070E+005  2.7065198460E+034
  9.7580027537E+005  2.7065200112E+034
  9.7750029299E+005  2.7065202089E+034
  9.7920032318E+005  2.7065204179E+034
  9.8090020216E+005  2.7065206166E+034
  9.8260025999E+005  2.7065207851E+034
  9.8430032668E+005  2.7065209059E+034
  9.8600023650E+005  2.7065209650E+034
  9.8770031811E+005  2.7065209521E+034
  9.8940023849E+005  2.7065208615E+034
  9.9110032960E+005  2.7065206932E+034
  9.9280025661E+005  2.7065204537E+034
  9.9450018461E+005  2.7065201550E+034
  9.9620027765E+005  2.7065198130E+034
  9.9790020518E+005  2.7065194463E+034
  9.9960030283E+005  2.7065190739E+034
  1.0013002395E+006  2.7065187147E+034
  1.0030001856E+006  2.7065183855E+034
  1.0047003057E+006  2.7065181008E+034
  1.0064002702E+006  2.7065178720E+034
  1.0081002475E+006  2.7065177073E+034
  1.0098002366E+006  2.7065176118E+034
  1.0115002390E+006  2.7065175869E+034
  1.0132002538E+006  2.7065176307E+034
  1.0149002770E+006  2.7065177370E+034
  1.0166003085E+006  2.7065178953E+034
  1.0183001785E+006  2.7065180919E+034
  1.0200002175E+006  2.7065183116E+034
  1.0217002601E+006  2.7065185382E+034
  1.0234003031E+006  2.7065187562E+034
  1.0251001842E+006  2.7065189513E+034
  1.0268002289E+006  2.7065191110E+034
  1.0285002761E+006  2.7065192251E+034
  1.0302003272E+006  2.7065192858E+034
  1.0319002191E+006  2.7065192879E+034
  1.0336002877E+006  2.7065192288E+034
  1.0353002003E+006  2.7065191096E+034
  1.0370002899E+006  2.7065189350E+034
  1.0387002256E+006  2.7065187133E+034
  1.0404001723E+006  2.7065184550E+034
  1.0421002976E+006  2.7065181725E+034
  1.0438002678E+006  2.7065178787E+034
  1.0455002478E+006  2.7065175863E+034
  1.0472002342E+006  2.7065173071E+034
  1.0489002225E+006  2.7065170515E+034
  1.0506002148E+006  2.7065168279E+034
  1.0523002069E+006  2.7065166429E+034
  1.0540002018E+006  2.7065165011E+034
  1.0557001993E+006  2.7065164059E+034
  1.0574001978E+006  2.7065163569E+034
  1.0591002000E+006  2.7065163523E+034
  1.0608002058E+006  2.7065163883E+034
  1.0625002194E+006  2.7065164594E+034
  1.0642002434E+006  2.7065165585E+034
  1.0659002794E+006  2.7065166773E+034
  1.0676003282E+006  2.7065168071E+034
  1.0693002224E+006  2.7065169391E+034
  1.0710002929E+006  2.7065170651E+034
  1.0727002093E+006  2.7065171774E+034
  1.0744002996E+006  2.7065172698E+034
  1.0761002343E+006  2.7065173369E+034
  1.0778001735E+006  2.7065173750E+034
  1.0795002806E+006  2.7065173817E+034
  1.0812002243E+006  2.7065173564E+034
  1.0829001676E+006  2.7065173001E+034
  1.0846002798E+006  2.7065172157E+034
  1.0863002282E+006  2.7065171077E+034
  1.0880001806E+006  2.7065169815E+034
  1.0897003023E+006  2.7065168432E+034
  1.0914002634E+006  2.7065166993E+034
  1.0931002340E+006  2.7065165561E+034
  1.0948002143E+006  2.7065164194E+034
  1.0965002080E+006  2.7065162944E+034
  1.0982002153E+006  2.7065161855E+034
  1.0999002325E+006  2.7065160962E+034
  1.1016002609E+006  2.7065160288E+034
  1.1033002971E+006  2.7065159850E+034
  1.1050001762E+006  2.7065159649E+034
  1.1067002287E+006  2.7065159677E+034
  1.1084002850E+006  2.7065159914E+034
  1.1101001802E+006  2.7065160330E+034
  1.1118002393E+006  2.7065160882E+034
  1.1135002996E+006  2.7065161520E+034
  1.1152001963E+006  2.7065162191E+034
  1.1169002609E+006  2.7065162837E+034
  1.1186001666E+006  2.7065163402E+034
  1.1203002423E+006  2.7065163830E+034
  1.1220003254E+006  2.7065164073E+034
  1.1237002525E+006  2.7065164087E+034
  1.1254001897E+006  2.7065163836E+034
  1.1271003058E+006  2.7065163297E+034
  1.1288002687E+006  2.7065162457E+034
  1.1305002430E+006  2.7065161316E+034
  1.1322002275E+006  2.7065159887E+034
  1.1339002184E+006  2.7065158193E+034
  1.1356002171E+006  2.7065156270E+034
  1.1373002202E+006  2.7065154159E+034
  1.1390002280E+006  2.7065151909E+034
  1.1407002390E+006  2.7065149572E+034
  1.1424002492E+006  2.7065147200E+034
  1.1441002608E+006  2.7065144848E+034
  1.1458002736E+006  2.7065142566E+034
  1.1475002903E+006  2.7065140402E+034
  1.1492003140E+006  2.7065138400E+034
  1.1509001791E+006  2.7065136598E+034
  1.1526002186E+006  2.7065135026E+034
  1.1543002669E+006  2.7065133710E+034
  1.1560003258E+006  2.7065132669E+034
  1.1577002325E+006  2.7065131912E+034
  1.1594003156E+006  2.7065131445E+034
  1.1611002465E+006  2.7065131263E+034
  1.1628001852E+006  2.7065131359E+034
  1.1645002956E+006  2.7065131723E+034
  1.1662002465E+006  2.7065132325E+034
  1.1679001998E+006  2.7065133127E+034
  1.1696003235E+006  2.7065134086E+034
  1.1713002836E+006  2.7065135153E+034
  1.1730002457E+006  2.7065136282E+034
  1.1747002091E+006  2.7065137423E+034
  1.1764001734E+006  2.7065138530E+034
  1.1781003084E+006  2.7065139558E+034
  1.1798002840E+006  2.7065140466E+034
  1.1815002690E+006  2.7065141220E+034
  1.1832002648E+006  2.7065141786E+034
  1.1849002694E+006  2.7065142142E+034
  1.1866002861E+006  2.7065142266E+034
  1.1883003133E+006  2.7065142146E+034
  1.1900001863E+006  2.7065141774E+034
  1.1917002364E+006  2.7065141150E+034
  1.1934002936E+006  2.7065140282E+034
  1.1951001925E+006  2.7065139185E+034
  1.1968002595E+006  2.7065137879E+034
  1.1985003295E+006  2.7065136391E+034
  1.2002002372E+006  2.7065134752E+034
  1.2019003120E+006  2.7065132993E+034
  1.2036002250E+006  2.7065131151E+034
  1.2053003045E+006  2.7065129259E+034
  1.2070002212E+006  2.7065127352E+034
  1.2087003088E+006  2.7065125460E+034
  1.2104002376E+006  2.7065123614E+034
  1.2121001774E+006  2.7065121838E+034
  1.2138002939E+006  2.7065120153E+034
  1.2155002554E+006  2.7065118577E+034
  1.2172002285E+006  2.7065117124E+034
  1.2189002102E+006  2.7065115800E+034
  1.2206002033E+006  2.7065114611E+034
  1.2223002054E+006  2.7065113556E+034
  1.2240002156E+006  2.7065112630E+034
  1.2257002325E+006  2.7065111825E+034
  1.2274002504E+006  2.7065111129E+034
  1.2291002710E+006  2.7065110527E+034
  1.2308002928E+006  2.7065110004E+034
  1.2325003165E+006  2.7065109538E+034
  1.2342001793E+006  2.7065109111E+034
  1.2359002101E+006  2.7065108700E+034
  1.2376002456E+006  2.7065108283E+034
  1.2393002867E+006  2.7065107839E+034
  1.2410001695E+006  2.7065107347E+034
  1.2427002293E+006  2.7065106789E+034
  1.2444002997E+006  2.7065106147E+034
  1.2461002178E+006  2.7065105406E+034
  1.2478003112E+006  2.7065104555E+034
  1.2495002484E+006  2.7065103585E+034
  1.2512001956E+006  2.7065102489E+034
  1.2529003148E+006  2.7065101267E+034
  1.2546002770E+006  2.7065099920E+034
  1.2563002437E+006  2.7065098452E+034
  1.2580002127E+006  2.7065096872E+034
  1.2597001832E+006  2.7065095190E+034
  1.2614003195E+006  2.7065093419E+034
  1.2631002934E+006  2.7065091576E+034
  1.2648002710E+006  2.7065089678E+034
  1.2665002533E+006  2.7065087743E+034
  1.2682002420E+006  2.7065085791E+034
  1.2699002360E+006  2.7065083844E+034
  1.2716002391E+006  2.7065081922E+034
  1.2733002528E+006  2.7065080045E+034
  1.2750002777E+006  2.7065078232E+034
  1.2767003163E+006  2.7065076502E+034
  1.2784001989E+006  2.7065074869E+034
  1.2801002565E+006  2.7065073349E+034
  1.2818003212E+006  2.7065071953E+034
  1.2835002265E+006  2.7065070690E+034
  1.2852003039E+006  2.7065069566E+034
  1.2869002198E+006  2.7065068596E+034
  1.2886003049E+006  2.7065067804E+034
  1.2903002255E+006  2.7065067182E+034
  1.2920003118E+006  2.7065066718E+034
  1.2937002359E+006  2.7065066397E+034
  1.2954003286E+006  2.7065066201E+034
  1.2971002623E+006  2.7065066108E+034
  1.2988002037E+006  2.7065066095E+034
  1.3005003174E+006  2.7065066139E+034
  1.3022002761E+006  2.7065066214E+034
  1.3039002437E+006  2.7065066293E+034
  1.3056002238E+006  2.7065066350E+034
  1.3073002153E+006  2.7065066362E+034
  1.3090002168E+006  2.7065066302E+034
  1.3107002283E+006  2.7065066147E+034
  1.3124002444E+006  2.7065065876E+034
  1.3141002670E+006  2.7065065470E+034
  1.3158002937E+006  2.7065064910E+034
  1.3175003236E+006  2.7065064181E+034
  1.3192001924E+006  2.7065063271E+034
  1.3209002273E+006  2.7065062169E+034
  1.3226002639E+006  2.7065061188E+034
  1.3243003032E+006  2.7065060298E+034
  1.3260001807E+006  2.7065059287E+034
  1.3277002318E+006  2.7065058154E+034
  1.3294002904E+006  2.7065056903E+034
  1.3311001938E+006  2.7065055540E+034
  1.3328002719E+006  2.7065054071E+034
  1.3345001937E+006  2.7065052506E+034
  1.3362002931E+006  2.7065050853E+034
  1.3379002367E+006  2.7065049124E+034
  1.3396001914E+006  2.7065047331E+034
  1.3413003200E+006  2.7065045484E+034
  1.3430002884E+006  2.7065043597E+034
  1.3447002613E+006  2.7065041682E+034
  1.3464002367E+006  2.7065039749E+034
  1.3481002151E+006  2.7065037811E+034
  1.3498001967E+006  2.7065035879E+034
  1.3515001804E+006  2.7065033962E+034
  1.3532001676E+006  2.7065032069E+034
  1.3549003225E+006  2.7065030207E+034
  1.3566003170E+006  2.7065028385E+034
  1.3583003193E+006  2.7065026606E+034
  1.3600003297E+006  2.7065024877E+034
  1.3617001867E+006  2.7065023198E+034
  1.3634002185E+006  2.7065021572E+034
  1.3651002608E+006  2.7065019997E+034
  1.3668003134E+006  2.7065018474E+034
  1.3685002094E+006  2.7065016997E+034
  1.3702002813E+006  2.7065015561E+034
  1.3719001947E+006  2.7065014159E+034
  1.3736002793E+006  2.7065012781E+034
  1.3753002019E+006  2.7065011416E+034
  1.3770002913E+006  2.7065010052E+034
  1.3787002186E+006  2.7065008674E+034
  1.3804003134E+006  2.7065007268E+034
  1.3821002461E+006  2.7065005816E+034
  1.3838001834E+006  2.7065004302E+034
  1.3855002886E+006  2.7065002706E+034
  1.3872002354E+006  2.7065001009E+034
  1.3889001888E+006  2.7064999193E+034
  1.3906003178E+006  2.7064997234E+034
  1.3923002928E+006  2.7064995113E+034
  1.3940002783E+006  2.7064992805E+034
  1.3957002753E+006  2.7064990288E+034
  1.3974002800E+006  2.7064987534E+034
  1.3991002939E+006  2.7064984514E+034
  1.4008003156E+006  2.7064981196E+034
  1.4025001783E+006  2.7064977545E+034
  1.4042002129E+006  2.7064973518E+034
  1.4059002501E+006  2.7064969089E+034
  1.4076002888E+006  2.7064964298E+034
  1.4093003300E+006  2.7064959122E+034
  1.4110002070E+006  2.7064953530E+034
  1.4127002544E+006  2.7064947486E+034
  1.4144003059E+006  2.7064940943E+034
  1.4161001977E+006  2.7064933848E+034
  1.4178002622E+006  2.7064926127E+034
  1.4195001682E+006  2.7064917690E+034
  1.4212002508E+006  2.7064908410E+034
  1.4229001779E+006  2.7064898116E+034
  1.4246002819E+006  2.7064886558E+034
  1.4263002314E+006  2.7064873377E+034
  1.4280001888E+006  2.7064858005E+034
  1.4297003198E+006  2.7064839508E+034
  1.4314002919E+006  2.7064816197E+034
  1.4331002691E+006  2.7064784593E+034
  1.4348002519E+006  2.7064735734E+034
  1.4365002369E+006  2.7064635675E+034
  1.4382002247E+006  2.7064276003E+034
  1.4399002136E+006  2.7063473147E+034
  1.4416002046E+006  2.7063219948E+034
  1.4433002009E+006  2.7063081200E+034
  1.4450002015E+006  2.7062968407E+034
  1.4467002106E+006  2.7062866367E+034
  1.4484002264E+006  2.7062769936E+034
  1.4501002507E+006  2.7062684943E+034
  1.4518002855E+006  2.7062615441E+034
  1.4535003300E+006  2.7062550282E+034
  1.4552002211E+006  2.7062487380E+034
  1.4569002873E+006  2.7062425141E+034
  1.4586001966E+006  2.7062362757E+034
  1.4603002787E+006  2.7062299821E+034
  1.4620001997E+006  2.7062235931E+034
  1.4637002913E+006  2.7062170822E+034
  1.4654002210E+006  2.7062107054E+034
  1.4671003189E+006  2.7062051882E+034
  1.4688002551E+006  2.7061998169E+034
  1.4705001921E+006  2.7061945267E+034
  1.4722002983E+006  2.7061892353E+034
  1.4739002428E+006  2.7061839057E+034
  1.4756001934E+006  2.7061785011E+034
  1.4773003179E+006  2.7061729878E+034
  1.4790002853E+006  2.7061673394E+034
  1.4807002630E+006  2.7061615353E+034
  1.4824002499E+006  2.7061555560E+034
  1.4841002472E+006  2.7061497830E+034
  1.4858002549E+006  2.7061445252E+034
  1.4875002716E+006  2.7061392702E+034
  1.4892002970E+006  2.7061340028E+034
  1.4909003287E+006  2.7061287033E+034
  1.4926001988E+006  2.7061233407E+034
  1.4943002391E+006  2.7061178751E+034
  1.4960002813E+006  2.7061122757E+034
  1.4977003270E+006  2.7061065164E+034
  1.4994002103E+006  2.7061005781E+034
  1.5011002615E+006  2.7060944124E+034
  1.5028003171E+006  2.7060884182E+034
  1.5045002109E+006  2.7060827573E+034
  1.5062002779E+006  2.7060770929E+034
  1.5079001874E+006  2.7060714062E+034
  1.5096002722E+006  2.7060656748E+034
  1.5113002027E+006  2.7060598734E+034
  1.5130003076E+006  2.7060539611E+034
  1.5147002570E+006  2.7060478971E+034
  1.5164002158E+006  2.7060416406E+034
  1.5181001823E+006  2.7060351671E+034
  1.5198003232E+006  2.7060286629E+034
  1.5215003037E+006  2.7060226413E+034
  1.5232002888E+006  2.7060166301E+034
  1.5249002768E+006  2.7060106107E+034
  1.5266002661E+006  2.7060045576E+034
  1.5283002594E+006  2.7059984182E+034
  1.5300002544E+006  2.7059921579E+034
  1.5317002546E+006  2.7059857476E+034
  1.5334002592E+006  2.7059791604E+034
  1.5351002691E+006  2.7059723697E+034
  1.5368002871E+006  2.7059656879E+034
  1.5385003129E+006  2.7059593223E+034
  1.5402001838E+006  2.7059529423E+034
  1.5419002308E+006  2.7059465124E+034
  1.5436002878E+006  2.7059400080E+034
  1.5453001892E+006  2.7059334087E+034
  1.5470002639E+006  2.7059266933E+034
  1.5487001808E+006  2.7059198248E+034
  1.5504002701E+006  2.7059127717E+034
  1.5521001984E+006  2.7059055932E+034
  1.5538002976E+006  2.7058988189E+034
  1.5555002326E+006  2.7058920322E+034
  1.5572001701E+006  2.7058852083E+034
  1.5589002760E+006  2.7058783213E+034
  1.5606002189E+006  2.7058713587E+034
  1.5623001675E+006  2.7058643022E+034
  1.5640002867E+006  2.7058571058E+034
  1.5657002474E+006  2.7058497234E+034
  1.5674002159E+006  2.7058423068E+034
  1.5691001929E+006  2.7058353071E+034
  1.5708001805E+006  2.7058282953E+034
  1.5725001783E+006  2.7058212489E+034
  1.5742001865E+006  2.7058141536E+034
  1.5759002047E+006  2.7058069797E+034
  1.5776002292E+006  2.7057996988E+034
  1.5793002612E+006  2.7057922787E+034
  1.5810002977E+006  2.7057846849E+034
  1.5827001733E+006  2.7057773577E+034
  1.5844002190E+006  2.7057703589E+034
