 0001  0.8711329796379124E+022
 0002  0.8480444934660926E+022
 0003  0.8256108142043440E+022
 0004  0.8021648437254568E+022
 0005  0.7784831614593994E+022
 0006  0.7554542706090790E+022
 0007  0.7324489014506139E+022
 0008  0.7100135076463219E+022
 0009  0.6865764874860395E+022
 0010  0.6638513274312304E+022
 0011  0.6419509446201272E+022
 0012  0.6190736615832632E+022
 0013  0.5970718970587356E+022
 0014  0.5758688274836412E+022
 0015  0.5538132192679839E+022
 0016  0.5323446507780971E+022
 0017  0.5100350911719833E+022
 0018  0.4889507077372818E+022
 0019  0.4674821388009837E+022
 0020  0.4461657476948230E+022
 0021  0.4263552608082458E+022
 0022  0.4058242252010862E+022
 0023  0.3857411308083358E+022
 0024  0.3649290930144501E+022
 0025  0.3469574066079880E+022
 0026  0.3283121347015222E+022
 0027  0.3091415727498818E+022
 0028  0.2898903629869916E+022
 0029  0.2731313930158351E+022
 0030  0.2557796632539408E+022
 0031  0.2391880238765119E+022
 0032  0.2219405842850237E+022
 0033  0.2064219232914844E+022
 0034  0.1914723416477227E+022
 0035  0.1770467064789672E+022
 0036  0.1620931861088703E+022
 0037  0.1482517748351612E+022
 0038  0.1347665211327995E+022
 0039  0.1226280144649198E+022
 0040  0.1107682911282873E+022
 0041  0.9948448245819058E+021
 0042  0.8900251914673565E+021
 0043  0.7830707764890838E+021
 0044  0.6896610617851352E+021
 0045  0.5971666218458063E+021
 0046  0.5149642368162649E+021
 0047  0.4401964336893259E+021
 0048  0.3719639154335760E+021
 0049  0.3084763669203304E+021
 0050  0.2527152697649718E+021
 0051  0.2026349181517645E+021
 0052  0.1590081217851804E+021
 0053  0.1224273413888740E+021
 0054  0.9210805913064387E+020
 0055  0.6839935457378461E+020
 0056  0.5005307555196894E+020
 0057  0.3630739211567242E+020
 0058  0.2628969211121666E+020
 0059  0.1881675565221591E+020
 0060  0.1360845896504521E+020
 0061  0.9665140489472279E+019
 0062  0.6996710930029498E+019
 0063  0.5075416044793876E+019
 0064  0.3703270127350281E+019
 0065  0.2750135247852630E+019
 0066  0.2037964770968216E+019
 0067  0.1525270418348854E+019
 0068  0.1146894247985277E+019
 0069  0.8783115517032116E+018
 0070  0.6720325370977731E+018
 0071  0.5111958394731816E+018
 0072  0.3962373980591720E+018
 0073  0.3086060549543807E+018
 0074  0.2375764967655634E+018
 0075  0.1830444983831088E+018
 0076  0.1411975905582194E+018
 0077  0.1095648762300138E+018
 0078  0.8317924683575037E+017
 0079  0.6383533006800295E+017
 0080  0.4863139405368778E+017
 0081  0.3669560192868982E+017
 0082  0.2733491292866476E+017
 0083  0.1967454535221924E+017
 0084  0.1426953902000450E+017
 0085  0.1014899029244946E+017
 0086  0.6975662282380431E+016
 0087  0.4598683665774490E+016
 0088  0.2914684022673994E+016
 0089  0.1754866179795256E+016
 0090  0.9697623741835741E+015
 0091  0.4695981509563020E+015
 0092  0.1767838093417180E+015
 0093  0.3897276471205188E+014
 0094  0.1171596536033725E+013
 0095  0.4509163432023615E+010
 0096  0.6739889293123976E+009
 0097  0.2532071657473559E+009
 0098  0.1343460415624990E+009
 0099  0.8562560707803899E+008
 0100  0.6022438753066133E+008
 0101  0.4562267162438653E+008
 0102  0.3625517387733360E+008
 0103  0.2987225736877996E+008
 0104  0.2539086051544553E+008
 0105  0.2188840311551166E+008
 0106  0.1933085775358627E+008
 0107  0.1718341808573877E+008
 0108  0.1541159086845829E+008
 0109  0.1396558776296398E+008
 0110  0.1273349216449750E+008
 0111  0.1172436934640086E+008
 0112  0.1082997756731258E+008
 0113  0.1004888726501924E+008
 0114  0.9368440054560646E+007
 0115  0.8764807479860330E+007
 0116  0.8223085270742000E+007
 0117  0.7743248290857632E+007
 0118  0.7306759187883172E+007
 0119  0.6927580150736910E+007
 0120  0.6570385604765305E+007
 0121  0.6235687285660944E+007
 0122  0.5933694432354283E+007
 0123  0.5655556490774347E+007
 0124  0.5398622748099937E+007
 0125  0.5161131632981833E+007
 0126  0.4936037673724650E+007
 0127  0.4729948695429625E+007
 0128  0.4534243688005969E+007
 0129  0.4355951749410275E+007
 0130  0.4187793668046516E+007
 0131  0.4034571485090339E+007
 0132  0.3885653231195990E+007
 0133  0.3743126074778982E+007
 0134  0.3612305628883961E+007
 0135  0.3484637301737186E+007
 0136  0.3368242981097691E+007
 0137  0.3255930667876448E+007
 0138  0.3148249408121740E+007
 0139  0.3046930613393161E+007
 0140  0.2947958184291949E+007
 0141  0.2856414263118647E+007
 0142  0.2770433568944695E+007
 0143  0.2684618737064177E+007
 0144  0.2605937655596896E+007
 0145  0.2529238150803382E+007
 0146  0.2454613622235969E+007
 0147  0.2386623435222985E+007
 0148  0.2320082117614665E+007
 0149  0.2255140750851776E+007
 0150  0.2194006013387632E+007
 0151  0.2134161554579518E+007
 0152  0.2076185446600466E+007
 0153  0.2022449253171489E+007
 0154  0.1970148804967557E+007
 0155  0.1918930375256134E+007
 0156  0.1870357234235228E+007
 0157  0.1823678956881087E+007
 0158  0.1777939211096599E+007
 0159  0.1733682586778051E+007
 0160  0.1692152178752584E+007
 0161  0.1651714690744194E+007
 0162  0.1611773036681224E+007
 0163  0.1573760529294166E+007
 0164  0.1537048383327361E+007
 0165  0.1501053753046133E+007
 0166  0.1465763334737242E+007
 0167  0.1433030777306342E+007
 0168  0.1400972988054384E+007
 0169  0.1369528838156182E+007
 0170  0.1338993151032867E+007
 0171  0.1310008820335147E+007
 0172  0.1281569522983486E+007
 0173  0.1253665192758142E+007
 0174  0.1226431132908276E+007
 0175  0.1200580309627604E+007
 0176  0.1175209636796331E+007
 0177  0.1150311279886196E+007
 0178  0.1125968805305613E+007
 0179  0.1103114732229901E+007
 0180  0.1080676468469986E+007
 0181  0.1058646383837871E+007
 0182  0.1037017611983727E+007
 0183  0.1016218212111020E+007
 0184  0.9959561190925689E+006
 0185  0.9760992482305514E+006
 0186  0.9565562237169516E+006
 0187  0.9376592210876220E+006
 0188  0.9196950319681142E+006
 0189  0.9020480174062650E+006
 0190  0.8847124323097677E+006
 0191  0.8676826397683339E+006
 0192  0.8513280731322159E+006
 0193  0.8353606701132311E+006
 0194  0.8196718821177348E+006
 0195  0.8042566869380977E+006
 0196  0.7891171339400322E+006
 0197  0.7748173392699017E+006
 0198  0.7607783675536406E+006
 0199  0.7469628071623973E+006
 0200  0.7333838098922846E+006
 0201  0.7200629037210695E+006
 0202  0.7071681943676639E+006
 0203  0.6944931433996070E+006
 0204  0.6820338450187022E+006
 0205  0.6697961579451682E+006
 0206  0.6578126587008504E+006
 0207  0.6464484834295789E+006
 0208  0.6352741893961128E+006
 0209  0.6242864399358358E+006
 0210  0.6134819605561995E+006
 0211  0.6028641319263759E+006
 0212  0.5926145687590914E+006
 0213  0.5825508477798237E+006
 0214  0.5726535075177834E+006
 0215  0.5629196829964186E+006
 0216  0.5533511620542086E+006
 0217  0.5440851509161587E+006
 0218  0.5350635635992440E+006
 0219  0.5261892147120464E+006
 0220  0.5174595551000550E+006
 0221  0.5088754765573002E+006
 0222  0.5004636165637832E+006
 0223  0.4924176294720980E+006
 0224  0.4845004539218050E+006
 0225  0.4767098895476396E+006
 0226  0.4690463115646334E+006
 0227  0.4615023223079415E+006
 0228  0.4541141952712724E+006
 0229  0.4468837011431453E+006
 0230  0.4397681415455788E+006
 0231  0.4327674792440205E+006
 0232  0.4258758159606486E+006
 0233  0.4190933337249464E+006
 0234  0.4125121621734643E+006
 0235  0.4060706029930991E+006
 0236  0.3997313306779083E+006
 0237  0.3934895416772522E+006
 0238  0.3873452044892459E+006
 0239  0.3812966588032463E+006
 0240  0.3754847007893131E+006
 0241  0.3697901378875864E+006
 0242  0.3641827886002355E+006
 0243  0.3586612197558554E+006
 0244  0.3532239849024459E+006
 0245  0.3478707369903661E+006
 0246  0.3426533232848161E+006
 0247  0.3375362718525031E+006
 0248  0.3324961743810584E+006
 0249  0.3275326924047993E+006
 0250  0.3226426809860438E+006
 0251  0.3178259043851235E+006
 0252  0.3131271634830709E+006
 0253  0.3085428478266789E+006
 0254  0.3040250462324683E+006
 0255  0.2995735442575171E+006
 0256  0.2951879848705373E+006
 0257  0.2908658157487279E+006
 0258  0.2866204837430562E+006
 0259  0.2825285350623525E+006
 0260  0.2784957814413959E+006
 0261  0.2745199292540719E+006
 0262  0.2706007518339348E+006
 0263  0.2667373485248641E+006
 0264  0.2629294429731505E+006
 0265  0.2592023514180546E+006
 0266  0.2555481696320136E+006
 0267  0.2519455389931152E+006
 0268  0.2483925323919160E+006
 0269  0.2448889533181404E+006
 0270  0.2414345377385488E+006
 0271  0.2380274796066109E+006
 0272  0.2347264142093431E+006
 0273  0.2314777018584982E+006
 0274  0.2282726095174814E+006
 0275  0.2251109554008638E+006
 0276  0.2219920875318062E+006
 0277  0.2189157833643969E+006
 0278  0.2158819167371663E+006
 0279  0.2129503003089348E+006
 0280  0.2100579515035986E+006
 0281  0.2072034809112080E+006
 0282  0.2043871170761159E+006
 0283  0.2016075391754094E+006
 0284  0.1988645937359856E+006
 0285  0.1961595606639948E+006
 0286  0.1935421515184814E+006
 0287  0.1909586991799340E+006
 0288  0.1884090338985400E+006
 0289  0.1858920249233326E+006
 0290  0.1834075327427217E+006
 0291  0.1809553948292877E+006
 0292  0.1785345501507094E+006
 0293  0.1761717515808425E+006
 0294  0.1738448200269094E+006
 0295  0.1715476538868681E+006
 0296  0.1692800947365305E+006
 0297  0.1670412108759244E+006
 0298  0.1648311123534460E+006
 0299  0.1626489139645356E+006
 0300  0.1605098594297559E+006
 0301  0.1584149139390176E+006
 0302  0.1563462373886601E+006
 0303  0.1543039155229896E+006
 0304  0.1522871699575451E+006
 0305  0.1502960746712270E+006
 0306  0.1483298844814830E+006
 0307  0.1463887348656463E+006
 0308  0.1444877941759481E+006
 0309  0.1426108978773204E+006
 0310  0.1407579046677435E+006
 0311  0.1389281525670041E+006
 0312  0.1371216817229564E+006
 0313  0.1353378650242600E+006
 0314  0.1335767311399000E+006
 0315  0.1318472780444082E+006
 0316  0.1301539506140155E+006
 0317  0.1284819399778835E+006
 0318  0.1268312614204534E+006
 0319  0.1252013770545853E+006
 0320  0.1235922947701822E+006
 0321  0.1220035017735824E+006
 0322  0.1204349979801178E+006
 0323  0.1189034875279710E+006
 0324  0.1173994959244828E+006
 0325  0.1159148568391584E+006
 0326  0.1144491238495968E+006
 0327  0.1130022828848946E+006
 0328  0.1115739072938331E+006
 0329  0.1101639766642438E+006
 0330  0.1087721730616070E+006
 0331  0.1073883680700714E+006
 0332  0.1060188350730352E+006
 0333  0.1046673087331380E+006
 0334  0.1033337534936939E+006
 0335  0.1020178816479428E+006
 0336  0.1007194204909848E+006
 0337  0.9943832361806877E+005
 0338  0.9817431650371288E+005
 0339  0.9692680851711673E+005
 0340  0.9569632759203193E+005
 0341  0.9448278772534453E+005
 0342  0.9328594673957571E+005
 0343  0.9210574522820731E+005
 0344  0.9094193704204667E+005
 0345  0.8979428495824651E+005
 0346  0.8866271641741242E+005
 0347  0.8753845049116548E+005
 0348  0.8642638957584386E+005
 0349  0.8533053071318640E+005
 0350  0.8425079101763012E+005
 0351  0.8318693848911098E+005
 0352  0.8213878800938351E+005
 0353  0.8110615173736447E+005
 0354  0.8008879970338038E+005
 0355  0.7907832321580937E+005
 0356  0.7807576874553139E+005
 0357  0.7708888218834951E+005
 0358  0.7611746004675892E+005
 0359  0.7516129378543317E+005
 0360  0.7422017013073617E+005
 0361  0.7329384067332291E+005
 0362  0.7238214676048695E+005
 0363  0.7148288378415484E+005
 0364  0.7059342205990109E+005
 0365  0.6971861492428149E+005
 0366  0.6885821246072921E+005
 0367  0.6801196011902418E+005
 0368  0.6717959930476836E+005
 0369  0.6636086863249140E+005
 0370  0.6555550461953502E+005
 0371  0.6476318953032384E+005
 0372  0.6397301001620717E+005
 0373  0.6319605645024325E+005
 0374  0.6243203496495813E+005
 0375  0.6168067035239007E+005
 0376  0.6094163551407360E+005
 0377  0.6021466144849587E+005
 0378  0.5949946457173010E+005
 0379  0.5879576624348050E+005
 0380  0.5809181328468661E+005
 0381  0.5739437006831792E+005
 0382  0.5670821301974463E+005
 0383  0.5603307020176099E+005
 0384  0.5536867646504545E+005
 0385  0.5471473943219337E+005
 0386  0.5407101392148238E+005
 0387  0.5343726255201683E+005
 0388  0.5281479931016077E+005
 0389  0.5220425443248849E+005
 0390  0.5160299506035812E+005
 0391  0.5101078515476091E+005
 0392  0.5042743596466367E+005
 0393  0.4985273179695251E+005
 0394  0.4928650026026106E+005
 0395  0.4872855159020870E+005
 0396  0.4817870534927815E+005
 0397  0.4762402810498370E+005
 0398  0.4707654078335976E+005
 0399  0.4653699867960105E+005
 0400  0.4600525600707225E+005
 0401  0.4548115381692158E+005
 0402  0.4496454584596963E+005
 0403  0.4445529138070134E+005
 0404  0.4395324978578535E+005
 0405  0.4344846018721892E+005
 0406  0.4294240215924221E+005
 0407  0.4244356692391866E+005
 0408  0.4195181738936665E+005
 0409  0.4146703418710596E+005
 0410  0.4098909698476894E+005
 0411  0.4051788889023846E+005
 0412  0.4005329970832065E+005
 0413  0.3959584904378462E+005
 0414  0.3914664130142563E+005
 0415  0.3870367735122135E+005
 0416  0.3826686042583949E+005
 0417  0.3783608407189341E+005
 0418  0.3741125566789872E+005
 0419  0.3699227624043744E+005
 0420  0.3657905179111974E+005
 0421  0.3617149029803696E+005
 0422  0.3575959669674975E+005
 0423  0.3535233143863119E+005
 0424  0.3495067966675795E+005
 0425  0.3455454850438459E+005
 0426  0.3416385440398784E+005
 0427  0.3377850826267531E+005
 0428  0.3339842937669677E+005
 0429  0.3302353354214723E+005
 0430  0.3265457395968165E+005
 0431  0.3229142637329135E+005
 0432  0.3193319194811177E+005
 0433  0.3157979283443708E+005
 0434  0.3123115268159984E+005
 0435  0.3088720043835129E+005
 0436  0.3054785981391091E+005
 0437  0.3021306056931354E+005
 0438  0.2988185962142169E+005
 0439  0.2954656271701855E+005
 0440  0.2921578266476624E+005
 0441  0.2888944967125242E+005
 0442  0.2856749321340347E+005
 0443  0.2824984307403732E+005
 0444  0.2793643098537716E+005
 0445  0.2762718839049966E+005
 0446  0.2732204843054118E+005
 0447  0.2702348707968766E+005
 0448  0.2672995828770499E+005
 0449  0.2644027584642616E+005
 0450  0.2615437823394944E+005
 0451  0.2587220538677226E+005
 0452  0.2559369716175762E+005
 0453  0.2531879464138777E+005
 0454  0.2504743933644663E+005
 0455  0.2477921902250862E+005
 0456  0.2450582930655509E+005
 0457  0.2423597659781741E+005
 0458  0.2396960692781760E+005
 0459  0.2370666423928984E+005
 0460  0.2344709311310588E+005
 0461  0.2319083875590807E+005
 0462  0.2293784698946790E+005
 0463  0.2268806424203292E+005
 0464  0.2244231118799712E+005
 0465  0.2220069872194955E+005
 0466  0.2196210492513965E+005
 0467  0.2172648240824955E+005
 0468  0.2149378441986447E+005
 0469  0.2126396484758191E+005
 0470  0.2103697822085873E+005
 0471  0.2081277971564835E+005
 0472  0.2059132516086448E+005
 0473  0.2037322216885438E+005
 0474  0.2015815916469305E+005
 0475  0.1994569562437171E+005
 0476  0.1973579187049837E+005
 0477  0.1952840890068145E+005
 0478  0.1932350839634851E+005
 0479  0.1912105273233094E+005
 0480  0.1892100498708228E+005
 0481  0.1872332895337525E+005
 0482  0.1851917421727640E+005
 0483  0.1831007396069420E+005
 0484  0.1810350199314913E+005
 0485  0.1789942015978873E+005
 0486  0.1769779124795452E+005
 0487  0.1749857900419131E+005
 0488  0.1730174814958520E+005
 0489  0.1710726439295822E+005
 0490  0.1691547366799938E+005
 0491  0.1673467531872245E+005
 0492  0.1655597167964486E+005
 0493  0.1637933448859295E+005
 0494  0.1620473647817809E+005
 0495  0.1603215136943023E+005
 0496  0.1586155386036357E+005
 0497  0.1569291960929510E+005
 0498  0.1552622521282118E+005
 0499  0.1536144817846537E+005
 0500  0.1518353941143840E+005
 0501  0.1500686543473274E+005
 0502  0.1483225284997357E+005
 0503  0.1465968246518820E+005
 0504  0.1448913639516496E+005
 0505  0.1432059793334286E+005
 0506  0.1415405141229784E+005
 0507  0.1398948205533933E+005
 0508  0.1382557274085746E+005
 0509  0.1366274261292123E+005
 0510  0.1350180151109727E+005
 0511  0.1334274432507351E+005
 0512  0.1318556600658248E+005
 0513  0.1303026124550835E+005
 0514  0.1287682416504569E+005
 0515  0.1272524804156268E+005
 0516  0.1257321574225566E+005
 0517  0.1241474891156338E+005
 0518  0.1225821956326712E+005
 0519  0.1210362072977966E+005
 0520  0.1195094162972798E+005
 0521  0.1180016743166365E+005
 0522  0.1165127910574475E+005
 0523  0.1150425335751235E+005
 0524  0.1135892399604065E+005
 0525  0.1121511567562817E+005
 0526  0.1107306977692316E+005
 0527  0.1093274574329093E+005
 0528  0.1079409909569968E+005
 0529  0.1065708170241351E+005
 0530  0.1052164207827893E+005
 0531  0.1038772570759132E+005
 0532  0.1025492237468032E+005
 0533  0.1012327310534594E+005
 0534  0.9993081973870218E+004
 0535  0.9864294224284928E+004
 0536  0.9736854454645294E+004
 0537  0.9610706901383268E+004
 0538  0.9485795726305132E+004
 0539  0.9362065306433826E+004
 0540  0.9237890472752104E+004
 0541  0.9114586387518644E+004
 0542  0.8992497218540047E+004
 0543  0.8871579602930078E+004
 0544  0.8751791605522816E+004
 0545  0.8633092894619804E+004
 0546  0.8515444914994701E+004
 0547  0.8401284428420140E+004
 0548  0.8294931711363668E+004
 0549  0.8189604596174923E+004
 0550  0.8085282146562665E+004
 0551  0.7981944699143527E+004
 0552  0.7879573887930862E+004
 0553  0.7778152664298284E+004
 0554  0.7677665312128653E+004
 0555  0.7577869515405392E+004
 0556  0.7478397813866623E+004
 0557  0.7379917325941435E+004
 0558  0.7282417053701177E+004
 0559  0.7185887006378520E+004
 0560  0.7090318178432567E+004
 0561  0.6995702523939666E+004
 0562  0.6902032927374039E+004
 0563  0.6812138469758702E+004
 0564  0.6726430666621001E+004
 0565  0.6641614508004754E+004
 0566  0.6557684725562696E+004
 0567  0.6474636503494647E+004
 0568  0.6392465448299271E+004
 0569  0.6311167557841554E+004
 0570  0.6230739189885299E+004
 0571  0.6149304017324739E+004
 0572  0.6059626944798841E+004
 0573  0.5970993130692147E+004
 0574  0.5883400442836515E+004
 0575  0.5796847041629363E+004
 0576  0.5711331329344494E+004
 0577  0.5626851900058794E+004
 0578  0.5543407490483983E+004
 0579  0.5465929358027706E+004
 0580  0.5389580070280077E+004
 0581  0.5314174408075551E+004
 0582  0.5239710247258790E+004
 0583  0.5166185400482835E+004
 0584  0.5093597589867888E+004
 0585  0.5021944421467664E+004
 0586  0.4950129209709342E+004
 0587  0.4877150883217369E+004
 0588  0.4805160464597716E+004
 0589  0.4734155351537314E+004
 0590  0.4664132683168486E+004
 0591  0.4595089321800067E+004
 0592  0.4527021837136346E+004
 0593  0.4460547611461656E+004
 0594  0.4398156826342120E+004
 0595  0.4336646605491838E+004
 0596  0.4276012851596919E+004
 0597  0.4216251174457599E+004
 0598  0.4157356889184505E+004
 0599  0.4099325016036733E+004
 0600  0.4042150281804916E+004
 0601  0.3977744956299819E+004
 0602  0.3908358195794498E+004
 0603  0.3840158188374069E+004
 0604  0.3773139457591738E+004
 0605  0.3707295737325862E+004
 0606  0.3642619985185132E+004
 0607  0.3584930602142875E+004
 0608  0.3532610312475449E+004
 0609  0.3481161214529773E+004
 0610  0.3430576742168025E+004
 0611  0.3380849885548539E+004
 0612  0.3331973210945092E+004
 0613  0.3283938881542748E+004
 0614  0.3233603524444229E+004
 0615  0.3171658005500707E+004
 0616  0.3111033517529098E+004
 0617  0.3051719054806841E+004
 0618  0.2993702224303210E+004
 0619  0.2936969330805398E+004
 0620  0.2882938044525416E+004
 0621  0.2830832862453665E+004
 0622  0.2779911769830793E+004
 0623  0.2730159431175538E+004
 0624  0.2681559491232893E+004
 0625  0.2634094671349691E+004
 0626  0.2588445188014020E+004
 0627  0.2543995671002775E+004
 0628  0.2500641342429775E+004
 0629  0.2458363514881509E+004
 0630  0.2417142687800459E+004
 0631  0.2376958657254926E+004
 0632  0.2329869193651988E+004
 0633  0.2282778816880144E+004
 0634  0.2237186914909470E+004
 0635  0.2193056681802268E+004
 0636  0.2150349746507028E+004
 0637  0.2098218318033473E+004
 0638  0.2045624759451079E+004
 0639  0.1995400957697178E+004
 0640  0.1947450136407313E+004
 0641  0.1900998805090866E+004
 0642  0.1856849167346859E+004
 0643  0.1814988712625848E+004
 0644  0.1775283753542961E+004
 0645  0.1736871147006468E+004
 0646  0.1700619228443098E+004
 0647  0.1666522155765799E+004
 0648  0.1634392391869272E+004
 0649  0.1594895737736965E+004
 0650  0.1554466856298003E+004
 0651  0.1517383912028579E+004
 0652  0.1465922925681558E+004
 0653  0.1416756676610607E+004
 0654  0.1371076350384197E+004
 0655  0.1342220704406248E+004
 0656  0.1315576960225545E+004
 0657  0.1288507270872112E+004
 0658  0.1257179839112040E+004
 0659  0.1225894258253588E+004
 0660  0.1195099027948510E+004
 0661  0.1136413687273513E+004
 0662  0.1083305440350533E+004
 0663  0.1053089294279500E+004
 0664  0.1023531053014207E+004
 0665  0.9947153889498799E+003
 0666  0.9672369606808121E+003
 0667  0.9403487035548775E+003
 0668  0.9140399976783164E+003
 0669  0.8679995745314668E+003
 0670  0.8258093036549545E+003
 0671  0.8037454671741071E+003
 0672  0.7821430632013037E+003
 0673  0.7609940124327554E+003
 0674  0.7241784878632707E+003
 0675  0.6856921170208483E+003
 0676  0.6493670590735231E+003
 0677  0.6143900214451810E+003
 0678  0.5807775099364152E+003
 0679  0.5486359640723226E+003
 0680  0.5176872679764613E+003
 0681  0.4885110331180533E+003
 0682  0.4602740278888507E+003
 0683  0.4338535459054227E+003
 0684  0.4120129053339655E+003
 0685  0.4114727712562466E+003
 0686  0.4109369954556869E+003
 0687  0.4104055411578944E+003
 0688  0.4098783719220431E+003
 0689  0.4093554516375191E+003
 0690  0.4088367445206094E+003
 0691  0.4083222151112316E+003
 0692  0.4078118282697040E+003
 0693  0.4073055491735355E+003
 0694  0.4068033433142689E+003
 0695  0.4063051764943515E+003
 0696  0.4058110148240467E+003
 0697  0.4053208247183638E+003
 0698  0.4048345728940454E+003
 0699  0.4043522263665716E+003
 0700  0.4038737524472025E+003
 0701  0.4033991187400534E+003
 0702  0.4029282931392056E+003
 0703  0.4024612438258451E+003
 0704  0.4019979392654306E+003
 0705  0.4014636387471327E+003
 0706  0.4009118468799490E+003
 0707  0.4003644817883659E+003
 0708  0.3998215064899533E+003
 0709  0.3992828843326177E+003
 0710  0.3987485789913378E+003
 0711  0.3982185544649611E+003
 0712  0.3976927750730260E+003
 0713  0.3971712054526099E+003
 0714  0.3966538105552340E+003
 0715  0.3961405556437782E+003
 0716  0.3956314062894435E+003
 0717  0.3951263283687468E+003
 0718  0.3946252880605501E+003
 0719  0.3941282518431062E+003
 0720  0.3936351864911679E+003
 0721  0.3931460590730919E+003
 0722  0.3926608369480008E+003
 0723  0.3921794877629684E+003
 0724  0.3917019794502290E+003
 0725  0.3912282802244293E+003
 0726  0.3907583585798965E+003
 0727  0.3902921832879504E+003
 0728  0.3898297233942252E+003
 0729  0.3891292432489411E+003
 0730  0.3881857433894774E+003
 0731  0.3872497924994706E+003
 0732  0.3863213278083809E+003
 0733  0.3854002871022143E+003
 0734  0.3844866087180819E+003
 0735  0.3835802315388672E+003
 0736  0.3826810949878913E+003
 0737  0.3817891390236972E+003
 0738  0.3809043041348378E+003
 0739  0.3800265313347606E+003
 0740  0.3791557621567316E+003
 0741  0.3782919386488056E+003
 0742  0.3774350033688710E+003
 0743  0.3765848993797210E+003
 0744  0.3757415702442077E+003
 0745  0.3749049600204390E+003
 0746  0.3740750132570103E+003
 0747  0.3732516749883010E+003
 0748  0.3724348907298280E+003
 0749  0.3716246064736462E+003
 0750  0.3708207686837727E+003
 0751  0.3700233242916955E+003
 0752  0.3692322206919193E+003
 0753  0.3684474057375616E+003
 0754  0.3676688277359569E+003
 0755  0.3668964354443618E+003
 0756  0.3661301780656999E+003
 0757  0.3653700052443047E+003
 0758  0.3639386158364630E+003
 0759  0.3620902141380223E+003
 0760  0.3602565682908368E+003
 0761  0.3584375560837230E+003
 0762  0.3566330563822081E+003
 0763  0.3548429491181698E+003
 0764  0.3530671152795276E+003
 0765  0.3513054369000867E+003
 0766  0.3495577970494802E+003
 0767  0.3478240798232075E+003
 0768  0.3461041703327538E+003
 0769  0.3443979546959162E+003
 0770  0.3427053200271043E+003
 0771  0.3410261544278595E+003
 0772  0.3393603469773470E+003
 0773  0.3377077877231065E+003
 0774  0.3360683676717880E+003
 0775  0.3344419787800046E+003
 0776  0.3328285139453093E+003
 0777  0.3312278669972580E+003
 0778  0.3296399326885532E+003
 0779  0.3280646066863150E+003
 0780  0.3265017855633886E+003
 0781  0.3249513667898273E+003
 0782  0.3234132487243594E+003
 0783  0.3218873306060386E+003
 0784  0.3203735125459316E+003
 0785  0.3188716955188966E+003
 0786  0.3173817813555170E+003
 0787  0.3159036727339701E+003
 0788  0.3144372731721347E+003
 0789  0.3129824870196861E+003
 0790  0.3110809756885358E+003
 0791  0.3081511770220145E+003
 0792  0.3052448068161722E+003
 0793  0.3023616704496019E+003
 0794  0.2995015750238659E+003
 0795  0.2966643293466549E+003
 0796  0.2938497439152528E+003
 0797  0.2910576309001894E+003
 0798  0.2882878041289411E+003
 0799  0.2855400790699869E+003
 0800  0.2828142728169359E+003
 0801  0.2801102040728949E+003
 0802  0.2774276931348048E+003
 0803  0.2747665618782410E+003
 0804  0.2721266337422085E+003
 0805  0.2695077337140558E+003
 0806  0.2669096883147238E+003
 0807  0.2643323255839388E+003
 0808  0.2617754750657090E+003
 0809  0.2592389677940475E+003
 0810  0.2567226362785693E+003
 0811  0.2542263144905677E+003
 0812  0.2517498378489767E+003
 0813  0.2492930432066545E+003
 0814  0.2468557688367618E+003
 0815  0.2444378544192047E+003
 0816  0.2420391410273961E+003
 0817  0.2396594711149103E+003
 0818  0.2372986885025796E+003
 0819  0.2349566383654686E+003
 0820  0.2326331672201040E+003
 0821  0.2303281229118204E+003
 0822  0.2270337353023201E+003
 0823  0.2235394095420986E+003
 0824  0.2200732514958712E+003
 0825  0.2166350238893403E+003
 0826  0.2132244915947968E+003
 0827  0.2098414216097138E+003
 0828  0.2064855830354239E+003
 0829  0.2031567470563133E+003
 0830  0.1998546869188564E+003
 0831  0.1965791779112074E+003
 0832  0.1933299973429527E+003
 0833  0.1901069245248729E+003
 0834  0.1869097407492962E+003
 0835  0.1837382292703045E+003
 0836  0.1805921752844841E+003
 0837  0.1774713659115455E+003
 0838  0.1743755901755933E+003
 0839  0.1713046389861311E+003
 0840  0.1682583051196459E+003
 0841  0.1652363832011210E+003
 0842  0.1622386696860797E+003
 0843  0.1592649628424454E+003
 0844  0.1563150627328863E+003
 0845  0.1533887711972326E+003
 0846  0.1504858918350925E+003
 0847  0.1476062299887539E+003
 0848  0.1443020318125624E+003
 0849  0.1409177088084348E+003
 0850  0.1375611349576820E+003
 0851  0.1342320697320389E+003
 0852  0.1309302748732338E+003
 0853  0.1276555143692339E+003
 0854  0.1244075544303763E+003
 0855  0.1211861634660762E+003
 0856  0.1179911120618267E+003
 0857  0.1148221729564084E+003
 0858  0.1116791210192307E+003
 0859  0.1085617332280073E+003
 0860  0.1054697886469678E+003
 0861  0.1024030684050375E+003
 0862  0.9936135567413834E+002
 0863  0.9634443564819691E+002
 0864  0.9335209552195988E+002
 0865  0.9038412447035765E+002
 0866  0.8744031362792647E+002
 0867  0.8448790594295360E+002
 0868  0.8155546406633390E+002
 0869  0.7864776139205210E+002
 0870  0.7576457358475000E+002
 0871  0.7290567855943665E+002
 0872  0.7007085645623461E+002
 0873  0.6725988961541852E+002
 0874  0.6447256255263937E+002
 0875  0.6170866193433108E+002
 0876  0.5896797655381084E+002
 0877  0.5625029730747659E+002
 0878  0.5355541717102196E+002
 0879  0.5088313117651305E+002
 0880  0.4840710420811503E+002
 0881  0.4595897903903064E+002
 0882  0.4353241599637498E+002
 0883  0.4112720697830624E+002
 0884  0.3874314613262452E+002
 0885  0.3638002982934174E+002
 0886  0.3403765663376094E+002
 0887  0.3171582728015282E+002
 0888  0.2949728160320458E+002
 0889  0.2744507481265288E+002
 0890  0.2541208400670857E+002
 0891  0.2339810860141075E+002
 0892  0.2140295036392984E+002
 0893  0.1942641338205899E+002
 0894  0.1759659600710872E+002
 0895  0.1587184836451050E+002
 0896  0.1416459447679918E+002
 0897  0.1247463497157389E+002
 0898  0.1092486330643202E+002
 0899  0.9453371002583536E+001
 0900  0.7998384594787154E+001
 0901  0.6705664809317105E+001
 0902  0.5439419428442009E+001
 0903  0.4316951121825580E+001
 0904  0.3276377525528229E+001
 0905  0.2343770131800982E+001
 0906  0.1539608331376459E+001
 0907  0.8797788728664417E+000
 0908  0.3937044987651876E+000
 0909  0.4626472432392440E-002
 0910  0.9830796309368516E-005
 0911  0.2422080911786377E-005
 0912  0.1075708548473358E-005
 0913  0.6053541418040391E-006
 0914  0.3882678565646622E-006
 0915  0.2708892504829721E-006
 0916  0.1998674739532892E-006
 0917  0.1539797520494869E-006
 0918  0.1222984842306116E-006
 0919  0.9956840179368343E-007
 0920  0.8280999127263917E-007
 0921  0.7011060604834110E-007
 0922  0.6017501870809578E-007
 0923  0.5218799191717515E-007
 0924  0.4570010518007966E-007
 0925  0.4054845072513779E-007
 0926  0.3611717986844384E-007
 0927  0.3246273129931358E-007
 0928  0.2933501205481891E-007
 0929  0.2665870908847651E-007
 0930  0.2435165251027312E-007
 0931  0.2235963166320723E-007
 0932  0.2057337544285324E-007
 0933  0.1907016401206312E-007
 0934  0.1766142510354800E-007
 0935  0.1647285015344597E-007
 0936  0.1538826285214603E-007
 0937  0.1436581840853171E-007
 0938  0.1352905707356068E-007
 0939  0.1273702700503026E-007
 0940  0.1198595328435415E-007
 0941  0.1135018253170322E-007
 0942  0.1075968988108240E-007
 0943  0.1019679674614155E-007
 0944  0.9679134486533639E-008
 0945  0.9233851860029497E-008
 0946  0.8807343785178165E-008
 0947  0.8398878627451356E-008
 0948  0.8020242296604268E-008
 0949  0.7694653967890918E-008
 0950  0.7381458818979219E-008
 0951  0.7080210510773539E-008
 0952  0.6790478076813010E-008
 0953  0.6536206149687873E-008
 0954  0.6302987652964350E-008
 0955  0.6077779930095583E-008
 0956  0.5860316200939744E-008
 0957  0.5650338357892098E-008
 0958  0.5458893658827686E-008
 0959  0.5288451420671592E-008
 0960  0.5123290659357756E-008
 0961  0.4963248663823221E-008
 0962  0.4808167713838542E-008
 0963  0.4657894927427686E-008
 0964  0.4520364981701515E-008
 0965  0.4397734794417134E-008
 0966  0.4278526727161433E-008
 0967  0.4162643338948938E-008
 0968  0.4049990004872142E-008
 0969  0.3940474833823256E-008
 0970  0.3834008588591379E-008
 0971  0.3737019240431852E-008
 0972  0.3649611341912845E-008
 0973  0.3564397249749209E-008
 0974  0.3481319286290178E-008
 0975  0.3400321342069171E-008
 0976  0.3321348832094133E-008
 0977  0.3244348653359952E-008
 0978  0.3169269143577095E-008
 0979  0.3099682663532303E-008
 0980  0.3037618380168502E-008
 0981  0.2976955176801787E-008
 0982  0.2917659055605519E-008
 0983  0.2859696887381666E-008
 0984  0.2803036388494895E-008
 0985  0.2747646098445632E-008
 0986  0.2693495358045913E-008
 0987  0.2640554288197015E-008
 0988  0.2588793769249354E-008
 0989  0.2543938573229884E-008
 0990  0.2500961923129839E-008
 0991  0.2458854820837655E-008
 0992  0.2417597866020171E-008
 0993  0.2377172122350149E-008
 0994  0.2337559105817867E-008
 0995  0.2298740773350766E-008
 0996  0.2260699511730961E-008
 0997  0.2223418126804341E-008
 0998  0.2186879832967195E-008
 0999  0.2151068242935208E-008
 1000  0.0000000000000000E+000
