  0.0000000000E+000  0.0000000000E+000
  1.7001670466E+003  2.0397433333E+036
  3.4003315100E+003  2.0684521215E+036
  5.1002761013E+003  2.1524664954E+036
  6.8002053615E+003  2.5358236559E+036
  8.5002146599E+003  4.2171463370E+036
  1.0200318473E+004  8.5963906950E+036
  1.1900186323E+004  1.5546814870E+037
  1.3600292952E+004  2.6869695672E+037
  1.5300273152E+004  8.8370042696E+037
  1.7000324685E+004  8.5372997933E+037
  1.8700321315E+004  8.1363247596E+037
  2.0400172306E+004  7.7769968304E+037
  2.2100176714E+004  7.4628461163E+037
  2.3800221478E+004  7.1871340845E+037
  2.5500187304E+004  6.9222624988E+037
  2.7200332053E+004  6.6835342549E+037
  2.8900291308E+004  6.4699894212E+037
  3.0600184063E+004  6.2795648919E+037
  3.2300248804E+004  6.1032381532E+037
  3.4000322209E+004  5.9450071018E+037
  3.5700313393E+004  5.7991583508E+037
  3.7400213034E+004  5.6685342197E+037
  3.9100298874E+004  5.5519522465E+037
  4.0800257708E+004  5.4272466347E+037
  4.2500175410E+004  5.3039467853E+037
  4.4200311250E+004  5.1893044537E+037
  4.5900296521E+004  5.0891947790E+037
  4.7600307189E+004  4.9986406392E+037
  4.9300282479E+004  4.9188459509E+037
  5.1000316530E+004  4.8414594628E+037
  5.2700253823E+004  4.7697331522E+037
  5.4400187819E+004  4.7011202845E+037
  5.6100175955E+004  4.6355717372E+037
  5.7800333454E+004  4.5740032375E+037
  5.9500203598E+004  4.5145379751E+037
  6.1200300113E+004  4.4508882214E+037
  6.2900224866E+004  4.3899117445E+037
  6.4600311669E+004  4.3290745358E+037
  6.6300231040E+004  4.2701905853E+037
  6.8000336289E+004  4.2136711723E+037
  6.9700255772E+004  4.1597661964E+037
  7.1400282998E+004  4.1079904730E+037
  7.3100298378E+004  4.0582618746E+037
  7.4800322420E+004  4.0106202554E+037
  7.6500316557E+004  3.9470172074E+037
  7.8200339563E+004  3.8933083704E+037
  7.9900308458E+004  3.8441245205E+037
  8.1600238594E+004  3.7978809985E+037
  8.3300248938E+004  3.7541710826E+037
  8.5000339448E+004  3.7124495465E+037
  8.6700267402E+004  3.6723841067E+037
  8.8400238445E+004  3.6339924114E+037
  9.0100251052E+004  3.5970158501E+037
  9.1800234734E+004  3.5612712923E+037
  9.3500336969E+004  3.5268531900E+037
  9.5200205976E+004  3.4936612867E+037
  9.6900287864E+004  3.4610800591E+037
  9.8600308795E+004  3.4292993060E+037
  1.0030033008E+005  3.3986061420E+037
  1.0200034077E+005  3.3688036205E+037
  1.0370030525E+005  3.3399083051E+037
  1.0540033401E+005  3.3119498062E+037
  1.0710022895E+005  3.2848008348E+037
  1.0880022473E+005  3.2587857545E+037
  1.1050020133E+005  3.2336984797E+037
  1.1220022948E+005  3.2094403463E+037
  1.1390029546E+005  3.1859000572E+037
  1.1560024283E+005  3.1630926788E+037
  1.1730030176E+005  3.1410483087E+037
  1.1900027268E+005  3.1195640109E+037
  1.2070031094E+005  3.0985082102E+037
  1.2240032123E+005  3.0781191330E+037
  1.2410029548E+005  3.0584416400E+037
  1.2580024972E+005  3.0394429579E+037
  1.2750033272E+005  3.0210410351E+037
  1.2920018673E+005  3.0033257747E+037
  1.3090028122E+005  2.9861834750E+037
  1.3260027998E+005  2.9695919657E+037
  1.3430025325E+005  2.9535004567E+037
  1.3600026233E+005  2.9378569135E+037
  1.3770030024E+005  2.9226542367E+037
  1.3940020130E+005  2.9079012733E+037
  1.4110017640E+005  2.8936027787E+037
  1.4280021698E+005  2.8797433578E+037
  1.4450030796E+005  2.8662970723E+037
  1.4620024185E+005  2.8532415029E+037
  1.4790031689E+005  2.8405019605E+037
  1.4960033891E+005  2.8283720935E+037
  1.5130034066E+005  2.8168056574E+037
  1.5300028379E+005  2.8057406775E+037
  1.5470031795E+005  2.7951119018E+037
  1.5640026544E+005  2.7848606279E+037
  1.5810034306E+005  2.7749910844E+037
  1.5980024694E+005  2.7655121862E+037
  1.6150034580E+005  2.7546675386E+037
  1.6320031250E+005  2.7444525045E+037
  1.6490030513E+005  2.7350925995E+037
  1.6660018220E+005  2.7264098185E+037
  1.6830027799E+005  2.7182840965E+037
  1.7000021836E+005  2.7106533663E+037
  1.7170031679E+005  2.7034834078E+037
  1.7340021167E+005  2.6967540850E+037
  1.7510022945E+005  2.6904536014E+037
  1.7680020283E+005  2.6845756919E+037
  1.7850028310E+005  2.6791134683E+037
  1.8020029233E+005  2.6740612762E+037
  1.8190022995E+005  2.6694129385E+037
  1.8360031802E+005  2.6651618921E+037
  1.8530024425E+005  2.6613031101E+037
  1.8700018033E+005  2.6578305459E+037
  1.8870032045E+005  2.6547384785E+037
  1.9040032371E+005  2.6520223623E+037
  1.9210018934E+005  2.6496771254E+037
  1.9380024033E+005  2.6476975521E+037
  1.9550029307E+005  2.6460793209E+037
  1.9720031541E+005  2.6448180394E+037
  1.9890029523E+005  2.6439094529E+037
  2.0060023708E+005  2.6433494595E+037
  2.0230028833E+005  2.6431341161E+037
  2.0400025271E+005  2.6432596896E+037
  2.0570033800E+005  2.6437225870E+037
  2.0740019258E+005  2.6445192039E+037
  2.0910020005E+005  2.6456463581E+037
  2.1080021378E+005  2.6471007937E+037
  2.1250024210E+005  2.6488794491E+037
  2.1420028421E+005  2.6509793839E+037
  2.1590018182E+005  2.6533975434E+037
  2.1760027449E+005  2.6561317248E+037
  2.1930019494E+005  2.6591787652E+037
  2.2100025804E+005  2.6625367617E+037
  2.2270030018E+005  2.6662030810E+037
  2.2440028996E+005  2.6701753899E+037
  2.2610022752E+005  2.6744514789E+037
  2.2780028048E+005  2.6790284165E+037
  2.2950025537E+005  2.6838925381E+037
  2.3120033880E+005  2.6890279585E+037
  2.3290021851E+005  2.6944271237E+037
  2.3460025168E+005  2.7000916977E+037
  2.3630028537E+005  2.7060258055E+037
  2.3800031969E+005  2.7122354832E+037
  2.3970020345E+005  2.7187220147E+037
  2.4140027848E+005  2.7254875411E+037
  2.4310018572E+005  2.7325305931E+037
  2.4480025491E+005  2.7398501253E+037
  2.4650029036E+005  2.7474269984E+037
  2.4820029048E+005  2.7552350489E+037
  2.4990024549E+005  2.7623263167E+037
  2.5160031870E+005  2.7692143721E+037
  2.5330032723E+005  2.7765824582E+037
  2.5500026508E+005  2.7843839796E+037
  2.5670031530E+005  2.7925646761E+037
  2.5840033672E+005  2.8010877336E+037
  2.6010033518E+005  2.8099376447E+037
  2.6180032166E+005  2.8190758750E+037
  2.6350029816E+005  2.8284768360E+037
  2.6520028579E+005  2.8381341880E+037
  2.6690027044E+005  2.8479185009E+037
  2.6860024999E+005  2.8577361428E+037
  2.7030021467E+005  2.8677276631E+037
  2.7200031283E+005  2.8779377574E+037
  2.7370018934E+005  2.8883497203E+037
  2.7540019604E+005  2.8989404278E+037
  2.7710031870E+005  2.9097111124E+037
  2.7880020070E+005  2.9206731119E+037
  2.8050019796E+005  2.9318425666E+037
  2.8220030510E+005  2.9432300522E+037
  2.8390020827E+005  2.9548375725E+037
  2.8560026485E+005  2.9666350027E+037
  2.8730030573E+005  2.9785767732E+037
  2.8900033316E+005  2.9906584105E+037
  2.9070018547E+005  3.0028920641E+037
  2.9240020571E+005  3.0152920926E+037
  2.9410020941E+005  3.0278619646E+037
  2.9580019558E+005  3.0405971399E+037
  2.9750031821E+005  3.0534106836E+037
  2.9920021790E+005  3.0662339522E+037
  3.0090024355E+005  3.0791175403E+037
  3.0260021828E+005  3.0920824266E+037
  3.0430030775E+005  3.1051476462E+037
  3.0600033944E+005  3.1183185964E+037
  3.0770031331E+005  3.1314304920E+037
  3.0940024769E+005  3.1445071698E+037
  3.1110033538E+005  3.1576025958E+037
  3.1280022235E+005  3.1707443821E+037
  3.1450026830E+005  3.1839606820E+037
  3.1620029836E+005  3.1972637550E+037
  3.1790031654E+005  3.2106598282E+037
  3.1960031459E+005  3.2241465641E+037
  3.2130028732E+005  3.2376532973E+037
  3.2300022678E+005  3.2511214069E+037
  3.2470029045E+005  3.2645826600E+037
  3.2640030989E+005  3.2780718967E+037
  3.2810027571E+005  3.2915924353E+037
  3.2980018378E+005  3.3050858007E+037
  3.3150021741E+005  3.3186431765E+037
  3.3320019580E+005  3.3322394184E+037
  3.3490030040E+005  3.3457807926E+037
  3.3660019886E+005  3.3592764522E+037
  3.3830024903E+005  3.3727728081E+037
  3.4000027086E+005  3.3862962244E+037
  3.4170027352E+005  3.3998621743E+037
  3.4340024988E+005  3.4134787225E+037
  3.4510019938E+005  3.4271480996E+037
  3.4680029836E+005  3.4408234693E+037
  3.4850017745E+005  3.4543961001E+037
  3.5020018480E+005  3.4678957102E+037
  3.5190032015E+005  3.4812217126E+037
  3.5360022342E+005  3.4944311302E+037
  3.5530024091E+005  3.5076993541E+037
  3.5700020220E+005  3.5210306743E+037
  3.5870028414E+005  3.5344203613E+037
  3.6040031169E+005  3.5478456718E+037
  3.6210030125E+005  3.5611804581E+037
  3.6380025304E+005  3.5743991654E+037
  3.6550034140E+005  3.5875627391E+037
  3.6720023186E+005  3.6007071501E+037
  3.6890026169E+005  3.6138535196E+037
  3.7060025742E+005  3.6270069030E+037
  3.7230022388E+005  3.6401709109E+037
  3.7400031751E+005  3.6533460962E+037
  3.7570019134E+005  3.6665163194E+037
  3.7740018997E+005  3.6795543748E+037
  3.7910030547E+005  3.6924361067E+037
  3.8080019214E+005  3.7052345173E+037
  3.8250019775E+005  3.7179970543E+037
  3.8420032415E+005  3.7307446106E+037
  3.8590022128E+005  3.7434835796E+037
  3.8760024541E+005  3.7562185792E+037
  3.8930023046E+005  3.7689458191E+037
  3.9100017883E+005  3.7816621995E+037
  3.9270026939E+005  3.7943607391E+037
  3.9440032306E+005  3.8069094700E+037
  3.9610033795E+005  3.8192678868E+037
  3.9780032045E+005  3.8315229981E+037
  3.9950026048E+005  3.8437239653E+037
  4.0120033044E+005  3.8558939668E+037
  4.0290017641E+005  3.8680395960E+037
  4.0460031532E+005  3.8801677751E+037
  4.0630022561E+005  3.8922750774E+037
  4.0800025713E+005  3.9043627306E+037
  4.0970022849E+005  3.9164122334E+037
  4.1140032796E+005  3.9281913872E+037
  4.1310020238E+005  3.9398916781E+037
  4.1480020020E+005  3.9514124822E+037
  4.1650033231E+005  3.9628251941E+037
  4.1820024636E+005  3.9741855740E+037
  4.1990029330E+005  3.9855182880E+037
  4.2160030215E+005  3.9940744404E+037
  4.2330026368E+005  4.0030436564E+037
  4.2500017609E+005  4.0128007789E+037
  4.2670021488E+005  4.0229069310E+037
  4.2840020001E+005  4.0332169747E+037
  4.3010030687E+005  4.0436616438E+037
  4.3180018223E+005  4.0541954764E+037
  4.3350034993E+005  4.0647904978E+037
  4.3520028524E+005  4.0753487086E+037
  4.3690034043E+005  4.0857686016E+037
  4.3860034215E+005  4.0961051769E+037
  4.4030029401E+005  4.1064031515E+037
  4.4200019591E+005  4.1166819888E+037
  4.4370022302E+005  4.1269496261E+037
  4.4540020251E+005  4.1372058534E+037
  4.4710031534E+005  4.1474500415E+037
  4.4880020659E+005  4.1576774457E+037
  4.5050022432E+005  4.1678870199E+037
  4.5220019419E+005  4.1780734654E+037
  4.5390028340E+005  4.1882338273E+037
  4.5560031757E+005  4.1983638925E+037
  4.5730030207E+005  4.2084605572E+037
  4.5900022556E+005  4.2184499627E+037
  4.6070026686E+005  4.2282341601E+037
  4.6240025100E+005  4.2378877937E+037
  4.6410034941E+005  4.2474670950E+037
  4.6580021962E+005  4.2570034777E+037
  4.6750021097E+005  4.2666165738E+037
  4.6920031899E+005  4.2781793606E+037
  4.7090020537E+005  4.3528339387E+037
  4.7260021457E+005  1.8118939490E+039
  4.7430034888E+005  3.0958333833E+039
  4.7600026161E+005  5.2780461112E+039
  4.7770029274E+005  1.1394746228E+040
  4.7940026940E+005  2.0484924659E+040
  4.8110019303E+005  1.2306523469E+041
  4.8280023020E+005  3.3942619891E+041
  4.8450020937E+005  1.1447185107E+042
  4.8620030219E+005  2.5800582036E+042
  4.8790033119E+005  4.7848350337E+042
  4.8960029994E+005  8.4570096818E+042
  4.9130020599E+005  1.2830880762E+043
  4.9300022928E+005  1.7392537514E+043
  4.9470019688E+005  2.1645906863E+043
  4.9640028016E+005  2.5072664252E+043
  4.9810030646E+005  2.7316219954E+043
  4.9980027587E+005  2.8210622772E+043
  5.0150018948E+005  2.7793875718E+043
  5.0320022528E+005  2.6264592309E+043
  5.0490020442E+005  2.4175998548E+043
  5.0660030155E+005  2.1277629870E+043
  5.0830033902E+005  1.8436615057E+043
  5.1000031490E+005  1.5703483214E+043
  5.1170022960E+005  1.3140234281E+043
  5.1340026135E+005  1.0986195170E+043
  5.1510022964E+005  9.2093593296E+042
  5.1680030782E+005  7.8049784284E+042
  5.1850032620E+005  6.6915549928E+042
  5.2020028267E+005  5.8240011610E+042
  5.2190017732E+005  5.1353879748E+042
  5.2360019244E+005  4.5847451565E+042
  5.2530032182E+005  4.1528911053E+042
  5.2700021451E+005  3.7873300717E+042
  5.2870022657E+005  3.4736310356E+042
  5.3040017754E+005  3.2275899131E+042
  5.3210024440E+005  3.0211092846E+042
  5.3380025100E+005  2.8297968994E+042
  5.3550019092E+005  2.6439809707E+042
  5.3720024290E+005  2.5066652557E+042
  5.3890023218E+005  2.3977551680E+042
  5.4060033273E+005  2.3010144319E+042
  5.4230019148E+005  2.2067351385E+042
  5.4400033920E+005  2.1109820109E+042
  5.4570024518E+005  2.0105409726E+042
  5.4740026454E+005  1.9232067333E+042
  5.4910022042E+005  1.8690390847E+042
  5.5080029071E+005  1.8198435798E+042
  5.5250030012E+005  1.7693515566E+042
  5.5420024217E+005  1.7196012218E+042
  5.5590029710E+005  1.6694733340E+042
  5.5760029196E+005  1.6197999987E+042
  5.5930021845E+005  1.5714643540E+042
  5.6100025963E+005  1.5248794581E+042
  5.6270023499E+005  1.4749021812E+042
  5.6440031497E+005  1.4252521637E+042
  5.6610033152E+005  1.3791972094E+042
  5.6780027983E+005  1.3555594512E+042
  5.6950033613E+005  1.3386565252E+042
  5.7120032736E+005  1.3152463712E+042
  5.7290024920E+005  1.2915991515E+042
  5.7460028144E+005  1.2659338521E+042
  5.7630024884E+005  1.2419001627E+042
  5.7800032621E+005  1.2179929593E+042
  5.7970034203E+005  1.1941418004E+042
  5.8140029101E+005  1.1713934303E+042
  5.8310034746E+005  1.1497393237E+042
  5.8480034125E+005  1.1264892327E+042
  5.8650026853E+005  1.1047495700E+042
  5.8820030356E+005  1.0854473483E+042
  5.8990027608E+005  1.0666413834E+042
  5.9160017769E+005  1.0442839366E+042
  5.9330018480E+005  1.0212754506E+042
  5.9500030054E+005  1.0031478993E+042
  5.9670034366E+005  9.8588829463E+041
  5.9840032148E+005  9.6896915820E+041
  6.0010022879E+005  9.5196631178E+041
  6.0180023950E+005  9.3420245031E+041
  6.0350018385E+005  9.1481800631E+041
  6.0520023145E+005  8.9506603923E+041
  6.0690020872E+005  8.8353124615E+041
  6.0860029662E+005  8.8796526319E+041
  6.1030031121E+005  8.8989408940E+041
  6.1200025665E+005  8.8337964176E+041
  6.1370030985E+005  8.7513827970E+041
  6.1540029074E+005  8.6579269158E+041
  6.1710020224E+005  8.5619660612E+041
  6.1880021904E+005  8.4800480946E+041
  6.2050033947E+005  8.4061449959E+041
  6.2220021534E+005  8.3224198403E+041
  6.2390019415E+005  8.2360416190E+041
  6.2560027788E+005  8.1594310182E+041
  6.2730029541E+005  8.0945957951E+041
  6.2900023745E+005  8.0278554992E+041
  6.3070028553E+005  7.9539398920E+041
  6.3240026107E+005  7.8773132170E+041
  6.3410033940E+005  7.8045157596E+041
  6.3580034917E+005  7.7364160582E+041
  6.3750028248E+005  7.6705499294E+041
  6.3920031973E+005  7.6069636815E+041
  6.4090028730E+005  7.5460337155E+041
  6.4260017883E+005  7.4872411161E+041
  6.4430035130E+005  7.4268379868E+041
  6.4600027570E+005  7.3619495092E+041
  6.4770030241E+005  7.2941864198E+041
  6.4940025551E+005  7.2279933787E+041
  6.5110031023E+005  7.1679079897E+041
  6.5280028671E+005  7.1152677531E+041
  6.5450018992E+005  7.0675677630E+041
  6.5620019219E+005  7.0209654831E+041
  6.5790029394E+005  6.9734350449E+041
  6.5960032042E+005  6.9246756530E+041
  6.6130026796E+005  6.8753668322E+041
  6.6300031932E+005  6.8258490913E+041
  6.6470029562E+005  6.7760781290E+041
  6.6640019668E+005  6.7266947957E+041
  6.6810020237E+005  6.6789369609E+041
  6.6980030741E+005  6.6339337209E+041
  6.7150033797E+005  6.5917560013E+041
  6.7320029246E+005  6.5515128631E+041
  6.7490034672E+005  6.5119605524E+041
  6.7660032459E+005  6.4724162121E+041
  6.7830022395E+005  6.4330684898E+041
  6.8000022410E+005  6.3946550002E+041
  6.8170032528E+005  6.3575969488E+041
  6.8340034807E+005  6.3216845564E+041
  6.8510029468E+005  6.2860867867E+041
  6.8680034220E+005  6.2500536761E+041
  6.8850031017E+005  6.2135695765E+041
  6.9020020210E+005  6.1770464724E+041
  6.9190019218E+005  6.1411738828E+041
  6.9360028224E+005  6.1065781972E+041
  6.9530029847E+005  6.0735881501E+041
  6.9700023311E+005  6.0422657489E+041
  6.9870026818E+005  6.0123434571E+041
  7.0040022447E+005  5.9834256647E+041
  7.0210027871E+005  5.9550612530E+041
  7.0380025688E+005  5.9268301343E+041
  7.0550032973E+005  5.8983478558E+041
  7.0720032325E+005  5.8692212439E+041
  7.0890023922E+005  5.8392998882E+041
  7.1060025179E+005  5.8086673220E+041
  7.1230018542E+005  5.7776203231E+041
  7.1400021602E+005  5.7466148100E+041
  7.1570034127E+005  5.7161012164E+041
  7.1740021208E+005  5.6863949110E+041
  7.1910035435E+005  5.6575949577E+041
  7.2080023785E+005  5.6295801237E+041
  7.2250022281E+005  5.6020325873E+041
  7.2420030157E+005  5.5746310015E+041
  7.2590030382E+005  5.5471587849E+041
  7.2760022520E+005  5.5195822300E+041
  7.2930023967E+005  5.4919086042E+041
  7.3100017805E+005  5.4641767849E+041
  7.3270021241E+005  5.4364191021E+041
  7.3440034356E+005  5.4086534021E+041
  7.3610021869E+005  5.3808677214E+041
  7.3780018772E+005  5.3529741521E+041
  7.3950025547E+005  5.3248782275E+041
  7.4120024429E+005  5.2964820401E+041
  7.4290032523E+005  5.2677729692E+041
  7.4460032653E+005  5.2394219577E+041
  7.4630024395E+005  5.2127352808E+041
  7.4800025600E+005  5.1899190568E+041
  7.4970018857E+005  5.1737849282E+041
  7.5140021372E+005  5.1665083791E+041
  7.5310033467E+005  5.1677695968E+041
  7.5480019405E+005  5.1726896311E+041
  7.5650032352E+005  5.1754710913E+041
  7.5820019127E+005  5.1741771336E+041
  7.5990032870E+005  5.1689770538E+041
  7.6160020546E+005  5.1603655187E+041
  7.6330035501E+005  5.1488621804E+041
  7.6500024256E+005  5.1353588162E+041
  7.6670022411E+005  5.1210275799E+041
  7.6840029803E+005  5.1068590789E+041
  7.7010028856E+005  5.0933263436E+041
  7.7180019624E+005  5.0803406966E+041
  7.7350019395E+005  5.0673275723E+041
  7.7520028660E+005  5.0537212208E+041
  7.7690029223E+005  5.0393593645E+041
  7.7860021193E+005  5.0243975513E+041
  7.8030022864E+005  5.0090935224E+041
  7.8200033573E+005  4.9937028678E+041
  7.8370018341E+005  4.9784959689E+041
  7.8540030247E+005  4.9637387776E+041
  7.8710033417E+005  4.9496774221E+041
  7.8880028419E+005  4.9364601372E+041
  7.9050032547E+005  4.9240348741E+041
  7.9220028006E+005  4.9120866935E+041
  7.9390032815E+005  4.9001622816E+041
  7.9560028538E+005  4.8878913106E+041
  7.9730033399E+005  4.8751219981E+041
  7.9900029637E+005  4.8618819021E+041
  8.0070034654E+005  4.8482518766E+041
  8.0240031274E+005  4.8343641368E+041
  8.0410018881E+005  4.8203733540E+041
  8.0580033333E+005  4.8064940515E+041
  8.0750021284E+005  4.7929549299E+041
  8.0920018076E+005  4.7799377646E+041
  8.1090024085E+005  4.7675400694E+041
  8.1260021414E+005  4.7557411351E+041
  8.1430027863E+005  4.7443806144E+041
  8.1600025568E+005  4.7331962796E+041
  8.1770032224E+005  4.7219338036E+041
  8.1940030232E+005  4.7104261238E+041
  8.2110019457E+005  4.6986077322E+041
  8.2280035258E+005  4.6864891504E+041
  8.2450024418E+005  4.6741292017E+041
  8.2620021932E+005  4.6615920341E+041
  8.2790028456E+005  4.6489616326E+041
  8.2960025789E+005  4.6363570412E+041
  8.3130031821E+005  4.6238951862E+041
  8.3300029348E+005  4.6116805037E+041
  8.3470035377E+005  4.5997778241E+041
  8.3640032561E+005  4.5882100270E+041
  8.3810020943E+005  4.5769612475E+041
  8.3980017983E+005  4.5659805394E+041
  8.4150024221E+005  4.5552042465E+041
  8.4320021329E+005  4.5445860375E+041
  8.4490026992E+005  4.5340959749E+041
  8.4660023802E+005  4.5237238819E+041
  8.4830028914E+005  4.5134792982E+041
  8.5000025102E+005  4.5033715044E+041
  8.5170030037E+005  4.4933873385E+041
  8.5340025654E+005  4.4835090136E+041
  8.5510029993E+005  4.4737220815E+041
  8.5680024875E+005  4.4640240331E+041
  8.5850028425E+005  4.4544116122E+041
  8.6020022728E+005  4.4448756282E+041
  8.6190025696E+005  4.4353916367E+041
  8.6360019601E+005  4.4259302145E+041
  8.6530022054E+005  4.4164499793E+041
  8.6700033188E+005  4.4069105955E+041
  8.6870035193E+005  4.3972830382E+041
  8.7040027894E+005  4.3875563323E+041
  8.7210029649E+005  4.3777346711E+041
  8.7380021804E+005  4.3678337998E+041
  8.7550022593E+005  4.3578856273E+041
  8.7720031954E+005  4.3479294588E+041
  8.7890031590E+005  4.3380107025E+041
  8.8060022307E+005  4.3281779432E+041
  8.8230021421E+005  4.3184774821E+041
  8.8400029034E+005  4.3089541250E+041
  8.8570027480E+005  4.2996460176E+041
  8.8740034093E+005  4.2905887113E+041
  8.8910031424E+005  4.2818069961E+041
  8.9080019561E+005  4.2733118763E+041
  8.9250033726E+005  4.2650979461E+041
  8.9420020737E+005  4.2571487490E+041
  8.9590033669E+005  4.2494223329E+041
  8.9760019263E+005  4.2418795002E+041
  8.9930030910E+005  4.2344756435E+041
  9.0100033115E+005  4.2271724122E+041
  9.0270026126E+005  4.2199353868E+041
  9.0440027392E+005  4.2127323046E+041
  9.0610019389E+005  4.2055359250E+041
  9.0780019540E+005  4.1983292708E+041
  9.0950027978E+005  4.1911000624E+041
  9.1120027193E+005  4.1838422656E+041
  9.1290034353E+005  4.1765452317E+041
  9.1460032029E+005  4.1692113740E+041
  9.1630020030E+005  4.1618540532E+041
  9.1800033621E+005  4.1544863785E+041
  9.1970019957E+005  4.1471242817E+041
  9.2140032109E+005  4.1397763339E+041
  9.2310034751E+005  4.1324489073E+041
  9.2480027910E+005  4.1251471556E+041
  9.2650029057E+005  4.1178726175E+041
  9.2820020550E+005  4.1106263583E+041
  9.2990020212E+005  4.1034051114E+041
  9.3160028116E+005  4.0962073087E+041
  9.3330026540E+005  4.0890397898E+041
  9.3500033170E+005  4.0819101320E+041
  9.3670030330E+005  4.0748293107E+041
  9.3840035343E+005  4.0678040986E+041
  9.4010030821E+005  4.0608471277E+041
  9.4180034462E+005  4.0539707345E+041
  9.4350028211E+005  4.0471868593E+041
  9.4520030464E+005  4.0405020800E+041
  9.4690022637E+005  4.0339219470E+041
  9.4860022980E+005  4.0274590536E+041
  9.5030031562E+005  4.0211183177E+041
  9.5200030030E+005  4.0148954155E+041
  9.5370018991E+005  4.0087847819E+041
  9.5540033811E+005  4.0027802127E+041
  9.5710020774E+005  3.9968765064E+041
  9.5880033824E+005  3.9910611933E+041
  9.6050018905E+005  3.9853243781E+041
  9.6220030037E+005  3.9796509635E+041
  9.6390031168E+005  3.9740288855E+041
  9.6560022519E+005  3.9684436672E+041
  9.6730021751E+005  3.9628833465E+041
  9.6900028750E+005  3.9573386671E+041
  9.7070025972E+005  3.9518016905E+041
  9.7240030906E+005  3.9462648623E+041
  9.7410025981E+005  3.9407263598E+041
  9.7580029129E+005  3.9351846152E+041
  9.7750021930E+005  3.9296391644E+041
  9.7920022909E+005  3.9240899675E+041
  9.8090031515E+005  3.9185390921E+041
  9.8260030005E+005  3.9129871604E+041
  9.8430018754E+005  3.9074368844E+041
  9.8600032962E+005  3.9018907098E+041
  9.8770019450E+005  3.8963532494E+041
  9.8940031458E+005  3.8908213365E+041
  9.9110033359E+005  3.8852950025E+041
  9.9280025187E+005  3.8797824081E+041
  9.9450024815E+005  3.8742949946E+041
  9.9620032357E+005  3.8688373109E+041
  9.9790029689E+005  3.8634119237E+041
  9.9960034817E+005  3.8580189288E+041
  1.0013002986E+006  3.8526603031E+041
  1.0030003236E+006  3.8473372856E+041
  1.0047002513E+006  3.8420508505E+041
  1.0064002533E+006  3.8368012007E+041
  1.0081003339E+006  3.8315888938E+041
  1.0098003132E+006  3.8264136235E+041
  1.0115001879E+006  3.8212757648E+041
  1.0132003209E+006  3.8161749442E+041
  1.0149003519E+006  3.8111123102E+041
  1.0166002800E+006  3.8060873909E+041
  1.0183002869E+006  3.8010999173E+041
  1.0200001892E+006  3.7961505121E+041
  1.0217003495E+006  3.7912388562E+041
  1.0234002265E+006  3.7863669360E+041
  1.0251001828E+006  3.7815311252E+041
  1.0268002149E+006  3.7767316332E+041
  1.0285003229E+006  3.7719685088E+041
  1.0302003295E+006  3.7672400645E+041
  1.0319002306E+006  3.7625433225E+041
  1.0336002094E+006  3.7578760126E+041
  1.0353002654E+006  3.7532377504E+041
  1.0370002168E+006  3.7486282643E+041
  1.0387002479E+006  3.7440448730E+041
  1.0404003522E+006  3.7394863989E+041
  1.0421003539E+006  3.7349535096E+041
  1.0438002532E+006  3.7304463234E+041
  1.0455002277E+006  3.7259632774E+041
  1.0472002805E+006  3.7215056578E+041
  1.0489002290E+006  3.7170746152E+041
  1.0506002549E+006  3.7126705953E+041
  1.0523003532E+006  3.7082962697E+041
  1.0540003461E+006  3.7039514061E+041
  1.0557002358E+006  3.6996361120E+041
  1.0574001967E+006  3.6953506931E+041
  1.0591002347E+006  3.6910951028E+041
  1.0608003442E+006  3.6868702072E+041
  1.0625003472E+006  3.6826775901E+041
  1.0642002476E+006  3.6785175583E+041
  1.0659002197E+006  3.6743902830E+041
  1.0676002686E+006  3.6702975771E+041
  1.0693002126E+006  3.6662415667E+041
  1.0710002298E+006  3.6622219863E+041
  1.0727003202E+006  3.6582415590E+041
  1.0744003034E+006  3.6543004531E+041
  1.0761001821E+006  3.6503975883E+041
  1.0778003125E+006  3.6465312940E+041
  1.0795003385E+006  3.6427018305E+041
  1.0812002585E+006  3.6389089948E+041
  1.0829002485E+006  3.6351427911E+041
  1.0846003145E+006  3.6314026211E+041
  1.0863002707E+006  3.6276896513E+041
  1.0880003018E+006  3.6240031425E+041
  1.0897002277E+006  3.6203436073E+041
  1.0914002242E+006  3.6167090874E+041
  1.0931002958E+006  3.6130975887E+041
  1.0948002590E+006  3.6095071418E+041
  1.0965002955E+006  3.6059364746E+041
  1.0982002254E+006  3.6023844627E+041
  1.0999002281E+006  3.5988485552E+041
  1.1016003042E+006  3.5953271287E+041
  1.1033002704E+006  3.5918197785E+041
  1.1050003117E+006  3.5883268985E+041
  1.1067002434E+006  3.5848468239E+041
  1.1084002491E+006  3.5813776962E+041
  1.1101003295E+006  3.5779182227E+041
  1.1118003003E+006  3.5744674895E+041
  1.1135003453E+006  3.5710256667E+041
  1.1152002817E+006  3.5675944942E+041
  1.1169002897E+006  3.5641721668E+041
  1.1186001925E+006  3.5607545007E+041
  1.1203003465E+006  3.5573285314E+041
  1.1220002142E+006  3.5539003623E+041
  1.1237003298E+006  3.5504713801E+041
  1.1254003375E+006  3.5470441085E+041
  1.1271002346E+006  3.5436198530E+041
  1.1288002019E+006  3.5401994691E+041
  1.1305002422E+006  3.5367847074E+041
  1.1322003501E+006  3.5333766310E+041
  1.1339003507E+006  3.5299760067E+041
  1.1356002410E+006  3.5265838843E+041
  1.1373001996E+006  3.5232001510E+041
  1.1390002310E+006  3.5198251990E+041
  1.1407003311E+006  3.5164622299E+041
  1.1424003236E+006  3.5131129142E+041
  1.1441002064E+006  3.5097774175E+041
  1.1458003394E+006  3.5064550392E+041
  1.1475001833E+006  3.5031455756E+041
  1.1492002765E+006  3.4998484894E+041
  1.1509002635E+006  3.4965652320E+041
  1.1526003187E+006  3.4932959280E+041
  1.1543002670E+006  3.4900419758E+041
  1.1560002852E+006  3.4868038627E+041
  1.1577001915E+006  3.4835821430E+041
  1.1594003506E+006  3.4803763666E+041
  1.1611002189E+006  3.4771882836E+041
  1.1628003383E+006  3.4740196966E+041
  1.1645003487E+006  3.4708722489E+041
  1.1662002481E+006  3.4677460803E+041
  1.1679002180E+006  3.4646409905E+041
  1.1696002564E+006  3.4615573738E+041
  1.1713001877E+006  3.4584959570E+041
  1.1730001853E+006  3.4554566768E+041
  1.1747002534E+006  3.4524404961E+041
  1.1764002102E+006  3.4494476537E+041
  1.1781002326E+006  3.4464715141E+041
  1.1798003261E+006  3.4435138700E+041
  1.1815003068E+006  3.4405781808E+041
  1.1832003568E+006  3.4376666011E+041
  1.1849002972E+006  3.4347799751E+041
  1.1866003046E+006  3.4319183079E+041
  1.1883002015E+006  3.4290821514E+041
  1.1900003448E+006  3.4262708667E+041
  1.1917001995E+006  3.4234817408E+041
  1.1934003007E+006  3.4207144776E+041
  1.1951002929E+006  3.4179704060E+041
  1.1968003540E+006  3.4152490855E+041
  1.1985003014E+006  3.4125518889E+041
  1.2002003194E+006  3.4098794475E+041
  1.2019002241E+006  3.4072310553E+041
  1.2036001974E+006  3.4046058702E+041
  1.2053002403E+006  3.4020030849E+041
  1.2070003503E+006  3.3994218002E+041
  1.2087003498E+006  3.3968613377E+041
  1.2104002355E+006  3.3943208166E+041
  1.2121001915E+006  3.3917993114E+041
  1.2138002138E+006  3.3892974130E+041
  1.2155003060E+006  3.3868096958E+041
  1.2172002875E+006  3.3843369646E+041
  1.2189003341E+006  3.3818781860E+041
  1.2206002710E+006  3.3794225619E+041
  1.2223002723E+006  3.3769551144E+041
  1.2240003410E+006  3.3744833080E+041
  1.2257002974E+006  3.3720101875E+041
  1.2274003199E+006  3.3695390629E+041
  1.2291002299E+006  3.3670714328E+041
  1.2308002045E+006  3.3646072966E+041
  1.2325002462E+006  3.3621469765E+041
  1.2342003521E+006  3.3596908699E+041
  1.2359003448E+006  3.3572396735E+041
  1.2376002254E+006  3.3547936791E+041
  1.2393003488E+006  3.3523537322E+041
  1.2410001816E+006  3.3499216761E+041
  1.2427002579E+006  3.3474932407E+041
  1.2444002218E+006  3.3450695972E+041
  1.2461002531E+006  3.3426514249E+041
  1.2478003513E+006  3.3402393197E+041
  1.2495003371E+006  3.3378340835E+041
  1.2512002080E+006  3.3354376765E+041
  1.2529003258E+006  3.3330505362E+041
  1.2546003273E+006  3.3306730576E+041
  1.2563002156E+006  3.3283054775E+041
  1.2580003514E+006  3.3259476080E+041
  1.2597001902E+006  3.3236004840E+041
  1.2614002781E+006  3.3212641234E+041
  1.2631002489E+006  3.3189409178E+041
  1.2648002864E+006  3.3166286229E+041
  1.2665002105E+006  3.3143271417E+041
  1.2682002004E+006  3.3120372719E+041
  1.2699002583E+006  3.3097597641E+041
  1.2716002001E+006  3.3074957842E+041
  1.2733002082E+006  3.3052471858E+041
  1.2750002778E+006  3.3030142046E+041
  1.2767002336E+006  3.3007835351E+041
  1.2784002548E+006  3.2985544514E+041
  1.2801003395E+006  3.2963313276E+041
  1.2818003116E+006  3.2941169870E+041
  1.2835003470E+006  3.2919135169E+041
  1.2852002671E+006  3.2897209598E+041
  1.2869002522E+006  3.2875406405E+041
  1.2886003020E+006  3.2853737729E+041
  1.2903002377E+006  3.2832216833E+041
  1.2920002367E+006  3.2810859832E+041
  1.2937003026E+006  3.2789683705E+041
  1.2954002487E+006  3.2768695146E+041
  1.2971002608E+006  3.2747898028E+041
  1.2988003370E+006  3.2727298689E+041
  1.3005002960E+006  3.2706902006E+041
  1.3022003216E+006  3.2686715722E+041
  1.3039002291E+006  3.2666753313E+041
  1.3056002012E+006  3.2647019700E+041
  1.3073002355E+006  3.2627467858E+041
  1.3090003351E+006  3.2607898579E+041
  1.3107003183E+006  3.2588492209E+041
  1.3124001849E+006  3.2569236848E+041
  1.3141002984E+006  3.2550034666E+041
  1.3158002919E+006  3.2530929394E+041
  1.3175003504E+006  3.2511938199E+041
  1.3192002919E+006  3.2493091962E+041
  1.3209002952E+006  3.2474407361E+041
  1.3226001830E+006  3.2455895641E+041
  1.3243003119E+006  3.2437561223E+041
  1.3260003239E+006  3.2419415800E+041
  1.3277002150E+006  3.2401475087E+041
  1.3294003505E+006  3.2383739169E+041
  1.3311001854E+006  3.2366212577E+041
  1.3328002626E+006  3.2348895693E+041
  1.3345002239E+006  3.2331800392E+041
  1.3362002436E+006  3.2314969244E+041
  1.3379003271E+006  3.2298383960E+041
  1.3396002903E+006  3.2281989462E+041
  1.3413003156E+006  3.2265725410E+041
  1.3430002228E+006  3.2249631147E+041
  1.3447001929E+006  3.2233722667E+041
  1.3464002261E+006  3.2218009167E+041
  1.3481003195E+006  3.2202497897E+041
  1.3498002964E+006  3.2187200525E+041
  1.3515003329E+006  3.2172127614E+041
  1.3532002511E+006  3.2157284154E+041
  1.3549002336E+006  3.2142650954E+041
  1.3566002757E+006  3.2128199098E+041
  1.3583002011E+006  3.2113623838E+041
  1.3600001865E+006  3.2098962765E+041
  1.3617002340E+006  3.2084204790E+041
  1.3634003414E+006  3.2069406262E+041
  1.3651003313E+006  3.2054615812E+041
  1.3668002033E+006  3.2039864300E+041
  1.3685003152E+006  3.2025171417E+041
  1.3702003114E+006  3.2010560320E+041
  1.3719001847E+006  3.1996054252E+041
  1.3736003008E+006  3.1981667772E+041
  1.3753002974E+006  3.1967418058E+041
  1.3770003554E+006  3.1953316765E+041
  1.3787002943E+006  3.1939330391E+041
  1.3804002934E+006  3.1925529239E+041
  1.3821003544E+006  3.1911990111E+041
  1.3838002922E+006  3.1898679944E+041
  1.3855002923E+006  3.1885596277E+041
  1.3872003526E+006  3.1872739326E+041
  1.3889002916E+006  3.1859989179E+041
  1.3906002929E+006  3.1847091641E+041
  1.3923003521E+006  3.1834162071E+041
  1.3940002910E+006  3.1821269726E+041
  1.3957002887E+006  3.1808390340E+041
  1.3974003476E+006  3.1795516543E+041
  1.3991002856E+006  3.1782679372E+041
  1.4008002834E+006  3.1769897704E+041
  1.4025003429E+006  3.1757188841E+041
  1.4042002783E+006  3.1744571863E+041
  1.4059002766E+006  3.1732063471E+041
  1.4076003334E+006  3.1719670208E+041
  1.4093002707E+006  3.1707345419E+041
  1.4110002690E+006  3.1695109335E+041
  1.4127003270E+006  3.1682855572E+041
  1.4144002648E+006  3.1670403423E+041
  1.4161002603E+006  3.1657862322E+041
  1.4178003188E+006  3.1645281870E+041
  1.4195002538E+006  3.1632755709E+041
  1.4212002513E+006  3.1620270639E+041
  1.4229003080E+006  3.1607786901E+041
  1.4246002411E+006  3.1595331702E+041
  1.4263002343E+006  3.1582919457E+041
  1.4280002847E+006  3.1570567048E+041
  1.4297002143E+006  3.1558292492E+041
  1.4314002019E+006  3.1546155184E+041
  1.4331002504E+006  3.1533913562E+041
  1.4348003573E+006  3.1521506384E+041
  1.4365003414E+006  3.1509015899E+041
  1.4382002056E+006  3.1496484165E+041
  1.4399003074E+006  3.1483997544E+041
  1.4416002894E+006  3.1471630817E+041
  1.4433003300E+006  3.1459386203E+041
  1.4450002485E+006  3.1447244855E+041
  1.4467002257E+006  3.1435190736E+041
  1.4484002603E+006  3.1423203315E+041
  1.4501003549E+006  3.1411113714E+041
  1.4518003241E+006  3.1398892401E+041
  1.4535003549E+006  3.1386610288E+041
  1.4552002605E+006  3.1374286976E+041
  1.4569002239E+006  3.1361923362E+041
  1.4586002454E+006  3.1349560209E+041
  1.4603003226E+006  3.1337260191E+041
  1.4620002776E+006  3.1325068374E+041
  1.4637002889E+006  3.1312967617E+041
  1.4654003610E+006  3.1300869163E+041
  1.4671003070E+006  3.1288635331E+041
  1.4688003125E+006  3.1276345015E+041
  1.4705001939E+006  3.1263928511E+041
  1.4722003126E+006  3.1251460603E+041
  1.4739003106E+006  3.1239047792E+041
  1.4756001845E+006  3.1226672992E+041
  1.4773002994E+006  3.1214333734E+041
  1.4790002900E+006  3.1202058383E+041
  1.4807003398E+006  3.1189684823E+041
  1.4824002643E+006  3.1177249833E+041
  1.4841002466E+006  3.1164810113E+041
  1.4858002881E+006  3.1152461755E+041
  1.4875002039E+006  3.1140169687E+041
  1.4892003605E+006  3.1127836607E+041
  1.4909002109E+006  3.1115452040E+041
  1.4926002992E+006  3.1103068250E+041
  1.4943002629E+006  3.1090534178E+041
  1.4960002844E+006  3.1077873769E+041
  1.4977001828E+006  3.1065202752E+041
  1.4994003182E+006  3.1052601810E+041
  1.5011003323E+006  3.1040084359E+041
  1.5028002198E+006  3.1027670120E+041
  1.5045003463E+006  3.1015352518E+041
  1.5062003493E+006  3.1003046692E+041
  1.5079002282E+006  3.0990565425E+041
  1.5096003467E+006  3.0977992463E+041
  1.5113003408E+006  3.0965372522E+041
  1.5130002126E+006  3.0952724733E+041
  1.5147003201E+006  3.0940076325E+041
  1.5164003063E+006  3.0927465271E+041
  1.5181003488E+006  3.0914915839E+041
  1.5198002674E+006  3.0902403264E+041
  1.5215002451E+006  3.0889951757E+041
  1.5232002769E+006  3.0877431811E+041
  1.5249001850E+006  3.0864835479E+041
  1.5266003280E+006  3.0852231815E+041
  1.5283003483E+006  3.0839698322E+041
  1.5300002418E+006  3.0827179274E+041
  1.5317001932E+006  3.0814586301E+041
  1.5334002010E+006  3.0801994233E+041
  1.5351002624E+006  3.0789447280E+041
  1.5368002005E+006  3.0777001836E+041
  1.5385001921E+006  3.0764579539E+041
  1.5402002416E+006  3.0752152433E+041
  1.5419003462E+006  3.0739686316E+041
  1.5436003284E+006  3.0727183699E+041
  1.5453001844E+006  3.0714694419E+041
  1.5470002772E+006  3.0702262521E+041
  1.5487002466E+006  3.0689924623E+041
  1.5504002697E+006  3.0677693991E+041
  1.5521003507E+006  3.0665494455E+041
  1.5538003044E+006  3.0653093418E+041
  1.5555003144E+006  3.0640694407E+041
  1.5572001961E+006  3.0628337809E+041
  1.5589003140E+006  3.0616046698E+041
  1.5606003049E+006  3.0603849308E+041
  1.5623003486E+006  3.0591734421E+041
  1.5640002689E+006  3.0579640168E+041
  1.5657002416E+006  3.0567608334E+041
  1.5674002705E+006  3.0555459579E+041
  1.5691003529E+006  3.0543282341E+041
  1.5708003088E+006  3.0531145553E+041
  1.5725003176E+006  3.0519121354E+041
  1.5742001994E+006  3.0507128582E+041
  1.5759003182E+006  3.0495208456E+041
  1.5776003077E+006  3.0483387534E+041
  1.5793003534E+006  3.0471539881E+041
  1.5810002698E+006  3.0459635070E+041
  1.5827002414E+006  3.0447751690E+041
  1.5844002676E+006  3.0435813539E+041
  1.5861003496E+006  3.0423900971E+041
  1.5878003056E+006  3.0412117394E+041
  1.5895003155E+006  3.0400467961E+041
  1.5912002009E+006  3.0388891572E+041
  1.5929003192E+006  3.0377200186E+041
  1.5946003121E+006  3.0365437510E+041
  1.5963003594E+006  3.0353670958E+041
  1.5980002800E+006  3.0341971839E+041
  1.5997002557E+006  3.0330360405E+041
  1.6014002856E+006  3.0318895458E+041
  1.6031001890E+006  3.0307468146E+041
  1.6048003259E+006  3.0295929260E+041
  1.6065003384E+006  3.0284380519E+041
  1.6082002227E+006  3.0272861338E+041
  1.6099003441E+006  3.0261405391E+041
  1.6116003389E+006  3.0249998841E+041
  1.6133002052E+006  3.0238671132E+041
  1.6150003064E+006  3.0227342425E+041
  1.6167002786E+006  3.0215983648E+041
  1.6184003062E+006  3.0204661879E+041
  1.6201002039E+006  3.0193369315E+041
  1.6218003387E+006  3.0182097086E+041
  1.6235003446E+006  3.0170895627E+041
  1.6252002211E+006  3.0159759636E+041
  1.6269003328E+006  3.0148524112E+041
  1.6286003154E+006  3.0137325155E+041
  1.6303003520E+006  3.0126148052E+041
  1.6320002595E+006  3.0115031441E+041
  1.6337002232E+006  3.0104004945E+041
  1.6354002381E+006  3.0093094438E+041
  1.6371003071E+006  3.0082095677E+041
  1.6388002481E+006  3.0071027265E+041
  1.6405002417E+006  3.0059998267E+041
  1.6422002896E+006  3.0049133493E+041
  1.6439002088E+006  3.0038405101E+041
  1.6456001824E+006  3.0027765535E+041
  1.6473002069E+006  3.0017074273E+041
  1.6490002866E+006  3.0006313768E+041
  1.6507002365E+006  2.9995566540E+041
  1.6524002399E+006  2.9984893392E+041
  1.6541002982E+006  2.9974306964E+041
  1.6558002272E+006  2.9963816235E+041
  1.6575002101E+006  2.9953327748E+041
  1.6592002446E+006  2.9942782179E+041
  1.6609003334E+006  2.9932261383E+041
  1.6626002909E+006  2.9921752286E+041
  1.6643003029E+006  2.9911314026E+041
  1.6660001862E+006  2.9900991707E+041
  1.6677003031E+006  2.9890627710E+041
  1.6694002918E+006  2.9880371493E+041
  1.6711003317E+006  2.9870085569E+041
  1.6728002419E+006  2.9859814151E+041
  1.6745002024E+006  2.9849599588E+041
  1.6762002170E+006  2.9839453480E+041
  1.6779002815E+006  2.9829180489E+041
  1.6796002169E+006  2.9818855532E+041
  1.6813002046E+006  2.9808581478E+041
  1.6830002434E+006  2.9798389959E+041
  1.6847003356E+006  2.9788261414E+041
  1.6864002985E+006  2.9778017867E+041
  1.6881003158E+006  2.9767717968E+041
  1.6898002023E+006  2.9757418832E+041
  1.6915003245E+006  2.9747147922E+041
  1.6932003145E+006  2.9736795609E+041
  1.6949003548E+006  2.9726125514E+041
  1.6966002653E+006  2.9715371493E+041
  1.6983002262E+006  2.9704630543E+041
  1.7000002393E+006  2.9693925265E+041
  1.7017003027E+006  2.9683254477E+041
  1.7034002372E+006  2.9672566181E+041
  1.7051002196E+006  2.9661784721E+041
  1.7068002541E+006  2.9651031790E+041
  1.7085003398E+006  2.9640337639E+041
  1.7102002946E+006  2.9629685787E+041
  1.7119003017E+006  2.9619062931E+041
