  0.0000000000E+000 0000
  0.1700198044E+004 0794
  0.3400250379E+004 0803
  0.5100188203E+004 0805
  0.6800258825E+004 0805
  0.8500167274E+004 0806
  0.1020014916E+005 0808
  0.1190015480E+005 0811
  0.1360014289E+005 0814
  0.1530018891E+005 0817
  0.1700017246E+005 0819
  0.1870016320E+005 0821
  0.2040017486E+005 0823
  0.2210022520E+005 0824
  0.2380021580E+005 0825
  0.2550020027E+005 0825
  0.2720015489E+005 0826
  0.2890018771E+005 0826
  0.3060023479E+005 0827
  0.3230014624E+005 0827
  0.3400015503E+005 0827
  0.3570025094E+005 0827
  0.3740023220E+005 0827
  0.3910027070E+005 0827
  0.4080022506E+005 0828
  0.4250025335E+005 0828
  0.4420020861E+005 0828
  0.4590022973E+005 0828
  0.4760018413E+005 0828
  0.4930016876E+005 0828
  0.5100025403E+005 0828
  0.5270019744E+005 0828
  0.5440026408E+005 0828
  0.5610025867E+005 0828
  0.5780015081E+005 0828
  0.5950019166E+005 0828
  0.6120017835E+005 0828
  0.6290017370E+005 0828
  0.6460020653E+005 0828
  0.6630027818E+005 0828
  0.6800013953E+005 0828
  0.6970018326E+005 0828
  0.7140019642E+005 0828
  0.7310014709E+005 0828
  0.7480017256E+005 0828
  0.7650022314E+005 0828
  0.7820026804E+005 0828
  0.7990014361E+005 0828
  0.8160027370E+005 0828
  0.8330014279E+005 0828
  0.8500024156E+005 0828
  0.8670014432E+005 0828
  0.8840025831E+005 0828
  0.9010027849E+005 0828
  0.9180022263E+005 0828
  0.9350021692E+005 0828
  0.9520024170E+005 0828
  0.9690014238E+005 0828
  0.9860018984E+005 0828
  0.1003002538E+006 0828
  0.1020001538E+006 0828
  0.1037001672E+006 0828
  0.1054001662E+006 0828
  0.1071001606E+006 0828
  0.1088001660E+006 0828
  0.1105001699E+006 0828
  0.1122002005E+006 0828
  0.1139001490E+006 0828
  0.1156001699E+006 0828
  0.1173002478E+006 0827
  0.1190002317E+006 0827
  0.1207002604E+006 0828
  0.1224001855E+006 0828
  0.1241001437E+006 0828
  0.1258002499E+006 0828
  0.1275002334E+006 0828
  0.1292002242E+006 0828
  0.1309001965E+006 0828
  0.1326001543E+006 0828
  0.1343002400E+006 0828
  0.1360002031E+006 0827
  0.1377001714E+006 0827
  0.1394001536E+006 0827
  0.1411001627E+006 0827
  0.1428002267E+006 0827
  0.1445002199E+006 0827
  0.1462002562E+006 0827
  0.1479001834E+006 0827
  0.1496001426E+006 0827
  0.1513001481E+006 0827
  0.1530001784E+006 0827
  0.1547002195E+006 0827
  0.1564002624E+006 0827
  0.1581001583E+006 0827
  0.1598001993E+006 0827
  0.1615002323E+006 0827
  0.1632002651E+006 0827
  0.1649001638E+006 0827
  0.1666002132E+006 0827
  0.1683001499E+006 0827
  0.1700002598E+006 0827
  0.1717002774E+006 0827
  0.1734002005E+006 0827
  0.1751001664E+006 0827
  0.1768001668E+006 0827
  0.1785001973E+006 0827
  0.1802002599E+006 0827
  0.1819001969E+006 0827
  0.1836001472E+006 0827
  0.1853002424E+006 0827
  0.1870002022E+006 0827
  0.1887001534E+006 0827
  0.1904002406E+006 0827
  0.1921002016E+006 0827
  0.1938001702E+006 0827
  0.1955001632E+006 0827
  0.1972001733E+006 0827
  0.1989002211E+006 0827
  0.2006001775E+006 0827
  0.2023001744E+006 0827
  0.2040002062E+006 0827
  0.2057002642E+006 0827
  0.2074002175E+006 0827
  0.2091001918E+006 0827
  0.2108001824E+006 0827
  0.2125001807E+006 0827
  0.2142001846E+006 0827
  0.2159001950E+006 0827
  0.2176001994E+006 0827
  0.2193002076E+006 0827
  0.2210002248E+006 0826
  0.2227002619E+006 0826
  0.2244001741E+006 0826
  0.2261002484E+006 0826
  0.2278002239E+006 0826
  0.2295002373E+006 0826
  0.2312001537E+006 0826
  0.2329002296E+006 0826
  0.2346001953E+006 0826
  0.2363001931E+006 0826
  0.2380002118E+006 0826
  0.2397002437E+006 0826
  0.2414002748E+006 0826
  0.2431001779E+006 0826
  0.2448002244E+006 0826
  0.2465002753E+006 0826
  0.2482001888E+006 0826
  0.2499002517E+006 0826
  0.2516001935E+006 0826
  0.2533001565E+006 0826
  0.2550001498E+006 0826
  0.2567001724E+006 0826
  0.2584002371E+006 0826
  0.2601001935E+006 0826
  0.2618001782E+006 0826
  0.2635001902E+006 0826
  0.2652002265E+006 0826
  0.2669001436E+006 0826
  0.2686002091E+006 0826
  0.2703001457E+006 0826
  0.2720002277E+006 0826
  0.2737001720E+006 0826
  0.2754002622E+006 0826
  0.2771002202E+006 0826
  0.2788001939E+006 0826
  0.2805001835E+006 0826
  0.2822001907E+006 0826
  0.2839002296E+006 0826
  0.2856001663E+006 0826
  0.2873002767E+006 0826
  0.2890002722E+006 0826
  0.2907001551E+006 0826
  0.2924002059E+006 0826
  0.2941001422E+006 0826
  0.2958002322E+006 0826
  0.2975001884E+006 0826
  0.2992001569E+006 0826
  0.3009002712E+006 0826
  0.3026002526E+006 0826
  0.3043002355E+006 0826
  0.3060002291E+006 0826
  0.3077002397E+006 0826
  0.3094002652E+006 0826
  0.3111001738E+006 0825
  0.3128002472E+006 0825
  0.3145002173E+006 0825
  0.3162002165E+006 0825
  0.3179002405E+006 0825
  0.3196001515E+006 0825
  0.3213002249E+006 0825
  0.3230001834E+006 0825
  0.3247001528E+006 0825
  0.3264002733E+006 0825
  0.3281002641E+006 0825
  0.3298002600E+006 0825
  0.3315002620E+006 0825
  0.3332002708E+006 0825
  0.3349001538E+006 0825
  0.3366001885E+006 0825
  0.3383002400E+006 0825
  0.3400001738E+006 0825
  0.3417002784E+006 0825
  0.3434002729E+006 0825
  0.3451001533E+006 0825
  0.3468002000E+006 0825
  0.3485002730E+006 0825
  0.3502002314E+006 0825
  0.3519002052E+006 0825
  0.3536001916E+006 0825
  0.3553001927E+006 0825
  0.3570002032E+006 0825
  0.3587002189E+006 0825
  0.3604002372E+006 0825
  0.3621002674E+006 0825
  0.3638001739E+006 0825
  0.3655002299E+006 0825
  0.3672001644E+006 0825
  0.3689002576E+006 0825
  0.3706002437E+006 0825
  0.3723002575E+006 0825
  0.3740001556E+006 0825
  0.3757002197E+006 0825
  0.3774001656E+006 0825
  0.3791002753E+006 0825
  0.3808002600E+006 0825
  0.3825002608E+006 0825
  0.3842002730E+006 0824
  0.3859001524E+006 0824
  0.3876001771E+006 0824
  0.3893002104E+006 0824
  0.3910002560E+006 0824
  0.3927001714E+006 0824
  0.3944002381E+006 0824
  0.3961001843E+006 0824
  0.3978001553E+006 0824
  0.3995001512E+006 0824
  0.4012001698E+006 0824
  0.4029002150E+006 0824
  0.4046001492E+006 0824
  0.4063002439E+006 0824
  0.4080002164E+006 0824
  0.4097002027E+006 0824
  0.4114002076E+006 0824
  0.4131002237E+006 0824
  0.4148002467E+006 0824
  0.4165002725E+006 0824
  0.4182001680E+006 0824
  0.4199002142E+006 0824
  0.4216002691E+006 0824
  0.4233001997E+006 0824
  0.4250001457E+006 0824
  0.4267002563E+006 0824
  0.4284002479E+006 0824
  0.4301002654E+006 0824
  0.4318001710E+006 0824
  0.4335002379E+006 0824
  0.4352001865E+006 0824
  0.4369001535E+006 0824
  0.4386001401E+006 0824
  0.4403001422E+006 0824
  0.4420001505E+006 0824
  0.4437001673E+006 0824
  0.4454001940E+006 0824
  0.4471002313E+006 0824
  0.4488002764E+006 0824
  0.4505001896E+006 0824
  0.4522002595E+006 0824
  0.4539002074E+006 0824
  0.4556001769E+006 0823
  0.4573001648E+006 0823
  0.4590001797E+006 0823
  0.4607002198E+006 0823
  0.4624001426E+006 0823
  0.4641002248E+006 0823
  0.4658001857E+006 0825
  0.4675001670E+006 0834
  0.4692001602E+006 0846
  0.4709001636E+006 0858
  0.4726001769E+006 0868
  0.4743001978E+006 0876
  0.4760002254E+006 0879
  0.4777002615E+006 0879
  0.4794001702E+006 0879
  0.4811002346E+006 0879
  0.4828001726E+006 0879
  0.4845002691E+006 0879
  0.4862002501E+006 0879
  0.4879002583E+006 0879
  0.4896001482E+006 0879
  0.4913001982E+006 0879
  0.4930002678E+006 0879
  0.4947002199E+006 0879
  0.4964001874E+006 0879
  0.4981001645E+006 0879
  0.4998001542E+006 0879
  0.5015001521E+006 0879
  0.5032001609E+006 0879
  0.5049001743E+006 0879
  0.5066001975E+006 0879
  0.5083002331E+006 0879
  0.5100001401E+006 0879
  0.5117002026E+006 0879
  0.5134001449E+006 0879
  0.5151002493E+006 0879
  0.5168002360E+006 0879
  0.5185002412E+006 0879
  0.5202002711E+006 0879
  0.5219001824E+006 0879
  0.5236002515E+006 0879
  0.5253001944E+006 0879
  0.5270001520E+006 0879
  0.5287002644E+006 0879
  0.5304002436E+006 0879
  0.5321002305E+006 0879
  0.5338002239E+006 0879
  0.5355002306E+006 0879
  0.5372002464E+006 0879
  0.5389002738E+006 0879
  0.5406001772E+006 0879
  0.5423002383E+006 0879
  0.5440001809E+006 0879
  0.5457001431E+006 0879
  0.5474002670E+006 0879
  0.5491002750E+006 0879
  0.5508001610E+006 0879
  0.5525002059E+006 0879
  0.5542002665E+006 0879
  0.5559002035E+006 0879
  0.5576001514E+006 0879
  0.5593002453E+006 0879
  0.5610002118E+006 0879
  0.5627001863E+006 0879
  0.5644001710E+006 0879
  0.5661001615E+006 0879
  0.5678001651E+006 0879
  0.5695001857E+006 0879
  0.5712002224E+006 0879
  0.5729002764E+006 0879
  0.5746002113E+006 0879
  0.5763001692E+006 0879
  0.5780001489E+006 0879
  0.5797001456E+006 0879
  0.5814001619E+006 0879
  0.5831001941E+006 0879
  0.5848002409E+006 0879
  0.5865001582E+006 0879
  0.5882002270E+006 0879
  0.5899001666E+006 0879
  0.5916002512E+006 0879
  0.5933002044E+006 0879
  0.5950001684E+006 0879
  0.5967001475E+006 0879
  0.5984002774E+006 0879
  0.6001001421E+006 0879
  0.6018001657E+006 0879
  0.6035002116E+006 0879
  0.6052002779E+006 0879
  0.6069002226E+006 0879
  0.6086001863E+006 0879
  0.6103001707E+006 0879
  0.6120001700E+006 0879
  0.6137001845E+006 0879
  0.6154002113E+006 0879
  0.6171002498E+006 0879
  0.6188001555E+006 0879
  0.6205002089E+006 0879
  0.6222002733E+006 0879
  0.6239002080E+006 0879
  0.6256001523E+006 0879
  0.6273002471E+006 0879
  0.6290002197E+006 0879
  0.6307002111E+006 0879
  0.6324002201E+006 0879
  0.6341002466E+006 0879
  0.6358001539E+006 0879
  0.6375002221E+006 0879
  0.6392001679E+006 0879
  0.6409002689E+006 0879
  0.6426002454E+006 0879
  0.6443002345E+006 0879
  0.6460002342E+006 0879
  0.6477002415E+006 0879
  0.6494002594E+006 0879
  0.6511001454E+006 0879
  0.6528001785E+006 0879
  0.6545002216E+006 0879
  0.6562002783E+006 0879
  0.6579002104E+006 0879
  0.6596001558E+006 0879
  0.6613002573E+006 0879
  0.6630002402E+006 0879
  0.6647002434E+006 0879
  0.6664002651E+006 0879
  0.6681001625E+006 0879
  0.6698002185E+006 0879
  0.6715001505E+006 0879
  0.6732002342E+006 0879
  0.6749001892E+006 0879
  0.6766001545E+006 0879
  0.6783002686E+006 0879
  0.6800002498E+006 0879
  0.6817002398E+006 0879
  0.6834002416E+006 0879
  0.6851002533E+006 0879
  0.6868002760E+006 0879
  0.6885001727E+006 0879
  0.6902002283E+006 0879
  0.6919001626E+006 0879
  0.6936002528E+006 0879
  0.6953002215E+006 0879
  0.6970002096E+006 0879
  0.6987002154E+006 0879
  0.7004002346E+006 0879
  0.7021002669E+006 0879
  0.7038001722E+006 0879
  0.7055002271E+006 0879
  0.7072001498E+006 0879
  0.7089002215E+006 0879
  0.7106001626E+006 0879
  0.7123002526E+006 0879
  0.7140002109E+006 0879
  0.7157001830E+006 0879
  0.7174001704E+006 0879
  0.7191001736E+006 0879
  0.7208001912E+006 0879
  0.7225002283E+006 0879
  0.7242001452E+006 0879
  0.7259002202E+006 0879
  0.7276001700E+006 0879
  0.7293002758E+006 0879
  0.7310002569E+006 0879
  0.7327002503E+006 0878
  0.7344002534E+006 0878
  0.7361002677E+006 0878
  0.7378001509E+006 0878
  0.7395001819E+006 0878
  0.7412002204E+006 0878
  0.7429002714E+006 0878
  0.7446001943E+006 0878
  0.7463002680E+006 0878
  0.7480002155E+006 0878
  0.7497001803E+006 0878
  0.7514001650E+006 0878
  0.7531001660E+006 0878
  0.7548001836E+006 0878
  0.7565002193E+006 0878
  0.7582002719E+006 0878
  0.7599001990E+006 0878
  0.7616002778E+006 0878
  0.7633002292E+006 0878
  0.7650001903E+006 0878
  0.7667001578E+006 0878
  0.7684002745E+006 0878
  0.7701002602E+006 0878
  0.7718002560E+006 0878
  0.7735002591E+006 0878
  0.7752002741E+006 0878
  0.7769001647E+006 0878
  0.7786002100E+006 0878
  0.7803002707E+006 0878
  0.7820002075E+006 0878
  0.7837001633E+006 0878
  0.7854002765E+006 0878
  0.7871002641E+006 0878
  0.7888002677E+006 0878
  0.7905001444E+006 0878
  0.7922001731E+006 0878
  0.7939002105E+006 0878
  0.7956002580E+006 0878
  0.7973001754E+006 0878
  0.7990002384E+006 0878
  0.8007001694E+006 0878
  0.8024002504E+006 0878
  0.8041002039E+006 0878
  0.8058001689E+006 0878
  0.8075001449E+006 0878
  0.8092002779E+006 0878
  0.8109001476E+006 0878
  0.8126001750E+006 0878
  0.8143002172E+006 0878
  0.8160002766E+006 0878
  0.8177002118E+006 0878
  0.8194001599E+006 0878
  0.8211002609E+006 0878
  0.8228002345E+006 0878
  0.8245002174E+006 0878
  0.8262002073E+006 0878
  0.8279002045E+006 0878
  0.8296002133E+006 0878
  0.8313002299E+006 0878
  0.8330002556E+006 0878
  0.8347001505E+006 0878
  0.8364001998E+006 0878
  0.8381002633E+006 0878
  0.8398002011E+006 0878
  0.8415001551E+006 0878
  0.8432002664E+006 0878
  0.8449002536E+006 0878
  0.8466002556E+006 0878
  0.8483002728E+006 0878
  0.8500001653E+006 0878
  0.8517002075E+006 0878
  0.8534002590E+006 0878
  0.8551001801E+006 0878
  0.8568002511E+006 0878
  0.8585001887E+006 0878
  0.8602002725E+006 0878
  0.8619002262E+006 0878
  0.8636001914E+006 0878
  0.8653001673E+006 0878
  0.8670001553E+006 0878
  0.8687001583E+006 0878
  0.8704001776E+006 0878
  0.8721002118E+006 0878
  0.8738002619E+006 0878
  0.8755001891E+006 0878
  0.8772002715E+006 0878
  0.8789002257E+006 0878
  0.8806001922E+006 0878
  0.8823001714E+006 0878
  0.8840001617E+006 0878
  0.8857001587E+006 0878
  0.8874001644E+006 0878
  0.8891001786E+006 0878
  0.8908002025E+006 0878
  0.8925002341E+006 0878
  0.8942002766E+006 0878
  0.8959001919E+006 0878
  0.8976002598E+006 0878
  0.8993002011E+006 0878
  0.9010001587E+006 0878
  0.9027002735E+006 0878
  0.9044002642E+006 0878
  0.9061002674E+006 0878
  0.9078001471E+006 0878
  0.9095001798E+006 0878
  0.9112002250E+006 0878
  0.9129002788E+006 0878
  0.9146002028E+006 0878
  0.9163002755E+006 0878
  0.9180002148E+006 0878
  0.9197001624E+006 0878
  0.9214002594E+006 0878
  0.9231002262E+006 0878
  0.9248002019E+006 0878
  0.9265001888E+006 0878
  0.9282001918E+006 0878
  0.9299002086E+006 0878
  0.9316002399E+006 0878
  0.9333001452E+006 0878
  0.9350002075E+006 0878
  0.9367001450E+006 0878
  0.9384002348E+006 0878
  0.9401001979E+006 0878
  0.9418001724E+006 0878
  0.9435001568E+006 0878
  0.9452001491E+006 0878
  0.9469001507E+006 0878
  0.9486001619E+006 0878
  0.9503001791E+006 0878
  0.9520002043E+006 0878
  0.9537002397E+006 0878
  0.9554001480E+006 0878
  0.9571002072E+006 0878
  0.9588002784E+006 0878
  0.9605002247E+006 0878
  0.9622001868E+006 0878
  0.9639001632E+006 0878
  0.9656001539E+006 0878
  0.9673001587E+006 0878
  0.9690001770E+006 0878
  0.9707002053E+006 0878
  0.9724002447E+006 0878
  0.9741001548E+006 0878
  0.9758002128E+006 0878
  0.9775002772E+006 0878
  0.9792002093E+006 0878
  0.9809001508E+006 0878
  0.9826002413E+006 0878
  0.9843001995E+006 0878
  0.9860001699E+006 0878
  0.9877001524E+006 0878
  0.9894001485E+006 0878
  0.9911001573E+006 0878
  0.9928001821E+006 0878
  0.9945002227E+006 0878
  0.9962002757E+006 0878
  0.9979002022E+006 0878
  0.9996001416E+006 0878
  0.1001300234E+007 0878
  0.1003000196E+007 0878
  0.1004700165E+007 0878
  0.1006400144E+007 0878
  0.1008100270E+007 0878
  0.1009800264E+007 0878
  0.1011500266E+007 0878
  0.1013200277E+007 0878
  0.1014900158E+007 0878
  0.1016600188E+007 0878
  0.1018300232E+007 0878
  0.1020000150E+007 0878
  0.1021700222E+007 0878
  0.1023400166E+007 0878
  0.1025100266E+007 0878
  0.1026800240E+007 0878
  0.1028500228E+007 0878
  0.1030200227E+007 0878
  0.1031900237E+007 0878
  0.1033600257E+007 0878
  0.1035300146E+007 0878
  0.1037000182E+007 0878
  0.1038700228E+007 0878
  0.1040400141E+007 0878
  0.1042100201E+007 0878
  0.1043800270E+007 0878
  0.1045500210E+007 0878
  0.1047200162E+007 0878
  0.1048900264E+007 0878
  0.1050600239E+007 0878
  0.1052300229E+007 0878
  0.1054000233E+007 0878
  0.1055700250E+007 0878
  0.1057400140E+007 0878
  0.1059100185E+007 0878
  0.1060800240E+007 0878
  0.1062500165E+007 0878
  0.1064200241E+007 0878
  0.1065900185E+007 0878
  0.1067600278E+007 0878
  0.1069300236E+007 0878
  0.1071000203E+007 0878
  0.1072700180E+007 0878
  0.1074400164E+007 0878
  0.1076100159E+007 0878
  0.1077800165E+007 0878
  0.1079500184E+007 0878
  0.1081200215E+007 0878
  0.1082900260E+007 0878
  0.1084600182E+007 0878
  0.1086300256E+007 0878
  0.1088000203E+007 0878
  0.1089700162E+007 0878
  0.1091400274E+007 0878
  0.1093100256E+007 0878
  0.1094800246E+007 0878
  0.1096500245E+007 0878
  0.1098200252E+007 0878
  0.1099900266E+007 0878
  0.1101600147E+007 0878
  0.1103300178E+007 0877
  0.1105000218E+007 0877
  0.1106700267E+007 0877
  0.1108400187E+007 0877
  0.1110100261E+007 0877
  0.1111800207E+007 0877
  0.1113500166E+007 0877
  0.1115200278E+007 0877
  0.1116900264E+007 0877
  0.1118600263E+007 0877
  0.1120300272E+007 0877
  0.1122000154E+007 0877
  0.1123700186E+007 0877
  0.1125400228E+007 0877
  0.1127100276E+007 0877
  0.1128800194E+007 0877
  0.1130500260E+007 0877
  0.1132200194E+007 0877
  0.1133900275E+007 0877
  0.1135600224E+007 0877
  0.1137300185E+007 0877
  0.1139000156E+007 0877
  0.1140700278E+007 0877
  0.1142400273E+007 0877
  0.1144100142E+007 0877
  0.1145800162E+007 0877
  0.1147500195E+007 0877
  0.1149200242E+007 0877
  0.1150900160E+007 0877
  0.1152600227E+007 0877
  0.1154300165E+007 0877
  0.1156000252E+007 0877
  0.1157700208E+007 0877
  0.1159400170E+007 0877
  0.1161100280E+007 0877
  0.1162800258E+007 0877
  0.1164500245E+007 0877
  0.1166200240E+007 0877
  0.1167900247E+007 0877
  0.1169600265E+007 0877
  0.1171300153E+007 0877
  0.1173000194E+007 0877
  0.1174700249E+007 0877
  0.1176400177E+007 0877
  0.1178100257E+007 0877
  0.1179800209E+007 0877
  0.1181500173E+007 0877
  0.1183200148E+007 0877
  0.1184900271E+007 0877
  0.1186600264E+007 0877
  0.1188300266E+007 0877
  0.1190000275E+007 0877
  0.1191700151E+007 0877
  0.1193400175E+007 0877
  0.1195100209E+007 0877
  0.1196800251E+007 0877
  0.1198500162E+007 0877
  0.1200200225E+007 0877
  0.1201900160E+007 0877
  0.1203600247E+007 0877
  0.1205300206E+007 0877
  0.1207000178E+007 0877
  0.1208700163E+007 0877
  0.1210400159E+007 0877
  0.1212100166E+007 0877
  0.1213800185E+007 0877
  0.1215500213E+007 0877
  0.1217200249E+007 0877
  0.1218900153E+007 0877
  0.1220600206E+007 0877
  0.1222300266E+007 0877
  0.1224000194E+007 0877
  0.1225700271E+007 0877
  0.1227400217E+007 0877
  0.1229100171E+007 0877
  0.1230800276E+007 0877
  0.1232500253E+007 0877
  0.1234200243E+007 0877
  0.1235900244E+007 0877
  0.1237600256E+007 0877
  0.1239300141E+007 0877
  0.1241000179E+007 0877
  0.1242700226E+007 0877
  0.1244400143E+007 0877
  0.1246100211E+007 0877
  0.1247800145E+007 0877
  0.1249500228E+007 0876
  0.1251200180E+007 0876
  0.1252900140E+007 0876
  0.1254600247E+007 0876
  0.1256300222E+007 0876
  0.1258000208E+007 0876
  0.1259700204E+007 0876
  0.1261400210E+007 0876
  0.1263100226E+007 0876
  0.1264800255E+007 0876
  0.1266500155E+007 0876
  0.1268200206E+007 0876
  0.1269900269E+007 0876
  0.1271600204E+007 0876
  0.1273300150E+007 0876
  0.1275000244E+007 0876
  0.1276700208E+007 0876
  0.1278400183E+007 0876
  0.1280100164E+007 0876
  0.1281800153E+007 0876
  0.1283500151E+007 0876
  0.1285200157E+007 0876
  0.1286900170E+007 0876
  0.1288600192E+007 0876
  0.1290300225E+007 0876
  0.1292000268E+007 0876
  0.1293700180E+007 0876
  0.1295400245E+007 0876
  0.1297100181E+007 0876
  0.1298800270E+007 0876
  0.1300500229E+007 0876
  0.1302200198E+007 0876
  0.1303900179E+007 0875
  0.1305600169E+007 0875
  0.1307300168E+007 0875
  0.1309000175E+007 0875
  0.1310700192E+007 0875
  0.1312400214E+007 0875
  0.1314100244E+007 0875
  0.1315800143E+007 0875
  0.1317500191E+007 0875
  0.1319200246E+007 0875
  0.1320900171E+007 0875
  0.1322600247E+007 0875
  0.1324300193E+007 0875
  0.1326000148E+007 0875
  0.1327700257E+007 0875
  0.1329400237E+007 0875
  0.1331100227E+007 0875
