  0.0000000000E+000  0.0000000000E+000
  1.7002693900E+003  3.3545640816E+034
  3.4003425149E+003  3.3584062519E+034
  5.1001873589E+003  3.3608905488E+034
  6.8002651599E+003  3.3625016182E+034
  8.5002713007E+003  3.3635681970E+034
  1.0200352317E+004  3.3643072828E+034
  1.1900303708E+004  3.3649035243E+034
  1.3600277446E+004  3.3655147970E+034
  1.5300297913E+004  3.3661505351E+034
  1.7000224202E+004  3.3666999015E+034
  1.8700200249E+004  3.3670592551E+034
  2.0400211428E+004  3.3672552154E+034
  2.2100192236E+004  3.3673581830E+034
  2.3800289712E+004  3.3674186000E+034
  2.5500280271E+004  3.3674749686E+034
  2.7200290647E+004  3.3675398131E+034
  2.8900208151E+004  3.3676178330E+034
  3.0600207990E+004  3.3677123107E+034
  3.2300280994E+004  3.3678191564E+034
  3.4000301069E+004  3.3679504394E+034
  3.5700296962E+004  3.3681117944E+034
  3.7400296721E+004  3.3683205967E+034
  3.9100304495E+004  3.3685561853E+034
  4.0800296091E+004  3.3687945069E+034
  4.2500288141E+004  3.3690353381E+034
  4.4200325544E+004  3.3692923335E+034
  4.5900265121E+004  3.3695322609E+034
  4.7600285932E+004  3.3697520560E+034
  4.9300210658E+004  3.3699782679E+034
  5.1000271625E+004  3.3701642460E+034
  5.2700197398E+004  3.3703212209E+034
  5.4400200809E+004  3.3704675572E+034
  5.6100227491E+004  3.3706035098E+034
  5.7800264311E+004  3.3707465852E+034
  5.9500333165E+004  3.3708755205E+034
  6.1200276122E+004  3.3710100619E+034
  6.2900337090E+004  3.3711291216E+034
  6.4600184277E+004  3.3712319184E+034
  6.6300318977E+004  3.3713157910E+034
  6.8000239061E+004  3.3713903825E+034
  6.9700241671E+004  3.3714688597E+034
  7.1400357058E+004  3.3715265231E+034
  7.3100354898E+004  3.3715792826E+034
  7.4800319440E+004  3.3716287554E+034
  7.6500352116E+004  3.3716709743E+034
  7.8200323491E+004  3.3717098748E+034
  7.9900233377E+004  3.3717461373E+034
  8.1600353511E+004  3.3717567530E+034
  8.3300251750E+004  3.3717728858E+034
  8.5000332287E+004  3.3717892615E+034
  8.6700304636E+004  3.3718054470E+034
  8.8400299581E+004  3.3718214118E+034
  9.0100344695E+004  3.3718398031E+034
  9.1800232162E+004  3.3718799196E+034
  9.3500275433E+004  3.3719104789E+034
  9.5200243505E+004  3.3719375680E+034
  9.6900218162E+004  3.3719622896E+034
  9.8600269018E+004  3.3719851043E+034
  1.0030030623E+005  3.3720022932E+034
  1.0200032549E+005  3.3720059801E+034
  1.0370032954E+005  3.3720114319E+034
  1.0540036629E+005  3.3720174172E+034
  1.0710021526E+005  3.3720237311E+034
  1.0880018530E+005  3.3720302715E+034
  1.1050023250E+005  3.3720419653E+034
  1.1220036347E+005  3.3720646057E+034
  1.1390031656E+005  3.3720843121E+034
  1.1560034982E+005  3.3721013856E+034
  1.1730035909E+005  3.3721164141E+034
  1.1900018723E+005  3.3721298455E+034
  1.2070036117E+005  3.3721307493E+034
  1.2240018452E+005  3.3721198192E+034
  1.2410028470E+005  3.3721124528E+034
  1.2580034420E+005  3.3721074806E+034
  1.2750032061E+005  3.3721042790E+034
  1.2920035578E+005  3.3721024315E+034
  1.3090036016E+005  3.3720984562E+034
  1.3260032642E+005  3.3720917351E+034
  1.3430032575E+005  3.3720884895E+034
  1.3600034684E+005  3.3720874726E+034
  1.3770031975E+005  3.3720878634E+034
  1.3940023664E+005  3.3720891892E+034
  1.4110024322E+005  3.3720915568E+034
  1.4280030702E+005  3.3720949861E+034
  1.4450029463E+005  3.3720974292E+034
  1.4620025336E+005  3.3720992975E+034
  1.4790022046E+005  3.3721008895E+034
  1.4960025150E+005  3.3721023622E+034
  1.5130025361E+005  3.3721075632E+034
  1.5300021149E+005  3.3721095178E+034
  1.5470026038E+005  3.3721113697E+034
  1.5640031459E+005  3.3721134901E+034
  1.5810028641E+005  3.3721157958E+034
  1.5980020353E+005  3.3721182062E+034
  1.6150035231E+005  3.3721075564E+034
  1.6320022138E+005  3.3720987586E+034
  1.6490025732E+005  3.3720916393E+034
  1.6660026494E+005  3.3720858531E+034
  1.6830030933E+005  3.3720811972E+034
  1.7000036002E+005  3.3720774935E+034
  1.7170030504E+005  3.3720700635E+034
  1.7340020438E+005  3.3720646971E+034
  1.7510035570E+005  3.3720601495E+034
  1.7680022317E+005  3.3720562075E+034
  1.7850027874E+005  3.3720527631E+034
  1.8020029319E+005  3.3720515379E+034
  1.8190035006E+005  3.3720675378E+034
  1.8360020219E+005  3.3720806630E+034
  1.8530031705E+005  3.3720911192E+034
  1.8700020744E+005  3.3720996949E+034
  1.8870033468E+005  3.3721069084E+034
  1.9040020542E+005  3.3721102875E+034
  1.9210026850E+005  3.3720987267E+034
  1.9380030900E+005  3.3720893089E+034
  1.9550036826E+005  3.3720822687E+034
  1.9720020408E+005  3.3720769472E+034
  1.9890029792E+005  3.3720728776E+034
  2.0060033671E+005  3.3720720911E+034
  2.0230027290E+005  3.3720686516E+034
  2.0400031597E+005  3.3720629601E+034
  2.0570020963E+005  3.3720573401E+034
  2.0740025674E+005  3.3720522207E+034
  2.0910029328E+005  3.3720476839E+034
  2.1080028971E+005  3.3720333305E+034
  2.1250034400E+005  3.3720200251E+034
  2.1420036061E+005  3.3720119958E+034
  2.1590027993E+005  3.3720060022E+034
  2.1760032172E+005  3.3720011869E+034
  2.1930022191E+005  3.3719971913E+034
  2.2100025954E+005  3.3720034200E+034
  2.2270029518E+005  3.3720114437E+034
  2.2440026669E+005  3.3720164400E+034
  2.2610030442E+005  3.3720201006E+034
  2.2780030611E+005  3.3720230060E+034
  2.2950021313E+005  3.3720254162E+034
  2.3120025438E+005  3.3720131589E+034
  2.3290032087E+005  3.3720013389E+034
  2.3460034566E+005  3.3719927125E+034
  2.3630035193E+005  3.3719858711E+034
  2.3800029871E+005  3.3719802545E+034
  2.3970030844E+005  3.3719755621E+034
  2.4140026590E+005  3.3719766947E+034
  2.4310033268E+005  3.3719777179E+034
  2.4480034293E+005  3.3719782842E+034
  2.4650020824E+005  3.3719785422E+034
  2.4820021305E+005  3.3719785775E+034
  2.4990019522E+005  3.3719784560E+034
  2.5160030751E+005  3.3719693085E+034
  2.5330026974E+005  3.3719590946E+034
  2.5500019258E+005  3.3719502063E+034
  2.5670022315E+005  3.3719424834E+034
  2.5840021656E+005  3.3719357545E+034
  2.6010025441E+005  3.3719303140E+034
  2.6180022467E+005  3.3719335487E+034
  2.6350035780E+005  3.3719364364E+034
  2.6520022967E+005  3.3719387327E+034
  2.6690033184E+005  3.3719405908E+034
  2.6860021726E+005  3.3719421091E+034
  2.7030021611E+005  3.3719417726E+034
  2.7200019563E+005  3.3719335851E+034
  2.7370020071E+005  3.3719244241E+034
  2.7540032427E+005  3.3719157390E+034
  2.7710022458E+005  3.3719077616E+034
  2.7880024097E+005  3.3719004788E+034
  2.8050031534E+005  3.3718900663E+034
  2.8220035062E+005  3.3718808601E+034
  2.8390032996E+005  3.3718753505E+034
  2.8560027489E+005  3.3718710268E+034
  2.8730025009E+005  3.3718674262E+034
  2.8900034194E+005  3.3718643572E+034
  2.9070020273E+005  3.3718619012E+034
  2.9240036767E+005  3.3718573021E+034
  2.9410020906E+005  3.3718532092E+034
  2.9580021028E+005  3.3718496172E+034
  2.9750033817E+005  3.3718464132E+034
  2.9920024064E+005  3.3718435352E+034
  3.0090036557E+005  3.3718309640E+034
  3.0260022352E+005  3.3718144389E+034
  3.0430022682E+005  3.3718007059E+034
  3.0600034156E+005  3.3717888687E+034
  3.0770031991E+005  3.3717785501E+034
  3.0940028404E+005  3.3717694925E+034
  3.1110018651E+005  3.3717595165E+034
  3.1280024569E+005  3.3717467993E+034
  3.1450032852E+005  3.3717348182E+034
  3.1620033444E+005  3.3717239665E+034
  3.1790030131E+005  3.3717142014E+034
  3.1960018529E+005  3.3717054099E+034
  3.2130030443E+005  3.3717082836E+034
  3.2300021689E+005  3.3717133259E+034
  3.2470026507E+005  3.3717171088E+034
  3.2640028953E+005  3.3717199500E+034
  3.2810033275E+005  3.3717220608E+034
  3.2980029537E+005  3.3717235981E+034
  3.3150019990E+005  3.3717261010E+034
  3.3320021266E+005  3.3717234003E+034
  3.3490027564E+005  3.3717199195E+034
  3.3660032339E+005  3.3717164600E+034
  3.3830033452E+005  3.3717132059E+034
  3.4000031283E+005  3.3717101944E+034
  3.4170031780E+005  3.3717092889E+034
  3.4340022332E+005  3.3717074244E+034
  3.4510025292E+005  3.3717055504E+034
  3.4680020728E+005  3.3717036327E+034
  3.4850021285E+005  3.3717016670E+034
  3.5020021678E+005  3.3716969352E+034
  3.5190036133E+005  3.3716809740E+034
  3.5360029411E+005  3.3716690216E+034
  3.5530024949E+005  3.3716586377E+034
  3.5700028036E+005  3.3716493864E+034
  3.5870024964E+005  3.3716410524E+034
  3.6040031735E+005  3.3716311608E+034
  3.6210025952E+005  3.3716161808E+034
  3.6380020915E+005  3.3716046892E+034
  3.6550030400E+005  3.3715953279E+034
  3.6720019086E+005  3.3715874367E+034
  3.6890026622E+005  3.3715806613E+034
  3.7060023253E+005  3.3715758057E+034
  3.7230031668E+005  3.3715722946E+034
  3.7400031678E+005  3.3715686121E+034
  3.7570020155E+005  3.3715651715E+034
  3.7740027350E+005  3.3715620110E+034
  3.7910031933E+005  3.3715591036E+034
  3.8080033573E+005  3.3715629064E+034
  3.8250035378E+005  3.3715694005E+034
  3.8420025794E+005  3.3715734944E+034
  3.8590027171E+005  3.3715759430E+034
  3.8760021212E+005  3.3715773219E+034
  3.8930021940E+005  3.3715779835E+034
  3.9100023846E+005  3.3715721575E+034
  3.9270023493E+005  3.3715645413E+034
  3.9440019716E+005  3.3715581837E+034
  3.9610034872E+005  3.3715527542E+034
  3.9780018557E+005  3.3715480024E+034
  3.9950031049E+005  3.3715437610E+034
  4.0120036165E+005  3.3715290034E+034
  4.0290029727E+005  3.3715141024E+034
  4.0460025774E+005  3.3715023194E+034
  4.0630019122E+005  3.3714925794E+034
  4.0800027582E+005  3.3714843081E+034
  4.0970036164E+005  3.3714771641E+034
  4.1140030971E+005  3.3714737826E+034
  4.1310036537E+005  3.3714712452E+034
  4.1480033997E+005  3.3714685287E+034
  4.1650020478E+005  3.3714657896E+034
  4.1820028524E+005  3.3714631152E+034
  4.1990034466E+005  3.3714605447E+034
  4.2160019347E+005  3.3714565487E+034
  4.2330021617E+005  3.3714532445E+034
  4.2500028193E+005  3.3714499417E+034
  4.2670025789E+005  3.3714465941E+034
  4.2840033687E+005  3.3714432553E+034
  4.3010031412E+005  3.3714406836E+034
  4.3180031900E+005  3.3714436558E+034
  4.3350030981E+005  3.3714427882E+034
  4.3520027364E+005  3.3714406914E+034
  4.3690022358E+005  3.3714380176E+034
  4.3860021172E+005  3.3714350315E+034
  4.4030028299E+005  3.3714297679E+034
  4.4200027594E+005  3.3714213781E+034
  4.4370035487E+005  3.3714152825E+034
  4.4540028177E+005  3.3714104891E+034
  4.4710020349E+005  3.3714065844E+034
  4.4880027955E+005  3.3714033067E+034
  4.5050034508E+005  3.3713940825E+034
  4.5220025707E+005  3.3713692893E+034
  4.5390024150E+005  3.3713497909E+034
  4.5560033180E+005  3.3713330528E+034
  4.5730031956E+005  3.3713184506E+034
  4.5900035628E+005  3.3713055732E+034
  4.6070020903E+005  3.3712940903E+034
  4.6240021597E+005  3.3712855949E+034
  4.6410021161E+005  3.3712776901E+034
  4.6580022423E+005  3.3712704688E+034
  4.6750030863E+005  3.3712639327E+034
  4.6920030988E+005  3.3712580185E+034
  4.7090021009E+005  3.3712523003E+034
  4.7260034940E+005  3.3712492190E+034
  4.7430030433E+005  3.3712462197E+034
  4.7600023848E+005  3.3712430494E+034
  4.7770034173E+005  3.3712398052E+034
  4.7940027103E+005  3.3712365632E+034
  4.8110026212E+005  3.3712296005E+034
  4.8280034145E+005  3.3712200935E+034
  4.8450032896E+005  3.3712113265E+034
  4.8620019248E+005  3.3712034282E+034
  4.8790025019E+005  3.3711963245E+034
  4.8960028999E+005  3.3711899178E+034
  4.9130030736E+005  3.3711816824E+034
  4.9300033510E+005  3.3711738435E+034
  4.9470023083E+005  3.3711678730E+034
  4.9640021102E+005  3.3711630108E+034
  4.9810028584E+005  3.3711588573E+034
  4.9980023829E+005  3.3711552079E+034
  5.0150021475E+005  3.3711621248E+034
  5.0320036490E+005  3.3711689778E+034
  5.0490030455E+005  3.3711737620E+034
  5.0660025009E+005  3.3711771039E+034
  5.0830023538E+005  3.3711794196E+034
  5.1000030192E+005  3.3711809725E+034
  5.1170027720E+005  3.3711727578E+034
  5.1340032019E+005  3.3711633380E+034
  5.1510021489E+005  3.3711545142E+034
  5.1680028542E+005  3.3711465204E+034
  5.1850033546E+005  3.3711393160E+034
  5.2020020081E+005  3.3711312601E+034
  5.2190028138E+005  3.3711171073E+034
  5.2360025312E+005  3.3711076030E+034
  5.2530031160E+005  3.3711002454E+034
  5.2700026048E+005  3.3710941533E+034
  5.2870025214E+005  3.3710888216E+034
  5.3040023909E+005  3.3710861904E+034
  5.3210020899E+005  3.3710868121E+034
  5.3380035369E+005  3.3710840263E+034
  5.3550033953E+005  3.3710801989E+034
  5.3720020860E+005  3.3710759636E+034
  5.3890034518E+005  3.3710716338E+034
  5.4060019318E+005  3.3710659396E+034
  5.4230027533E+005  3.3710601698E+034
  5.4400036725E+005  3.3710562288E+034
  5.4570025842E+005  3.3710530914E+034
  5.4740031727E+005  3.3710503692E+034
  5.4910020989E+005  3.3710479037E+034
  5.5080034410E+005  3.3710459997E+034
  5.5250019083E+005  3.3710400846E+034
  5.5420030507E+005  3.3710329618E+034
  5.5590028543E+005  3.3710257947E+034
  5.5760028618E+005  3.3710188875E+034
  5.5930027490E+005  3.3710123835E+034
  5.6100024611E+005  3.3710021753E+034
  5.6270022697E+005  3.3709955589E+034
  5.6440025098E+005  3.3709902871E+034
  5.6610035363E+005  3.3709856638E+034
  5.6780035336E+005  3.3709815261E+034
  5.6950022812E+005  3.3709777944E+034
  5.7120031988E+005  3.3709714766E+034
  5.7290021777E+005  3.3709649582E+034
  5.7460028277E+005  3.3709591508E+034
  5.7630034846E+005  3.3709537583E+034
  5.7800026164E+005  3.3709487384E+034
  5.7970024967E+005  3.3709440545E+034
  5.8140031746E+005  3.3709448307E+034
  5.8310026496E+005  3.3709445572E+034
  5.8480024989E+005  3.3709445243E+034
  5.8650023603E+005  3.3709446226E+034
  5.8820021241E+005  3.3709447038E+034
  5.8990036636E+005  3.3709446955E+034
  5.9160035748E+005  3.3709237975E+034
  5.9330022673E+005  3.3709058983E+034
  5.9500035846E+005  3.3708905874E+034
  5.9670019362E+005  3.3708772840E+034
  5.9840025581E+005  3.3708656405E+034
  6.0010032529E+005  3.3708563169E+034
  6.0180020014E+005  3.3708599475E+034
  6.0350024822E+005  3.3708625946E+034
  6.0520031450E+005  3.3708641861E+034
  6.0690024607E+005  3.3708649456E+034
  6.0860025098E+005  3.3708650898E+034
  6.1030033238E+005  3.3708661262E+034
  6.1200027581E+005  3.3708638899E+034
  6.1370024028E+005  3.3708579279E+034
  6.1540019996E+005  3.3708517495E+034
  6.1710033341E+005  3.3708458642E+034
  6.1880029346E+005  3.3708403683E+034
  6.2050029181E+005  3.3708312507E+034
  6.2220036220E+005  3.3708197083E+034
  6.2390032495E+005  3.3708107603E+034
  6.2560034144E+005  3.3708029152E+034
  6.2730020104E+005  3.3707958510E+034
  6.2900023999E+005  3.3707894204E+034
  6.3070026869E+005  3.3707779797E+034
  6.3240030462E+005  3.3707591106E+034
  6.3410036919E+005  3.3707430101E+034
  6.3580031306E+005  3.3707291045E+034
  6.3750032873E+005  3.3707169227E+034
  6.3920022185E+005  3.3707061244E+034
  6.4090033965E+005  3.3706985282E+034
  6.4260027232E+005  3.3706945313E+034
  6.4430019577E+005  3.3706909044E+034
  6.4600030125E+005  3.3706876223E+034
  6.4770024392E+005  3.3706846656E+034
  6.4940024606E+005  3.3706819921E+034
  6.5110031849E+005  3.3706835378E+034
  6.5280027411E+005  3.3706871730E+034
  6.5450027332E+005  3.3706889906E+034
  6.5620028269E+005  3.3706895667E+034
  6.5790028678E+005  3.3706892765E+034
  6.5960028171E+005  3.3706884661E+034
  6.6130029318E+005  3.3706797895E+034
  6.6300035204E+005  3.3707053332E+034
  6.6470029111E+005  3.3708404191E+034
  6.6640030359E+005  3.3711424931E+034
  6.6810036720E+005  3.3716462598E+034
  6.6980026764E+005  3.3723257248E+034
  6.7150035092E+005  3.3731562660E+034
  6.7320023392E+005  3.3740746006E+034
  6.7490031103E+005  3.3750184833E+034
  6.7660023878E+005  3.3759521916E+034
  6.7830023003E+005  3.3768680772E+034
  6.8000029582E+005  3.3777679721E+034
  6.8170022988E+005  3.3786122936E+034
  6.8340019674E+005  3.3793837173E+034
  6.8510035439E+005  3.3801486014E+034
  6.8680031433E+005  3.3808321886E+034
  6.8850027573E+005  3.3814308403E+034
  6.9020025895E+005  3.3819139650E+034
  6.9190029838E+005  3.3825945371E+034
  6.9360022437E+005  3.3832182313E+034
  6.9530021094E+005  3.3834076083E+034
  6.9700024071E+005  3.3839723455E+034
  6.9870028067E+005  3.3840280673E+034
  7.0040031262E+005  3.3846299823E+034
  7.0210034135E+005  3.3846278713E+034
  7.0380019597E+005  3.3846257887E+034
  7.0550028310E+005  3.3846313966E+034
  7.0720025089E+005  3.3846750529E+034
  7.0890028374E+005  3.3851793713E+034
  7.1060036630E+005  3.3852743670E+034
  7.1230028146E+005  3.3852718412E+034
  7.1400019592E+005  3.3852667734E+034
  7.1570029142E+005  3.3852707008E+034
  7.1740020634E+005  3.3853185825E+034
  7.1910034294E+005  3.3852816925E+034
  7.2080035256E+005  3.3852842241E+034
  7.2250024433E+005  3.3852847594E+034
  7.2420019291E+005  3.3852839724E+034
  7.2590035406E+005  3.3852829656E+034
  7.2760033412E+005  3.3852822525E+034
  7.2930030631E+005  3.3852818670E+034
  7.3100028014E+005  3.3852816917E+034
  7.3270028289E+005  3.3852814906E+034
  7.3440033580E+005  3.3852817484E+034
  7.3610027040E+005  3.3852991278E+034
  7.3780026607E+005  3.3852989447E+034
  7.3950029882E+005  3.3852987675E+034
  7.4120034487E+005  3.3852985939E+034
  7.4290019737E+005  3.3852984200E+034
  7.4460023221E+005  3.3852982349E+034
  7.4630028629E+005  3.3852980578E+034
  7.4800019661E+005  3.3852979009E+034
  7.4970035797E+005  3.3852977691E+034
  7.5140021118E+005  3.3853026900E+034
  7.5310029700E+005  3.3853026653E+034
  7.5480022167E+005  3.3853026001E+034
  7.5650032852E+005  3.3853025004E+034
  7.5820024247E+005  3.3853023722E+034
  7.5990035030E+005  3.3853022208E+034
  7.6160030455E+005  3.3853020514E+034
  7.6330031961E+005  3.3853018683E+034
  7.6500021257E+005  3.3853016755E+034
  7.6670034321E+005  3.3852974158E+034
  7.6840032015E+005  3.3852974692E+034
  7.7010030133E+005  3.3852975310E+034
  7.7180027804E+005  3.3852975997E+034
  7.7350025562E+005  3.3852976731E+034
  7.7520025341E+005  3.3852977479E+034
  7.7690030242E+005  3.3852978199E+034
  7.7860022788E+005  3.3852978835E+034
  7.8030021290E+005  3.3852979326E+034
  7.8200023804E+005  3.3852979733E+034
  7.8370027502E+005  3.3852980084E+034
  7.8540031050E+005  3.3852980379E+034
  7.8710034178E+005  3.3852980621E+034
  7.8880019897E+005  3.3852980815E+034
  7.9050028370E+005  3.3852980972E+034
  7.9220023995E+005  3.3852981105E+034
  7.9390025879E+005  3.3852981234E+034
  7.9560032383E+005  3.3852981384E+034
  7.9730022319E+005  3.3852981580E+034
  7.9900031172E+005  3.3852981810E+034
  8.0070020900E+005  3.3852982047E+034
  8.0240029897E+005  3.3852982265E+034
  8.0410023421E+005  3.3852982439E+034
  8.0580021876E+005  3.3852982547E+034
  8.0750026863E+005  3.3852982567E+034
  8.0920018690E+005  3.3852982483E+034
  8.1090032260E+005  3.3852982285E+034
  8.1260028265E+005  3.3852981965E+034
  8.1430023437E+005  3.3852981531E+034
  8.1600018724E+005  3.3852981014E+034
  8.1770034779E+005  3.3852980445E+034
  8.1940036489E+005  3.3852979825E+034
  8.2110025912E+005  3.3852979166E+034
  8.2280021014E+005  3.3852978500E+034
  8.2450020322E+005  3.3852977865E+034
  8.2620021740E+005  3.3852977299E+034
  8.2790022736E+005  3.3852976835E+034
  8.2960023448E+005  3.3852976433E+034
  8.3130025229E+005  3.3852976103E+034
  8.3300030303E+005  3.3852975866E+034
  8.3470022586E+005  3.3852975729E+034
  8.3640020573E+005  3.3852975694E+034
  8.3810023424E+005  3.3852975754E+034
  8.3980029188E+005  3.3852975898E+034
  8.4150035357E+005  3.3852976110E+034
  8.4320022795E+005  3.3852976370E+034
  8.4490029018E+005  3.3852976658E+034
  8.4660018798E+005  3.3852976952E+034
  8.4830032209E+005  3.3852977261E+034
  8.5000032819E+005  3.3852977729E+034
  8.5170020372E+005  3.3852978326E+034
  8.5340030073E+005  3.3852978995E+034
  8.5510022187E+005  3.3852979687E+034
  8.5680032845E+005  3.3852980364E+034
  8.5850024749E+005  3.3852980995E+034
  8.6020036679E+005  3.3852981555E+034
  8.6190033980E+005  3.3852982019E+034
  8.6360036577E+005  3.3852982363E+034
  8.6530026520E+005  3.3852982558E+034
  8.6700020889E+005  3.3852982572E+034
  8.6870035898E+005  3.3852982370E+034
  8.7040032711E+005  3.3852981920E+034
  8.7210028959E+005  3.3852981199E+034
  8.7380025820E+005  3.3852980204E+034
  8.7550025553E+005  3.3852735833E+034
  8.7720029918E+005  3.3852731132E+034
  8.7890021685E+005  3.3852727355E+034
  8.8060037178E+005  3.3852724326E+034
  8.8230018650E+005  3.3852721887E+034
  8.8400019865E+005  3.3852719891E+034
  8.8570020588E+005  3.3852718209E+034
  8.8740021331E+005  3.3852716728E+034
  8.8910024012E+005  3.3852715352E+034
  8.9080030524E+005  3.3852714000E+034
  8.9250024088E+005  3.3852712604E+034
  8.9420023057E+005  3.3852711109E+034
  8.9590026000E+005  3.3852709469E+034
  8.9760031013E+005  3.3852707750E+034
  8.9930036052E+005  3.3852706077E+034
  9.0100022337E+005  3.3852704439E+034
  9.0270028175E+005  3.3852702827E+034
  9.0440036835E+005  3.3852701235E+034
  9.0610032082E+005  3.3852699657E+034
  9.0780032863E+005  3.3852698087E+034
  9.0950019616E+005  3.3852696522E+034
  9.1120027920E+005  3.3852694959E+034
  9.1290036873E+005  3.3852693395E+034
  9.1460026956E+005  3.3852691831E+034
  9.1630035897E+005  3.3852690263E+034
  9.1800027991E+005  3.3852688691E+034
  9.1970024438E+005  3.3852687115E+034
  9.2140026430E+005  3.3852685534E+034
  9.2310033663E+005  3.3852683948E+034
  9.2480026114E+005  3.3852682357E+034
  9.2650019908E+005  3.3852680760E+034
  9.2820032359E+005  3.3852679158E+034
  9.2990026259E+005  3.3852677553E+034
  9.3160021025E+005  3.3852675959E+034
  9.3330019034E+005  3.3852674374E+034
  9.3500021827E+005  3.3852672797E+034
  9.3670029982E+005  3.3852671224E+034
  9.3840024239E+005  3.3852669653E+034
  9.4010020870E+005  3.3852668083E+034
  9.4180036786E+005  3.3852666512E+034
  9.4350033933E+005  3.3852664938E+034
  9.4520031273E+005  3.3852663361E+034
  9.4690031112E+005  3.3852661778E+034
  9.4860035086E+005  3.3852660189E+034
  9.5030025736E+005  3.3852658594E+034
  9.5200021589E+005  3.3852656992E+034
  9.5370020745E+005  3.3852655381E+034
  9.5540021567E+005  3.3852653762E+034
  9.5710022454E+005  3.3852652131E+034
  9.5880022985E+005  3.3852650486E+034
  9.6050024997E+005  3.3852648822E+034
  9.6220030290E+005  3.3852647133E+034
  9.6390022024E+005  3.3852645410E+034
  9.6560019292E+005  3.3852643646E+034
  9.6730020552E+005  3.3852641839E+034
  9.6900024314E+005  3.3852639985E+034
  9.7070028812E+005  3.3852638088E+034
  9.7240032993E+005  3.3852636149E+034
  9.7410019225E+005  3.3852634172E+034
  9.7580026063E+005  3.3852632161E+034
  9.7750036921E+005  3.3852630118E+034
  9.7920034599E+005  3.3852628045E+034
  9.8090036989E+005  3.3852625943E+034
  9.8260024140E+005  3.3852623815E+034
  9.8430031260E+005  3.3852621659E+034
  9.8600019626E+005  3.3852619479E+034
  9.8770026894E+005  3.3852617275E+034
  9.8940035485E+005  3.3852615050E+034
  9.9110028738E+005  3.3852612806E+034
  9.9280027055E+005  3.3852610543E+034
  9.9450030404E+005  3.3852608264E+034
  9.9620019471E+005  3.3852605977E+034
  9.9790029546E+005  3.3852603682E+034
  9.9960021330E+005  3.3852601380E+034
  1.0013003167E+006  3.3852599068E+034
  1.0030002390E+006  3.3852596745E+034
  1.0047003708E+006  3.3852594411E+034
  1.0064003607E+006  3.3852592063E+034
  1.0081002141E+006  3.3852589702E+034
  1.0098003006E+006  3.3852587328E+034
  1.0115002341E+006  3.3852584943E+034
  1.0132003659E+006  3.3852582547E+034
  1.0149003145E+006  3.3852580142E+034
  1.0166002632E+006  3.3852577729E+034
  1.0183002229E+006  3.3852575307E+034
  1.0200002163E+006  3.3852572877E+034
  1.0217002564E+006  3.3852570439E+034
  1.0234003476E+006  3.3852567990E+034
  1.0251002934E+006  3.3852565531E+034
  1.0268002590E+006  3.3852563061E+034
  1.0285002314E+006  3.3852560577E+034
  1.0302002041E+006  3.3852558081E+034
  1.0319003675E+006  3.3852555569E+034
  1.0336003693E+006  3.3852553044E+034
  1.0353002249E+006  3.3852550503E+034
  1.0370003180E+006  3.3852547946E+034
  1.0387002740E+006  3.3852545373E+034
  1.0404002603E+006  3.3852542784E+034
  1.0421002606E+006  3.3852540178E+034
  1.0438002613E+006  3.3852537554E+034
  1.0455002615E+006  3.3852534912E+034
  1.0472002783E+006  3.3852532250E+034
  1.0489003267E+006  3.3852529569E+034
  1.0506002350E+006  3.3852526868E+034
  1.0523001934E+006  3.3852524147E+034
  1.0540001900E+006  3.3852521406E+034
  1.0557002113E+006  3.3852518643E+034
  1.0574002400E+006  3.3852515861E+034
  1.0591002667E+006  3.3852513059E+034
  1.0608003009E+006  3.3852510237E+034
  1.0625003554E+006  3.3852507396E+034
  1.0642002635E+006  3.3852504535E+034
  1.0659002222E+006  3.3852501655E+034
  1.0676002237E+006  3.3852498755E+034
  1.0693002567E+006  3.3852495835E+034
  1.0710003039E+006  3.3852492894E+034
  1.0727003507E+006  3.3852489933E+034
  1.0744002140E+006  3.3852486950E+034
  1.0761002743E+006  3.3852483945E+034
  1.0778003634E+006  3.3852480918E+034
  1.0795003136E+006  3.3852477869E+034
  1.0812003117E+006  3.3852474797E+034
  1.0829003500E+006  3.3852471703E+034
  1.0846002256E+006  3.3852468587E+034
  1.0863002917E+006  3.3852465447E+034
  1.0880003594E+006  3.3852462285E+034
  1.0897002474E+006  3.3852459100E+034
  1.0914003418E+006  3.3852455892E+034
  1.0931002893E+006  3.3852452661E+034
  1.0948002828E+006  3.3852449407E+034
  1.0965003210E+006  3.3852446129E+034
  1.0982002069E+006  3.3852442830E+034
  1.0999002928E+006  3.3852439507E+034
  1.1016001952E+006  3.3852436162E+034
  1.1033002846E+006  3.3852432794E+034
  1.1050001983E+006  3.3852429403E+034
  1.1067003292E+006  3.3852425990E+034
  1.1084003172E+006  3.3852422555E+034
  1.1101003519E+006  3.3852419097E+034
  1.1118002412E+006  3.3852415616E+034
  1.1135003397E+006  3.3852412112E+034
  1.1152002607E+006  3.3852408583E+034
  1.1169003690E+006  3.3852405030E+034
  1.1186002932E+006  3.3852401451E+034
  1.1203002366E+006  3.3852397846E+034
  1.1220002157E+006  3.3852394216E+034
  1.1237002405E+006  3.3852390559E+034
  1.1254003119E+006  3.3852386876E+034
  1.1271002278E+006  3.3852383166E+034
  1.1288003447E+006  3.3852379430E+034
  1.1305002797E+006  3.3852375668E+034
  1.1322002146E+006  3.3852371879E+034
  1.1339003475E+006  3.3852368065E+034
  1.1356003218E+006  3.3852364225E+034
  1.1373003360E+006  3.3852360360E+034
  1.1390002128E+006  3.3852356470E+034
  1.1407003157E+006  3.3852352554E+034
  1.1424002568E+006  3.3852348615E+034
  1.1441002086E+006  3.3852344651E+034
  1.1458003450E+006  3.3852340662E+034
  1.1475002997E+006  3.3852336649E+034
  1.1492002724E+006  3.3852332611E+034
  1.1509002773E+006  3.3852328548E+034
  1.1526003284E+006  3.3852324461E+034
  1.1543002371E+006  3.3852320348E+034
  1.1560003652E+006  3.3852316210E+034
  1.1577003274E+006  3.3852312048E+034
  1.1594002932E+006  3.3852307860E+034
  1.1611002599E+006  3.3852303647E+034
  1.1628002361E+006  3.3852299408E+034
  1.1645002348E+006  3.3852295144E+034
  1.1662002742E+006  3.3852290855E+034
  1.1679003605E+006  3.3852286540E+034
  1.1696002996E+006  3.3852282201E+034
  1.1713002671E+006  3.3852277835E+034
  1.1730002440E+006  3.3852273445E+034
  1.1747002210E+006  3.3852269029E+034
  1.1764002028E+006  3.3852264587E+034
  1.1781001975E+006  3.3852260121E+034
  1.1798002232E+006  3.3852255629E+034
  1.1815002930E+006  3.3852251112E+034
  1.1832002191E+006  3.3852246571E+034
  1.1849003675E+006  3.3852242005E+034
  1.1866003499E+006  3.3852237415E+034
  1.1883003366E+006  3.3852232800E+034
  1.1900003255E+006  3.3852228161E+034
  1.1917003210E+006  3.3852223498E+034
  1.1934003377E+006  3.3852218811E+034
  1.1951002068E+006  3.3852214100E+034
  1.1968003051E+006  3.3852209365E+034
  1.1985002579E+006  3.3852204606E+034
  1.2002002396E+006  3.3852199823E+034
  1.2019002331E+006  3.3852195015E+034
  1.2036002302E+006  3.3852190183E+034
  1.2053002295E+006  3.3852185325E+034
  1.2070002395E+006  3.3852180441E+034
  1.2087002782E+006  3.3852175531E+034
  1.2104003566E+006  3.3852170593E+034
  1.2121002929E+006  3.3852165628E+034
  1.2138002678E+006  3.3852160634E+034
  1.2155002631E+006  3.3852155611E+034
  1.2172002664E+006  3.3852150558E+034
  1.2189002717E+006  3.3852145477E+034
  1.2206002811E+006  3.3852140370E+034
  1.2223003109E+006  3.3852135238E+034
  1.2240001874E+006  3.3852130086E+034
  1.2257002921E+006  3.3852124918E+034
  1.2274002539E+006  3.3852119741E+034
  1.2291002456E+006  3.3852114564E+034
  1.2308002534E+006  3.3852109396E+034
  1.2325002659E+006  3.3852104248E+034
  1.2342002776E+006  3.3852099134E+034
  1.2359003000E+006  3.3852094066E+034
  1.2376003480E+006  3.3852089053E+034
  1.2393002475E+006  3.3852084099E+034
  1.2410001921E+006  3.3852079207E+034
  1.2427003593E+006  3.3852074372E+034
  1.2444003641E+006  3.3852069588E+034
  1.2461001945E+006  3.3852064844E+034
  1.2478002123E+006  3.3852060129E+034
  1.2495002343E+006  3.3852055433E+034
  1.2512002725E+006  3.3852050745E+034
  1.2529003392E+006  3.3852046057E+034
  1.2546002623E+006  3.3852041361E+034
  1.2563002283E+006  3.3852036652E+034
  1.2580002261E+006  3.3852031922E+034
  1.2597002436E+006  3.3852027168E+034
  1.2614002661E+006  3.3852022386E+034
  1.2631002898E+006  3.3852017572E+034
  1.2648003232E+006  3.3852012723E+034
  1.2665001897E+006  3.3852007840E+034
  1.2682002779E+006  3.3852002920E+034
  1.2699002231E+006  3.3851997965E+034
  1.2716002064E+006  3.3851992976E+034
  1.2733002184E+006  3.3851987954E+034
  1.2750002439E+006  3.3851982903E+034
  1.2767002707E+006  3.3851977825E+034
  1.2784003009E+006  3.3851972722E+034
  1.2801003423E+006  3.3851967597E+034
  1.2818002238E+006  3.3851962453E+034
  1.2835003323E+006  3.3851957291E+034
  1.2852002950E+006  3.3851952112E+034
  1.2869002925E+006  3.3851946917E+034
  1.2886003126E+006  3.3851941706E+034
  1.2903003391E+006  3.3851936476E+034
  1.2920003677E+006  3.3851931228E+034
  1.2937002152E+006  3.3851925958E+034
  1.2954002646E+006  3.3851920666E+034
  1.2971003467E+006  3.3851915348E+034
  1.2988002829E+006  3.3851910004E+034
  1.3005002579E+006  3.3851904632E+034
  1.3022002648E+006  3.3851899230E+034
  1.3039002864E+006  3.3851893797E+034
  1.3056003123E+006  3.3851888333E+034
  1.3073003415E+006  3.3851882836E+034
  1.3090001920E+006  3.3851877306E+034
  1.3107002531E+006  3.3851871743E+034
  1.3124003509E+006  3.3851866146E+034
  1.3141003014E+006  3.3851860518E+034
  1.3158002896E+006  3.3851854858E+034
  1.3175003025E+006  3.3851849167E+034
  1.3192003263E+006  3.3851843448E+034
  1.3209003545E+006  3.3851837701E+034
  1.3226001986E+006  3.3851831928E+034
  1.3243002423E+006  3.3851826131E+034
  1.3260003148E+006  3.3851820313E+034
  1.3277002381E+006  3.3851814475E+034
  1.3294002036E+006  3.3851808619E+034
  1.3311002022E+006  3.3851802746E+034
  1.3328002184E+006  3.3851796860E+034
  1.3345002429E+006  3.3851790960E+034
  1.3362002695E+006  3.3851785047E+034
  1.3379003020E+006  3.3851779120E+034
  1.3396003540E+006  3.3851773180E+034
  1.3413002501E+006  3.3851767225E+034
  1.3430003726E+006  3.3851761251E+034
  1.3447003488E+006  3.3851755259E+034
  1.3464003530E+006  3.3851749245E+034
  1.3481003725E+006  3.3851743206E+034
  1.3498002098E+006  3.3851737140E+034
  1.3515002345E+006  3.3851731045E+034
  1.3532002703E+006  3.3851724916E+034
  1.3549003306E+006  3.3851718754E+034
  1.3566002390E+006  3.3851712555E+034
  1.3583001890E+006  3.3851706318E+034
  1.3600003600E+006  3.3851700041E+034
  1.3617003678E+006  3.3851693723E+034
  1.3634002007E+006  3.3851687364E+034
  1.3651002221E+006  3.3851680961E+034
  1.3668002479E+006  3.3851674515E+034
  1.3685002890E+006  3.3851668026E+034
  1.3702003568E+006  3.3851661493E+034
  1.3719002774E+006  3.3851654919E+034
  1.3736002375E+006  3.3851648303E+034
  1.3753002279E+006  3.3851641648E+034
  1.3770002377E+006  3.3851634954E+034
  1.3787002537E+006  3.3851628224E+034
  1.3804002712E+006  3.3851621460E+034
  1.3821002976E+006  3.3851614664E+034
  1.3838003424E+006  3.3851607839E+034
  1.3855002325E+006  3.3851600988E+034
  1.3872003493E+006  3.3851594112E+034
  1.3889003149E+006  3.3851587215E+034
  1.3906003083E+006  3.3851580297E+034
  1.3923003167E+006  3.3851573362E+034
  1.3940003280E+006  3.3851566410E+034
  1.3957003435E+006  3.3851559442E+034
  1.3974003688E+006  3.3851552459E+034
  1.3991002295E+006  3.3851545460E+034
  1.4008003138E+006  3.3851538433E+034
  1.4025002504E+006  3.3851531364E+034
  1.4042002209E+006  3.3851524249E+034
  1.4059002153E+006  3.3851517088E+034
  1.4076002190E+006  3.3851509880E+034
  1.4093002267E+006  3.3851502621E+034
  1.4110002407E+006  3.3851495309E+034
  1.4127002676E+006  3.3851487943E+034
  1.4144003223E+006  3.3851480520E+034
  1.4161002274E+006  3.3851473037E+034
  1.4178003566E+006  3.3851465493E+034
  1.4195003318E+006  3.3851457886E+034
  1.4212003252E+006  3.3851450215E+034
  1.4229003239E+006  3.3851442478E+034
  1.4246003260E+006  3.3851434674E+034
  1.4263003344E+006  3.3851426803E+034
  1.4280003617E+006  3.3851418865E+034
  1.4297002346E+006  3.3851410861E+034
  1.4314003313E+006  3.3851402789E+034
  1.4331002778E+006  3.3851394652E+034
  1.4348002520E+006  3.3851386451E+034
  1.4365002394E+006  3.3851378187E+034
  1.4382002326E+006  3.3851369863E+034
  1.4399002291E+006  3.3851361481E+034
  1.4416002348E+006  3.3851353044E+034
  1.4433002646E+006  3.3851344555E+034
  1.4450003288E+006  3.3851336018E+034
  1.4467002441E+006  3.3851327438E+034
  1.4484001951E+006  3.3851318816E+034
  1.4501003548E+006  3.3851310157E+034
  1.4518003377E+006  3.3851301465E+034
  1.4535003243E+006  3.3851292744E+034
  1.4552003140E+006  3.3851283998E+034
  1.4569003180E+006  3.3851275230E+034
  1.4586003493E+006  3.3851266442E+034
  1.4603002281E+006  3.3851257639E+034
  1.4620003312E+006  3.3851248820E+034
  1.4637002774E+006  3.3851239991E+034
  1.4654002410E+006  3.3851231152E+034
  1.4671002136E+006  3.3851222304E+034
  1.4688001883E+006  3.3851213447E+034
  1.4705003549E+006  3.3851204582E+034
  1.4722003531E+006  3.3851195710E+034
  1.4739001935E+006  3.3851186832E+034
  1.4756002580E+006  3.3851177945E+034
  1.4773003591E+006  3.3851169051E+034
  1.4790002984E+006  3.3851160150E+034
  1.4807002530E+006  3.3851151244E+034
  1.4824002130E+006  3.3851142331E+034
  1.4841003621E+006  3.3851133411E+034
  1.4858003352E+006  3.3851124488E+034
  1.4875003286E+006  3.3851115562E+034
  1.4892003530E+006  3.3851106634E+034
  1.4909002291E+006  3.3851097706E+034
  1.4926003253E+006  3.3851088779E+034
  1.4943002577E+006  3.3851079856E+034
  1.4960002024E+006  3.3851070938E+034
  1.4977003364E+006  3.3851062027E+034
  1.4994002874E+006  3.3851053126E+034
  1.5011002519E+006  3.3851044237E+034
  1.5028002401E+006  3.3851035363E+034
  1.5045002635E+006  3.3851026506E+034
  1.5062003244E+006  3.3851017669E+034
  1.5079002283E+006  3.3851008855E+034
  1.5096003391E+006  3.3851000066E+034
  1.5113002716E+006  3.3850991305E+034
  1.5130002062E+006  3.3850982575E+034
  1.5147003357E+006  3.3850973877E+034
  1.5164002940E+006  3.3850965214E+034
  1.5181002797E+006  3.3850956587E+034
  1.5198003032E+006  3.3850948000E+034
  1.5215003619E+006  3.3850939452E+034
  1.5232002618E+006  3.3850930946E+034
  1.5249003659E+006  3.3850922483E+034
  1.5266002871E+006  3.3850914063E+034
  1.5283002115E+006  3.3850905688E+034
  1.5300003321E+006  3.3850897357E+034
  1.5317002849E+006  3.3850889071E+034
  1.5334002702E+006  3.3850880830E+034
  1.5351002919E+006  3.3850872634E+034
  1.5368003459E+006  3.3850864481E+034
  1.5385002387E+006  3.3850856373E+034
  1.5402003309E+006  3.3850848307E+034
  1.5419002403E+006  3.3850840285E+034
  1.5436003410E+006  3.3850832303E+034
  1.5453002648E+006  3.3850824363E+034
  1.5470002111E+006  3.3850816463E+034
  1.5487001915E+006  3.3850808603E+034
  1.5504002072E+006  3.3850800783E+034
  1.5521002545E+006  3.3850793002E+034
  1.5538003235E+006  3.3850785260E+034
  1.5555002144E+006  3.3850777559E+034
  1.5572002963E+006  3.3850769896E+034
  1.5589001975E+006  3.3850762274E+034
  1.5606002992E+006  3.3850754690E+034
  1.5623002411E+006  3.3850747138E+034
  1.5640002170E+006  3.3850739614E+034
  1.5657002267E+006  3.3850732118E+034
  1.5674002662E+006  3.3850724651E+034
  1.5691003226E+006  3.3850717211E+034
  1.5708001995E+006  3.3850709801E+034
  1.5725002679E+006  3.3850702417E+034
  1.5742003420E+006  3.3850695062E+034
  1.5759002458E+006  3.3850687735E+034
  1.5776003660E+006  3.3850680434E+034
  1.5793003335E+006  3.3850673163E+034
  1.5810003356E+006  3.3850665919E+034
  1.5827003635E+006  3.3850658702E+034
  1.5844002170E+006  3.3850651514E+034
  1.5861002639E+006  3.3850644353E+034
  1.5878003147E+006  3.3850637219E+034
  1.5895001870E+006  3.3850630113E+034
  1.5912002673E+006  3.3850623033E+034
  1.5929001900E+006  3.3850615981E+034
  1.5946003343E+006  3.3850608953E+034
  1.5963003246E+006  3.3850601952E+034
  1.5980003365E+006  3.3850594977E+034
  1.5997003598E+006  3.3850588026E+034
  1.6014002011E+006  3.3850581099E+034
  1.6031002325E+006  3.3850574194E+034
  1.6048002758E+006  3.3850567312E+034
  1.6065003429E+006  3.3850560450E+034
  1.6082002544E+006  3.3850553610E+034
  1.6099002018E+006  3.3850546790E+034
  1.6116003665E+006  3.3850539988E+034
  1.6133003625E+006  3.3850533205E+034
  1.6150003681E+006  3.3850526440E+034
  1.6167001900E+006  3.3850519692E+034
  1.6184002040E+006  3.3850512960E+034
  1.6201002335E+006  3.3850506242E+034
  1.6218002877E+006  3.3850499539E+034
  1.6235001879E+006  3.3850492850E+034
  1.6252003104E+006  3.3850486173E+034
  1.6269002731E+006  3.3850479509E+034
  1.6286002529E+006  3.3850472856E+034
  1.6303002408E+006  3.3850466214E+034
  1.6320002302E+006  3.3850459583E+034
  1.6337002270E+006  3.3850452961E+034
  1.6354002421E+006  3.3850446349E+034
  1.6371002845E+006  3.3850439745E+034
  1.6388003616E+006  3.3850433150E+034
  1.6405002847E+006  3.3850426563E+034
  1.6422002314E+006  3.3850419984E+034
  1.6439001934E+006  3.3850413413E+034
  1.6456003481E+006  3.3850406848E+034
  1.6473003188E+006  3.3850400290E+034
  1.6490003005E+006  3.3850393739E+034
  1.6507003018E+006  3.3850387195E+034
  1.6524003328E+006  3.3850380656E+034
  1.6541002126E+006  3.3850374124E+034
  1.6558003096E+006  3.3850367596E+034
  1.6575002423E+006  3.3850361074E+034
  1.6592001874E+006  3.3850354558E+034
  1.6609003222E+006  3.3850348046E+034
  1.6626002746E+006  3.3850341539E+034
  1.6643002394E+006  3.3850335037E+034
  1.6660002257E+006  3.3850328539E+034
  1.6677002448E+006  3.3850322044E+034
  1.6694002979E+006  3.3850315552E+034
  1.6711001914E+006  3.3850309065E+034
  1.6728002921E+006  3.3850302579E+034
  1.6745002151E+006  3.3850296097E+034
  1.6762003290E+006  3.3850289617E+034
  1.6779002627E+006  3.3850283138E+034
  1.6796002100E+006  3.3850276662E+034
  1.6813003686E+006  3.3850270185E+034
  1.6830001870E+006  3.3850263711E+034
  1.6847002254E+006  3.3850257237E+034
  1.6864002904E+006  3.3850250762E+034
  1.6881003730E+006  3.3850244286E+034
  1.6898002749E+006  3.3850237811E+034
  1.6915003674E+006  3.3850231333E+034
  1.6932002807E+006  3.3850224854E+034
  1.6949002090E+006  3.3850218373E+034
  1.6966003522E+006  3.3850211888E+034
  1.6983003417E+006  3.3850205402E+034
  1.7000003616E+006  3.3850198912E+034
  1.7017002197E+006  3.3850192420E+034
  1.7034002791E+006  3.3850185923E+034
  1.7051003434E+006  3.3850179422E+034
  1.7068002261E+006  3.3850172917E+034
  1.7085003045E+006  3.3850166407E+034
  1.7102002136E+006  3.3850159893E+034
  1.7119003392E+006  3.3850153373E+034
  1.7136003108E+006  3.3850146848E+034
  1.7153003132E+006  3.3850140318E+034
  1.7170003390E+006  3.3850133782E+034
  1.7187001882E+006  3.3850127240E+034
  1.7204002291E+006  3.3850120692E+034
  1.7221002757E+006  3.3850114137E+034
  1.7238003324E+006  3.3850107575E+034
  1.7255002240E+006  3.3850101008E+034
  1.7272003333E+006  3.3850094432E+034
  1.7289002874E+006  3.3850087850E+034
  1.7306002714E+006  3.3850081261E+034
  1.7323002753E+006  3.3850074665E+034
  1.7340002879E+006  3.3850068061E+034
  1.7357003054E+006  3.3850061449E+034
  1.7374003281E+006  3.3850054830E+034
  1.7391003627E+006  3.3850048203E+034
  1.7408002337E+006  3.3850041568E+034
  1.7425003227E+006  3.3850034925E+034
  1.7442002567E+006  3.3850028273E+034
  1.7459002195E+006  3.3850021613E+034
  1.7476001991E+006  3.3850014944E+034
  1.7493003736E+006  3.3850008264E+034
  1.7510003655E+006  3.3850001576E+034
  1.7527003633E+006  3.3849994879E+034
  1.7544001896E+006  3.3849988171E+034
  1.7561002292E+006  3.3849981453E+034
  1.7578002992E+006  3.3849974723E+034
  1.7595002143E+006  3.3849967983E+034
  1.7612003424E+006  3.3849961231E+034
  1.7629002982E+006  3.3849954467E+034
  1.7646002618E+006  3.3849947690E+034
  1.7663002293E+006  3.3849940901E+034
  1.7680002034E+006  3.3849934098E+034
  1.7697001953E+006  3.3849927281E+034
  1.7714002137E+006  3.3849920450E+034
  1.7731002634E+006  3.3849913603E+034
  1.7748003449E+006  3.3849906741E+034
  1.7765002621E+006  3.3849899863E+034
  1.7782001917E+006  3.3849892983E+034
  1.7799003148E+006  3.3849886117E+034
  1.7816002538E+006  3.3849879266E+034
  1.7833002020E+006  3.3849872428E+034
  1.7850003578E+006  3.3849865602E+034
  1.7867003539E+006  3.3849858789E+034
  1.7884001950E+006  3.3849851988E+034
  1.7901002529E+006  3.3849845198E+034
  1.7918003311E+006  3.3849838419E+034
  1.7935002343E+006  3.3849831651E+034
  1.7952003300E+006  3.3849824892E+034
  1.7969002418E+006  3.3849818143E+034
  1.7986003522E+006  3.3849811402E+034
  1.8003002962E+006  3.3849804669E+034
  1.8020002690E+006  3.3849797945E+034
  1.8037002749E+006  3.3849791227E+034
  1.8054003086E+006  3.3849784516E+034
  1.8071003605E+006  3.3849777812E+034
  1.8088002358E+006  3.3849771113E+034
  1.8105003019E+006  3.3849764419E+034
  1.8122003732E+006  3.3849757729E+034
  1.8139002709E+006  3.3849751045E+034
  1.8156001908E+006  3.3849744364E+034
  1.8173003278E+006  3.3849737685E+034
  1.8190003100E+006  3.3849731009E+034
  1.8207003173E+006  3.3849724336E+034
  1.8224003419E+006  3.3849717664E+034
  1.8241001888E+006  3.3849710995E+034
  1.8258002262E+006  3.3849704326E+034
  1.8275002702E+006  3.3849697657E+034
  1.8292003290E+006  3.3849690988E+034
  1.8309002238E+006  3.3849684320E+034
  1.8326003378E+006  3.3849677650E+034
  1.8343002963E+006  3.3849670981E+034
  1.8360002783E+006  3.3849664309E+034
  1.8377002760E+006  3.3849657637E+034
  1.8394002802E+006  3.3849650963E+034
  1.8411002877E+006  3.3849644287E+034
  1.8428003040E+006  3.3849637609E+034
  1.8445003362E+006  3.3849630928E+034
  1.8462002063E+006  3.3849624246E+034
  1.8479002959E+006  3.3849617561E+034
  1.8496002274E+006  3.3849610873E+034
  1.8513003684E+006  3.3849604181E+034
  1.8530003369E+006  3.3849597487E+034
  1.8547003113E+006  3.3849590790E+034
  1.8564002901E+006  3.3849584089E+034
  1.8581002792E+006  3.3849577385E+034
  1.8598002856E+006  3.3849570677E+034
  1.8615003194E+006  3.3849563966E+034
  1.8632001982E+006  3.3849557251E+034
  1.8649002924E+006  3.3849550532E+034
  1.8666002207E+006  3.3849543809E+034
  1.8683003481E+006  3.3849537081E+034
  1.8700002921E+006  3.3849530350E+034
  1.8717002414E+006  3.3849523614E+034
  1.8734002017E+006  3.3849516873E+034
  1.8751003683E+006  3.3849510127E+034
  1.8768001892E+006  3.3849503377E+034
  1.8785002283E+006  3.3849496621E+034
  1.8802002941E+006  3.3849489859E+034
  1.8819001932E+006  3.3849483092E+034
  1.8836002897E+006  3.3849476318E+034
  1.8853002032E+006  3.3849469539E+034
  1.8870003108E+006  3.3849462752E+034
  1.8887002428E+006  3.3849455961E+034
  1.8904001958E+006  3.3849449162E+034
  1.8921003661E+006  3.3849442355E+034
  1.8938001924E+006  3.3849435542E+034
  1.8955002323E+006  3.3849428721E+034
  1.8972002910E+006  3.3849421892E+034
  1.8989003571E+006  3.3849415054E+034
  1.9006002398E+006  3.3849408208E+034
  1.9023003169E+006  3.3849401352E+034
  1.9040002196E+006  3.3849394488E+034
  1.9057003327E+006  3.3849387613E+034
  1.9074002889E+006  3.3849380727E+034
  1.9091002740E+006  3.3849373831E+034
  1.9108002846E+006  3.3849366924E+034
  1.9125003116E+006  3.3849360004E+034
  1.9142003453E+006  3.3849353073E+034
  1.9159001963E+006  3.3849346130E+034
  1.9176002419E+006  3.3849339173E+034
  1.9193003012E+006  3.3849332203E+034
  1.9210001979E+006  3.3849325220E+034
  1.9227003116E+006  3.3849318223E+034
  1.9244002670E+006  3.3849311211E+034
  1.9261002471E+006  3.3849304184E+034
  1.9278002413E+006  3.3849297142E+034
  1.9295002411E+006  3.3849290084E+034
  1.9312002457E+006  3.3849283010E+034
  1.9329002578E+006  3.3849275920E+034
  1.9346002861E+006  3.3849268813E+034
  1.9363003408E+006  3.3849261687E+034
  1.9380002371E+006  3.3849254545E+034
  1.9397003492E+006  3.3849247384E+034
  1.9414002968E+006  3.3849240205E+034
