  0.0000000000E+000  0.0000000000E+000
  1.7003370636E+003  1.2225761013E+042
  3.4003402104E+003  1.2225761013E+042
  5.1001995612E+003  1.2225761013E+042
  6.8002976936E+003  1.2225761013E+042
  8.5003631501E+003  1.2225761013E+042
  1.0200250056E+004  1.2071601181E+042
  1.1900284528E+004  1.2071601181E+042
  1.3600374165E+004  1.2071601181E+042
  1.5300348987E+004  1.2071601181E+042
  1.7000225547E+004  1.2071601181E+042
  1.8700256438E+004  1.2071601181E+042
  2.0400196877E+004  1.1891829753E+042
  2.2100303337E+004  1.1891829753E+042
  2.3800291889E+004  1.1891829753E+042
  2.5500350579E+004  1.1891829753E+042
  2.7200373516E+004  1.1891829753E+042
  2.8900226290E+004  1.1891829753E+042
  3.0600217681E+004  1.1821339269E+042
  3.2300378821E+004  1.1821339269E+042
  3.4000268265E+004  1.1821339269E+042
  3.5700220346E+004  1.1821339269E+042
  3.7400206945E+004  1.1821339269E+042
  3.9100356885E+004  1.1821339269E+042
  4.0800232486E+004  1.1637146233E+042
  4.2500340425E+004  1.1637146233E+042
  4.4200269633E+004  1.1637146233E+042
  4.5900346579E+004  1.1637146233E+042
  4.7600282463E+004  1.1637146233E+042
  4.9300208126E+004  1.1637146233E+042
  5.1000260204E+004  1.1594274564E+042
  5.2700303534E+004  1.1594274564E+042
  5.4400314106E+004  1.1594274564E+042
  5.6100292701E+004  1.1594274564E+042
  5.7800310218E+004  1.1594274564E+042
  5.9500373803E+004  1.1594274564E+042
  6.1200200539E+004  1.1466382100E+042
  6.2900372384E+004  1.1466382100E+042
  6.4600239132E+004  1.1466382100E+042
  6.6300306538E+004  1.1466382100E+042
  6.8000226015E+004  1.1466382100E+042
  6.9700323285E+004  1.1466382100E+042
  7.1400269889E+004  1.1246161435E+042
  7.3100216189E+004  1.1246161435E+042
  7.4800250240E+004  1.1246161435E+042
  7.6500278700E+004  1.1246161435E+042
  7.8200315039E+004  1.1246161435E+042
  7.9900240959E+004  1.1246161435E+042
  8.1600221132E+004  1.1138308715E+042
  8.3300324028E+004  1.1138308715E+042
  8.5000348901E+004  1.1138308715E+042
  8.6700284228E+004  1.1138308715E+042
  8.8400225107E+004  1.1138308715E+042
  9.0100214128E+004  1.1053496310E+042
  9.1800335933E+004  1.1053496310E+042
  9.3500195421E+004  1.1053496310E+042
  9.5200250753E+004  1.1053496310E+042
  9.6900303103E+004  1.1053496310E+042
  9.8600232729E+004  1.1053496310E+042
  1.0030019129E+005  1.1019427069E+042
  1.0200030081E+005  1.1019427069E+042
  1.0370026496E+005  1.1019427069E+042
  1.0540020861E+005  1.1019427069E+042
  1.0710035530E+005  1.1019427069E+042
  1.0880020155E+005  1.1019427069E+042
  1.1050019463E+005  1.0841928802E+042
  1.1220031556E+005  1.0841928802E+042
  1.1390031514E+005  1.0841928802E+042
  1.1560034702E+005  1.0841928802E+042
  1.1730028586E+005  1.0841928802E+042
  1.1900030085E+005  1.0841928802E+042
  1.2070035965E+005  1.0774168431E+042
  1.2240030164E+005  1.0774168431E+042
  1.2410026799E+005  1.0774168431E+042
  1.2580026770E+005  1.0774168431E+042
  1.2750035948E+005  1.0774168431E+042
  1.2920023297E+005  1.0774168431E+042
  1.3090037995E+005  1.0502341385E+042
  1.3260036911E+005  1.0502341385E+042
  1.3430034748E+005  1.0502341385E+042
  1.3600024734E+005  1.0502341385E+042
  1.3770031588E+005  1.0502341385E+042
  1.3940023255E+005  1.0502341385E+042
  1.4110038151E+005  1.0429163205E+042
  1.4280031409E+005  1.0429163205E+042
  1.4450032219E+005  1.0429163205E+042
  1.4620029070E+005  1.0429163205E+042
  1.4790027432E+005  1.0429163205E+042
  1.4960029384E+005  1.0429163205E+042
  1.5130029127E+005  1.0436316410E+042
  1.5300032803E+005  1.0436316410E+042
  1.5470037797E+005  1.0436316410E+042
  1.5640023668E+005  1.0436316410E+042
  1.5810031875E+005  1.0436316410E+042
  1.5980024370E+005  1.0436316410E+042
  1.6150033801E+005  1.0248034638E+042
  1.6320030534E+005  1.0248034638E+042
  1.6490027222E+005  1.0248034638E+042
  1.6660028069E+005  1.0248034638E+042
  1.6830035245E+005  1.0248034638E+042
  1.7000021955E+005  1.0193264240E+042
  1.7170019478E+005  1.0193264240E+042
  1.7340020963E+005  1.0193264240E+042
  1.7510026036E+005  1.0193264240E+042
  1.7680037696E+005  1.0193264240E+042
  1.7850033696E+005  1.0193264240E+042
  1.8020035100E+005  1.0060139510E+042
  1.8190021154E+005  1.0060139510E+042
  1.8360027808E+005  1.0060139510E+042
  1.8530020223E+005  1.0060139510E+042
  1.8700035965E+005  1.0060139510E+042
  1.8870033516E+005  1.0060139510E+042
  1.9040037624E+005  1.0011662528E+042
  1.9210023449E+005  1.0011662528E+042
  1.9380031154E+005  1.0011662528E+042
  1.9550025825E+005  1.0011662528E+042
  1.9720037785E+005  1.0011662528E+042
  1.9890035085E+005  1.0011662528E+042
  2.0060032974E+005  9.8730429045E+041
  2.0230031360E+005  9.8730429045E+041
  2.0400034673E+005  9.8730429045E+041
  2.0570033919E+005  9.8730429045E+041
  2.0740019900E+005  9.8730429045E+041
  2.0910025755E+005  9.8730429045E+041
  2.1080031603E+005  9.6348969777E+041
  2.1250023250E+005  9.6348969777E+041
  2.1420032829E+005  9.6348969777E+041
  2.1590026396E+005  9.6348969777E+041
  2.1760022443E+005  9.6348969777E+041
  2.1930019981E+005  9.6348969777E+041
  2.2100020805E+005  9.6969301121E+041
  2.2270025184E+005  9.6969301121E+041
  2.2440031201E+005  9.6969301121E+041
  2.2610025226E+005  9.6969301121E+041
  2.2780021564E+005  9.6969301121E+041
  2.2950020999E+005  9.6969301121E+041
  2.3120028278E+005  9.5205118331E+041
  2.3290035859E+005  9.5205118331E+041
  2.3460030874E+005  9.5205118331E+041
  2.3630028475E+005  9.5205118331E+041
  2.3800028593E+005  9.5205118331E+041
  2.3970035168E+005  9.5205118331E+041
  2.4140022027E+005  9.4709693879E+041
  2.4310034127E+005  9.4709693879E+041
  2.4480029462E+005  9.4709693879E+041
  2.4650026081E+005  9.4709693879E+041
  2.4820029007E+005  9.4709693879E+041
  2.4990031569E+005  9.4709693879E+041
  2.5160037825E+005  9.3863949719E+041
  2.5330027071E+005  9.3863949719E+041
  2.5500037220E+005  9.3863949719E+041
  2.5670031295E+005  9.3863949719E+041
  2.5840025625E+005  9.3863949719E+041
  2.6010021873E+005  9.3280592016E+041
  2.6180020828E+005  9.3280592016E+041
  2.6350020178E+005  9.3280592016E+041
  2.6520021872E+005  9.3280592016E+041
  2.6690026307E+005  9.3280592016E+041
  2.6860030302E+005  9.3280592016E+041
  2.7030019518E+005  9.1962431054E+041
  2.7200029074E+005  9.1962431054E+041
  2.7370021034E+005  9.1962431054E+041
  2.7540036427E+005  9.1962431054E+041
  2.7710032614E+005  9.1962431054E+041
  2.7880034889E+005  9.1962431054E+041
  2.8050019478E+005  9.0831672138E+041
  2.8220025549E+005  9.0831672138E+041
  2.8390019499E+005  9.0831672138E+041
  2.8560033259E+005  9.0831672138E+041
  2.8730033719E+005  9.0831672138E+041
  2.8900036982E+005  9.0831672138E+041
  2.9070024351E+005  8.9323901608E+041
  2.9240035904E+005  8.9323901608E+041
  2.9410029651E+005  8.9323901608E+041
  2.9580027938E+005  8.9323901608E+041
  2.9750028537E+005  8.9323901608E+041
  2.9920031566E+005  8.9323901608E+041
  3.0090019805E+005  8.9353934680E+041
  3.0260029360E+005  8.9353934680E+041
  3.0430021697E+005  8.9353934680E+041
  3.0600037018E+005  8.9353934680E+041
  3.0770034786E+005  8.9353934680E+041
  3.0940035213E+005  8.9353934680E+041
  3.1110037534E+005  8.8082249737E+041
  3.1280021728E+005  8.8082249737E+041
  3.1450028394E+005  8.8082249737E+041
  3.1620035136E+005  8.8082249737E+041
  3.1790024985E+005  8.8082249737E+041
  3.1960036701E+005  8.8082249737E+041
  3.2130028497E+005  8.6792074995E+041
  3.2300025396E+005  8.6792074995E+041
  3.2470022298E+005  8.6792074995E+041
  3.2640021353E+005  8.6792074995E+041
  3.2810023559E+005  8.6792074995E+041
  3.2980025825E+005  8.6792074995E+041
  3.3150033579E+005  8.6937383020E+041
  3.3320021892E+005  8.6937383020E+041
  3.3490033243E+005  8.6937383020E+041
  3.3660029478E+005  8.6937383020E+041
  3.3830026881E+005  8.6937383020E+041
  3.4000029625E+005  8.4919058777E+041
  3.4170034622E+005  8.4919058777E+041
  3.4340024167E+005  8.4919058777E+041
  3.4510036777E+005  8.4919058777E+041
  3.4680032357E+005  8.4919058777E+041
  3.4850032390E+005  8.4919058777E+041
  3.5020034539E+005  8.5191160041E+041
  3.5190020737E+005  8.5191160041E+041
  3.5360030050E+005  8.5191160041E+041
  3.5530021866E+005  8.5191160041E+041
  3.5700035798E+005  8.5191160041E+041
  3.5870034120E+005  8.5191160041E+041
  3.6040034274E+005  8.4368946391E+041
  3.6210037401E+005  8.4368946391E+041
  3.6380023275E+005  8.4368946391E+041
  3.6550030378E+005  8.4368946391E+041
  3.6720021136E+005  8.4368946391E+041
  3.6890031567E+005  8.4368946391E+041
  3.7060026284E+005  8.3287211542E+041
  3.7230021489E+005  8.3287211542E+041
  3.7400037631E+005  8.3287211542E+041
  3.7570038136E+005  8.3287211542E+041
  3.7740038131E+005  8.3287211542E+041
  3.7910022380E+005  8.3287211542E+041
  3.8080026939E+005  8.2033621609E+041
  3.8250033554E+005  8.2033621609E+041
  3.8420024345E+005  8.2033621609E+041
  3.8590033586E+005  8.2033621609E+041
  3.8760028781E+005  8.2033621609E+041
  3.8930024594E+005  8.2033621609E+041
  3.9100023303E+005  8.1868713910E+041
  3.9270026036E+005  8.1868713910E+041
  3.9440029242E+005  8.1868713910E+041
  3.9610037553E+005  8.1868713910E+041
  3.9780028566E+005  8.1868713910E+041
  3.9950023420E+005  8.1868713910E+041
  4.0120021581E+005  7.9979430553E+041
  4.0290021243E+005  7.9979430553E+041
  4.0460026114E+005  7.9979430553E+041
  4.0630032625E+005  7.9979430553E+041
  4.0800022726E+005  7.9979430553E+041
  4.0970035426E+005  7.9979430553E+041
  4.1140030604E+005  7.9492967309E+041
  4.1310029682E+005  7.9492967309E+041
  4.1480030529E+005  7.9492967309E+041
  4.1650034257E+005  7.9492967309E+041
  4.1820020966E+005  7.9492967309E+041
  4.1990028766E+005  7.9492967309E+041
  4.2160020690E+005  7.9109315465E+041
  4.2330033266E+005  7.9109315465E+041
  4.2500028127E+005  7.9109315465E+041
  4.2670025764E+005  7.9109315465E+041
  4.2840024503E+005  7.9109315465E+041
  4.3010025426E+005  7.8206550365E+041
  4.3180028095E+005  7.8206550365E+041
  4.3350032195E+005  7.8206550365E+041
  4.3520019560E+005  7.8206550365E+041
  4.3690027303E+005  7.8206550365E+041
  4.3860037441E+005  7.8206550365E+041
  4.4030030541E+005  7.7415781054E+041
  4.4200024378E+005  7.7415781054E+041
  4.4370022330E+005  7.7415781054E+041
  4.4540021070E+005  7.7415781054E+041
  4.4710022394E+005  7.7415781054E+041
  4.4880026779E+005  7.7415781054E+041
  4.5050032685E+005  7.6054656938E+041
  4.5220023793E+005  7.6054656938E+041
  4.5390034804E+005  7.6054656938E+041
  4.5560030944E+005  7.6054656938E+041
  4.5730029830E+005  7.6054656938E+041
  4.5900030321E+005  7.6054656938E+041
  4.6070035810E+005  7.5582399612E+041
  4.6240022625E+005  7.5582399612E+041
  4.6410032818E+005  7.5582399612E+041
  4.6580026432E+005  7.5582399612E+041
  4.6750022073E+005  7.5582399612E+041
  4.6920021692E+005  7.5582399612E+041
  4.7090021403E+005  7.5190077787E+041
  4.7260026071E+005  7.5190077787E+041
  4.7430031883E+005  7.5190077787E+041
  4.7600020520E+005  7.5190077787E+041
  4.7770031772E+005  7.5190077787E+041
  4.7940023883E+005  7.5190077787E+041
  4.8110019853E+005  7.4050633197E+041
  4.8280035867E+005  7.4050633197E+041
  4.8450034745E+005  7.4050633197E+041
  4.8620035801E+005  7.4050633197E+041
  4.8790037014E+005  7.4050633197E+041
  4.8960023201E+005  7.4050633197E+041
  4.9130028255E+005  7.4080075691E+041
  4.9300035868E+005  7.4080075691E+041
  4.9470026382E+005  7.4080075691E+041
  4.9640037029E+005  7.4080075691E+041
  4.9810031713E+005  7.4080075691E+041
  4.9980027091E+005  7.4080075691E+041
  5.0150025335E+005  7.3314808176E+041
  5.0320025327E+005  7.3314808176E+041
  5.0490026994E+005  7.3314808176E+041
  5.0660032254E+005  7.3314808176E+041
  5.0830019252E+005  7.3314808176E+041
  5.1000028739E+005  7.1551395156E+041
  5.1170021763E+005  7.1551395156E+041
  5.1340036286E+005  7.1551395156E+041
  5.1510034665E+005  7.1551395156E+041
  5.1680035293E+005  7.1551395156E+041
  5.1850020291E+005  7.1551395156E+041
  5.2020026727E+005  7.1582210416E+041
  5.2190035646E+005  7.1582210416E+041
  5.2360028403E+005  7.1582210416E+041
  5.2530022928E+005  7.1582210416E+041
  5.2700020508E+005  7.1582210416E+041
  5.2870020748E+005  7.1582210416E+041
  5.3040022730E+005  7.0845524477E+041
  5.3210027272E+005  7.0845524477E+041
  5.3380033745E+005  7.0845524477E+041
  5.3550023611E+005  7.0845524477E+041
  5.3720034233E+005  7.0845524477E+041
  5.3890027546E+005  7.0845524477E+041
  5.4060023003E+005  7.0091127090E+041
  5.4230019704E+005  7.0091127090E+041
  5.4400037826E+005  7.0091127090E+041
  5.4570019266E+005  7.0091127090E+041
  5.4740020975E+005  7.0091127090E+041
  5.4910024970E+005  7.0091127090E+041
  5.5080030360E+005  6.9843796804E+041
  5.5250037915E+005  6.9843796804E+041
  5.5420027576E+005  6.9843796804E+041
  5.5590038348E+005  6.9843796804E+041
  5.5760032413E+005  6.9843796804E+041
  5.5930027506E+005  6.9843796804E+041
  5.6100025324E+005  6.9571079684E+041
  5.6270025058E+005  6.9571079684E+041
  5.6440026561E+005  6.9571079684E+041
  5.6610031250E+005  6.9571079684E+041
  5.6780037291E+005  6.9571079684E+041
  5.6950027386E+005  6.9571079684E+041
  5.7120038321E+005  6.8474912041E+041
  5.7290033256E+005  6.8474912041E+041
  5.7460031230E+005  6.8474912041E+041
  5.7630030414E+005  6.8474912041E+041
  5.7800033349E+005  6.8474912041E+041
  5.7970037972E+005  6.8474912041E+041
  5.8140026168E+005  6.7706866766E+041
  5.8310036318E+005  6.7706866766E+041
  5.8480028767E+005  6.7706866766E+041
  5.8650024631E+005  6.7706866766E+041
  5.8820021485E+005  6.7706866766E+041
  5.8990021832E+005  6.7706866766E+041
  5.9160023703E+005  6.6597090507E+041
  5.9330027104E+005  6.6597090507E+041
  5.9500033612E+005  6.6597090507E+041
  5.9670021652E+005  6.6597090507E+041
  5.9840031564E+005  6.6597090507E+041
  6.0010023378E+005  6.6423076418E+041
  6.0180036173E+005  6.6423076418E+041
  6.0350031954E+005  6.6423076418E+041
  6.0520028373E+005  6.6423076418E+041
  6.0690027875E+005  6.6423076418E+041
  6.0860027557E+005  6.6423076418E+041
  6.1030029659E+005  6.6427512971E+041
  6.1200033933E+005  6.6427512971E+041
  6.1370019913E+005  6.6427512971E+041
  6.1540027825E+005  6.6427512971E+041
  6.1710036570E+005  6.6427512971E+041
  6.1880029209E+005  6.6427512971E+041
  6.2050023336E+005  6.5364553098E+041
  6.2220019393E+005  6.5364553098E+041
  6.2390037775E+005  6.5364553098E+041
  6.2560037545E+005  6.5364553098E+041
  6.2730022065E+005  6.5364553098E+041
  6.2900027399E+005  6.5364553098E+041
  6.3070035187E+005  6.4816342642E+041
  6.3240026677E+005  6.4816342642E+041
  6.3410019804E+005  6.4816342642E+041
  6.3580035956E+005  6.4816342642E+041
  6.3750033737E+005  6.4816342642E+041
  6.3920034985E+005  6.4816342642E+041
  6.4090019289E+005  6.4573856369E+041
  6.4260024422E+005  6.4573856369E+041
  6.4430033143E+005  6.4573856369E+041
  6.4600023348E+005  6.4573856369E+041
  6.4770035868E+005  6.4573856369E+041
  6.4940030757E+005  6.4573856369E+041
  6.5110027957E+005  6.3785334127E+041
  6.5280027591E+005  6.3785334127E+041
  6.5450027910E+005  6.3785334127E+041
  6.5620031675E+005  6.3785334127E+041
  6.5790036075E+005  6.3785334127E+041
  6.5960023604E+005  6.3785334127E+041
  6.6130032276E+005  6.3153942257E+041
  6.6300022487E+005  6.3153942257E+041
  6.6470034491E+005  6.3153942257E+041
  6.6640027975E+005  6.3153942257E+041
  6.6810024067E+005  6.3153942257E+041
  6.6980020975E+005  6.3153942257E+041
  6.7150019561E+005  6.2388124707E+041
  6.7320020799E+005  6.2388124707E+041
  6.7490022500E+005  6.2388124707E+041
  6.7660027119E+005  6.2388124707E+041
  6.7830032806E+005  6.2388124707E+041
  6.8000021564E+005  6.0990037373E+041
  6.8170031734E+005  6.0990037373E+041
  6.8340024093E+005  6.0990037373E+041
  6.8510019411E+005  6.0990037373E+041
  6.8680034754E+005  6.0990037373E+041
  6.8850034313E+005  6.0990037373E+041
  6.9020035878E+005  6.1394616256E+041
  6.9190019998E+005  6.1394616256E+041
  6.9360026507E+005  6.1394616256E+041
  6.9530034427E+005  6.1394616256E+041
  6.9700026384E+005  6.1394616256E+041
  6.9870019865E+005  6.1394616256E+041
  7.0040035275E+005  6.0803485264E+041
  7.0210033703E+005  6.0803485264E+041
  7.0380033659E+005  6.0803485264E+041
  7.0550036935E+005  6.0803485264E+041
  7.0720021925E+005  6.0803485264E+041
  7.0890028576E+005  6.0803485264E+041
  7.1060037221E+005  6.0157430280E+041
  7.1230028498E+005  6.0157430280E+041
  7.1400021933E+005  6.0157430280E+041
  7.1570035753E+005  6.0157430280E+041
  7.1740032745E+005  6.0157430280E+041
  7.1910030710E+005  6.0157430280E+041
  7.2080030813E+005  5.8927506824E+041
  7.2250032661E+005  5.8927506824E+041
  7.2420035480E+005  5.8927506824E+041
  7.2590021222E+005  5.8927506824E+041
  7.2760027534E+005  5.8927506824E+041
  7.2930035767E+005  5.8927506824E+041
  7.3100025993E+005  5.9865697645E+041
  7.3270037363E+005  5.9865697645E+041
  7.3440031283E+005  5.9865697645E+041
  7.3610026588E+005  5.9865697645E+041
  7.3780024261E+005  5.9865697645E+041
  7.3950023285E+005  5.9865697645E+041
  7.4120024296E+005  5.8527373717E+041
  7.4290027426E+005  5.8527373717E+041
  7.4460032649E+005  5.8527373717E+041
  7.4630020615E+005  5.8527373717E+041
  7.4800029633E+005  5.8527373717E+041
  7.4970022200E+005  5.8527373717E+041
  7.5140035729E+005  5.8415649319E+041
  7.5310032541E+005  5.8415649319E+041
  7.5480031467E+005  5.8415649319E+041
  7.5650032441E+005  5.8415649319E+041
  7.5820035637E+005  5.8415649319E+041
  7.5990021795E+005  5.8415649319E+041
  7.6160029448E+005  5.7206571014E+041
  7.6330019284E+005  5.7206571014E+041
  7.6500031048E+005  5.7206571014E+041
  7.6670025346E+005  5.7206571014E+041
  7.6840021441E+005  5.7206571014E+041
  7.7010019632E+005  5.7229056122E+041
  7.7180038422E+005  5.7229056122E+041
  7.7350021140E+005  5.7229056122E+041
  7.7520024171E+005  5.7229056122E+041
  7.7690029742E+005  5.7229056122E+041
  7.7860036164E+005  5.7229056122E+041
  7.8030025014E+005  5.6800884837E+041
  7.8200035344E+005  5.6800884837E+041
  7.8370027115E+005  5.6800884837E+041
  7.8540021335E+005  5.6800884837E+041
  7.8710035662E+005  5.6800884837E+041
  7.8880032878E+005  5.6800884837E+041
  7.9050031639E+005  5.6164102439E+041
  7.9220031665E+005  5.6164102439E+041
  7.9390034244E+005  5.6164102439E+041
  7.9560037076E+005  5.6164102439E+041
  7.9730023898E+005  5.6164102439E+041
  7.9900031022E+005  5.6164102439E+041
  8.0070020806E+005  5.5405355334E+041
  8.0240032034E+005  5.5405355334E+041
  8.0410025229E+005  5.5405355334E+041
  8.0580021507E+005  5.5405355334E+041
  8.0750037893E+005  5.5405355334E+041
  8.0920038058E+005  5.5405355334E+041
  8.1090020670E+005  5.5032722018E+041
  8.1260024267E+005  5.5032722018E+041
  8.1430031261E+005  5.5032722018E+041
  8.1600019641E+005  5.5032722018E+041
  8.1770030569E+005  5.5032722018E+041
  8.1940023495E+005  5.5032722018E+041
  8.2110038306E+005  5.4338881144E+041
  8.2280035858E+005  5.4338881144E+041
  8.2450034600E+005  5.4338881144E+041
  8.2620036406E+005  5.4338881144E+041
  8.2790019482E+005  5.4338881144E+041
  8.2960024776E+005  5.4338881144E+041
  8.3130031416E+005  5.4213011774E+041
  8.3300020120E+005  5.4213011774E+041
  8.3470030550E+005  5.4213011774E+041
  8.3640022487E+005  5.4213011774E+041
  8.3810036315E+005  5.4213011774E+041
  8.3980031460E+005  5.4213011774E+041
  8.4150028851E+005  5.3741001832E+041
  8.4320027568E+005  5.3741001832E+041
  8.4490027453E+005  5.3741001832E+041
  8.4660029727E+005  5.3741001832E+041
  8.4830032475E+005  5.3741001832E+041
  8.5000037381E+005  5.3430228219E+041
  8.5170024355E+005  5.3430228219E+041
  8.5340032357E+005  5.3430228219E+041
  8.5510022688E+005  5.3430228219E+041
  8.5680033553E+005  5.3430228219E+041
  8.5850027404E+005  5.3430228219E+041
  8.6020022329E+005  5.2811445342E+041
  8.6190019617E+005  5.2811445342E+041
  8.6360037721E+005  5.2811445342E+041
  8.6530038361E+005  5.2811445342E+041
  8.6700021919E+005  5.2811445342E+041
  8.6870026757E+005  5.2811445342E+041
  8.7040033615E+005  5.2812088986E+041
  8.7210022893E+005  5.2812088986E+041
  8.7380034025E+005  5.2812088986E+041
  8.7550027624E+005  5.2812088986E+041
  8.7720023630E+005  5.2812088986E+041
  8.7890021505E+005  5.2812088986E+041
  8.8060021512E+005  5.1468591143E+041
  8.8230023273E+005  5.1468591143E+041
  8.8400027030E+005  5.1468591143E+041
  8.8570033047E+005  5.1468591143E+041
  8.8740020759E+005  5.1468591143E+041
  8.8910030391E+005  5.1468591143E+041
  8.9080022080E+005  5.1475905572E+041
  8.9250034908E+005  5.1475905572E+041
  8.9420030355E+005  5.1475905572E+041
  8.9590026846E+005  5.1475905572E+041
  8.9760025729E+005  5.1475905572E+041
  8.9930025113E+005  5.1475905572E+041
  9.0100027323E+005  5.1099291639E+041
  9.0270030038E+005  5.1099291639E+041
  9.0440034375E+005  5.1099291639E+041
  9.0610021541E+005  5.1099291639E+041
  9.0780028453E+005  5.1099291639E+041
  9.0950037886E+005  5.1099291639E+041
  9.1120028523E+005  5.0454801663E+041
  9.1290021369E+005  5.0454801663E+041
  9.1460034647E+005  5.0454801663E+041
  9.1630030154E+005  5.0454801663E+041
  9.1800027980E+005  5.0454801663E+041
  9.1970026067E+005  5.0454801663E+041
  9.2140027155E+005  4.9813616018E+041
  9.2310029098E+005  4.9813616018E+041
  9.2480033171E+005  4.9813616018E+041
  9.2650019806E+005  4.9813616018E+041
  9.2820027087E+005  4.9813616018E+041
  9.2990036934E+005  4.9813616018E+041
  9.3160028651E+005  5.0030292889E+041
  9.3330023204E+005  5.0030292889E+041
  9.3500038171E+005  5.0030292889E+041
  9.3670036067E+005  5.0030292889E+041
  9.3840036310E+005  5.0030292889E+041
  9.4010037995E+005  4.9773558881E+041
  9.4180022687E+005  4.9773558881E+041
  9.4350028126E+005  4.9773558881E+041
  9.4520035680E+005  4.9773558881E+041
  9.4690025590E+005  4.9773558881E+041
  9.4860036812E+005  4.9773558881E+041
  9.5030030306E+005  4.9099287866E+041
  9.5200025444E+005  4.9099287866E+041
  9.5370022540E+005  4.9099287866E+041
  9.5540021240E+005  4.9099287866E+041
  9.5710021655E+005  4.9099287866E+041
  9.5880023298E+005  4.9099287866E+041
  9.6050027187E+005  4.8620800709E+041
  9.6220031765E+005  4.8620800709E+041
  9.6390019414E+005  4.8620800709E+041
  9.6560027285E+005  4.8620800709E+041
  9.6730036420E+005  4.8620800709E+041
  9.6900028272E+005  4.8620800709E+041
  9.7070021031E+005  4.7593608163E+041
  9.7240035264E+005  4.7593608163E+041
  9.7410030717E+005  4.7593608163E+041
  9.7580028508E+005  4.7593608163E+041
  9.7750027455E+005  4.7593608163E+041
  9.7920027653E+005  4.7593608163E+041
  9.8090030288E+005  4.7867898517E+041
  9.8260033254E+005  4.7867898517E+041
  9.8430019746E+005  4.7867898517E+041
  9.8600026445E+005  4.7867898517E+041
  9.8770035417E+005  4.7867898517E+041
  9.8940026715E+005  4.7867898517E+041
  9.9110019449E+005  4.6975696483E+041
  9.9280034159E+005  4.6975696483E+041
  9.9450030317E+005  4.6975696483E+041
  9.9620029388E+005  4.6975696483E+041
  9.9790029606E+005  4.6975696483E+041
  9.9960031813E+005  4.6975696483E+041
  1.0013003616E+006  4.6519004774E+041
  1.0030002286E+006  4.6519004774E+041
  1.0047003093E+006  4.6519004774E+041
  1.0064002106E+006  4.6519004774E+041
  1.0081003278E+006  4.6519004774E+041
  1.0098002667E+006  4.6519004774E+041
  1.0115002243E+006  4.6750896866E+041
  1.0132001987E+006  4.6750896866E+041
  1.0149003799E+006  4.6750896866E+041
  1.0166003849E+006  4.6750896866E+041
  1.0183002137E+006  4.6750896866E+041
  1.0200002500E+006  4.6482515831E+041
  1.0217002963E+006  4.6482515831E+041
  1.0234003643E+006  4.6482515831E+041
  1.0251002469E+006  4.6482515831E+041
  1.0268003433E+006  4.6482515831E+041
  1.0285002565E+006  4.6482515831E+041
  1.0302003776E+006  4.5557789953E+041
  1.0319003205E+006  4.5557789953E+041
  1.0336002739E+006  4.5557789953E+041
  1.0353002501E+006  4.5557789953E+041
  1.0370002280E+006  4.5557789953E+041
  1.0387002313E+006  4.5557789953E+041
  1.0404002442E+006  4.5636057319E+041
  1.0421002729E+006  4.5636057319E+041
  1.0438003217E+006  4.5636057319E+041
  1.0455003785E+006  4.5636057319E+041
  1.0472002677E+006  4.5636057319E+041
  1.0489003576E+006  4.5636057319E+041
  1.0506002810E+006  4.4892516124E+041
  1.0523002160E+006  4.4892516124E+041
  1.0540003598E+006  4.4892516124E+041
  1.0557003359E+006  4.4892516124E+041
  1.0574003213E+006  4.4892516124E+041
  1.0591003328E+006  4.4892516124E+041
  1.0608003559E+006  4.4638287009E+041
  1.0625002073E+006  4.4638287009E+041
  1.0642002665E+006  4.4638287009E+041
  1.0659003455E+006  4.4638287009E+041
  1.0676002483E+006  4.4638287009E+041
  1.0693003579E+006  4.4638287009E+041
  1.0710002944E+006  4.5002508183E+041
  1.0727002468E+006  4.5002508183E+041
  1.0744002167E+006  4.5002508183E+041
  1.0761002009E+006  4.5002508183E+041
  1.0778002047E+006  4.5002508183E+041
  1.0795002180E+006  4.5002508183E+041
  1.0812002539E+006  4.3948743136E+041
  1.0829003007E+006  4.3948743136E+041
  1.0846003603E+006  4.3948743136E+041
  1.0863002455E+006  4.3948743136E+041
  1.0880003315E+006  4.3948743136E+041
  1.0897002469E+006  4.3948743136E+041
  1.0914003594E+006  4.3690491293E+041
  1.0931003001E+006  4.3690491293E+041
  1.0948002489E+006  4.3690491293E+041
  1.0965002115E+006  4.3690491293E+041
  1.0982001943E+006  4.3690491293E+041
  1.0999003717E+006  4.3690491293E+041
  1.1016003813E+006  4.3627368717E+041
  1.1033002049E+006  4.3627368717E+041
  1.1050002420E+006  4.3627368717E+041
  1.1067002917E+006  4.3627368717E+041
  1.1084003571E+006  4.3627368717E+041
  1.1101002486E+006  4.2886288800E+041
  1.1118003435E+006  4.2886288800E+041
  1.1135002699E+006  4.2886288800E+041
  1.1152002068E+006  4.2886288800E+041
  1.1169003548E+006  4.2886288800E+041
  1.1186003278E+006  4.2886288800E+041
  1.1203003185E+006  4.2848028806E+041
  1.1220003253E+006  4.2848028806E+041
  1.1237003505E+006  4.2848028806E+041
  1.1254001993E+006  4.2848028806E+041
  1.1271002565E+006  4.2848028806E+041
  1.1288003345E+006  4.2848028806E+041
  1.1305002326E+006  4.2777254908E+041
  1.1322003437E+006  4.2777254908E+041
  1.1339002730E+006  4.2777254908E+041
  1.1356002254E+006  4.2777254908E+041
  1.1373003811E+006  4.2777254908E+041
  1.1390003608E+006  4.2777254908E+041
  1.1407003594E+006  4.2410141442E+041
  1.1424003636E+006  4.2410141442E+041
  1.1441002016E+006  4.2410141442E+041
  1.1458002367E+006  4.2410141442E+041
  1.1475002922E+006  4.2410141442E+041
  1.1492003570E+006  4.2410141442E+041
  1.1509002442E+006  4.2170842800E+041
  1.1526003401E+006  4.2170842800E+041
  1.1543002501E+006  4.2170842800E+041
  1.1560003737E+006  4.2170842800E+041
  1.1577003096E+006  4.2170842800E+041
  1.1594002643E+006  4.2170842800E+041
  1.1611002319E+006  4.1586956115E+041
  1.1628002120E+006  4.1586956115E+041
  1.1645002058E+006  4.1586956115E+041
  1.1662002140E+006  4.1586956115E+041
  1.1679002369E+006  4.1586956115E+041
  1.1696002731E+006  4.1586956115E+041
  1.1713003264E+006  4.1675675046E+041
  1.1730001992E+006  4.1675675046E+041
  1.1747002834E+006  4.1675675046E+041
  1.1764003812E+006  4.1675675046E+041
  1.1781003071E+006  4.1675675046E+041
  1.1798002439E+006  4.1675675046E+041
  1.1815002007E+006  4.0747768110E+041
  1.1832003684E+006  4.0747768110E+041
  1.1849003546E+006  4.0747768110E+041
  1.1866003666E+006  4.0747768110E+041
  1.1883003848E+006  4.0747768110E+041
  1.1900002353E+006  4.0850422085E+041
  1.1917002896E+006  4.0850422085E+041
  1.1934003638E+006  4.0850422085E+041
  1.1951002606E+006  4.0850422085E+041
  1.1968003612E+006  4.0850422085E+041
  1.1985002932E+006  4.0850422085E+041
  1.2002002314E+006  4.0732961830E+041
  1.2019003852E+006  4.0732961830E+041
  1.2036003568E+006  4.0732961830E+041
  1.2053003436E+006  4.0732961830E+041
  1.2070003454E+006  4.0732961830E+041
  1.2087003618E+006  4.0732961830E+041
  1.2104001982E+006  4.0204911023E+041
  1.2121002398E+006  4.0204911023E+041
  1.2138002961E+006  4.0204911023E+041
  1.2155003637E+006  4.0204911023E+041
  1.2172002544E+006  4.0204911023E+041
  1.2189003475E+006  4.0204911023E+041
  1.2206002648E+006  3.9835335613E+041
  1.2223003820E+006  3.9835335613E+041
  1.2240003264E+006  3.9835335613E+041
  1.2257002801E+006  3.9835335613E+041
  1.2274002450E+006  3.9835335613E+041
  1.2291002295E+006  3.9835335613E+041
  1.2308002193E+006  3.9435846629E+041
  1.2325002330E+006  3.9435846629E+041
  1.2342002541E+006  3.9435846629E+041
  1.2359002954E+006  3.9435846629E+041
  1.2376003489E+006  3.9435846629E+041
  1.2393002258E+006  3.9435846629E+041
  1.2410003159E+006  3.9345963074E+041
  1.2427002204E+006  3.9345963074E+041
  1.2444003418E+006  3.9345963074E+041
  1.2461002804E+006  3.9345963074E+041
  1.2478002389E+006  3.9345963074E+041
  1.2495002125E+006  3.9345963074E+041
  1.2512002030E+006  3.9009603996E+041
  1.2529002074E+006  3.9009603996E+041
  1.2546002301E+006  3.9009603996E+041
  1.2563002678E+006  3.9009603996E+041
  1.2580003200E+006  3.9009603996E+041
  1.2597001955E+006  3.9009603996E+041
  1.2614002762E+006  3.8879430686E+041
  1.2631003759E+006  3.8879430686E+041
  1.2648002915E+006  3.8879430686E+041
  1.2665002294E+006  3.8879430686E+041
  1.2682003652E+006  3.8879430686E+041
  1.2699003272E+006  3.8879430686E+041
  1.2716003034E+006  3.8737566537E+041
  1.2733002880E+006  3.8737566537E+041
  1.2750002924E+006  3.8737566537E+041
  1.2767003018E+006  3.8737566537E+041
  1.2784003308E+006  3.8737566537E+041
  1.2801003676E+006  3.8171742497E+041
  1.2818002282E+006  3.8171742497E+041
  1.2835002928E+006  3.8171742497E+041
  1.2852003681E+006  3.8171742497E+041
  1.2869002686E+006  3.8171742497E+041
  1.2886003706E+006  3.8171742497E+041
  1.2903002955E+006  3.8413813841E+041
  1.2920002324E+006  3.8413813841E+041
  1.2937003765E+006  3.8413813841E+041
  1.2954003402E+006  3.8413813841E+041
  1.2971003228E+006  3.8413813841E+041
  1.2988003144E+006  3.8413813841E+041
  1.3005003246E+006  3.7847274833E+041
  1.3022003485E+006  3.7847274833E+041
  1.3039001955E+006  3.7847274833E+041
  1.3056002526E+006  3.7847274833E+041
  1.3073003207E+006  3.7847274833E+041
  1.3090002193E+006  3.7847274833E+041
  1.3107003169E+006  3.7146285940E+041
  1.3124002480E+006  3.7146285940E+041
  1.3141003805E+006  3.7146285940E+041
  1.3158003369E+006  3.7146285940E+041
  1.3175003116E+006  3.7146285940E+041
  1.3192002972E+006  3.7146285940E+041
  1.3209003032E+006  3.7456030206E+041
  1.3226003189E+006  3.7456030206E+041
  1.3243003536E+006  3.7456030206E+041
  1.3260002059E+006  3.7456030206E+041
  1.3277002692E+006  3.7456030206E+041
  1.3294003450E+006  3.7456030206E+041
  1.3311002417E+006  3.7121035972E+041
  1.3328003434E+006  3.7121035972E+041
  1.3345002687E+006  3.7121035972E+041
  1.3362002041E+006  3.7121035972E+041
  1.3379003465E+006  3.7121035972E+041
  1.3396003107E+006  3.7121035972E+041
  1.3413002809E+006  3.6786414866E+041
  1.3430002725E+006  3.6786414866E+041
  1.3447002692E+006  3.6786414866E+041
  1.3464002836E+006  3.6786414866E+041
  1.3481003067E+006  3.6786414866E+041
  1.3498003436E+006  3.6786414866E+041
  1.3515002023E+006  3.6612290487E+041
  1.3532002617E+006  3.6612290487E+041
  1.3549003411E+006  3.6612290487E+041
  1.3566002325E+006  3.6612290487E+041
  1.3583003359E+006  3.6612290487E+041
  1.3600002586E+006  3.6106332909E+041
  1.3617001946E+006  3.6106332909E+041
  1.3634003379E+006  3.6106332909E+041
  1.3651003027E+006  3.6106332909E+041
  1.3668002818E+006  3.6106332909E+041
  1.3685002758E+006  3.6106332909E+041
  1.3702002859E+006  3.6108291135E+041
  1.3719003079E+006  3.6108291135E+041
  1.3736003479E+006  3.6108291135E+041
  1.3753002065E+006  3.6108291135E+041
  1.3770002788E+006  3.6108291135E+041
  1.3787003581E+006  3.6108291135E+041
  1.3804002664E+006  3.5341114166E+041
  1.3821003776E+006  3.5341114166E+041
  1.3838003109E+006  3.5341114166E+041
  1.3855002638E+006  3.5341114166E+041
  1.3872002226E+006  3.5341114166E+041
  1.3889002031E+006  3.5341114166E+041
  1.3906003843E+006  3.5543609977E+041
  1.3923001990E+006  3.5543609977E+041
  1.3940002162E+006  3.5543609977E+041
  1.3957002488E+006  3.5543609977E+041
  1.3974002936E+006  3.5543609977E+041
  1.3991003508E+006  3.5543609977E+041
  1.4008002294E+006  3.5314517256E+041
  1.4025003128E+006  3.5314517256E+041
  1.4042002148E+006  3.5314517256E+041
  1.4059003229E+006  3.5314517256E+041
  1.4076002532E+006  3.5314517256E+041
  1.4093003833E+006  3.5314517256E+041
  1.4110003411E+006  3.5119233365E+041
  1.4127003030E+006  3.5119233365E+041
  1.4144002833E+006  3.5119233365E+041
  1.4161002740E+006  3.5119233365E+041
  1.4178002774E+006  3.5119233365E+041
  1.4195002953E+006  3.5119233365E+041
  1.4212003216E+006  3.4969260031E+041
  1.4229003684E+006  3.4969260031E+041
  1.4246002287E+006  3.4969260031E+041
  1.4263003017E+006  3.4969260031E+041
  1.4280003853E+006  3.4969260031E+041
  1.4297002901E+006  3.4969260031E+041
  1.4314002116E+006  3.4707903235E+041
  1.4331003395E+006  3.4707903235E+041
  1.4348002881E+006  3.4707903235E+041
  1.4365002521E+006  3.4707903235E+041
  1.4382002309E+006  3.4707903235E+041
  1.4399002232E+006  3.4707903235E+041
  1.4416002333E+006  3.4310385734E+041
  1.4433002540E+006  3.4310385734E+041
  1.4450002939E+006  3.4310385734E+041
  1.4467003429E+006  3.4310385734E+041
  1.4484002203E+006  3.4310385734E+041
  1.4501002999E+006  3.3956062286E+041
  1.4518002012E+006  3.3956062286E+041
  1.4535003126E+006  3.3956062286E+041
  1.4552002379E+006  3.3956062286E+041
  1.4569003777E+006  3.3956062286E+041
  1.4586003312E+006  3.3956062286E+041
  1.4603003009E+006  3.3867218435E+041
  1.4620002814E+006  3.3867218435E+041
  1.4637002764E+006  3.3867218435E+041
  1.4654002824E+006  3.3867218435E+041
  1.4671003010E+006  3.3867218435E+041
  1.4688003315E+006  3.3867218435E+041
  1.4705003738E+006  3.3651622180E+041
  1.4722002352E+006  3.3651622180E+041
  1.4739003019E+006  3.3651622180E+041
  1.4756003816E+006  3.3651622180E+041
  1.4773002757E+006  3.3651622180E+041
  1.4790003830E+006  3.3651622180E+041
  1.4807003011E+006  3.3837288752E+041
  1.4824002393E+006  3.3837288752E+041
  1.4841003790E+006  3.3837288752E+041
  1.4858003391E+006  3.3837288752E+041
  1.4875003152E+006  3.3837288752E+041
  1.4892003013E+006  3.3837288752E+041
  1.4909003054E+006  3.2830370857E+041
  1.4926003171E+006  3.2830370857E+041
  1.4943003484E+006  3.2830370857E+041
  1.4960001965E+006  3.2830370857E+041
  1.4977002537E+006  3.2830370857E+041
  1.4994003242E+006  3.2830370857E+041
  1.5011002165E+006  3.2945868314E+041
  1.5028003139E+006  3.2945868314E+041
  1.5045002377E+006  3.2945868314E+041
  1.5062003652E+006  3.2945868314E+041
  1.5079003149E+006  3.2945868314E+041
  1.5096002813E+006  3.2945868314E+041
  1.5113002570E+006  3.2934713603E+041
  1.5130002542E+006  3.2934713603E+041
  1.5147002581E+006  3.2934713603E+041
  1.5164002822E+006  3.2934713603E+041
  1.5181003138E+006  3.2934713603E+041
  1.5198003638E+006  3.2934713603E+041
  1.5215002329E+006  3.2455913149E+041
  1.5232003053E+006  3.2455913149E+041
  1.5249002012E+006  3.2455913149E+041
  1.5266002988E+006  3.2455913149E+041
  1.5283002181E+006  3.2455913149E+041
  1.5300003422E+006  3.2463245905E+041
  1.5317002855E+006  3.2463245905E+041
  1.5334002379E+006  3.2463245905E+041
  1.5351002071E+006  3.2463245905E+041
  1.5368003753E+006  3.2463245905E+041
  1.5385003680E+006  3.2463245905E+041
  1.5402003677E+006  3.2003020204E+041
  1.5419003823E+006  3.2003020204E+041
  1.5436002149E+006  3.2003020204E+041
  1.5453002520E+006  3.2003020204E+041
  1.5470003058E+006  3.2003020204E+041
  1.5487003642E+006  3.2003020204E+041
  1.5504002504E+006  3.2088974424E+041
  1.5521003366E+006  3.2088974424E+041
  1.5538002456E+006  3.2088974424E+041
  1.5555003601E+006  3.2088974424E+041
  1.5572002939E+006  3.2088974424E+041
  1.5589002410E+006  3.2088974424E+041
  1.5606002034E+006  3.1866940737E+041
  1.5623003713E+006  3.1866940737E+041
  1.5640003602E+006  3.1866940737E+041
  1.5657003637E+006  3.1866940737E+041
  1.5674003798E+006  3.1866940737E+041
  1.5691002197E+006  3.1866940737E+041
  1.5708002623E+006  3.1976376772E+041
  1.5725003250E+006  3.1976376772E+041
  1.5742002005E+006  3.1976376772E+041
  1.5759002896E+006  3.1976376772E+041
  1.5776001967E+006  3.1976376772E+041
  1.5793003090E+006  3.1976376772E+041
  1.5810002454E+006  3.1266460714E+041
  1.5827003832E+006  3.1266460714E+041
  1.5844003451E+006  3.1266460714E+041
  1.5861003177E+006  3.1266460714E+041
  1.5878003044E+006  3.1266460714E+041
  1.5895003011E+006  3.1266460714E+041
  1.5912003128E+006  3.1699591382E+041
  1.5929003346E+006  3.1699591382E+041
  1.5946003708E+006  3.1699591382E+041
  1.5963002225E+006  3.1699591382E+041
  1.5980002831E+006  3.1699591382E+041
  1.5997003518E+006  3.1699591382E+041
  1.6014002414E+006  3.1034023145E+041
  1.6031003377E+006  3.1034023145E+041
  1.6048002464E+006  3.1034023145E+041
  1.6065003672E+006  3.1034023145E+041
  1.6082003001E+006  3.1034023145E+041
  1.6099002498E+006  3.1034023145E+041
  1.6116002091E+006  3.1075427025E+041
  1.6133003743E+006  3.1075427025E+041
  1.6150003583E+006  3.1075427025E+041
  1.6167003554E+006  3.1075427025E+041
  1.6184003662E+006  3.1075427025E+041
  1.6201001956E+006  3.0755388920E+041
  1.6218002312E+006  3.0755388920E+041
  1.6235002805E+006  3.0755388920E+041
  1.6252003433E+006  3.0755388920E+041
  1.6269002249E+006  3.0755388920E+041
  1.6286003178E+006  3.0755388920E+041
  1.6303002235E+006  3.0755847511E+041
  1.6320003439E+006  3.0755847511E+041
  1.6337002798E+006  3.0755847511E+041
  1.6354002312E+006  3.0755847511E+041
  1.6371001967E+006  3.0755847511E+041
  1.6388003663E+006  3.0755847511E+041
  1.6405003593E+006  3.0429244609E+041
  1.6422003623E+006  3.0429244609E+041
  1.6439003820E+006  3.0429244609E+041
  1.6456002176E+006  3.0429244609E+041
  1.6473002617E+006  3.0429244609E+041
  1.6490003177E+006  3.0429244609E+041
  1.6507001944E+006  3.0159292451E+041
  1.6524002741E+006  3.0159292451E+041
  1.6541003703E+006  3.0159292451E+041
  1.6558002799E+006  3.0159292451E+041
  1.6575002066E+006  3.0159292451E+041
  1.6592003368E+006  3.0159292451E+041
  1.6609002828E+006  3.0087545489E+041
  1.6626002450E+006  3.0087545489E+041
  1.6643002130E+006  3.0087545489E+041
  1.6660001983E+006  3.0087545489E+041
  1.6677003835E+006  3.0087545489E+041
  1.6694001978E+006  3.0087545489E+041
  1.6711002137E+006  3.0044182014E+041
  1.6728002434E+006  3.0044182014E+041
  1.6745002855E+006  3.0044182014E+041
  1.6762003388E+006  3.0044182014E+041
  1.6779002103E+006  3.0044182014E+041
  1.6796002892E+006  3.0044182014E+041
  1.6813003780E+006  2.9768891994E+041
  1.6830002875E+006  2.9768891994E+041
  1.6847002116E+006  2.9768891994E+041
  1.6864003357E+006  2.9768891994E+041
  1.6881002870E+006  2.9768891994E+041
  1.6898002448E+006  2.9768891994E+041
  1.6915002211E+006  2.9701232422E+041
  1.6932002068E+006  2.9701232422E+041
  1.6949002075E+006  2.9701232422E+041
  1.6966002208E+006  2.9701232422E+041
  1.6983002466E+006  2.9701232422E+041
  1.7000002882E+006  2.9507881933E+041
  1.7017003397E+006  2.9507881933E+041
  1.7034002127E+006  2.9507881933E+041
  1.7051002922E+006  2.9507881933E+041
  1.7068003848E+006  2.9507881933E+041
  1.7085002960E+006  2.9507881933E+041
  1.7102002236E+006  2.9329666050E+041
  1.7119003501E+006  2.9329666050E+041
  1.7136003035E+006  2.9329666050E+041
  1.7153002634E+006  2.9329666050E+041
  1.7170002380E+006  2.9329666050E+041
  1.7187002238E+006  2.9329666050E+041
  1.7204002201E+006  2.8886327136E+041
  1.7221002310E+006  2.8886327136E+041
  1.7238002504E+006  2.8886327136E+041
  1.7255002852E+006  2.8886327136E+041
  1.7272003276E+006  2.8886327136E+041
  1.7289003842E+006  2.8886327136E+041
  1.7306002585E+006  2.8812094772E+041
  1.7323003380E+006  2.8812094772E+041
  1.7340002338E+006  2.8812094772E+041
  1.7357003384E+006  2.8812094772E+041
  1.7374002555E+006  2.8812094772E+041
  1.7391003838E+006  2.8812094772E+041
  1.7408003276E+006  2.8348360986E+041
  1.7425002826E+006  2.8348360986E+041
  1.7442002524E+006  2.8348360986E+041
  1.7459002302E+006  2.8348360986E+041
  1.7476002249E+006  2.8348360986E+041
  1.7493002272E+006  2.8348360986E+041
  1.7510002457E+006  2.8791925211E+041
  1.7527002729E+006  2.8791925211E+041
  1.7544003153E+006  2.8791925211E+041
  1.7561003699E+006  2.8791925211E+041
  1.7578002438E+006  2.8791925211E+041
  1.7595003221E+006  2.8791925211E+041
  1.7612002236E+006  2.8479824243E+041
  1.7629003267E+006  2.8479824243E+041
  1.7646002528E+006  2.8479824243E+041
  1.7663003839E+006  2.8479824243E+041
  1.7680003309E+006  2.8479824243E+041
  1.7697002960E+006  2.8479824243E+041
  1.7714002677E+006  2.8119648414E+041
  1.7731002572E+006  2.8119648414E+041
  1.7748002545E+006  2.8119648414E+041
  1.7765002673E+006  2.8119648414E+041
  1.7782002903E+006  2.8119648414E+041
  1.7799003269E+006  2.8119648414E+041
  1.7816003753E+006  2.7990705325E+041
  1.7833002419E+006  2.7990705325E+041
  1.7850003125E+006  2.7990705325E+041
  1.7867002041E+006  2.7990705325E+041
  1.7884002978E+006  2.7990705325E+041
  1.7901002109E+006  2.8218357860E+041
  1.7918003301E+006  2.8218357860E+041
  1.7935002624E+006  2.8218357860E+041
  1.7952002137E+006  2.8218357860E+041
  1.7969003633E+006  2.8218357860E+041
  1.7986003356E+006  2.8218357860E+041
  1.8003003168E+006  2.7721565045E+041
  1.8020003110E+006  2.7721565045E+041
  1.8037003164E+006  2.7721565045E+041
  1.8054003337E+006  2.7721565045E+041
  1.8071003625E+006  2.7721565045E+041
  1.8088002094E+006  2.7721565045E+041
  1.8105002615E+006  2.7854849950E+041
  1.8122003268E+006  2.7854849950E+041
  1.8139002097E+006  2.7854849950E+041
  1.8156002969E+006  2.7854849950E+041
  1.8173002067E+006  2.7854849950E+041
  1.8190003157E+006  2.7854849950E+041
  1.8207002517E+006  2.8136899455E+041
  1.8224001938E+006  2.8136899455E+041
  1.8241003450E+006  2.8136899455E+041
  1.8258003149E+006  2.8136899455E+041
  1.8275002974E+006  2.8136899455E+041
  1.8292002934E+006  2.8136899455E+041
  1.8309003017E+006  2.7433022397E+041
  1.8326003224E+006  2.7433022397E+041
  1.8343003552E+006  2.7433022397E+041
  1.8360002077E+006  2.7433022397E+041
  1.8377002658E+006  2.7433022397E+041
  1.8394003363E+006  2.7433022397E+041
