  0.0000000000E+000  0.0000000000E+000
  1.7002815280E+003  2.0537953558E+034
  3.4002031750E+003  2.0536885896E+034
  5.1002324985E+003  2.0536895336E+034
  6.8002540236E+003  2.0539385628E+034
  8.5001962687E+003  2.0543657561E+034
  1.0200161952E+004  2.0548658874E+034
  1.1900166497E+004  2.0554487061E+034
  1.3600189667E+004  2.0574660647E+034
  1.5300203004E+004  2.0577424185E+034
  1.7000169469E+004  2.0577536567E+034
  1.8700251577E+004  2.0577338386E+034
  2.0400224142E+004  2.0577451721E+034
  2.2100186037E+004  2.0578313432E+034
  2.3800291717E+004  2.0579863439E+034
  2.5500176643E+004  2.0580038216E+034
  2.7200275559E+004  2.0580100143E+034
  2.8900189361E+004  2.0580131077E+034
  3.0600262096E+004  2.0580145148E+034
  3.2300161374E+004  2.0580151261E+034
  3.4000286523E+004  2.0580153993E+034
  3.5700169326E+004  2.0580155290E+034
  3.7400280551E+004  2.0580156028E+034
  3.9100264304E+004  2.0580156674E+034
  4.0800285499E+004  2.0580157067E+034
  4.2500287149E+004  2.0580157106E+034
  4.4200290384E+004  2.0580156934E+034
  4.5900233243E+004  2.0580156648E+034
  4.7600273491E+004  2.0580156318E+034
  4.9300179513E+004  2.0580155998E+034
  5.1000237380E+004  2.0580155730E+034
  5.2700291408E+004  2.0580155542E+034
  5.4400184119E+004  2.0580155400E+034
  5.6100230337E+004  2.0580155244E+034
  5.7800292821E+004  2.0580155089E+034
  5.9500250692E+004  2.0580154945E+034
  6.1200192701E+004  2.0580154809E+034
  6.2900152727E+004  2.0580154667E+034
  6.4600163768E+004  2.0580154548E+034
  6.6300214890E+004  2.0580154460E+034
  6.8000198509E+004  2.0580154405E+034
  6.9700267967E+004  2.0580154382E+034
  7.1400249185E+004  2.0580154390E+034
  7.3100211554E+004  2.0580154466E+034
  7.4800205033E+004  2.0580154667E+034
  7.6500279437E+004  2.0580154931E+034
  7.8200252583E+004  2.0580155209E+034
  7.9900294235E+004  2.0580155467E+034
  8.1600234144E+004  2.0580155683E+034
  8.3300266851E+004  2.0580155854E+034
  8.5000247686E+004  2.0580155945E+034
  8.6700296775E+004  2.0580155943E+034
  8.8400169542E+004  2.0580155912E+034
  9.0100271623E+004  2.0580155878E+034
  9.1800204196E+004  2.0580155843E+034
  9.3500207282E+004  2.0580155807E+034
  9.5200185677E+004  2.0580155769E+034
  9.6900247509E+004  2.0580155731E+034
  9.8600239257E+004  2.0580155692E+034
  1.0030016001E+005  2.0580155654E+034
  1.0200016933E+005  2.0580155616E+034
  1.0370023875E+005  2.0580155577E+034
  1.0540023417E+005  2.0580155539E+034
  1.0710016516E+005  2.0580155502E+034
  1.0880017526E+005  2.0580155466E+034
  1.1050025995E+005  2.0580155430E+034
  1.1220026101E+005  2.0580155396E+034
  1.1390018954E+005  2.0580155362E+034
  1.1560015916E+005  2.0580155330E+034
  1.1730020136E+005  2.0580155300E+034
  1.1900028628E+005  2.0580155270E+034
  1.2070015984E+005  2.0580155243E+034
  1.2240021781E+005  2.0580155217E+034
  1.2410021058E+005  2.0580155192E+034
  1.2580023720E+005  2.0580155169E+034
  1.2750020179E+005  2.0580155147E+034
  1.2920018371E+005  2.0580155128E+034
  1.3090025799E+005  2.0580155110E+034
  1.3260021730E+005  2.0580155093E+034
  1.3430026334E+005  2.0580155079E+034
  1.3600019181E+005  2.0580155066E+034
  1.3770021802E+005  2.0580155054E+034
  1.3940028848E+005  2.0580155045E+034
  1.4110028822E+005  2.0580155037E+034
  1.4280019372E+005  2.0580155031E+034
  1.4450019354E+005  2.0580155027E+034
  1.4620025535E+005  2.0580155024E+034
  1.4790024457E+005  2.0580155023E+034
  1.4960015915E+005  2.0580155023E+034
  1.5130029971E+005  2.0580155026E+034
  1.5300019636E+005  2.0580155029E+034
  1.5470016532E+005  2.0580155035E+034
  1.5640020800E+005  2.0580155041E+034
  1.5810015590E+005  2.0580155049E+034
  1.5980016500E+005  2.0580155059E+034
  1.6150024154E+005  2.0580155070E+034
  1.6320023257E+005  2.0580155082E+034
  1.6490028831E+005  2.0580155095E+034
  1.6660024469E+005  2.0580155109E+034
  1.6830027219E+005  2.0580155125E+034
  1.7000019315E+005  2.0580155141E+034
  1.7170017786E+005  2.0580155159E+034
  1.7340020576E+005  2.0580155177E+034
  1.7510030583E+005  2.0580155196E+034
  1.7680029494E+005  2.0580155216E+034
  1.7850018948E+005  2.0580155236E+034
  1.8020028031E+005  2.0580155258E+034
  1.8190029392E+005  2.0580155279E+034
  1.8360018441E+005  2.0580155301E+034
  1.8530029336E+005  2.0580155324E+034
  1.8700027349E+005  2.0580155346E+034
  1.8870017481E+005  2.0580155369E+034
  1.9040026316E+005  2.0580155392E+034
  1.9210026428E+005  2.0580155415E+034
  1.9380030123E+005  2.0580155438E+034
  1.9550025666E+005  2.0580155460E+034
  1.9720023596E+005  2.0580155483E+034
  1.9890028947E+005  2.0580155505E+034
  2.0060022766E+005  2.0580155527E+034
  2.0230023608E+005  2.0580155549E+034
  2.0400027420E+005  2.0580155570E+034
  2.0570022540E+005  2.0580155590E+034
  2.0740021907E+005  2.0580155611E+034
  2.0910029576E+005  2.0580155630E+034
  2.1080025261E+005  2.0580155649E+034
  2.1250027312E+005  2.0580155667E+034
  2.1420018885E+005  2.0580155685E+034
  2.1590016997E+005  2.0580155700E+034
  2.1760018927E+005  2.0580155714E+034
  2.1930026362E+005  2.0580155726E+034
  2.2100024100E+005  2.0580155738E+034
  2.2270026253E+005  2.0580155749E+034
  2.2440018679E+005  2.0580155742E+034
  2.2610030600E+005  2.0580155709E+034
  2.2780018280E+005  2.0580155652E+034
  2.2950024474E+005  2.0580155574E+034
  2.3120021929E+005  2.0580155479E+034
  2.3290021952E+005  2.0580155369E+034
  2.3460028257E+005  2.0580155248E+034
  2.3630021811E+005  2.0580155119E+034
  2.3800021380E+005  2.0580154986E+034
  2.3970024223E+005  2.0580154851E+034
  2.4140016946E+005  2.0580154717E+034
  2.4310029034E+005  2.0580154588E+034
  2.4480029909E+005  2.0580154468E+034
  2.4650020241E+005  2.0580154358E+034
  2.4820029234E+005  2.0580154264E+034
  2.4990028177E+005  2.0580154186E+034
  2.5160029131E+005  2.0580154130E+034
  2.5330020243E+005  2.0580154099E+034
  2.5500028983E+005  2.0580154086E+034
  2.5670027950E+005  2.0580154077E+034
  2.5840028940E+005  2.0580154073E+034
  2.6010019513E+005  2.0580154073E+034
  2.6180028990E+005  2.0580154077E+034
  2.6350027299E+005  2.0580154085E+034
  2.6520029441E+005  2.0580154095E+034
  2.6690018600E+005  2.0580154105E+034
  2.6860028206E+005  2.0580154116E+034
  2.7030024783E+005  2.0580154130E+034
  2.7200026736E+005  2.0580154145E+034
  2.7370030166E+005  2.0580154163E+034
  2.7540023398E+005  2.0580154184E+034
  2.7710019102E+005  2.0580154207E+034
  2.7880019650E+005  2.0580154233E+034
  2.8050023571E+005  2.0580154260E+034
  2.8220030903E+005  2.0580154290E+034
  2.8390027192E+005  2.0580154322E+034
  2.8560025899E+005  2.0580154355E+034
  2.8730029656E+005  2.0580154389E+034
  2.8900019682E+005  2.0580154424E+034
  2.9070030545E+005  2.0580154461E+034
  2.9240028296E+005  2.0580154499E+034
  2.9410030903E+005  2.0580154537E+034
  2.9580020887E+005  2.0580154576E+034
  2.9750029398E+005  2.0580154614E+034
  2.9920026824E+005  2.0580154653E+034
  3.0090027026E+005  2.0580154691E+034
  3.0260016410E+005  2.0580154730E+034
  3.0430022267E+005  2.0580154768E+034
  3.0600017648E+005  2.0580154806E+034
  3.0770015701E+005  2.0580154843E+034
  3.0940017209E+005  2.0580154880E+034
  3.1110021371E+005  2.0580154916E+034
  3.1280028209E+005  2.0580154952E+034
  3.1450024707E+005  2.0580154986E+034
  3.1620022081E+005  2.0580155019E+034
  3.1790023651E+005  2.0580155052E+034
  3.1960027318E+005  2.0580155083E+034
  3.2130019164E+005  2.0580155114E+034
  3.2300029178E+005  2.0580155143E+034
  3.2470025839E+005  2.0580155171E+034
  3.2640026538E+005  2.0580155197E+034
  3.2810027920E+005  2.0580155223E+034
  3.2980018374E+005  2.0580155247E+034
  3.3150026276E+005  2.0580155269E+034
  3.3320021315E+005  2.0580155291E+034
  3.3490018781E+005  2.0580155314E+034
  3.3660018396E+005  2.0580155340E+034
  3.3830022465E+005  2.0580155368E+034
  3.4000027006E+005  2.0580155397E+034
  3.4170019456E+005  2.0580155428E+034
  3.4340029196E+005  2.0580155460E+034
  3.4510025851E+005  2.0580155493E+034
  3.4680025388E+005  2.0580155527E+034
  3.4850025846E+005  2.0580155562E+034
  3.5020030180E+005  2.0580155598E+034
  3.5190019571E+005  2.0580155634E+034
  3.5360027875E+005  2.0580155670E+034
  3.5530023127E+005  2.0580155707E+034
  3.5700019206E+005  2.0580155745E+034
  3.5870018399E+005  2.0580155782E+034
  3.6040018942E+005  2.0580155820E+034
  3.6210022913E+005  2.0580155858E+034
  3.6380027417E+005  2.0580155896E+034
  3.6550018554E+005  2.0580155933E+034
  3.6720027913E+005  2.0580155970E+034
  3.6890022226E+005  2.0580156006E+034
  3.7060020469E+005  2.0580156042E+034
  3.7230019165E+005  2.0580156077E+034
  3.7400019802E+005  2.0580156112E+034
  3.7570022612E+005  2.0580156146E+034
  3.7740026913E+005  2.0580156180E+034
  3.7910018797E+005  2.0580156213E+034
  3.8080026120E+005  2.0580156246E+034
  3.8250020787E+005  2.0580156278E+034
  3.8420017073E+005  2.0580156310E+034
  3.8590029814E+005  2.0580156341E+034
  3.8760030136E+005  2.0580156371E+034
  3.8930030562E+005  2.0580156400E+034
  3.9100017671E+005  2.0580156428E+034
  3.9270021902E+005  2.0580156455E+034
  3.9440027927E+005  2.0580156481E+034
  3.9610020365E+005  2.0580156506E+034
  3.9780028516E+005  2.0580156530E+034
  3.9950024261E+005  2.0580156553E+034
  4.0120020735E+005  2.0580156575E+034
  4.0290018770E+005  2.0580156596E+034
  4.0460019151E+005  2.0580156616E+034
  4.0630019042E+005  2.0580156634E+034
  4.0800021509E+005  2.0580156652E+034
  4.0970025186E+005  2.0580156668E+034
  4.1140029968E+005  2.0580156683E+034
  4.1310020950E+005  2.0580156697E+034
  4.1480027680E+005  2.0580156710E+034
  4.1650021050E+005  2.0580156721E+034
  4.1820030742E+005  2.0580156731E+034
  4.1990026501E+005  2.0580156740E+034
  4.2160023903E+005  2.0580156748E+034
  4.2330020701E+005  2.0580156754E+034
  4.2500020050E+005  2.0580156759E+034
  4.2670020080E+005  2.0580156763E+034
  4.2840020670E+005  2.0580156765E+034
  4.3010023675E+005  2.0580156767E+034
  4.3180025831E+005  2.0580156766E+034
  4.3350029500E+005  2.0580156765E+034
  4.3520019194E+005  2.0580156762E+034
  4.3690024161E+005  2.0580156758E+034
  4.3860031098E+005  2.0580156752E+034
  4.4030022441E+005  2.0580156745E+034
  4.4200030148E+005  2.0580156733E+034
  4.4370023959E+005  2.0580156076E+034
  4.4540017627E+005  2.0573643069E+034
  4.4710028423E+005  2.0577004028E+034
  4.4880023369E+005  2.0579380427E+034
  4.5050019050E+005  2.0579980133E+034
  4.5220016290E+005  2.0580002457E+034
  4.5390028586E+005  2.0580097154E+034
  4.5560026986E+005  2.0580117039E+034
  4.5730024926E+005  2.0580115492E+034
  4.5900022822E+005  2.0580116460E+034
  4.6070022777E+005  2.0580115766E+034
  4.6240021951E+005  2.0580117028E+034
  4.6410022228E+005  2.0580117115E+034
  4.6580023098E+005  2.0580116906E+034
  4.6750022757E+005  2.0580114941E+034
  4.6920024427E+005  2.0580115295E+034
  4.7090026250E+005  2.0580115575E+034
  4.7260027532E+005  2.0580115753E+034
  4.7430030544E+005  2.0580115976E+034
  4.7600016171E+005  2.0580113946E+034
  4.7770018369E+005  2.0580113849E+034
  4.7940021802E+005  2.0580114202E+034
  4.8110023843E+005  2.0580114630E+034
  4.8280027246E+005  2.0580114428E+034
  4.8450029986E+005  2.0580113621E+034
  4.8620016349E+005  2.0580112651E+034
  4.8790020122E+005  2.0580111717E+034
  4.8960022893E+005  2.0580111028E+034
  4.9130025666E+005  2.0580110454E+034
  4.9300029479E+005  2.0580109937E+034
  4.9470015659E+005  2.0580109426E+034
  4.9640018763E+005  2.0580108863E+034
  4.9810021824E+005  2.0580108161E+034
  4.9980023918E+005  2.0580107397E+034
  5.0150027289E+005  2.0580106580E+034
  5.0320029172E+005  2.0580105676E+034
  5.0490030351E+005  2.0580104655E+034
  5.0660017273E+005  2.0580103507E+034
  5.0830018192E+005  2.0580102277E+034
  5.1000019519E+005  2.0580101360E+034
  5.1170020812E+005  2.0580100530E+034
  5.1340020159E+005  2.0580099713E+034
  5.1510020755E+005  2.0580098950E+034
  5.1680020482E+005  2.0580098229E+034
  5.1850019261E+005  2.0580097563E+034
  5.2020019172E+005  2.0580096949E+034
  5.2190017027E+005  2.0580096381E+034
  5.2360030072E+005  2.0580095860E+034
  5.2530028395E+005  2.0580095381E+034
  5.2700024582E+005  2.0580094914E+034
  5.2870021295E+005  2.0580094448E+034
  5.3040017414E+005  2.0580093994E+034
  5.3210027288E+005  2.0580093543E+034
  5.3380022142E+005  2.0580093091E+034
  5.3550015792E+005  2.0580092623E+034
  5.3720024116E+005  2.0580092144E+034
  5.3890017280E+005  2.0580091662E+034
  5.4060023911E+005  2.0580091174E+034
  5.4230030197E+005  2.0580090681E+034
  5.4400020691E+005  2.0580090187E+034
  5.4570025120E+005  2.0580089685E+034
  5.4740029546E+005  2.0580089175E+034
  5.4910017499E+005  2.0580088662E+034
  5.5080019284E+005  2.0580088150E+034
  5.5250020938E+005  2.0580087636E+034
  5.5420021798E+005  2.0580087116E+034
  5.5590021070E+005  2.0580086598E+034
  5.5760020158E+005  2.0580086084E+034
  5.5930018008E+005  2.0580085575E+034
  5.6100029602E+005  2.0580085078E+034
  5.6270025449E+005  2.0580084599E+034
  5.6440020122E+005  2.0580084112E+034
  5.6610028550E+005  2.0580083563E+034
  5.6780021726E+005  2.0580083005E+034
  5.6950028093E+005  2.0580082483E+034
  5.7120017487E+005  2.0580081987E+034
  5.7290022761E+005  2.0580081499E+034
  5.7460025467E+005  2.0580081021E+034
  5.7630027658E+005  2.0580080555E+034
  5.7800029230E+005  2.0580080096E+034
  5.7970027914E+005  2.0580079640E+034
  5.8140026496E+005  2.0580079189E+034
  5.8310023617E+005  2.0580078744E+034
  5.8480018804E+005  2.0580078298E+034
  5.8650029218E+005  2.0580077848E+034
  5.8820022143E+005  2.0580077392E+034
  5.8990028956E+005  2.0580076930E+034
  5.9160018790E+005  2.0580076470E+034
  5.9330023345E+005  2.0580076013E+034
  5.9500025484E+005  2.0580075554E+034
  5.9670027057E+005  2.0580075090E+034
  5.9840027135E+005  2.0580074618E+034
  6.0010024342E+005  2.0580074144E+034
  6.0180021427E+005  2.0580073672E+034
  6.0350016298E+005  2.0580073203E+034
  6.0520024848E+005  2.0580072737E+034
  6.0690017480E+005  2.0580072276E+034
  6.0860023064E+005  2.0580071816E+034
  6.1030026857E+005  2.0580071358E+034
  6.1200029646E+005  2.0580070900E+034
  6.1370030189E+005  2.0580070443E+034
  6.1540028999E+005  2.0580069987E+034
  6.1710026586E+005  2.0580069533E+034
  6.1880022123E+005  2.0580069083E+034
  6.2050030706E+005  2.0580068636E+034
  6.2220022995E+005  2.0580068194E+034
  6.2390028221E+005  2.0580067759E+034
  6.2560031388E+005  2.0580067332E+034
  6.2730018327E+005  2.0580066917E+034
  6.2900017681E+005  2.0580066515E+034
  6.3070031113E+005  2.0580066129E+034
  6.3240027236E+005  2.0580065763E+034
  6.3410020876E+005  2.0580065418E+034
  6.3580028240E+005  2.0580065097E+034
  6.3750018736E+005  2.0580064799E+034
  6.3920022295E+005  2.0580064510E+034
  6.4090023309E+005  2.0580064234E+034
  6.4260023329E+005  2.0580063970E+034
  6.4430020217E+005  2.0580063722E+034
  6.4600030716E+005  2.0580063492E+034
  6.4770024579E+005  2.0580063286E+034
  6.4940030866E+005  2.0580063107E+034
  6.5110019211E+005  2.0580062958E+034
  6.5280021544E+005  2.0580062844E+034
  6.5450021164E+005  2.0580062768E+034
  6.5620018142E+005  2.0580062734E+034
  6.5790029724E+005  2.0580062746E+034
  6.5960022740E+005  2.0580062808E+034
  6.6130028489E+005  2.0580062925E+034
  6.6300017281E+005  2.0580063102E+034
  6.6470018420E+005  2.0580063342E+034
  6.6640017253E+005  2.0580063649E+034
  6.6810030246E+005  2.0580064028E+034
  6.6980024874E+005  2.0580064483E+034
  6.7150016318E+005  2.0580065019E+034
  6.7320021916E+005  2.0580065638E+034
  6.7490024683E+005  2.0580066347E+034
  6.7660023972E+005  2.0580067149E+034
  6.7830022311E+005  2.0580068051E+034
  6.8000017437E+005  2.0580069058E+034
  6.8170025514E+005  2.0580070174E+034
  6.8340031277E+005  2.0580071401E+034
  6.8510018750E+005  2.0580072720E+034
  6.8680018391E+005  2.0580074135E+034
  6.8850016063E+005  2.0580075647E+034
  6.9020027586E+005  2.0580077260E+034
  6.9190019224E+005  2.0580078977E+034
  6.9360024769E+005  2.0580080799E+034
  6.9530027671E+005  2.0580082732E+034
  6.9700026793E+005  2.0580084778E+034
  6.9870023587E+005  2.0580086942E+034
  7.0040018342E+005  2.0580089229E+034
  7.0210025297E+005  2.0580091643E+034
  7.0380029421E+005  2.0580094187E+034
  7.0550031546E+005  2.0580096866E+034
  7.0720029687E+005  2.0580099682E+034
  7.0890025005E+005  2.0580102637E+034
  7.1060018156E+005  2.0580105732E+034
  7.1230023945E+005  2.0580108967E+034
  7.1400026120E+005  2.0580112342E+034
  7.1570026285E+005  2.0580115856E+034
  7.1740023054E+005  2.0580119498E+034
  7.1910015850E+005  2.0580123260E+034
  7.2080022556E+005  2.0580127138E+034
  7.2250026008E+005  2.0580131127E+034
  7.2420025849E+005  2.0580135219E+034
  7.2590022937E+005  2.0580139403E+034
  7.2760017586E+005  2.0580143665E+034
  7.2930023384E+005  2.0580147986E+034
  7.3100026840E+005  2.0580152340E+034
  7.3270027372E+005  2.0580156692E+034
  7.3440024050E+005  2.0580160996E+034
  7.3610017804E+005  2.0580168077E+034
  7.3780024573E+005  2.0580179488E+034
  7.3950027954E+005  2.0580190099E+034
  7.4120027124E+005  2.0580199707E+034
  7.4290024167E+005  2.0580208040E+034
  7.4460017423E+005  2.0580214802E+034
  7.4630022826E+005  2.0580219711E+034
  7.4800025433E+005  2.0580222511E+034
  7.4970025154E+005  2.0580222988E+034
  7.5140020178E+005  2.0580221020E+034
  7.5310028204E+005  2.0580216855E+034
  7.5480017388E+005  2.0580211161E+034
  7.5650018048E+005  2.0580204766E+034
  7.5820031541E+005  2.0580198415E+034
  7.5990026239E+005  2.0580192662E+034
  7.6160017098E+005  2.0580187847E+034
  7.6330019366E+005  2.0580184141E+034
  7.6500019265E+005  2.0580181585E+034
  7.6670030819E+005  2.0580180135E+034
  7.6840022660E+005  2.0580179682E+034
  7.7010027311E+005  2.0580180067E+034
  7.7180028998E+005  2.0580181070E+034
  7.7350025714E+005  2.0580182430E+034
  7.7520019326E+005  2.0580183887E+034
  7.7690025537E+005  2.0580185210E+034
  7.7860027215E+005  2.0580186214E+034
  7.8030025399E+005  2.0580186763E+034
  7.8200020583E+005  2.0580186776E+034
  7.8370027638E+005  2.0580186219E+034
  7.8540030253E+005  2.0580185127E+034
  7.8710029911E+005  2.0580183607E+034
  7.8880025432E+005  2.0580181817E+034
  7.9050016801E+005  2.0580179928E+034
  7.9220020165E+005  2.0580178093E+034
  7.9390020712E+005  2.0580176458E+034
  7.9560016312E+005  2.0580175136E+034
  7.9730024221E+005  2.0580174213E+034
  7.9900028409E+005  2.0580173735E+034
  8.0070028725E+005  2.0580173721E+034
  8.0240024079E+005  2.0580174154E+034
  8.0410016389E+005  2.0580174973E+034
  8.0580020754E+005  2.0580176082E+034
  8.0750020518E+005  2.0580177359E+034
  8.0920016459E+005  2.0580178671E+034
  8.1090024941E+005  2.0580179887E+034
  8.1260028583E+005  2.0580180887E+034
  8.1430027744E+005  2.0580181571E+034
  8.1600023754E+005  2.0580181862E+034
  8.1770031406E+005  2.0580181708E+034
  8.1940018518E+005  2.0580181088E+034
  8.2110017895E+005  2.0580180022E+034
  8.2280029575E+005  2.0580178570E+034
  8.2450019919E+005  2.0580176823E+034
  8.2620022343E+005  2.0580174889E+034
  8.2790020923E+005  2.0580172887E+034
  8.2960031242E+005  2.0580170933E+034
  8.3130020552E+005  2.0580169132E+034
  8.3300022759E+005  2.0580167572E+034
  8.3470020236E+005  2.0580166323E+034
  8.3640028885E+005  2.0580165433E+034
  8.3810017147E+005  2.0580164930E+034
  8.3980017965E+005  2.0580164818E+034
  8.4150029359E+005  2.0580165083E+034
  8.4320020720E+005  2.0580165684E+034
  8.4490024072E+005  2.0580166554E+034
  8.4660023135E+005  2.0580167612E+034
  8.4830016764E+005  2.0580168766E+034
  8.5000022652E+005  2.0580169925E+034
  8.5170024095E+005  2.0580171000E+034
  8.5340020690E+005  2.0580171914E+034
  8.5510028476E+005  2.0580172602E+034
  8.5680017033E+005  2.0580173012E+034
  8.5850016376E+005  2.0580173110E+034
  8.6020026731E+005  2.0580172875E+034
  8.6190016919E+005  2.0580172312E+034
  8.6360018983E+005  2.0580171453E+034
  8.6530031313E+005  2.0580170345E+034
  8.6700023467E+005  2.0580169049E+034
  8.6870027606E+005  2.0580167632E+034
  8.7040027103E+005  2.0580166165E+034
  8.7210021034E+005  2.0580164713E+034
  8.7380026877E+005  2.0580163501E+034
  8.7550028203E+005  2.0580162929E+034
  8.7720024255E+005  2.0580162431E+034
  8.7890031327E+005  2.0580162024E+034
  8.8060018700E+005  2.0580161716E+034
  8.8230016906E+005  2.0580161510E+034
  8.8400025818E+005  2.0580161406E+034
  8.8570030351E+005  2.0580161400E+034
  8.8740030486E+005  2.0580161480E+034
  8.8910024930E+005  2.0580161634E+034
  8.9080030481E+005  2.0580161844E+034
  8.9250016028E+005  2.0580162090E+034
  8.9420028508E+005  2.0580162351E+034
  8.9590019434E+005  2.0580162607E+034
  8.9760021991E+005  2.0580162838E+034
  8.9930020106E+005  2.0580163026E+034
  9.0100028645E+005  2.0580163157E+034
  9.0270031728E+005  2.0580163218E+034
  9.0440030709E+005  2.0580163203E+034
  9.0610024679E+005  2.0580163107E+034
  9.0780029144E+005  2.0580162930E+034
  9.0950028839E+005  2.0580162679E+034
  9.1120024305E+005  2.0580162362E+034
  9.1290029909E+005  2.0580161994E+034
  9.1460030051E+005  2.0580161590E+034
  9.1630025573E+005  2.0580161166E+034
  9.1800016603E+005  2.0580160739E+034
  9.1970017598E+005  2.0580160327E+034
  9.2140029653E+005  2.0580159943E+034
  9.2310021128E+005  2.0580159601E+034
  9.2480023519E+005  2.0580159311E+034
  9.2650019693E+005  2.0580159082E+034
  9.2820027353E+005  2.0580158918E+034
  9.2990030020E+005  2.0580158821E+034
  9.3160027255E+005  2.0580158792E+034
  9.3330018526E+005  2.0580158825E+034
  9.3500021719E+005  2.0580158915E+034
  9.3670019481E+005  2.0580159049E+034
  9.3840027683E+005  2.0580159214E+034
  9.4010030144E+005  2.0580159395E+034
  9.4180028381E+005  2.0580159575E+034
  9.4350020538E+005  2.0580159737E+034
  9.4520023231E+005  2.0580159863E+034
  9.4690020637E+005  2.0580159942E+034
  9.4860029683E+005  2.0580159962E+034
  9.5030016503E+005  2.0580159911E+034
  9.5200029993E+005  2.0580159779E+034
  9.5370022276E+005  2.0580159561E+034
  9.5540025463E+005  2.0580159254E+034
  9.5710022237E+005  2.0580158860E+034
  9.5880029926E+005  2.0580158383E+034
  9.6050016736E+005  2.0580157833E+034
  9.6220030013E+005  2.0580157220E+034
  9.6390021201E+005  2.0580156556E+034
  9.6560023280E+005  2.0580155858E+034
  9.6730020231E+005  2.0580155139E+034
  9.6900026968E+005  2.0580154416E+034
  9.7070027940E+005  2.0580153702E+034
  9.7240023849E+005  2.0580153012E+034
  9.7410030603E+005  2.0580152359E+034
  9.7580030901E+005  2.0580151753E+034
  9.7750025853E+005  2.0580151205E+034
  9.7920031667E+005  2.0580150724E+034
  9.8090016052E+005  2.0580150314E+034
  9.8260025621E+005  2.0580149980E+034
  9.8430029979E+005  2.0580149725E+034
  9.8600028973E+005  2.0580149549E+034
  9.8770022443E+005  2.0580149449E+034
  9.8940025358E+005  2.0580149422E+034
  9.9110023416E+005  2.0580149460E+034
  9.9280031827E+005  2.0580149556E+034
  9.9450018361E+005  2.0580149699E+034
  9.9620030400E+005  2.0580149875E+034
  9.9790021419E+005  2.0580150073E+034
  9.9960022664E+005  2.0580150278E+034
  1.0013001768E+006  2.0580150476E+034
  1.0030002284E+006  2.0580150656E+034
  1.0047002280E+006  2.0580150803E+034
  1.0064001707E+006  2.0580150908E+034
  1.0081002062E+006  2.0580150958E+034
  1.0098001872E+006  2.0580150945E+034
  1.0115002722E+006  2.0580150861E+034
  1.0132002989E+006  2.0580150699E+034
  1.0149002563E+006  2.0580150455E+034
  1.0166001615E+006  2.0580150126E+034
  1.0183001707E+006  2.0580149712E+034
  1.0200002812E+006  2.0580149213E+034
  1.0217001629E+006  2.0580148634E+034
  1.0234003119E+006  2.0580147980E+034
  1.0251002420E+006  2.0580147258E+034
  1.0268002695E+006  2.0580146476E+034
  1.0285002311E+006  2.0580145643E+034
  1.0302002989E+006  2.0580144769E+034
  1.0319003101E+006  2.0580143863E+034
  1.0336002546E+006  2.0580142934E+034
  1.0353002991E+006  2.0580141993E+034
  1.0370002851E+006  2.0580141047E+034
  1.0387002150E+006  2.0580140111E+034
  1.0404002334E+006  2.0580139212E+034
  1.0421001935E+006  2.0580138357E+034
  1.0438002551E+006  2.0580137549E+034
  1.0455002589E+006  2.0580136790E+034
  1.0472001921E+006  2.0580136079E+034
  1.0489002274E+006  2.0580135415E+034
  1.0506002061E+006  2.0580134797E+034
  1.0523002837E+006  2.0580134219E+034
  1.0540002910E+006  2.0580133678E+034
  1.0557002355E+006  2.0580133168E+034
  1.0574002861E+006  2.0580132682E+034
  1.0591002706E+006  2.0580132213E+034
  1.0608001906E+006  2.0580131753E+034
  1.0625002059E+006  2.0580131295E+034
  1.0642001684E+006  2.0580130831E+034
  1.0659002228E+006  2.0580130352E+034
  1.0676002113E+006  2.0580129851E+034
  1.0693002963E+006  2.0580129320E+034
  1.0710001641E+006  2.0580128753E+034
  1.0727002849E+006  2.0580128143E+034
  1.0744001766E+006  2.0580127485E+034
  1.0761001690E+006  2.0580126775E+034
  1.0778002620E+006  2.0580126010E+034
  1.0795002912E+006  2.0580125186E+034
  1.0812002475E+006  2.0580124303E+034
  1.0829003066E+006  2.0580123360E+034
  1.0846003011E+006  2.0580122358E+034
  1.0863002312E+006  2.0580121298E+034
  1.0880002496E+006  2.0580120184E+034
  1.0897002083E+006  2.0580119017E+034
  1.0914002664E+006  2.0580117801E+034
  1.0931002568E+006  2.0580116542E+034
  1.0948001790E+006  2.0580115243E+034
  1.0965001979E+006  2.0580113911E+034
  1.0982003189E+006  2.0580112550E+034
  1.0999002058E+006  2.0580111166E+034
  1.1016001870E+006  2.0580109763E+034
  1.1033002621E+006  2.0580108347E+034
  1.1050002793E+006  2.0580106921E+034
  1.1067002256E+006  2.0580105491E+034
  1.1084002630E+006  2.0580104058E+034
  1.1101002378E+006  2.0580102624E+034
  1.1118003107E+006  2.0580101190E+034
  1.1135003154E+006  2.0580099755E+034
  1.1152002452E+006  2.0580098314E+034
  1.1169002754E+006  2.0580096860E+034
  1.1186002388E+006  2.0580095385E+034
  1.1203002966E+006  2.0580093875E+034
  1.1220002804E+006  2.0580092316E+034
  1.1237002016E+006  2.0580090686E+034
  1.1254002209E+006  2.0580088968E+034
  1.1271001696E+006  2.0580087175E+034
  1.1288002077E+006  2.0580085291E+034
  1.1305001769E+006  2.0580083290E+034
  1.1322002470E+006  2.0580081142E+034
  1.1339002428E+006  2.0580078811E+034
  1.1356001693E+006  2.0580076254E+034
  1.1373001869E+006  2.0580073422E+034
  1.1390003042E+006  2.0580070252E+034
  1.1407001914E+006  2.0580066671E+034
  1.1424001647E+006  2.0580062579E+034
  1.1441002325E+006  2.0580057851E+034
  1.1458002336E+006  2.0580052310E+034
  1.1475001685E+006  2.0580045705E+034
  1.1492001856E+006  2.0580037649E+034
  1.1509002976E+006  2.0580027503E+034
  1.1526001820E+006  2.0580014110E+034
  1.1543003209E+006  2.0579994983E+034
  1.1560002257E+006  2.0579963761E+034
  1.1577002191E+006  2.0579902237E+034
  1.1594003108E+006  2.0579747392E+034
  1.1611001700E+006  2.0579511861E+034
  1.1628002795E+006  2.0579403818E+034
  1.1645003119E+006  2.0579343428E+034
  1.1662002809E+006  2.0579295322E+034
  1.1679001820E+006  2.0579251864E+034
  1.1696001697E+006  2.0579210574E+034
  1.1713002463E+006  2.0579296822E+034
  1.1730002531E+006  2.0579277245E+034
  1.1747001967E+006  2.0579254463E+034
  1.1764002235E+006  2.0579229978E+034
  1.1781001781E+006  2.0579204077E+034
  1.1798002220E+006  2.0579179726E+034
  1.1815002001E+006  2.0579157195E+034
  1.1832002664E+006  2.0579134698E+034
  1.1849002535E+006  2.0579111975E+034
  1.1866001732E+006  2.0579088889E+034
  1.1883001852E+006  2.0579065231E+034
  1.1900002904E+006  2.0579040829E+034
  1.1917003151E+006  2.0579015526E+034
  1.1934002684E+006  2.0578989167E+034
  1.1951003154E+006  2.0578961625E+034
  1.1968002892E+006  2.0578934717E+034
  1.1985001874E+006  2.0578909676E+034
  1.2002001691E+006  2.0578884433E+034
  1.2019002484E+006  2.0578858891E+034
  1.2036002543E+006  2.0578832921E+034
  1.2053001855E+006  2.0578806349E+034
  1.2070002017E+006  2.0578778920E+034
  1.2087003081E+006  2.0578750428E+034
  1.2104001861E+006  2.0578720578E+034
  1.2121003069E+006  2.0578690258E+034
  1.2138001919E+006  2.0578662699E+034
  1.2155001624E+006  2.0578635024E+034
  1.2172002274E+006  2.0578607110E+034
  1.2189002181E+006  2.0578578798E+034
  1.2206002906E+006  2.0578549854E+034
  1.2223002915E+006  2.0578519957E+034
  1.2240002199E+006  2.0578488873E+034
  1.2257002406E+006  2.0578456405E+034
  1.2274001792E+006  2.0578425598E+034
  1.2291002030E+006  2.0578395934E+034
  1.2308003178E+006  2.0578365991E+034
  1.2325001983E+006  2.0578335478E+034
  1.2342001643E+006  2.0578304184E+034
  1.2359002096E+006  2.0578271971E+034
  1.2376001867E+006  2.0578238621E+034
  1.2393002527E+006  2.0578203848E+034
  1.2410002432E+006  2.0578170710E+034
  1.2427003152E+006  2.0578138567E+034
  1.2444003098E+006  2.0578106036E+034
  1.2461002368E+006  2.0578072918E+034
  1.2478002461E+006  2.0578039048E+034
  1.2495001783E+006  2.0578004269E+034
  1.2512001926E+006  2.0577968261E+034
  1.2529002959E+006  2.0577931401E+034
  1.2546001671E+006  2.0577897092E+034
  1.2563002797E+006  2.0577862434E+034
  1.2580003160E+006  2.0577827244E+034
  1.2597002748E+006  2.0577791350E+034
  1.2614001638E+006  2.0577754459E+034
  1.2631002969E+006  2.0577716336E+034
  1.2648001845E+006  2.0577677082E+034
  1.2665003204E+006  2.0577640621E+034
  1.2682002206E+006  2.0577603807E+034
  1.2699002107E+006  2.0577566389E+034
  1.2716002783E+006  2.0577528188E+034
  1.2733002672E+006  2.0577489028E+034
  1.2750001838E+006  2.0577448670E+034
  1.2767001852E+006  2.0577408494E+034
  1.2784002716E+006  2.0577370654E+034
  1.2801002728E+006  2.0577332299E+034
  1.2818001995E+006  2.0577293291E+034
  1.2835002129E+006  2.0577253449E+034
  1.2852003091E+006  2.0577212565E+034
  1.2869001647E+006  2.0577170329E+034
  1.2886002607E+006  2.0577130757E+034
  1.2903002866E+006  2.0577091770E+034
  1.2920002352E+006  2.0577052142E+034
  1.2937002633E+006  2.0577011697E+034
  1.2954002107E+006  2.0576970180E+034
  1.2971002405E+006  2.0576927261E+034
  1.2988001994E+006  2.0576884574E+034
  1.3005002369E+006  2.0576844752E+034
  1.3022001923E+006  2.0576804270E+034
  1.3039002303E+006  2.0576762880E+034
  1.3056001918E+006  2.0576720326E+034
  1.3073002413E+006  2.0576676348E+034
  1.3090002056E+006  2.0576630917E+034
  1.3107002511E+006  2.0576589992E+034
  1.3124002182E+006  2.0576548269E+034
  1.3141002711E+006  2.0576505525E+034
  1.3158002457E+006  2.0576461518E+034
  1.3175002935E+006  2.0576415961E+034
  1.3192002638E+006  2.0576368488E+034
  1.3209003189E+006  2.0576324998E+034
  1.3226002963E+006  2.0576280930E+034
  1.3243001918E+006  2.0576235751E+034
  1.3260001629E+006  2.0576189162E+034
  1.3277002209E+006  2.0576140794E+034
  1.3294002003E+006  2.0576091092E+034
  1.3311002618E+006  2.0576044985E+034
  1.3328002387E+006  2.0575997972E+034
  1.3345002919E+006  2.0575949705E+034
  1.3362002718E+006  2.0575899886E+034
  1.3379001709E+006  2.0575848302E+034
  1.3396003108E+006  2.0575798288E+034
  1.3413002045E+006  2.0575749849E+034
  1.3430001791E+006  2.0575700302E+034
  1.3447002418E+006  2.0575649387E+034
  1.3464002200E+006  2.0575596918E+034
  1.3481002767E+006  2.0575543678E+034
  1.3498002496E+006  2.0575494185E+034
  1.3515003045E+006  2.0575443609E+034
  1.3532002837E+006  2.0575391735E+034
  1.3549001748E+006  2.0575338340E+034
  1.3566003051E+006  2.0575283131E+034
  1.3583001929E+006  2.0575231819E+034
  1.3600001644E+006  2.0575180072E+034
  1.3617002188E+006  2.0575127044E+034
  1.3634001835E+006  2.0575072508E+034
  1.3651002288E+006  2.0575016211E+034
  1.3668001938E+006  2.0574962534E+034
  1.3685002403E+006  2.0574909504E+034
  1.3702002051E+006  2.0574855270E+034
  1.3719002413E+006  2.0574800546E+034
  1.3736001967E+006  2.0574744512E+034
  1.3753002345E+006  2.0574690383E+034
  1.3770001895E+006  2.0574637883E+034
  1.3787002234E+006  2.0574584258E+034
  1.3804001688E+006  2.0574529311E+034
  1.3821001971E+006  2.0574472637E+034
  1.3838003070E+006  2.0574416958E+034
  1.3855001710E+006  2.0574364140E+034
  1.3872002742E+006  2.0574310206E+034
  1.3889002874E+006  2.0574254849E+034
  1.3906002226E+006  2.0574197668E+034
  1.3923002394E+006  2.0574140214E+034
  1.3940001678E+006  2.0574086255E+034
  1.3957001728E+006  2.0574031330E+034
  1.3974002531E+006  2.0573974949E+034
  1.3991002561E+006  2.0573916773E+034
  1.4008001770E+006  2.0573857864E+034
  1.4025001708E+006  2.0573802981E+034
  1.4042002420E+006  2.0573746800E+034
  1.4059002268E+006  2.0573689281E+034
  1.4076002952E+006  2.0573630014E+034
  1.4093002789E+006  2.0573569975E+034
  1.4110001719E+006  2.0573514148E+034
  1.4127003049E+006  2.0573456842E+034
  1.4144001901E+006  2.0573398169E+034
  1.4161003196E+006  2.0573337693E+034
  1.4178002024E+006  2.0573276694E+034
  1.4195003173E+006  2.0573219542E+034
  1.4212001875E+006  2.0573160843E+034
  1.4229002988E+006  2.0573100351E+034
  1.4246001647E+006  2.0573037841E+034
  1.4263002680E+006  2.0572975640E+034
  1.4280002797E+006  2.0572916517E+034
  1.4297002091E+006  2.0572855711E+034
  1.4314002161E+006  2.0572793257E+034
  1.4331003009E+006  2.0572728962E+034
  1.4348002989E+006  2.0572666892E+034
  1.4365002036E+006  2.0572606390E+034
  1.4382001901E+006  2.0572544121E+034
  1.4399002566E+006  2.0572479771E+034
  1.4416002350E+006  2.0572412985E+034
  1.4433002884E+006  2.0572350728E+034
  1.4450002503E+006  2.0572287787E+034
  1.4467002915E+006  2.0572222818E+034
  1.4484002498E+006  2.0572155459E+034
  1.4501002813E+006  2.0572087635E+034
  1.4518002241E+006  2.0572023867E+034
  1.4535002383E+006  2.0571958090E+034
  1.4552001701E+006  2.0571889939E+034
  1.4569001815E+006  2.0571819125E+034
  1.4586002634E+006  2.0571752309E+034
  1.4603002587E+006  2.0571685400E+034
  1.4620001643E+006  2.0571616403E+034
  1.4637003101E+006  2.0571545093E+034
  1.4654002114E+006  2.0571474224E+034
  1.4671001808E+006  2.0571406763E+034
  1.4688002235E+006  2.0571336995E+034
  1.4705001791E+006  2.0571264652E+034
  1.4722002108E+006  2.0571189602E+034
  1.4739003213E+006  2.0571120836E+034
  1.4756001765E+006  2.0571049719E+034
  1.4773002657E+006  2.0570975952E+034
  1.4790002696E+006  2.0570899117E+034
  1.4807001873E+006  2.0570826672E+034
  1.4824001829E+006  2.0570753807E+034
  1.4841002473E+006  2.0570678218E+034
  1.4858002201E+006  2.0570599413E+034
  1.4875002702E+006  2.0570523743E+034
  1.4892002322E+006  2.0570449011E+034
  1.4909002709E+006  2.0570371423E+034
  1.4926002164E+006  2.0570290471E+034
  1.4943002312E+006  2.0570212207E+034
  1.4960001628E+006  2.0570135321E+034
  1.4977001687E+006  2.0570055356E+034
  1.4994002492E+006  2.0569971863E+034
  1.5011002394E+006  2.0569891872E+034
  1.5028002966E+006  2.0569813156E+034
