  0.0000000000E+000  0.0000000000E+000
  1.7003554605E+003  3.5851512073E+034
  3.4003827487E+003  3.5851499674E+034
  5.1003832380E+003  3.5851448521E+034
  6.8005769243E+003  3.5851367901E+034
  8.5005142036E+003  3.5851263329E+034
  1.0200585062E+004  3.5851187713E+034
  1.1900526523E+004  3.5851151507E+034
  1.3600450568E+004  3.5851069953E+034
  1.5300317445E+004  3.5850889482E+034
  1.7000478821E+004  3.5850613401E+034
  1.8700335250E+004  3.5850139621E+034
  2.0400580985E+004  3.5849324670E+034
  2.2100467487E+004  3.5848296040E+034
  2.3800569382E+004  3.5847333208E+034
  2.5500549725E+004  3.5846401114E+034
  2.7200471794E+004  3.5845731603E+034
  2.8900413379E+004  3.5845591094E+034
  3.0600435559E+004  3.5845805212E+034
  3.2300483283E+004  3.5845993402E+034
  3.4000490811E+004  3.5846056377E+034
  3.5700577222E+004  3.5846332247E+034
  3.7400460699E+004  3.5846899629E+034
  3.9100365371E+004  3.5847952376E+034
  4.0800361693E+004  3.5850339892E+034
  4.2500337892E+004  3.5853514404E+034
  4.4200499454E+004  3.5905131145E+034
  4.5900545745E+004  3.5930941754E+034
  4.7600522758E+004  3.5939967888E+034
  4.9300309595E+004  3.5943364644E+034
  5.1000430843E+004  3.5946161529E+034
  5.2700436818E+004  3.5950828050E+034
  5.4400343788E+004  3.5955335267E+034
  5.6100342254E+004  3.5959541137E+034
  5.7800313256E+004  3.5963471613E+034
  5.9500594799E+004  3.5967120597E+034
  6.1200316829E+004  3.5970469286E+034
  6.2900534933E+004  3.5973505954E+034
  6.4600599797E+004  3.5976224653E+034
  6.6300438100E+004  3.5978630736E+034
  6.8000532170E+004  3.5980766580E+034
  6.9700322715E+004  3.5982741429E+034
  7.1400507229E+004  3.5984541300E+034
  7.3100560675E+004  3.5986157616E+034
  7.4800525387E+004  3.5987595846E+034
  7.6500357979E+004  3.5988868382E+034
  7.8200352158E+004  3.5989990803E+034
  7.9900498250E+004  3.5990979018E+034
  8.1600483025E+004  3.5991848103E+034
  8.3300471245E+004  3.5992612094E+034
  8.5000326569E+004  3.5993283317E+034
  8.6700388368E+004  3.5993872711E+034
  8.8400512180E+004  3.5994389540E+034
  9.0100538314E+004  3.5994841757E+034
  9.1800408523E+004  3.5995236179E+034
  9.3500311609E+004  3.5995578643E+034
  9.5200543508E+004  3.5995874259E+034
  9.6900471870E+004  3.5996128799E+034
  9.8600597534E+004  3.5996348092E+034
  1.0030039426E+005  3.5996536835E+034
  1.0200059431E+005  3.5996699098E+034
  1.0370050136E+005  3.5996838191E+034
  1.0540050209E+005  3.5996957052E+034
  1.0710048137E+005  3.5997058197E+034
  1.0880038486E+005  3.5997143844E+034
  1.1050060344E+005  3.5997215991E+034
  1.1220037188E+005  3.5997276395E+034
  1.1390049928E+005  3.5997326724E+034
  1.1560048503E+005  3.5997368473E+034
  1.1730053081E+005  3.5997403067E+034
  1.1900033294E+005  3.5997431841E+034
  1.2070042378E+005  3.5997456082E+034
  1.2240032024E+005  3.5997477016E+034
  1.2410052336E+005  3.5997495837E+034
  1.2580057430E+005  3.5997513697E+034
  1.2750041723E+005  3.5997531720E+034
  1.2920046900E+005  3.5997551008E+034
  1.3090031795E+005  3.5997572619E+034
  1.3260054365E+005  3.5997597593E+034
  1.3430041003E+005  3.5997624406E+034
  1.3600034330E+005  3.5997645456E+034
  1.3770050696E+005  3.5997660612E+034
  1.3940056730E+005  3.5997670379E+034
  1.4110041985E+005  3.5997675237E+034
  1.4280052829E+005  3.5997675646E+034
  1.4450045778E+005  3.5997672050E+034
  1.4620051628E+005  3.5997664875E+034
  1.4790044725E+005  3.5997654540E+034
  1.4960042595E+005  3.5997641453E+034
  1.5130058485E+005  3.5997626015E+034
  1.5300035438E+005  3.5997608629E+034
  1.5470049453E+005  3.5997589682E+034
  1.5640036792E+005  3.5997569574E+034
  1.5810037928E+005  3.5997548691E+034
  1.5980053142E+005  3.5997527426E+034
  1.6150054604E+005  3.5997506171E+034
  1.6320057734E+005  3.5997485317E+034
  1.6490043323E+005  3.5997465254E+034
  1.6660050735E+005  3.5997446367E+034
  1.6830035468E+005  3.5997429049E+034
  1.7000056146E+005  3.5997413677E+034
  1.7170035744E+005  3.5997400638E+034
  1.7340058733E+005  3.5997390301E+034
  1.7510038932E+005  3.5997382253E+034
  1.7680047862E+005  3.5997374253E+034
  1.7850035082E+005  3.5997366214E+034
  1.8020040743E+005  3.5997358219E+034
  1.8190059963E+005  3.5997350347E+034
  1.8360051856E+005  3.5997342672E+034
  1.8530038481E+005  3.5997335261E+034
  1.8700039406E+005  3.5997328175E+034
  1.8870059387E+005  3.5997321472E+034
  1.9040041846E+005  3.5997315207E+034
  1.9210032852E+005  3.5997309424E+034
  1.9380038568E+005  3.5997304164E+034
  1.9550058862E+005  3.5997299466E+034
  1.9720052741E+005  3.5997295361E+034
  1.9890045931E+005  3.5997291876E+034
  2.0060054602E+005  3.5997289032E+034
  2.0230052026E+005  3.5997286848E+034
  2.0400040956E+005  3.5997285334E+034
  2.0570034783E+005  3.5997284499E+034
  2.0740041909E+005  3.5997284346E+034
  2.0910032511E+005  3.5997284874E+034
  2.1080059536E+005  3.5997286080E+034
  2.1250057455E+005  3.5997287956E+034
  2.1420044137E+005  3.5997290491E+034
  2.1590047414E+005  3.5997295574E+034
  2.1760044905E+005  3.5997306714E+034
  2.1930041707E+005  3.5997322546E+034
  2.2100049664E+005  3.5997341572E+034
  2.2270040993E+005  3.5997362343E+034
  2.2440041751E+005  3.5997383477E+034
  2.2610041982E+005  3.5997403653E+034
  2.2780036330E+005  3.5997421608E+034
  2.2950047502E+005  3.5997436140E+034
  2.3120051370E+005  3.5997446091E+034
  2.3290051873E+005  3.5997450347E+034
  2.3460032300E+005  3.5997447820E+034
  2.3630054725E+005  3.5997439360E+034
  2.3800057223E+005  3.5997430213E+034
  2.3970031564E+005  3.5997420770E+034
  2.4140031764E+005  3.5997411040E+034
  2.4310050597E+005  3.5997401036E+034
  2.4480060607E+005  3.5997390771E+034
  2.4650036130E+005  3.5997380258E+034
  2.4820048403E+005  3.5997369505E+034
  2.4990042990E+005  3.5997358523E+034
  2.5160045673E+005  3.5997347319E+034
  2.5330054875E+005  3.5997335902E+034
  2.5500060445E+005  3.5997324285E+034
  2.5670055846E+005  3.5997312480E+034
  2.5840041398E+005  3.5997300495E+034
  2.6010054267E+005  3.5997288341E+034
  2.6180037373E+005  3.5997276031E+034
  2.6350033572E+005  3.5997263572E+034
  2.6520038936E+005  3.5997250976E+034
  2.6690050878E+005  3.5997238252E+034
  2.6860030334E+005  3.5997225413E+034
  2.7030033407E+005  3.5997212465E+034
  2.7200055781E+005  3.5997199418E+034
  2.7370043086E+005  3.5997186286E+034
  2.7540060646E+005  3.5997173072E+034
  2.7710057897E+005  3.5997159790E+034
  2.7880034890E+005  3.5997146449E+034
  2.8050048890E+005  3.5997133053E+034
  2.8220033639E+005  3.5997119616E+034
  2.8390042178E+005  3.5997106143E+034
  2.8560041632E+005  3.5997092643E+034
  2.8730033487E+005  3.5997079125E+034
  2.8900055822E+005  3.5997065594E+034
  2.9070054547E+005  3.5997052061E+034
  2.9240033726E+005  3.5997038534E+034
  2.9410049298E+005  3.5997025016E+034
  2.9580039368E+005  3.5997011519E+034
  2.9750052832E+005  3.5996998044E+034
  2.9920058625E+005  3.5996984602E+034
  3.0090056776E+005  3.5996971198E+034
  3.0260053269E+005  3.5996957838E+034
  3.0430052992E+005  3.5996944528E+034
  3.0600034517E+005  3.5996931274E+034
  3.0770052884E+005  3.5996918078E+034
  3.0940045327E+005  3.5996904948E+034
  3.1110034633E+005  3.5996891889E+034
  3.1280046629E+005  3.5996878902E+034
  3.1450050600E+005  3.5996865994E+034
  3.1620051190E+005  3.5996853168E+034
  3.1790054725E+005  3.5996840428E+034
  3.1960036869E+005  3.5996827778E+034
  3.2130058013E+005  3.5996815217E+034
  3.2300053015E+005  3.5996802752E+034
  3.2470048031E+005  3.5996790384E+034
  3.2640035167E+005  3.5996778115E+034
  3.2810045638E+005  3.5996765945E+034
  3.2980050322E+005  3.5996753877E+034
  3.3150057797E+005  3.5996741913E+034
  3.3320041306E+005  3.5996730053E+034
  3.3490034046E+005  3.5996718298E+034
  3.3660032091E+005  3.5996706646E+034
  3.3830031857E+005  3.5996695100E+034
  3.4000054400E+005  3.5996683653E+034
  3.4170040565E+005  3.5996672298E+034
  3.4340051170E+005  3.5996661022E+034
  3.4510030623E+005  3.5996649823E+034
  3.4680046834E+005  3.5996638688E+034
  3.4850041850E+005  3.5996627614E+034
  3.5020042471E+005  3.5996616593E+034
  3.5190045242E+005  3.5996605616E+034
  3.5360044432E+005  3.5996594679E+034
  3.5530035445E+005  3.5996583775E+034
  3.5700051651E+005  3.5996572895E+034
  3.5870034752E+005  3.5996562037E+034
  3.6040053773E+005  3.5996551190E+034
  3.6210049881E+005  3.5996540352E+034
  3.6380053500E+005  3.5996529515E+034
  3.6550059524E+005  3.5996518674E+034
  3.6720033862E+005  3.5996507825E+034
  3.6890060609E+005  3.5996496958E+034
  3.7060051843E+005  3.5996486074E+034
  3.7230039264E+005  3.5996475164E+034
  3.7400030474E+005  3.5996464224E+034
  3.7570058685E+005  3.5996453247E+034
  3.7740034106E+005  3.5996442234E+034
  3.7910043958E+005  3.5996431176E+034
  3.8080052628E+005  3.5996420070E+034
  3.8250055069E+005  3.5996408912E+034
  3.8420051572E+005  3.5996397699E+034
  3.8590044001E+005  3.5996386427E+034
  3.8760036868E+005  3.5996375092E+034
  3.8930037925E+005  3.5996363691E+034
  3.9100045326E+005  3.5996352219E+034
  3.9270057992E+005  3.5996340675E+034
  3.9440040489E+005  3.5996329058E+034
  3.9610049180E+005  3.5996317360E+034
  3.9780049865E+005  3.5996305583E+034
  3.9950047574E+005  3.5996293724E+034
  4.0120043930E+005  3.5996281779E+034
  4.0290046832E+005  3.5996269747E+034
  4.0460056067E+005  3.5996257626E+034
  4.0630041478E+005  3.5996245416E+034
  4.0800058188E+005  3.5996233111E+034
  4.0970041487E+005  3.5996220716E+034
  4.1140047978E+005  3.5996208224E+034
  4.1310050078E+005  3.5996195637E+034
  4.1480050446E+005  3.5996182954E+034
  4.1650055069E+005  3.5996170173E+034
  4.1820036551E+005  3.5996157296E+034
  4.1990054278E+005  3.5996144318E+034
  4.2160044758E+005  3.5996131243E+034
  4.2330031920E+005  3.5996118070E+034
  4.2500044619E+005  3.5996104796E+034
  4.2670051344E+005  3.5996091424E+034
  4.2840055683E+005  3.5996077953E+034
  4.3010032087E+005  3.5996064388E+034
  4.3180046810E+005  3.5996050722E+034
  4.3350035674E+005  3.5996036961E+034
  4.3520059733E+005  3.5996023103E+034
  4.3690052028E+005  3.5996009152E+034
  4.3860039230E+005  3.5995995108E+034
  4.4030050617E+005  3.5995980970E+034
  4.4200059762E+005  3.5995966742E+034
  4.4370039036E+005  3.5995952427E+034
  4.4540054969E+005  3.5995938021E+034
  4.4710046878E+005  3.5995923532E+034
  4.4880043105E+005  3.5995908937E+034
  4.5050039729E+005  3.5995894184E+034
  4.5220031593E+005  3.5995879278E+034
  4.5390048800E+005  3.5995864222E+034
  4.5560031231E+005  3.5995849027E+034
  4.5730044448E+005  3.5995833694E+034
  4.5900031688E+005  3.5995818235E+034
  4.6070056558E+005  3.5995802649E+034
  4.6240054961E+005  3.5995786948E+034
  4.6410055674E+005  3.5995771136E+034
  4.6580052187E+005  3.5995755219E+034
  4.6750044412E+005  3.5995739204E+034
  4.6920031239E+005  3.5995723096E+034
  4.7090047805E+005  3.5995706898E+034
  4.7260037584E+005  3.5995690621E+034
  4.7430034067E+005  3.5995674268E+034
  4.7600034718E+005  3.5995657845E+034
  4.7770038948E+005  3.5995641358E+034
  4.7940040734E+005  3.5995624813E+034
  4.8110036742E+005  3.5995608217E+034
  4.8280059414E+005  3.5995591571E+034
  4.8450049293E+005  3.5995574887E+034
  4.8620041357E+005  3.5995558168E+034
  4.8790039353E+005  3.5995541418E+034
  4.8960043503E+005  3.5995524644E+034
  4.9130049784E+005  3.5995507851E+034
  4.9300056332E+005  3.5995491045E+034
  4.9470057470E+005  3.5995474231E+034
  4.9640054540E+005  3.5995457416E+034
  4.9810047896E+005  3.5995440604E+034
  4.9980043307E+005  3.5995423800E+034
  5.0150043060E+005  3.5995407010E+034
  5.0320049354E+005  3.5995390238E+034
  5.0490058559E+005  3.5995373491E+034
  5.0660038569E+005  3.5995356776E+034
  5.0830044672E+005  3.5995340093E+034
  5.1000046270E+005  3.5995323451E+034
  5.1170044091E+005  3.5995306855E+034
  5.1340042111E+005  3.5995290308E+034
  5.1510044556E+005  3.5995273817E+034
  5.1680052240E+005  3.5995257385E+034
  5.1850034399E+005  3.5995241021E+034
  5.2020048185E+005  3.5995224724E+034
  5.2190059130E+005  3.5995208503E+034
  5.2360034573E+005  3.5995192364E+034
  5.2530037693E+005  3.5995176307E+034
  5.2700038355E+005  3.5995160340E+034
  5.2870042945E+005  3.5995144466E+034
  5.3040053008E+005  3.5995128689E+034
  5.3210037678E+005  3.5995113018E+034
  5.3380054158E+005  3.5995097452E+034
  5.3550039730E+005  3.5995082000E+034
  5.3720050363E+005  3.5995066661E+034
  5.3890057153E+005  3.5995051444E+034
  5.4060031567E+005  3.5995036353E+034
  5.4230038591E+005  3.5995021389E+034
  5.4400050625E+005  3.5995006557E+034
  5.4570037235E+005  3.5994991864E+034
  5.4740057488E+005  3.5994977308E+034
  5.4910046498E+005  3.5994962900E+034
  5.5080031888E+005  3.5994948641E+034
  5.5250042855E+005  3.5994934532E+034
  5.5420051858E+005  3.5994920579E+034
  5.5590030610E+005  3.5994906787E+034
  5.5760045140E+005  3.5994893156E+034
  5.5930033668E+005  3.5994879689E+034
  5.6100056947E+005  3.5994866375E+034
  5.6270049585E+005  3.5994853224E+034
  5.6440039544E+005  3.5994840237E+034
  5.6610055051E+005  3.5994827416E+034
  5.6780037836E+005  3.5994814768E+034
  5.6950049695E+005  3.5994802310E+034
  5.7120035931E+005  3.5994790057E+034
  5.7290057391E+005  3.5994778001E+034
  5.7460052152E+005  3.5994766141E+034
  5.7630048771E+005  3.5994754472E+034
  5.7800043196E+005  3.5994742990E+034
  5.7970032878E+005  3.5994731689E+034
  5.8140049495E+005  3.5994720564E+034
  5.8310035285E+005  3.5994709613E+034
  5.8480053251E+005  3.5994698828E+034
  5.8650046634E+005  3.5994688209E+034
  5.8820043897E+005  3.5994677747E+034
  5.8990043934E+005  3.5994667440E+034
  5.9160041890E+005  3.5994657282E+034
  5.9330036718E+005  3.5994647268E+034
  5.9500057387E+005  3.5994637393E+034
  5.9670046465E+005  3.5994627655E+034
  5.9840036485E+005  3.5994618046E+034
  6.0010032030E+005  3.5994608563E+034
  6.0180031560E+005  3.5994599199E+034
  6.0350034257E+005  3.5994589951E+034
  6.0520036576E+005  3.5994580814E+034
  6.0690035519E+005  3.5994571783E+034
  6.0860030368E+005  3.5994562853E+034
  6.1030053130E+005  3.5994554018E+034
  6.1200046263E+005  3.5994545275E+034
  6.1370043354E+005  3.5994536619E+034
  6.1540045507E+005  3.5994528045E+034
  6.1710050423E+005  3.5994519547E+034
  6.1880056881E+005  3.5994511121E+034
  6.2050059774E+005  3.5994502763E+034
  6.2220058999E+005  3.5994494468E+034
  6.2390055127E+005  3.5994486230E+034
  6.2560051450E+005  3.5994478046E+034
  6.2730050065E+005  3.5994469911E+034
  6.2900054637E+005  3.5994461819E+034
  6.3070032005E+005  3.5994453768E+034
  6.3240041282E+005  3.5994445751E+034
  6.3410048637E+005  3.5994437767E+034
  6.3580052363E+005  3.5994429810E+034
  6.3750052392E+005  3.5994421876E+034
  6.3920051433E+005  3.5994413962E+034
  6.4090053057E+005  3.5994406062E+034
  6.4260059076E+005  3.5994398172E+034
  6.4430038955E+005  3.5994390290E+034
  6.4600051158E+005  3.5994382409E+034
  6.4770032595E+005  3.5994374528E+034
  6.4940039786E+005  3.5994366640E+034
  6.5110044442E+005  3.5994358742E+034
  6.5280046731E+005  3.5994350831E+034
  6.5450050761E+005  3.5994342902E+034
  6.5620058529E+005  3.5994334953E+034
  6.5790041077E+005  3.5994326980E+034
  6.5960055841E+005  3.5994318977E+034
  6.6130041000E+005  3.5994310943E+034
  6.6300052712E+005  3.5994302873E+034
  6.6470030781E+005  3.5994294765E+034
  6.6640036850E+005  3.5994286613E+034
  6.6810043304E+005  3.5994278415E+034
  6.6980053242E+005  3.5994270168E+034
  6.7150037770E+005  3.5994261870E+034
  6.7320055374E+005  3.5994253515E+034
  6.7490043348E+005  3.5994245102E+034
  6.7660059944E+005  3.5994236625E+034
  6.7830041664E+005  3.5994228086E+034
  6.8000051538E+005  3.5994219477E+034
  6.8170030479E+005  3.5994210798E+034
  6.8340042889E+005  3.5994202044E+034
  6.8510059137E+005  3.5994193212E+034
  6.8680049383E+005  3.5994184302E+034
  6.8850040540E+005  3.5994175310E+034
  6.9020030480E+005  3.5994166233E+034
  6.9190046766E+005  3.5994157067E+034
  6.9360030366E+005  3.5994147812E+034
  6.9530042688E+005  3.5994138462E+034
  6.9700056949E+005  3.5994129017E+034
  6.9870045397E+005  3.5994119475E+034
  7.0040037602E+005  3.5994109833E+034
  7.0210031585E+005  3.5994100088E+034
  7.0380055646E+005  3.5994090236E+034
  7.0550046200E+005  3.5994080279E+034
  7.0720032800E+005  3.5994070212E+034
  7.0890049028E+005  3.5994060031E+034
  7.1060035217E+005  3.5831050299E+034
  7.1230055977E+005  3.5831016040E+034
  7.1400050142E+005  3.5830981576E+034
  7.1570047282E+005  3.5830946888E+034
  7.1740044041E+005  3.5830911965E+034
  7.1910038974E+005  3.5830876773E+034
  7.2080059881E+005  3.5830840843E+034
  7.2250049078E+005  3.5830803998E+034
  7.2420038085E+005  3.5830766231E+034
  7.2590060619E+005  3.5830727530E+034
  7.2760056961E+005  3.5830687901E+034
  7.2930056633E+005  3.5830647330E+034
  7.3100056727E+005  3.5830605807E+034
  7.3270055162E+005  3.5830563322E+034
  7.3440050352E+005  3.5830519861E+034
  7.3610042679E+005  3.5830475409E+034
  7.3780034695E+005  3.5830429950E+034
  7.3950059196E+005  3.5830383456E+034
  7.4120057947E+005  3.5830336024E+034
  7.4290059294E+005  3.5830288110E+034
  7.4460032590E+005  3.5830239774E+034
  7.4630034767E+005  3.5830190990E+034
  7.4800033855E+005  3.5830141752E+034
  7.4970060029E+005  3.5830092038E+034
  7.5140055597E+005  3.5830041852E+034
  7.5310051669E+005  3.5829991168E+034
  7.5480052068E+005  3.5829939970E+034
  7.5650056196E+005  3.5829888243E+034
  7.5820031896E+005  3.5829835980E+034
  7.5990037542E+005  3.5829783146E+034
  7.6160040761E+005  3.5829729736E+034
  7.6330040604E+005  3.5829675735E+034
  7.6500038737E+005  3.5829621126E+034
  7.6670037872E+005  3.5829565895E+034
  7.6840039898E+005  3.5829510028E+034
  7.7010046359E+005  3.5829453515E+034
  7.7180054755E+005  3.5829396355E+034
  7.7350033745E+005  3.5829338560E+034
  7.7520040524E+005  3.5829280121E+034
  7.7690044490E+005  3.5829221065E+034
  7.7860045764E+005  3.5829161419E+034
  7.8030047737E+005  3.5829101276E+034
  7.8200051591E+005  3.5829040871E+034
  7.8370059949E+005  3.5828980514E+034
  7.8540040573E+005  3.5828920551E+034
  7.8710052888E+005  3.5828861309E+034
  7.8880033201E+005  3.5828803168E+034
  7.9050040763E+005  3.5828746656E+034
  7.9220045879E+005  3.5828694852E+034
  7.9390050384E+005  3.5828657884E+034
  7.9560056567E+005  3.5828643297E+034
  7.9730036247E+005  3.5828649051E+034
  7.9900050036E+005  3.5828666968E+034
  8.0070034188E+005  3.5828696703E+034
  8.0240048862E+005  3.5828738159E+034
  8.0410060323E+005  3.5828798140E+034
  8.0580038589E+005  3.5828957195E+034
  8.0750045793E+005  3.5829456513E+034
  8.0920054852E+005  3.5830080925E+034
  8.1090035902E+005  3.5830689187E+034
  8.1260051796E+005  3.5831210927E+034
  8.1430039089E+005  3.5831674624E+034
  8.1600056823E+005  3.5832118409E+034
  8.1770041664E+005  3.5832574831E+034
  8.1940054144E+005  3.5833198715E+034
  8.2110034329E+005  3.5835053783E+034
  8.2280045326E+005  3.5833276805E+034
  8.2450059148E+005  3.5695570831E+034
  8.2620046415E+005  3.5696696273E+034
  8.2790036428E+005  3.5697702335E+034
  8.2960056956E+005  3.5698166372E+034
  8.3130046034E+005  3.5698362225E+034
  8.3300031496E+005  3.5698450208E+034
  8.3470045461E+005  3.5698473306E+034
  8.3640058988E+005  3.5698362935E+034
  8.3810044715E+005  3.5698241840E+034
  8.3980033576E+005  3.5698147338E+034
  8.4150056507E+005  3.5698127740E+034
  8.4320049575E+005  3.5698238395E+034
  8.4490042105E+005  3.5815733668E+034
  8.4660031454E+005  3.5994720435E+034
  8.4830048627E+005  3.5995069263E+034
  8.5000034809E+005  3.5995244929E+034
  8.5170052849E+005  3.5995339254E+034
  8.5340043720E+005  3.5995391799E+034
  8.5510038295E+005  3.5995419680E+034
  8.5680034609E+005  3.5995433830E+034
  8.5850060205E+005  3.5995441684E+034
  8.6020053776E+005  3.5995454823E+034
  8.6190044003E+005  3.5995520251E+034
  8.6360033131E+005  3.5995684341E+034
  8.6530053275E+005  3.5995939439E+034
  8.6700046549E+005  3.5996253293E+034
  8.6870042653E+005  3.5996583314E+034
  8.7040041592E+005  3.5996981452E+034
  8.7210040245E+005  3.5997419470E+034
  8.7380037378E+005  3.5997363482E+034
  8.7550030977E+005  3.5997427675E+034
  8.7720053771E+005  3.5984601574E+034
  8.7890046270E+005  3.5944899175E+034
  8.8060040956E+005  3.5853380952E+034
  8.8230039433E+005  3.5853336874E+034
  8.8400040687E+005  3.5853519281E+034
  8.8570042303E+005  3.5853585142E+034
  8.8740042659E+005  3.5853600253E+034
  8.8910040619E+005  3.5853206977E+034
  8.9080035608E+005  3.5853055150E+034
  8.9250030958E+005  3.5853080067E+034
  8.9420058101E+005  3.5853083156E+034
  8.9590058438E+005  3.5853064152E+034
  8.9760031256E+005  3.5853046372E+034
  8.9930036030E+005  3.5853034195E+034
  9.0100039522E+005  3.5853022615E+034
  9.0270041175E+005  3.5853011308E+034
  9.0440039692E+005  3.5853001114E+034
  9.0610037645E+005  3.5852990525E+034
  9.0780036798E+005  3.5852979568E+034
  9.0950038822E+005  3.5852969029E+034
  9.1120044168E+005  3.5852959762E+034
  9.1290051475E+005  3.5852952398E+034
  9.1460058449E+005  3.5852946539E+034
  9.1630032831E+005  3.5852941788E+034
  9.1800035304E+005  3.5852937780E+034
  9.1970035864E+005  3.5852934190E+034
  9.2140037499E+005  3.5852930741E+034
  9.2310041227E+005  3.5852927563E+034
  9.2480048865E+005  3.5852924779E+034
  9.2650058240E+005  3.5852922308E+034
  9.2820037996E+005  3.5852920034E+034
  9.2990046329E+005  3.5852917817E+034
  9.3160052378E+005  3.5852915512E+034
  9.3330055773E+005  3.5979589533E+034
  9.3500060027E+005  3.5980092039E+034
  9.3670035563E+005  3.5980617546E+034
  9.3840044549E+005  3.5981119915E+034
  9.4010056604E+005  3.5981557673E+034
  9.4180039172E+005  3.5981906161E+034
  9.4350050685E+005  3.5982191617E+034
  9.4520060119E+005  3.5982450293E+034
  9.4690037046E+005  3.5982711847E+034
  9.4860043187E+005  3.5982999294E+034
  9.5030051460E+005  3.5983332490E+034
  9.5200031930E+005  3.5983701604E+034
  9.5370046081E+005  3.5984070067E+034
  9.5540031070E+005  3.5984408708E+034
  9.5710046219E+005  3.5984695206E+034
  9.5880058914E+005  3.5984911813E+034
  9.6050039164E+005  3.5985065995E+034
  9.6220048199E+005  3.5985180844E+034
  9.6390058637E+005  3.5985267046E+034
  9.6560040995E+005  3.5985330378E+034
  9.6730056949E+005  3.5985371837E+034
  9.6900044652E+005  3.5985388186E+034
  9.7070032276E+005  3.5985481276E+034
  9.7240048589E+005  3.5984147410E+034
  9.7410032051E+005  3.5982051893E+034
  9.7580044313E+005  3.5977731432E+034
  9.7750056680E+005  3.5967074849E+034
  9.7920041244E+005  3.5943186149E+034
  9.8090058778E+005  3.5910066735E+034
  9.8260049090E+005  3.5887480910E+034
  9.8430039339E+005  3.5889612950E+034
  9.8600059126E+005  3.5894298468E+034
  9.8770046014E+005  3.5877444869E+034
  9.8940031064E+005  3.5853647854E+034
  9.9110045700E+005  3.5853350516E+034
  9.9280032431E+005  3.5853206828E+034
  9.9450051840E+005  3.5853167019E+034
  9.9620043880E+005  3.5853170236E+034
  9.9790037266E+005  3.5853191624E+034
  9.9960060118E+005  3.5853215830E+034
  1.0013005033E+006  3.5853235359E+034
  1.0030003849E+006  3.5853260552E+034
  1.0047005618E+006  3.5853385355E+034
  1.0064004442E+006  3.5853446359E+034
  1.0081003565E+006  3.5853511322E+034
  1.0098005997E+006  3.5853580030E+034
  1.0115005601E+006  3.5853652160E+034
  1.0132005125E+006  3.5853727344E+034
  1.0149004529E+006  3.5853805115E+034
  1.0166003657E+006  3.5859497796E+034
  1.0183005690E+006  3.5872276219E+034
  1.0200004745E+006  3.5883443216E+034
  1.0217004067E+006  3.5893204282E+034
  1.0234003627E+006  3.5901732409E+034
  1.0251003461E+006  3.5909175301E+034
  1.0268003318E+006  3.5915680677E+034
  1.0285006034E+006  3.5921411423E+034
  1.0302005520E+006  3.5926467583E+034
  1.0319004811E+006  3.5930935958E+034
  1.0336004102E+006  3.5934890226E+034
  1.0353003584E+006  3.5938393962E+034
  1.0370003379E+006  3.5948982713E+034
  1.0387003383E+006  3.5951399388E+034
  1.0404003542E+006  3.5953551749E+034
  1.0421003533E+006  3.5955470993E+034
  1.0438003359E+006  3.5957184701E+034
  1.0455005982E+006  3.5958717527E+034
  1.0472005535E+006  3.5960090592E+034
  1.0489005201E+006  3.5961323428E+034
  1.0506005189E+006  3.5962433166E+034
  1.0523005393E+006  3.5963435061E+034
  1.0540005783E+006  3.5964342728E+034
  1.0557003077E+006  3.5965168183E+034
  1.0574003209E+006  3.5965922771E+034
  1.0591003126E+006  3.5966608050E+034
  1.0608005967E+006  3.5967197522E+034
  1.0625005872E+006  3.5967699635E+034
  1.0642006002E+006  3.5968126258E+034
  1.0659003396E+006  3.5968487618E+034
  1.0676004007E+006  3.5968792850E+034
  1.0693004644E+006  3.5969049780E+034
  1.0710005069E+006  3.5969265339E+034
  1.0727005348E+006  3.5969445613E+034
  1.0744005420E+006  3.5969595943E+034
  1.0761005529E+006  3.5969721020E+034
  1.0778005861E+006  3.5969824959E+034
  1.0795003449E+006  3.5969911368E+034
  1.0812004246E+006  3.5969983823E+034
  1.0829005171E+006  3.5970044901E+034
  1.0846005948E+006  3.5970096587E+034
  1.0863003453E+006  3.5965333372E+034
  1.0880003859E+006  3.5965347768E+034
  1.0897004208E+006  3.5965356072E+034
  1.0914004723E+006  3.5965359809E+034
  1.0931005503E+006  3.5965360286E+034
  1.0948003521E+006  3.5965358617E+034
  1.0965004654E+006  3.5965355744E+034
  1.0982005759E+006  3.5965352461E+034
  1.0999003592E+006  3.5965349427E+034
  1.1016004309E+006  3.5965347186E+034
  1.1033004888E+006  3.5965346177E+034
  1.1050005623E+006  3.5965346751E+034
  1.1067003541E+006  3.5965349180E+034
  1.1084004779E+006  3.5965353665E+034
  1.1101003118E+006  3.5965360350E+034
  1.1118004514E+006  3.5965369326E+034
  1.1135005708E+006  3.5965380637E+034
  1.1152003678E+006  3.5965394288E+034
  1.1169004561E+006  3.5965410255E+034
  1.1186005477E+006  3.5965425690E+034
  1.1203003599E+006  3.5965438176E+034
  1.1220004999E+006  3.5965448008E+034
  1.1237003585E+006  3.5965455448E+034
  1.1254005237E+006  3.5965460742E+034
  1.1271003735E+006  3.5965464109E+034
  1.1288005028E+006  3.5965465755E+034
  1.1305003188E+006  3.5965465863E+034
  1.1322004314E+006  3.5965464605E+034
  1.1339005648E+006  3.5965462134E+034
  1.1356004207E+006  3.5965458593E+034
  1.1373006029E+006  3.5965454109E+034
  1.1390004889E+006  3.5965448803E+034
  1.1407003706E+006  3.5965442779E+034
  1.1424005332E+006  3.5965436135E+034
  1.1441003742E+006  3.5965428962E+034
  1.1458005153E+006  3.5965421339E+034
  1.1475003626E+006  3.5965413339E+034
  1.1492005401E+006  3.5965405029E+034
  1.1509004366E+006  3.5965396470E+034
  1.1526003505E+006  3.5965387716E+034
  1.1543005611E+006  3.5965378814E+034
  1.1560004536E+006  3.5965369813E+034
  1.1577003242E+006  3.5965360750E+034
  1.1594004925E+006  3.5965351660E+034
  1.1611003566E+006  3.5965342579E+034
  1.1628005540E+006  3.5965333532E+034
  1.1645004698E+006  3.5965324547E+034
  1.1662004031E+006  3.5965315647E+034
  1.1679003399E+006  3.5965306850E+034
  1.1696005684E+006  3.5965298175E+034
  1.1713004680E+006  3.5965289638E+034
  1.1730003583E+006  3.5965281252E+034
  1.1747005529E+006  3.5965273027E+034
  1.1764004591E+006  3.5965264976E+034
  1.1781003952E+006  3.5965257105E+034
  1.1798003498E+006  3.5965249420E+034
  1.1815003131E+006  3.5965241928E+034
  1.1832005689E+006  3.5965234630E+034
  1.1849005040E+006  3.5965227533E+034
  1.1866004190E+006  3.5965220635E+034
  1.1883003345E+006  3.5965213937E+034
  1.1900005624E+006  3.5965207437E+034
  1.1917005163E+006  3.5965201135E+034
  1.1934004906E+006  3.5965195027E+034
  1.1951004778E+006  3.5965189109E+034
  1.1968004599E+006  3.5965183377E+034
  1.1985004251E+006  3.5965177824E+034
  1.2002003704E+006  3.5965172444E+034
  1.2019003087E+006  3.5965167231E+034
  1.2036005591E+006  3.5965162174E+034
  1.2053005268E+006  3.5965157266E+034
  1.2070005225E+006  3.5965152498E+034
  1.2087005304E+006  3.5965147858E+034
  1.2104005427E+006  3.5965143335E+034
  1.2121005362E+006  3.5965138918E+034
  1.2138005129E+006  3.5965134594E+034
  1.2155004757E+006  3.5965130350E+034
  1.2172004451E+006  3.5965126172E+034
  1.2189004279E+006  3.5965122045E+034
  1.2206004433E+006  3.5965117953E+034
  1.2223004730E+006  3.5965113881E+034
  1.2240005086E+006  3.5965109813E+034
  1.2257005348E+006  3.5965105730E+034
  1.2274005419E+006  3.5965101615E+034
  1.2291005303E+006  3.5965097449E+034
  1.2308005214E+006  3.5965093214E+034
  1.2325005267E+006  3.5965088888E+034
  1.2342005537E+006  3.5965084452E+034
  1.2359006068E+006  3.5965079885E+034
  1.2376003630E+006  3.5965075165E+034
  1.2393004179E+006  3.5965070269E+034
  1.2410004527E+006  3.5965065176E+034
  1.2427004740E+006  3.5965059860E+034
  1.2444004858E+006  3.5965054298E+034
  1.2461005100E+006  3.5965048465E+034
  1.2478005550E+006  3.5965042333E+034
  1.2495003237E+006  3.5965035878E+034
  1.2512004048E+006  3.5965029069E+034
  1.2529004881E+006  3.5965021880E+034
  1.2546005555E+006  3.5965014281E+034
  1.2563006021E+006  3.5965006242E+034
  1.2580003372E+006  3.5964997734E+034
  1.2597003816E+006  3.5964988723E+034
  1.2614004441E+006  3.5964979178E+034
  1.2631005309E+006  3.5964969066E+034
  1.2648003346E+006  3.5964958356E+034
  1.2665004398E+006  3.5964947009E+034
  1.2682005385E+006  3.5964934992E+034
  1.2699003110E+006  3.5964922272E+034
  1.2716003766E+006  3.5964908808E+034
  1.2733004403E+006  3.5964894566E+034
  1.2750005229E+006  3.5964879507E+034
  1.2767003220E+006  3.5964863595E+034
  1.2784004498E+006  3.5964846787E+034
  1.2801005804E+006  3.5964829044E+034
  1.2818004027E+006  3.5964810331E+034
  1.2835005109E+006  3.5964790600E+034
  1.2852006023E+006  3.5964769970E+034
  1.2869003860E+006  3.5964749917E+034
  1.2886004859E+006  3.5964730793E+034
  1.2903003039E+006  3.5964712589E+034
  1.2920004471E+006  3.5964695283E+034
  1.2937006047E+006  3.5964678853E+034
  1.2954004519E+006  3.5964663277E+034
  1.2971005911E+006  3.5964648519E+034
  1.2988004056E+006  3.5964634549E+034
  1.3005005193E+006  3.5964621326E+034
  1.3022003330E+006  3.5964608813E+034
  1.3039004721E+006  3.5964596961E+034
  1.3056003295E+006  3.5964585726E+034
  1.3073005092E+006  3.5964575053E+034
  1.3090003819E+006  3.5964564893E+034
  1.3107005503E+006  3.5964555183E+034
  1.3124003966E+006  3.5964545867E+034
  1.3141005314E+006  3.5964536878E+034
  1.3158003682E+006  3.5964528154E+034
  1.3175005245E+006  3.5964519622E+034
  1.3192003983E+006  3.5964511213E+034
  1.3209005960E+006  3.5964502851E+034
  1.3226004987E+006  3.5964494462E+034
  1.3243003869E+006  3.5964485965E+034
  1.3260005676E+006  3.5964477279E+034
  1.3277004265E+006  3.5964468321E+034
  1.3294005885E+006  3.5964459004E+034
  1.3311004565E+006  3.5964449243E+034
  1.3328003505E+006  3.5964438946E+034
  1.3345005661E+006  3.5964428020E+034
  1.3362004906E+006  3.5964416375E+034
  1.3379004087E+006  3.5964403913E+034
  1.3396003139E+006  3.5964390538E+034
  1.3413005043E+006  3.5964376147E+034
  1.3430003842E+006  3.5964360644E+034
  1.3447005782E+006  3.5964343920E+034
  1.3464004854E+006  3.5964325877E+034
  1.3481004164E+006  3.5964306405E+034
  1.3498003621E+006  3.5964285396E+034
  1.3515003086E+006  3.5964262739E+034
  1.3532005425E+006  3.5964238317E+034
  1.3549004611E+006  3.5964212025E+034
  1.3566003639E+006  3.5964183742E+034
  1.3583005771E+006  3.5964153343E+034
  1.3600005021E+006  3.5964120717E+034
  1.3617004510E+006  3.5964085736E+034
  1.3634004155E+006  3.5964048272E+034
  1.3651003876E+006  3.5964008196E+034
  1.3668003473E+006  3.5963965377E+034
  1.3685005958E+006  3.5963919670E+034
  1.3702005267E+006  3.5963870952E+034
  1.3719004548E+006  3.5963819072E+034
  1.3736003991E+006  3.5963763882E+034
  1.3753003632E+006  3.5963705232E+034
  1.3770003485E+006  3.5963642964E+034
  1.3787003418E+006  3.5963576920E+034
  1.3804003320E+006  3.5963506932E+034
  1.3821006060E+006  3.5963432817E+034
  1.3838005655E+006  3.5963354423E+034
  1.3855005158E+006  3.5963271554E+034
  1.3872004782E+006  3.5963184018E+034
  1.3889004583E+006  3.5963091615E+034
  1.3906004628E+006  3.5962994139E+034
  1.3923004778E+006  3.5962891376E+034
  1.3940004926E+006  3.5962783103E+034
  1.3957004935E+006  3.5962669086E+034
  1.3974004794E+006  3.5962549083E+034
  1.3991004536E+006  3.5962422838E+034
  1.4008004337E+006  3.5962290081E+034
  1.4025004343E+006  3.5962150533E+034
  1.4042004518E+006  3.5962003898E+034
  1.4059004895E+006  3.5961849868E+034
  1.4076005293E+006  3.5961688118E+034
  1.4093005582E+006  3.5961518308E+034
  1.4110005691E+006  3.5961340079E+034
  1.4127005731E+006  3.5961153048E+034
  1.4144005708E+006  3.5960956816E+034
  1.4161005872E+006  3.5960750960E+034
  1.4178003205E+006  3.5960535075E+034
  1.4195003763E+006  3.5960308612E+034
  1.4212004380E+006  3.5960071113E+034
  1.4229004956E+006  3.5959822047E+034
  1.4246005359E+006  3.5959560855E+034
  1.4263005621E+006  3.5959289674E+034
  1.4280005853E+006  3.5959011749E+034
  1.4297003140E+006  3.5958726809E+034
  1.4314003681E+006  3.5958434399E+034
  1.4331004402E+006  3.5958134204E+034
  1.4348005271E+006  3.5957825839E+034
  1.4365003044E+006  3.5957508967E+034
  1.4382003738E+006  3.5957183057E+034
  1.4399004266E+006  3.5956847729E+034
  1.4416004742E+006  3.5956502524E+034
  1.4433005228E+006  3.5956146964E+034
  1.4450005948E+006  3.5955780543E+034
  1.4467003811E+006  3.5955402805E+034
  1.4484004860E+006  3.5955013067E+034
  1.4501005937E+006  3.5954610821E+034
  1.4518003869E+006  3.5954195540E+034
  1.4535004667E+006  3.5953766443E+034
  1.4552005375E+006  3.5953322932E+034
  1.4569003054E+006  3.5952864387E+034
  1.4586003903E+006  3.5952389899E+034
  1.4603004998E+006  3.5951898768E+034
  1.4620003187E+006  3.5951390267E+034
  1.4637004510E+006  3.5950863351E+034
  1.4654005740E+006  3.5950317201E+034
  1.4671003791E+006  3.5949750957E+034
  1.4688004733E+006  3.5949163400E+034
  1.4705005683E+006  3.5948553546E+034
  1.4722003653E+006  3.5947920368E+034
  1.4739004904E+006  3.5947262427E+034
  1.4756003290E+006  3.5946578681E+034
  1.4773004818E+006  3.5945867534E+034
  1.4790003277E+006  3.5945127809E+034
  1.4807004643E+006  3.5944357723E+034
  1.4824005854E+006  3.5943555788E+034
  1.4841003963E+006  3.5942720434E+034
  1.4858005186E+006  3.5941849526E+034
  1.4875003538E+006  3.5940941419E+034
  1.4892005150E+006  3.5939993714E+034
  1.4909003833E+006  3.5939004550E+034
  1.4926005601E+006  3.5937971234E+034
  1.4943004182E+006  3.5936891654E+034
  1.4960005671E+006  3.5935762770E+034
  1.4977004017E+006  3.5934582158E+034
  1.4994005436E+006  3.5933346377E+034
  1.5011003932E+006  3.5932052656E+034
  1.5028005724E+006  3.5930697102E+034
  1.5045004609E+006  3.5929276567E+034
  1.5062003541E+006  3.5927786942E+034
  1.5079005459E+006  3.5926223814E+034
  1.5096004176E+006  3.5924583348E+034
  1.5113005795E+006  3.5922860258E+034
  1.5130004378E+006  3.5921050143E+034
  1.5147003081E+006  3.5919147358E+034
  1.5164004983E+006  3.5917145853E+034
  1.5181004082E+006  3.5915040283E+034
  1.5198003236E+006  3.5912823883E+034
  1.5215005411E+006  3.5910489390E+034
  1.5232004384E+006  3.5908030379E+034
  1.5249003250E+006  3.5905438083E+034
  1.5266005066E+006  3.5902696604E+034
  1.5283003940E+006  3.5899796257E+034
  1.5300006021E+006  3.5896726999E+034
  1.5317005286E+006  3.5893480486E+034
  1.5334004642E+006  3.5890046345E+034
  1.5351004023E+006  3.5886414303E+034
  1.5368003293E+006  3.5882573683E+034
  1.5385005424E+006  3.5878512645E+034
  1.5402004454E+006  3.5874221114E+034
  1.5419003513E+006  3.5869686489E+034
  1.5436005759E+006  3.5864895646E+034
  1.5453005165E+006  3.5859837753E+034
  1.5470004757E+006  3.5854499186E+034
  1.5487004341E+006  3.5853794733E+034
  1.5504003883E+006  3.5853729370E+034
  1.5521003249E+006  3.5853664374E+034
  1.5538005553E+006  3.5853599850E+034
  1.5555004802E+006  3.5853535936E+034
  1.5572004190E+006  3.5853472730E+034
  1.5589003753E+006  3.5853410336E+034
  1.5606003518E+006  3.5853348853E+034
  1.5623003344E+006  3.5853288375E+034
  1.5640003120E+006  3.5853228985E+034
  1.5657005815E+006  3.5853170745E+034
  1.5674005312E+006  3.5853113743E+034
  1.5691004786E+006  3.5853058036E+034
  1.5708004337E+006  3.5853003677E+034
  1.5725004077E+006  3.5852950705E+034
  1.5742003988E+006  3.5852899154E+034
  1.5759004047E+006  3.5852849047E+034
  1.5776004053E+006  3.5852800401E+034
  1.5793003982E+006  3.5852753224E+034
  1.5810003737E+006  3.5852707519E+034
  1.5827003440E+006  3.5852663280E+034
  1.5844003167E+006  3.5852620495E+034
  1.5861003065E+006  3.5852579149E+034
  1.5878003151E+006  3.5852539219E+034
  1.5895003396E+006  3.5852500679E+034
  1.5912003645E+006  3.5852463501E+034
  1.5929003823E+006  3.5852427653E+034
  1.5946003866E+006  3.5852393100E+034
  1.5963003769E+006  3.5852359804E+034
  1.5980003716E+006  3.5852327644E+034
  1.5997003773E+006  3.5852296483E+034
  1.6014004016E+006  3.5852266299E+034
  1.6031004428E+006  3.5852237069E+034
  1.6048004936E+006  3.5852208768E+034
  1.6065005335E+006  3.5852181372E+034
  1.6082005649E+006  3.5852154853E+034
  1.6099005817E+006  3.5852129184E+034
  1.6116005950E+006  3.5852104338E+034
  1.6133003134E+006  3.5852080290E+034
  1.6150003555E+006  3.5852057002E+034
  1.6167004136E+006  3.5852034452E+034
  1.6184004827E+006  3.5852012611E+034
  1.6201005508E+006  3.5851991451E+034
  1.6218006062E+006  3.5851970944E+034
  1.6235003455E+006  3.5851951067E+034
  1.6252003797E+006  3.5851931785E+034
  1.6269004222E+006  3.5851913076E+034
  1.6286004768E+006  3.5851894914E+034
  1.6303005531E+006  3.5851877274E+034
  1.6320003377E+006  3.5851860134E+034
  1.6337004298E+006  3.5851843465E+034
  1.6354005092E+006  3.5851827246E+034
  1.6371005801E+006  3.5851811457E+034
  1.6388003333E+006  3.5851796077E+034
  1.6405003926E+006  3.5851781081E+034
  1.6422004660E+006  3.5851766450E+034
  1.6439005575E+006  3.5851752166E+034
  1.6456003597E+006  3.5851738212E+034
  1.6473004741E+006  3.5851724566E+034
  1.6490005815E+006  3.5851711211E+034
  1.6507003703E+006  3.5851698135E+034
  1.6524004546E+006  3.5851685316E+034
  1.6541005329E+006  3.5851672742E+034
  1.6558003192E+006  3.5851660403E+034
  1.6575004251E+006  3.5851648284E+034
  1.6592005507E+006  3.5851636372E+034
  1.6609003798E+006  3.5851624654E+034
  1.6626005130E+006  3.5851613113E+034
  1.6643003280E+006  3.5851601739E+034
  1.6660004366E+006  3.5851590516E+034
  1.6677005365E+006  3.5851579434E+034
  1.6694003396E+006  3.5851568482E+034
  1.6711004624E+006  3.5851557648E+034
  1.6728006033E+006  3.5851546927E+034
  1.6745004534E+006  3.5851536313E+034
  1.6762003048E+006  3.5851525796E+034
  1.6779004512E+006  3.5851515370E+034
  1.6796005826E+006  3.5851505028E+034
  1.6813004034E+006  3.5851494769E+034
  1.6830005269E+006  3.5851484581E+034
  1.6847003633E+006  3.5851474464E+034
  1.6864005187E+006  3.5851464409E+034
  1.6881003880E+006  3.5851454415E+034
  1.6898005652E+006  3.5851444474E+034
  1.6915004331E+006  3.5851434586E+034
  1.6932005896E+006  3.5851424743E+034
  1.6949004345E+006  3.5851414946E+034
  1.6966005779E+006  3.5851405187E+034
  1.6983004287E+006  3.5851395467E+034
  1.7000006029E+006  3.5851385780E+034
  1.7017004875E+006  3.5851376125E+034
  1.7034003822E+006  3.5851366499E+034
  1.7051005782E+006  3.5851356899E+034
  1.7068004582E+006  3.5851347324E+034
  1.7085003236E+006  3.5851337771E+034
  1.7102004916E+006  3.5851328237E+034
  1.7119003579E+006  3.5851318723E+034
  1.7136005470E+006  3.5851309225E+034
  1.7153004487E+006  3.5851299743E+034
  1.7170003642E+006  3.5851290275E+034
  1.7187005814E+006  3.5851280819E+034
  1.7204004875E+006  3.5851271376E+034
  1.7221003791E+006  3.5851261943E+034
  1.7238005675E+006  3.5851252519E+034
  1.7255004529E+006  3.5851243105E+034
  1.7272003537E+006  3.5851233699E+034
  1.7289005765E+006  3.5851224296E+034
  1.7306005072E+006  3.5851214897E+034
  1.7323004457E+006  3.5851205502E+034
  1.7340003755E+006  3.5851196109E+034
  1.7357005961E+006  3.5851186718E+034
  1.7374005024E+006  3.5851177331E+034
  1.7391004104E+006  3.5851167947E+034
  1.7408003236E+006  3.5851158565E+034
  1.7425005632E+006  3.5851149185E+034
  1.7442005130E+006  3.5851139810E+034
  1.7459004702E+006  3.5851130438E+034
  1.7476004243E+006  3.5851121070E+034
  1.7493003683E+006  3.5851111707E+034
  1.7510006014E+006  3.5851102347E+034
  1.7527005282E+006  3.5851092994E+034
  1.7544004617E+006  3.5851083646E+034
  1.7561004099E+006  3.5851074305E+034
  1.7578003772E+006  3.5851064972E+034
  1.7595003537E+006  3.5851055646E+034
  1.7612003323E+006  3.5851046329E+034
  1.7629006028E+006  3.5851037020E+034
  1.7646005588E+006  3.5851027724E+034
  1.7663005058E+006  3.5851018439E+034
  1.7680004584E+006  3.5851009166E+034
  1.7697004207E+006  3.5850999907E+034
  1.7714004052E+006  3.5850990662E+034
  1.7731003999E+006  3.5850981433E+034
  1.7748003997E+006  3.5850972221E+034
  1.7765003925E+006  3.5850963027E+034
  1.7782003728E+006  3.5850953851E+034
  1.7799003421E+006  3.5850944654E+034
  1.7816003129E+006  3.5850935422E+034
  1.7833005972E+006  3.5850926152E+034
  1.7850005938E+006  3.5850916848E+034
  1.7867003047E+006  3.5850907509E+034
  1.7884003236E+006  3.5850898133E+034
  1.7901003412E+006  3.5850888722E+034
  1.7918003460E+006  3.5850879274E+034
  1.7935003402E+006  3.5850869792E+034
  1.7952003291E+006  3.5850860274E+034
  1.7969003280E+006  3.5850850721E+034
  1.7986003390E+006  3.5850841133E+034
  1.8003003700E+006  3.5850831510E+034
  1.8020004098E+006  3.5850821854E+034
  1.8037004490E+006  3.5850812163E+034
  1.8054004795E+006  3.5850802439E+034
  1.8071004978E+006  3.5850792683E+034
  1.8088005081E+006  3.5850782894E+034
  1.8105005227E+006  3.5850773073E+034
  1.8122005519E+006  3.5850763220E+034
  1.8139005958E+006  3.5850753337E+034
  1.8156003520E+006  3.5850743425E+034
  1.8173004126E+006  3.5850733483E+034
  1.8190004687E+006  3.5850723511E+034
  1.8207005097E+006  3.5850713512E+034
  1.8224005440E+006  3.5850703486E+034
  1.8241005763E+006  3.5850693434E+034
  1.8258003170E+006  3.5850683358E+034
  1.8275003767E+006  3.5850673256E+034
  1.8292004546E+006  3.5850663131E+034
  1.8309005359E+006  3.5850652983E+034
  1.8326003107E+006  3.5850642816E+034
  1.8343003792E+006  3.5850632627E+034
  1.8360004342E+006  3.5850622419E+034
  1.8377004866E+006  3.5850612193E+034
  1.8394005477E+006  3.5850601951E+034
  1.8411003200E+006  3.5850591695E+034
  1.8428004107E+006  3.5850581424E+034
  1.8445005158E+006  3.5850571139E+034
  1.8462003117E+006  3.5850560846E+034
  1.8479004039E+006  3.5850550540E+034
  1.8496004837E+006  3.5850540226E+034
  1.8513005580E+006  3.5850529905E+034
  1.8530003299E+006  3.5850519581E+034
  1.8547004228E+006  3.5850509251E+034
  1.8564005306E+006  3.5850498918E+034
  1.8581003477E+006  3.5850488586E+034
  1.8598004712E+006  3.5850478253E+034
  1.8615005874E+006  3.5850467922E+034
  1.8632003877E+006  3.5850457597E+034
  1.8649004818E+006  3.5850447276E+034
  1.8666005787E+006  3.5850436963E+034
  1.8683003813E+006  3.5850426660E+034
  1.8700005050E+006  3.5850416366E+034
  1.8717003390E+006  3.5850406086E+034
  1.8734004851E+006  3.5850395819E+034
  1.8751003182E+006  3.5850385570E+034
  1.8768004485E+006  3.5850375336E+034
  1.8785005660E+006  3.5850365123E+034
  1.8802003769E+006  3.5850354933E+034
  1.8819004998E+006  3.5850344764E+034
  1.8836003360E+006  3.5850334623E+034
  1.8853004892E+006  3.5850324506E+034
  1.8870003498E+006  3.5850314420E+034
  1.8887005129E+006  3.5850304364E+034
  1.8904003606E+006  3.5850294342E+034
  1.8921005029E+006  3.5850284353E+034
  1.8938003340E+006  3.5850274402E+034
  1.8955004747E+006  3.5850264488E+034
  1.8972003240E+006  3.5850254616E+034
  1.8989004956E+006  3.5850244785E+034
  1.9006003726E+006  3.5850234993E+034
  1.9023005587E+006  3.5850225214E+034
  1.9040004300E+006  3.5850215451E+034
  1.9057005965E+006  3.5850205703E+034
  1.9074004490E+006  3.5850195973E+034
  1.9091006072E+006  3.5850186259E+034
  1.9108004725E+006  3.5850176564E+034
  1.9125003552E+006  3.5850166889E+034
  1.9142005538E+006  3.5850157230E+034
  1.9159004556E+006  3.5850147594E+034
  1.9176003525E+006  3.5850137978E+034
  1.9193005407E+006  3.5850128383E+034
  1.9210004177E+006  3.5850118810E+034
  1.9227005938E+006  3.5850109259E+034
  1.9244004759E+006  3.5850099732E+034
  1.9261003722E+006  3.5850090229E+034
  1.9278005892E+006  3.5850080748E+034
  1.9295005087E+006  3.5850071293E+034
  1.9312004296E+006  3.5850061863E+034
  1.9329003375E+006  3.5850052457E+034
  1.9346005411E+006  3.5850043076E+034
  1.9363004345E+006  3.5850033722E+034
  1.9380003320E+006  3.5850024395E+034
  1.9397005479E+006  3.5850015092E+034
  1.9414004763E+006  3.5850005817E+034
  1.9431004147E+006  3.5849996569E+034
  1.9448003557E+006  3.5849987347E+034
  1.9465005945E+006  3.5849978152E+034
  1.9482005146E+006  3.5849968985E+034
  1.9499004307E+006  3.5849959846E+034
  1.9516003460E+006  3.5849950735E+034
  1.9533005773E+006  3.5849941649E+034
  1.9550005194E+006  3.5849932593E+034
  1.9567004778E+006  3.5849923564E+034
  1.9584004377E+006  3.5849914563E+034
  1.9601003960E+006  3.5849905590E+034
  1.9618003413E+006  3.5849896644E+034
  1.9635005825E+006  3.5849887724E+034
  1.9652005162E+006  3.5849878834E+034
  1.9669004590E+006  3.5849869971E+034
  1.9686004177E+006  3.5849861135E+034
  1.9703003899E+006  3.5849852326E+034
  1.9720003715E+006  3.5849843545E+034
  1.9737003515E+006  3.5849834790E+034
  1.9754003218E+006  3.5849826062E+034
  1.9771005832E+006  3.5849817358E+034
  1.9788005401E+006  3.5849808683E+034
  1.9805004976E+006  3.5849800034E+034
  1.9822004708E+006  3.5849791410E+034
  1.9839004599E+006  3.5849782812E+034
  1.9856004603E+006  3.5849774239E+034
  1.9873004597E+006  3.5849765692E+034
  1.9890004553E+006  3.5849757168E+034
  1.9907004370E+006  3.5849748670E+034
  1.9924004113E+006  3.5849740195E+034
  1.9941003890E+006  3.5849731745E+034
  1.9958003768E+006  3.5849723317E+034
  1.9975003807E+006  3.5849714913E+034
  1.9992003976E+006  3.5849706531E+034
  2.0009004206E+006  3.5849698171E+034
  2.0026004361E+006  3.5849689833E+034
  2.0043004434E+006  3.5849681516E+034
  2.0060004391E+006  3.5849673221E+034
  2.0077004356E+006  3.5849664945E+034
  2.0094004376E+006  3.5849656690E+034
  2.0111004579E+006  3.5849648454E+034
  2.0128004910E+006  3.5849640237E+034
  2.0145005322E+006  3.5849632038E+034
  2.0162005712E+006  3.5849623858E+034
  2.0179006018E+006  3.5849615695E+034
  2.0196003159E+006  3.5849607550E+034
  2.0213003309E+006  3.5849599420E+034
  2.0230003522E+006  3.5849591306E+034
  2.0247003842E+006  3.5849583207E+034
  2.0264004346E+006  3.5849575122E+034
  2.0281004941E+006  3.5849567052E+034
  2.0298005550E+006  3.5849558996E+034
  2.0315006071E+006  3.5849550952E+034
  2.0332003471E+006  3.5849542922E+034
  2.0349003806E+006  3.5849534903E+034
  2.0366004195E+006  3.5849526896E+034
  2.0383004674E+006  3.5849518898E+034
  2.0400005324E+006  3.5849510911E+034
  2.0417003050E+006  3.5849502935E+034
  2.0434003867E+006  3.5849494967E+034
  2.0451004624E+006  3.5849487007E+034
  2.0468005284E+006  3.5849479063E+034
  2.0485005849E+006  3.5849471143E+034
  2.0502003364E+006  3.5849463247E+034
  2.0519004018E+006  3.5849455371E+034
  2.0536004795E+006  3.5849447517E+034
  2.0553005741E+006  3.5849439684E+034
  2.0570003704E+006  3.5849431874E+034
  2.0587004691E+006  3.5849424082E+034
  2.0604005574E+006  3.5849416310E+034
  2.0621003338E+006  3.5849408560E+034
  2.0638004071E+006  3.5849400827E+034
  2.0655004891E+006  3.5849393113E+034
  2.0672005822E+006  3.5849385418E+034
  2.0689003873E+006  3.5849377741E+034
  2.0706005066E+006  3.5849370082E+034
  2.0723003223E+006  3.5849362441E+034
  2.0740004345E+006  3.5849354816E+034
  2.0757005366E+006  3.5849347208E+034
  2.0774003278E+006  3.5849339617E+034
  2.0791004247E+006  3.5849332042E+034
  2.0808005353E+006  3.5849324482E+034
  2.0825003534E+006  3.5849316940E+034
  2.0842004910E+006  3.5849309410E+034
  2.0859003269E+006  3.5849301895E+034
  2.0876004622E+006  3.5849294389E+034
  2.0893005863E+006  3.5849286895E+034
  2.0910004005E+006  3.5849279414E+034
  2.0927005141E+006  3.5849271943E+034
  2.0944003352E+006  3.5849264483E+034
  2.0961004741E+006  3.5849257033E+034
  2.0978003223E+006  3.5849249594E+034
  2.0995004819E+006  3.5849242164E+034
  2.1012003358E+006  3.5849234745E+034
  2.1029004839E+006  3.5849227334E+034
  2.1046003179E+006  3.5849219934E+034
  2.1063004535E+006  3.5849212542E+034
  2.1080005927E+006  3.5849205159E+034
  2.1097004430E+006  3.5849197786E+034
  2.1114003060E+006  3.5849190422E+034
  2.1131004856E+006  3.5849183065E+034
  2.1148003591E+006  3.5849175717E+034
  2.1165005308E+006  3.5849168376E+034
  2.1182003878E+006  3.5849161045E+034
  2.1199005429E+006  3.5849153720E+034
  2.1216003945E+006  3.5849146405E+034
  2.1233005642E+006  3.5849139095E+034
  2.1250004432E+006  3.5849131795E+034
  2.1267003335E+006  3.5849124501E+034
  2.1284005342E+006  3.5849117214E+034
  2.1301004236E+006  3.5849109935E+034
  2.1318006068E+006  3.5849102661E+034
  2.1335004786E+006  3.5849095396E+034
  2.1352003506E+006  3.5849088138E+034
  2.1369005317E+006  3.5849080885E+034
  2.1386004278E+006  3.5849073640E+034
  2.1403003346E+006  3.5849066402E+034
  2.1420005533E+006  3.5849059169E+034
  2.1437004648E+006  3.5849051943E+034
  2.1454003687E+006  3.5849044724E+034
  2.1471005646E+006  3.5849037510E+034
  2.1488004549E+006  3.5849030303E+034
  2.1505003503E+006  3.5849023103E+034
  2.1522005629E+006  3.5849015906E+034
  2.1539004861E+006  3.5849008718E+034
  2.1556004184E+006  3.5849001535E+034
  2.1573003528E+006  3.5848994357E+034
  2.1590005807E+006  3.5848987184E+034
  2.1607004972E+006  3.5848980019E+034
  2.1624004064E+006  3.5848972859E+034
  2.1641003189E+006  3.5848965704E+034
  2.1658005451E+006  3.5848958554E+034
  2.1675004855E+006  3.5848951410E+034
  2.1692004334E+006  3.5848944272E+034
  2.1709003875E+006  3.5848937140E+034
  2.1726003358E+006  3.5848930013E+034
  2.1743005777E+006  3.5848922891E+034
  2.1760005073E+006  3.5848915775E+034
  2.1777004382E+006  3.5848908665E+034
  2.1794003764E+006  3.5848901560E+034
  2.1811003289E+006  3.5848894461E+034
  2.1828006001E+006  3.5848887365E+034
  2.1845005715E+006  3.5848880276E+034
  2.1862005422E+006  3.5848873193E+034
  2.1879005024E+006  3.5848866115E+034
  2.1896004551E+006  3.5848859042E+034
  2.1913004026E+006  3.5848851976E+034
  2.1930003580E+006  3.5848844914E+034
  2.1947003245E+006  3.5848837859E+034
  2.1964003072E+006  3.5848830809E+034
  2.1981006007E+006  3.5848823763E+034
  2.1998005923E+006  3.5848816725E+034
  2.2015005761E+006  3.5848809693E+034
  2.2032005493E+006  3.5848802667E+034
  2.2049005180E+006  3.5848795647E+034
  2.2066004891E+006  3.5848788633E+034
  2.2083004710E+006  3.5848781626E+034
  2.2100004672E+006  3.5848774625E+034
  2.2117004762E+006  3.5848767631E+034
  2.2134004855E+006  3.5848760644E+034
  2.2151004931E+006  3.5848753663E+034
  2.2168004884E+006  3.5848746689E+034
  2.2185004776E+006  3.5848739723E+034
  2.2202004655E+006  3.5848732764E+034
  2.2219004634E+006  3.5848725812E+034
  2.2236004733E+006  3.5848718867E+034
  2.2253004988E+006  3.5848711930E+034
  2.2270005281E+006  3.5848705001E+034
  2.2287005558E+006  3.5848698083E+034
  2.2304005755E+006  3.5848691176E+034
  2.2321005848E+006  3.5848684282E+034
  2.2338005920E+006  3.5848677400E+034
  2.2355006050E+006  3.5848670531E+034
  2.2372003265E+006  3.5848663676E+034
  2.2389003650E+006  3.5848656832E+034
  2.2406004151E+006  3.5848650002E+034
  2.2423004621E+006  3.5848643184E+034
  2.2440005046E+006  3.5848636380E+034
  2.2457005361E+006  3.5848629590E+034
  2.2474005627E+006  3.5848622813E+034
  2.2491005912E+006  3.5848616049E+034
  2.2508003284E+006  3.5848609301E+034
  2.2525003819E+006  3.5848602566E+034
  2.2542004477E+006  3.5848595844E+034
  2.2559005164E+006  3.5848589137E+034
  2.2576005800E+006  3.5848582444E+034
  2.2593003307E+006  3.5848575767E+034
  2.2610003764E+006  3.5848569104E+034
  2.2627004239E+006  3.5848562455E+034
  2.2644004783E+006  3.5848555821E+034
  2.2661005475E+006  3.5848549202E+034
  2.2678003248E+006  3.5848542599E+034
  2.2695004140E+006  3.5848536010E+034
  2.2712004972E+006  3.5848529436E+034
  2.2729005754E+006  3.5848522878E+034
  2.2746003387E+006  3.5848516336E+034
  2.2763004029E+006  3.5848509808E+034
  2.2780004737E+006  3.5848503296E+034
  2.2797005579E+006  3.5848496800E+034
  2.2814003497E+006  3.5848490321E+034
  2.2831004562E+006  3.5848483856E+034
  2.2848005631E+006  3.5848477407E+034
  2.2865003563E+006  3.5848470975E+034
  2.2882004468E+006  3.5848464558E+034
  2.2899005306E+006  3.5848458157E+034
  2.2916003137E+006  3.5848451773E+034
  2.2933004108E+006  3.5848445405E+034
  2.2950005243E+006  3.5848439052E+034
  2.2967003417E+006  3.5848432717E+034
  2.2984004687E+006  3.5848426396E+034
  2.3001005886E+006  3.5848420092E+034
  2.3018003971E+006  3.5848413806E+034
  2.3035005002E+006  3.5848407535E+034
  2.3052006048E+006  3.5848401280E+034
  2.3069004140E+006  3.5848395043E+034
  2.3086005402E+006  3.5848388821E+034
  2.3103003750E+006  3.5848382617E+034
  2.3120005205E+006  3.5848376428E+034
  2.3137003587E+006  3.5848370256E+034
  2.3154004910E+006  3.5848364100E+034
  2.3171003141E+006  3.5848357961E+034
  2.3188004351E+006  3.5848351838E+034
  2.3205005637E+006  3.5848345732E+034
  2.3222004007E+006  3.5848339643E+034
  2.3239005557E+006  3.5848333569E+034
  2.3256004128E+006  3.5848327513E+034
  2.3273005774E+006  3.5848321471E+034
  2.3290004284E+006  3.5848315448E+034
  2.3307005747E+006  3.5848309439E+034
  2.3324004129E+006  3.5848303448E+034
  2.3341005575E+006  3.5848297472E+034
  2.3358004086E+006  3.5848291514E+034
  2.3375005777E+006  3.5848285570E+034
  2.3392004540E+006  3.5848279643E+034
  2.3409003316E+006  3.5848273733E+034
  2.3426005102E+006  3.5848267837E+034
  2.3443003738E+006  3.5848261958E+034
  2.3460005366E+006  3.5848256095E+034
  2.3477003927E+006  3.5848250248E+034
  2.3494005642E+006  3.5848244417E+034
  2.3511004432E+006  3.5848238602E+034
  2.3528003351E+006  3.5848232803E+034
  2.3545005361E+006  3.5848227020E+034
  2.3562004322E+006  3.5848221253E+034
  2.3579003176E+006  3.5848215502E+034
  2.3596005003E+006  3.5848209766E+034
  2.3613003770E+006  3.5848204047E+034
  2.3630005613E+006  3.5848198343E+034
  2.3647004558E+006  3.5848192655E+034
  2.3664003628E+006  3.5848186983E+034
  2.3681005821E+006  3.5848181325E+034
  2.3698004968E+006  3.5848175684E+034
  2.3715004069E+006  3.5848170059E+034
  2.3732003050E+006  3.5848164449E+034
  2.3749005050E+006  3.5848158853E+034
  2.3766004021E+006  3.5848153274E+034
  2.3783003107E+006  3.5848147710E+034
  2.3800005360E+006  3.5848142160E+034
  2.3817004687E+006  3.5848136626E+034
  2.3834004033E+006  3.5848131107E+034
  2.3851003342E+006  3.5848125604E+034
  2.3868005596E+006  3.5848120114E+034
  2.3885004737E+006  3.5848114640E+034
  2.3902003893E+006  3.5848109180E+034
  2.3919003111E+006  3.5848103736E+034
  2.3936005521E+006  3.5848098305E+034
  2.3953004998E+006  3.5848092889E+034
  2.3970004542E+006  3.5848087488E+034
  2.3987004050E+006  3.5848082101E+034
  2.4004003495E+006  3.5848076728E+034
  2.4021005872E+006  3.5848071368E+034
  2.4038005210E+006  3.5848066024E+034
  2.4055004586E+006  3.5848060693E+034
  2.4072004091E+006  3.5848055376E+034
  2.4089003727E+006  3.5848050073E+034
  2.4106003445E+006  3.5848044784E+034
  2.4123003163E+006  3.5848039508E+034
  2.4140005857E+006  3.5848034244E+034
  2.4157005420E+006  3.5848028995E+034
  2.4174004926E+006  3.5848023759E+034
  2.4191004484E+006  3.5848018537E+034
  2.4208004117E+006  3.5848013327E+034
  2.4225003909E+006  3.5848008130E+034
  2.4242003791E+006  3.5848002946E+034
  2.4259003709E+006  3.5847997775E+034
  2.4276003567E+006  3.5847992616E+034
  2.4293003361E+006  3.5847987470E+034
  2.4310003055E+006  3.5847982336E+034
  2.4327005816E+006  3.5847977214E+034
  2.4344005614E+006  3.5847972104E+034
  2.4361005534E+006  3.5847967007E+034
  2.4378005581E+006  3.5847961921E+034
  2.4395005686E+006  3.5847956847E+034
  2.4412005758E+006  3.5847951785E+034
  2.4429005751E+006  3.5847946734E+034
  2.4446005675E+006  3.5847941695E+034
  2.4463005555E+006  3.5847936667E+034
  2.4480005513E+006  3.5847931654E+034
  2.4497005573E+006  3.5847926667E+034
  2.4514005779E+006  3.5847921709E+034
  2.4531006047E+006  3.5847916779E+034
  2.4548003292E+006  3.5847911877E+034
  2.4565003499E+006  3.5847907002E+034
  2.4582003632E+006  3.5847902154E+034
  2.4599003701E+006  3.5847897332E+034
  2.4616003817E+006  3.5847892537E+034
  2.4633004031E+006  3.5847887768E+034
  2.4650004364E+006  3.5847883024E+034
  2.4667004818E+006  3.5847878305E+034
  2.4684005287E+006  3.5847873612E+034
  2.4701005708E+006  3.5847868943E+034
  2.4718006047E+006  3.5847864298E+034
  2.4735003295E+006  3.5847859678E+034
  2.4752003551E+006  3.5847855082E+034
  2.4769003927E+006  3.5847850508E+034
  2.4786004407E+006  3.5847845958E+034
  2.4803005008E+006  3.5847841431E+034
  2.4820005664E+006  3.5847836926E+034
  2.4837003268E+006  3.5847832444E+034
  2.4854003811E+006  3.5847827984E+034
  2.4871004296E+006  3.5847823546E+034
  2.4888004753E+006  3.5847819129E+034
  2.4905005258E+006  3.5847814733E+034
  2.4922005888E+006  3.5847810359E+034
  2.4939003599E+006  3.5847806006E+034
  2.4956004438E+006  3.5847801672E+034
  2.4973005261E+006  3.5847797360E+034
  2.4990006043E+006  3.5847793067E+034
  2.5007003684E+006  3.5847788795E+034
  2.5024004331E+006  3.5847784542E+034
  2.5041004991E+006  3.5847780308E+034
  2.5058005778E+006  3.5847776093E+034
  2.5075003622E+006  3.5847771898E+034
  2.5092004624E+006  3.5847767721E+034
  2.5109005657E+006  3.5847763563E+034
  2.5126003597E+006  3.5847759423E+034
  2.5143004491E+006  3.5847755301E+034
  2.5160005337E+006  3.5847751197E+034
  2.5177003132E+006  3.5847747112E+034
  2.5194004038E+006  3.5847743043E+034
  2.5211005096E+006  3.5847738991E+034
  2.5228003199E+006  3.5847734957E+034
  2.5245004413E+006  3.5847730940E+034
  2.5262005602E+006  3.5847726939E+034
  2.5279003684E+006  3.5847722955E+034
  2.5296004708E+006  3.5847718987E+034
  2.5313005736E+006  3.5847715035E+034
  2.5330003756E+006  3.5847711100E+034
  2.5347004941E+006  3.5847707180E+034
  2.5364003205E+006  3.5847703277E+034
  2.5381004594E+006  3.5847699388E+034
  2.5398005984E+006  3.5847695514E+034
  2.5415004267E+006  3.5847691656E+034
  2.5432005519E+006  3.5847687813E+034
  2.5449003673E+006  3.5847683985E+034
  2.5466004902E+006  3.5847680171E+034
  2.5483003181E+006  3.5847676372E+034
  2.5500004647E+006  3.5847672586E+034
  2.5517003140E+006  3.5847668816E+034
  2.5534004735E+006  3.5847665059E+034
  2.5551003229E+006  3.5847661316E+034
  2.5568004685E+006  3.5847657587E+034
  2.5585006072E+006  3.5847653871E+034
  2.5602004439E+006  3.5847650169E+034
  2.5619005896E+006  3.5847646479E+034
  2.5636004457E+006  3.5847642804E+034
  2.5653003131E+006  3.5847639141E+034
  2.5670004886E+006  3.5847635490E+034
  2.5687003592E+006  3.5847631853E+034
  2.5704005260E+006  3.5847628228E+034
  2.5721003814E+006  3.5847624615E+034
  2.5738005378E+006  3.5847621014E+034
  2.5755003971E+006  3.5847617426E+034
  2.5772005696E+006  3.5847613849E+034
  2.5789004526E+006  3.5847610285E+034
  2.5806003413E+006  3.5847606732E+034
  2.5823005361E+006  3.5847603190E+034
  2.5840004194E+006  3.5847599660E+034
  2.5857005997E+006  3.5847596141E+034
  2.5874004709E+006  3.5847592633E+034
  2.5891003456E+006  3.5847589137E+034
  2.5908005330E+006  3.5847585651E+034
  2.5925004295E+006  3.5847582176E+034
  2.5942003360E+006  3.5847578712E+034
  2.5959005479E+006  3.5847575258E+034
  2.5976004537E+006  3.5847571815E+034
  2.5993003500E+006  3.5847568383E+034
  2.6010005449E+006  3.5847564960E+034
  2.6027004356E+006  3.5847561548E+034
  2.6044003351E+006  3.5847558145E+034
  2.6061005481E+006  3.5847554752E+034
  2.6078004712E+006  3.5847551369E+034
  2.6095003974E+006  3.5847547996E+034
  2.6112003226E+006  3.5847544632E+034
  2.6129005448E+006  3.5847541277E+034
  2.6146004556E+006  3.5847537932E+034
  2.6163003636E+006  3.5847534596E+034
  2.6180005818E+006  3.5847531268E+034
  2.6197005063E+006  3.5847527950E+034
  2.6214004421E+006  3.5847524641E+034
  2.6231003875E+006  3.5847521340E+034
  2.6248003309E+006  3.5847518047E+034
  2.6265005748E+006  3.5847514763E+034
  2.6282005056E+006  3.5847511487E+034
  2.6299004329E+006  3.5847508220E+034
  2.6316003615E+006  3.5847504960E+034
  2.6333006058E+006  3.5847501709E+034
  2.6350005553E+006  3.5847498465E+034
  2.6367005167E+006  3.5847495229E+034
  2.6384004801E+006  3.5847492002E+034
  2.6401004396E+006  3.5847488781E+034
  2.6418003917E+006  3.5847485568E+034
  2.6435003379E+006  3.5847482363E+034
  2.6452005879E+006  3.5847479165E+034
  2.6469005411E+006  3.5847475974E+034
  2.6486005067E+006  3.5847472790E+034
  2.6503004819E+006  3.5847469614E+034
  2.6520004645E+006  3.5847466444E+034
  2.6537004432E+006  3.5847463282E+034
  2.6554004173E+006  3.5847460126E+034
  2.6571003825E+006  3.5847456977E+034
  2.6588003465E+006  3.5847453835E+034
  2.6605003147E+006  3.5847450699E+034
  2.6622005986E+006  3.5847447570E+034
  2.6639005886E+006  3.5847444447E+034
  2.6656005880E+006  3.5847441331E+034
  2.6673005875E+006  3.5847438221E+034
  2.6690005804E+006  3.5847435118E+034
  2.6707005676E+006  3.5847432020E+034
  2.6724005491E+006  3.5847428930E+034
  2.6741005332E+006  3.5847425845E+034
  2.6758005265E+006  3.5847422766E+034
  2.6775005330E+006  3.5847419693E+034
  2.6792005461E+006  3.5847416626E+034
  2.6809005657E+006  3.5847413566E+034
  2.6826005794E+006  3.5847410511E+034
  2.6843005865E+006  3.5847407462E+034
  2.6860005871E+006  3.5847404418E+034
  2.6877005887E+006  3.5847401381E+034
  2.6894005959E+006  3.5847398349E+034
  2.6911003119E+006  3.5847395323E+034
  2.6928003423E+006  3.5847392297E+034
  2.6945003780E+006  3.5847389270E+034
  2.6962004124E+006  3.5847386242E+034
  2.6979004395E+006  3.5847383213E+034
  2.6996004612E+006  3.5847380184E+034
  2.7013004784E+006  3.5847377154E+034
  2.7030005024E+006  3.5847374123E+034
  2.7047005358E+006  3.5847371092E+034
  2.7064005816E+006  3.5847368060E+034
  2.7081003292E+006  3.5847365027E+034
  2.7098003845E+006  3.5847361993E+034
  2.7115004314E+006  3.5847358959E+034
  2.7132004725E+006  3.5847355923E+034
  2.7149005096E+006  3.5847352887E+034
  2.7166005485E+006  3.5847349850E+034
  2.7183005958E+006  3.5847346812E+034
  2.7200003523E+006  3.5847343774E+034
  2.7217004212E+006  3.5847340734E+034
  2.7234004922E+006  3.5847337693E+034
  2.7251005621E+006  3.5847334654E+034
  2.7268003186E+006  3.5847331617E+034
  2.7285003746E+006  3.5847328583E+034
  2.7302004301E+006  3.5847325551E+034
  2.7319004936E+006  3.5847322523E+034
  2.7336005662E+006  3.5847319498E+034
  2.7353003475E+006  3.5847316477E+034
  2.7370004367E+006  3.5847313458E+034
  2.7387005254E+006  3.5847310444E+034
  2.7404006069E+006  3.5847307434E+034
  2.7421003787E+006  3.5847304428E+034
  2.7438004520E+006  3.5847301426E+034
  2.7455005290E+006  3.5847298428E+034
  2.7472003135E+006  3.5847295436E+034
  2.7489004124E+006  3.5847292447E+034
  2.7506005190E+006  3.5847289464E+034
  2.7523003219E+006  3.5847286486E+034
  2.7540004259E+006  3.5847283514E+034
  2.7557005194E+006  3.5847280546E+034
  2.7574003080E+006  3.5847277585E+034
  2.7591004015E+006  3.5847274629E+034
  2.7608005035E+006  3.5847271680E+034
  2.7625003123E+006  3.5847268737E+034
  2.7642004364E+006  3.5847265800E+034
  2.7659005610E+006  3.5847262870E+034
  2.7676003799E+006  3.5847259947E+034
  2.7693004965E+006  3.5847257030E+034
  2.7710006059E+006  3.5847254121E+034
  2.7727004123E+006  3.5847251220E+034
  2.7744005292E+006  3.5847248326E+034
  2.7761003529E+006  3.5847245440E+034
  2.7778004900E+006  3.5847242561E+034
  2.7795003306E+006  3.5847239692E+034
  2.7812004720E+006  3.5847236830E+034
  2.7829003051E+006  3.5847233977E+034
  2.7846004341E+006  3.5847231133E+034
  2.7863005626E+006  3.5847228297E+034
  2.7880003897E+006  3.5847225472E+034
  2.7897005317E+006  3.5847222655E+034
  2.7914003804E+006  3.5847219848E+034
  2.7931005408E+006  3.5847217051E+034
  2.7948003977E+006  3.5847214264E+034
  2.7965005546E+006  3.5847211486E+034
  2.7982004009E+006  3.5847208720E+034
  2.7999005453E+006  3.5847205964E+034
  2.8016003902E+006  3.5847203219E+034
  2.8033005457E+006  3.5847200485E+034
  2.8050004086E+006  3.5847197762E+034
  2.8067005847E+006  3.5847195051E+034
  2.8084004614E+006  3.5847192352E+034
  2.8101003323E+006  3.5847189664E+034
  2.8118005037E+006  3.5847186988E+034
  2.8135003638E+006  3.5847184326E+034
  2.8152005277E+006  3.5847181675E+034
  2.8169003945E+006  3.5847179038E+034
  2.8186005761E+006  3.5847176413E+034
  2.8203004631E+006  3.5847173802E+034
  2.8220003563E+006  3.5847171204E+034
  2.8237005530E+006  3.5847168620E+034
  2.8254004383E+006  3.5847166050E+034
  2.8271003191E+006  3.5847163494E+034
  2.8288005000E+006  3.5847160952E+034
  2.8305003826E+006  3.5847158425E+034
  2.8322005772E+006  3.5847155912E+034
  2.8339004802E+006  3.5847153415E+034
  2.8356003893E+006  3.5847150933E+034
  2.8373006052E+006  3.5847148466E+034
  2.8390005104E+006  3.5847146015E+034
  2.8407004110E+006  3.5847143580E+034
  2.8424003063E+006  3.5847141161E+034
  2.8441005078E+006  3.5847138758E+034
  2.8458004141E+006  3.5847136372E+034
  2.8475003305E+006  3.5847134002E+034
  2.8492005598E+006  3.5847131649E+034
  2.8509004891E+006  3.5847129313E+034
  2.8526004156E+006  3.5847126994E+034
  2.8543003341E+006  3.5847124693E+034
  2.8560005542E+006  3.5847122410E+034
  2.8577004674E+006  3.5847120144E+034
  2.8594003883E+006  3.5847117897E+034
  2.8611003190E+006  3.5847115668E+034
  2.8628005644E+006  3.5847113457E+034
  2.8645005097E+006  3.5847111265E+034
  2.8662004560E+006  3.5847109092E+034
  2.8679003954E+006  3.5847106938E+034
  2.8696003292E+006  3.5847104804E+034
  2.8713005653E+006  3.5847102688E+034
  2.8730005005E+006  3.5847100593E+034
  2.8747004459E+006  3.5847098518E+034
  2.8764004010E+006  3.5847096462E+034
  2.8781003641E+006  3.5847094427E+034
  2.8798003276E+006  3.5847092413E+034
  2.8815005926E+006  3.5847090419E+034
  2.8832005451E+006  3.5847088446E+034
  2.8849004960E+006  3.5847086495E+034
  2.8866004467E+006  3.5847084566E+034
  2.8883004065E+006  3.5847082659E+034
  2.8900003760E+006  3.5847080774E+034
  2.8917003548E+006  3.5847078912E+034
  2.8934003365E+006  3.5847077072E+034
  2.8951003165E+006  3.5847075254E+034
  2.8968005940E+006  3.5847073460E+034
  2.8985005621E+006  3.5847071689E+034
  2.9002005310E+006  3.5847069941E+034
  2.9019005040E+006  3.5847068217E+034
  2.9036004888E+006  3.5847066516E+034
  2.9053004820E+006  3.5847064839E+034
  2.9070004818E+006  3.5847063186E+034
  2.9087004799E+006  3.5847061557E+034
  2.9104004745E+006  3.5847059953E+034
  2.9121004610E+006  3.5847058373E+034
  2.9138004475E+006  3.5847056817E+034
  2.9155004361E+006  3.5847055287E+034
  2.9172004342E+006  3.5847053781E+034
  2.9189004428E+006  3.5847052300E+034
  2.9206004585E+006  3.5847050845E+034
  2.9223004756E+006  3.5847049415E+034
  2.9240004893E+006  3.5847048011E+034
  2.9257004968E+006  3.5847046632E+034
  2.9274004994E+006  3.5847045279E+034
  2.9291005057E+006  3.5847043952E+034
  2.9308005172E+006  3.5847042652E+034
  2.9325005405E+006  3.5847041378E+034
  2.9342005717E+006  3.5847040130E+034
  2.9359006074E+006  3.5847038909E+034
  2.9376003354E+006  3.5847037714E+034
  2.9393003634E+006  3.5847036547E+034
  2.9410003848E+006  3.5847035406E+034
  2.9427004068E+006  3.5847034293E+034
  2.9444004339E+006  3.5847033207E+034
  2.9461004707E+006  3.5847032149E+034
  2.9478005178E+006  3.5847031118E+034
  2.9495005696E+006  3.5847030114E+034
  2.9512003178E+006  3.5847029139E+034
  2.9529003646E+006  3.5847028192E+034
  2.9546004062E+006  3.5847027272E+034
  2.9563004442E+006  3.5847026381E+034
  2.9580004881E+006  3.5847025518E+034
  2.9597005380E+006  3.5847024684E+034
  2.9614006000E+006  3.5847023878E+034
  2.9631003645E+006  3.5847023102E+034
  2.9648004348E+006  3.5847022353E+034
  2.9665005008E+006  3.5847021634E+034
  2.9682005625E+006  3.5847020944E+034
  2.9699003145E+006  3.5847020283E+034
  2.9716003729E+006  3.5847019651E+034
  2.9733004394E+006  3.5847019049E+034
  2.9750005141E+006  3.5847018476E+034
  2.9767005989E+006  3.5847017933E+034
  2.9784003827E+006  3.5847017420E+034
  2.9801004690E+006  3.5847016936E+034
  2.9818005484E+006  3.5847016482E+034
  2.9835003209E+006  3.5847016059E+034
  2.9852003949E+006  3.5847015665E+034
  2.9869004762E+006  3.5847015302E+034
  2.9886005655E+006  3.5847014969E+034
  2.9903003615E+006  3.5847014666E+034
  2.9920004660E+006  3.5847014394E+034
  2.9937005708E+006  3.5847014153E+034
  2.9954003667E+006  3.5847013943E+034
  2.9971004614E+006  3.5847013763E+034
  2.9988005535E+006  3.5847013614E+034
  3.0005003451E+006  3.5847013496E+034
  3.0022004502E+006  3.5847013410E+034
  3.0039005628E+006  3.5847013354E+034
  3.0056003810E+006  3.5847013330E+034
  3.0073005037E+006  3.5847013337E+034
  3.0090003190E+006  3.5847013375E+034
  3.0107004326E+006  3.5847013445E+034
  3.0124005443E+006  3.5847013547E+034
  3.0141003503E+006  3.5847013680E+034
  3.0158004699E+006  3.5847013845E+034
  3.0175005984E+006  3.5847014042E+034
  3.0192004302E+006  3.5847014271E+034
  3.0209005710E+006  3.5847014531E+034
  3.0226004062E+006  3.5847014824E+034
  3.0243005393E+006  3.5847015148E+034
  3.0260003637E+006  3.5847015505E+034
  3.0277004932E+006  3.5847015894E+034
  3.0294003212E+006  3.5847016315E+034
  3.0311004646E+006  3.5847016769E+034
  3.0328003117E+006  3.5847017254E+034
  3.0345004698E+006  3.5847017772E+034
  3.0362003223E+006  3.5847018322E+034
  3.0379004763E+006  3.5847018904E+034
  3.0396003195E+006  3.5847019519E+034
  3.0413004655E+006  3.5847020165E+034
  3.0430003096E+006  3.5847020845E+034
  3.0447004669E+006  3.5847021556E+034
  3.0464003290E+006  3.5847022300E+034
  3.0481005020E+006  3.5847023077E+034
  3.0498003745E+006  3.5847023886E+034
  3.0515005465E+006  3.5847024728E+034
  3.0532004095E+006  3.5847025602E+034
  3.0549005730E+006  3.5847026509E+034
  3.0566004344E+006  3.5847027449E+034
  3.0583006040E+006  3.5847028423E+034
  3.0600004822E+006  3.5847029431E+034
  3.0617003665E+006  3.5847030473E+034
  3.0634005594E+006  3.5847031550E+034
  3.0651004470E+006  3.5847032660E+034
  3.0668003301E+006  3.5847033804E+034
  3.0685005108E+006  3.5847034982E+034
  3.0702003887E+006  3.5847036193E+034
  3.0719005750E+006  3.5847037439E+034
  3.0736004650E+006  3.5847038718E+034
  3.0753003658E+006  3.5847040031E+034
  3.0770005755E+006  3.5847041378E+034
  3.0787004817E+006  3.5847042758E+034
  3.0804003830E+006  3.5847044171E+034
  3.0821005847E+006  3.5847045619E+034
  3.0838004783E+006  3.5847047100E+034
  3.0855003763E+006  3.5847048614E+034
  3.0872005850E+006  3.5847050162E+034
  3.0889005005E+006  3.5847051743E+034
  3.0906004214E+006  3.5847053358E+034
  3.0923003458E+006  3.5847055006E+034
  3.0940005713E+006  3.5847056688E+034
  3.0957004866E+006  3.5847058403E+034
  3.0974003988E+006  3.5847060150E+034
  3.0991003126E+006  3.5847061932E+034
  3.1008005365E+006  3.5847063746E+034
  3.1025004646E+006  3.5847065594E+034
  3.1042004035E+006  3.5847067475E+034
  3.1059003435E+006  3.5847069389E+034
  3.1076005880E+006  3.5847071336E+034
  3.1093005232E+006  3.5847073316E+034
  3.1110004543E+006  3.5847075329E+034
  3.1127003830E+006  3.5847077374E+034
  3.1144003192E+006  3.5847079453E+034
  3.1161005659E+006  3.5847081565E+034
  3.1178005180E+006  3.5847083710E+034
  3.1195004763E+006  3.5847085887E+034
  3.1212004345E+006  3.5847088098E+034
  3.1229003886E+006  3.5847090341E+034
  3.1246003383E+006  3.5847092616E+034
  3.1263005902E+006  3.5847094925E+034
  3.1280005395E+006  3.5847097266E+034
  3.1297004979E+006  3.5847099640E+034
  3.1314004641E+006  3.5847102047E+034
  3.1331004387E+006  3.5847104485E+034
  3.1348004137E+006  3.5847106957E+034
  3.1365003882E+006  3.5847109461E+034
  3.1382003563E+006  3.5847111997E+034
  3.1399003216E+006  3.5847114567E+034
  3.1416005918E+006  3.5847117169E+034
  3.1433005647E+006  3.5847119803E+034
  3.1450005449E+006  3.5847122469E+034
  3.1467005343E+006  3.5847125168E+034
  3.1484005284E+006  3.5847127900E+034
  3.1501005194E+006  3.5847130664E+034
  3.1518005081E+006  3.5847133460E+034
  3.1535004917E+006  3.5847136289E+034
  3.1552004743E+006  3.5847139150E+034
  3.1569004608E+006  3.5847142043E+034
  3.1586004576E+006  3.5847144969E+034
  3.1603004602E+006  3.5847147927E+034
  3.1620004708E+006  3.5847150917E+034
  3.1637004813E+006  3.5847153940E+034
  3.1654004882E+006  3.5847156995E+034
  3.1671004901E+006  3.5847160082E+034
  3.1688004908E+006  3.5847163201E+034
  3.1705004930E+006  3.5847166352E+034
  3.1722005025E+006  3.5847169535E+034
  3.1739005217E+006  3.5847172751E+034
  3.1756005469E+006  3.5847175998E+034
  3.1773005758E+006  3.5847179278E+034
  3.1790006011E+006  3.5847182589E+034
  3.1807003191E+006  3.5847185932E+034
  3.1824003361E+006  3.5847189308E+034
  3.1841003553E+006  3.5847192715E+034
  3.1858003790E+006  3.5847196154E+034
  3.1875004129E+006  3.5847199626E+034
  3.1892004528E+006  3.5847203129E+034
  3.1909004990E+006  3.5847206664E+034
  3.1926005436E+006  3.5847210231E+034
  3.1943005834E+006  3.5847213829E+034
  3.1960003158E+006  3.5847217459E+034
  3.1977003511E+006  3.5847221121E+034
  3.1994003899E+006  3.5847224816E+034
  3.2011004374E+006  3.5847228541E+034
  3.2028004942E+006  3.5847232299E+034
  3.2045005546E+006  3.5847236088E+034
  3.2062003144E+006  3.5847239908E+034
  3.2079003733E+006  3.5847243761E+034
  3.2096004281E+006  3.5847247645E+034
  3.2113004802E+006  3.5847251561E+034
  3.2130005359E+006  3.5847255509E+034
  3.2147005965E+006  3.5847259488E+034
  3.2164003637E+006  3.5847263497E+034
  3.2181004412E+006  3.5847267535E+034
  3.2198005213E+006  3.5847271604E+034
  3.2215005997E+006  3.5847275702E+034
  3.2232003689E+006  3.5847279829E+034
  3.2249004394E+006  3.5847283986E+034
  3.2266005099E+006  3.5847288172E+034
  3.2283005869E+006  3.5847292388E+034
  3.2300003671E+006  3.5847296633E+034
  3.2317004609E+006  3.5847300908E+034
  3.2334005570E+006  3.5847305212E+034
  3.2351003505E+006  3.5847309544E+034
  3.2368004424E+006  3.5847313907E+034
  3.2385005310E+006  3.5847318298E+034
  3.2402003144E+006  3.5847322718E+034
  3.2419004063E+006  3.5847327168E+034
  3.2436005049E+006  3.5847331647E+034
  3.2453003091E+006  3.5847336154E+034
  3.2470004226E+006  3.5847340691E+034
  3.2487005363E+006  3.5847345257E+034
  3.2504003447E+006  3.5847349851E+034
  3.2521004511E+006  3.5847354474E+034
  3.2538005562E+006  3.5847359126E+034
  3.2555003590E+006  3.5847363807E+034
  3.2572004735E+006  3.5847368517E+034
  3.2589005944E+006  3.5847373255E+034
  3.2606004207E+006  3.5847378022E+034
  3.2623005518E+006  3.5847382818E+034
  3.2640003780E+006  3.5847387641E+034
  3.2657005039E+006  3.5847392495E+034
  3.2674003225E+006  3.5847397376E+034
  3.2691004455E+006  3.5847402286E+034
  3.2708005742E+006  3.5847407225E+034
  3.2725004066E+006  3.5847412192E+034
  3.2742005507E+006  3.5847417188E+034
  3.2759003958E+006  3.5847422211E+034
  3.2776005435E+006  3.5847427264E+034
  3.2793003851E+006  3.5847432345E+034
  3.2810005252E+006  3.5847437455E+034
  3.2827003614E+006  3.5847442592E+034
  3.2844005045E+006  3.5847447759E+034
  3.2861003519E+006  3.5847452953E+034
  3.2878005102E+006  3.5847458177E+034
  3.2895003718E+006  3.5847463429E+034
  3.2912005376E+006  3.5847468709E+034
  3.2929003970E+006  3.5847474018E+034
  3.2946005568E+006  3.5847479355E+034
  3.2963004094E+006  3.5847484720E+034
  3.2980005686E+006  3.5847490115E+034
  3.2997004298E+006  3.5847495537E+034
  3.3014006038E+006  3.5847500988E+034
  3.3031004796E+006  3.5847506466E+034
  3.3048003601E+006  3.5847511974E+034
  3.3065005412E+006  3.5847517510E+034
  3.3082004159E+006  3.5847523074E+034
  3.3099005903E+006  3.5847528667E+034
  3.3116004617E+006  3.5847534288E+034
  3.3133003371E+006  3.5847539937E+034
  3.3150005258E+006  3.5847545615E+034
  3.3167004168E+006  3.5847551321E+034
  3.3184003133E+006  3.5847557056E+034
  3.3201005138E+006  3.5847562819E+034
  3.3218004060E+006  3.5847568611E+034
  3.3235005997E+006  3.5847574431E+034
  3.3252004868E+006  3.5847580279E+034
  3.3269003783E+006  3.5847586156E+034
  3.3286005804E+006  3.5847592062E+034
  3.3303004875E+006  3.5847597996E+034
  3.3320003988E+006  3.5847603958E+034
  3.3337003138E+006  3.5847609948E+034
  3.3354005283E+006  3.5847615968E+034
  3.3371004362E+006  3.5847622016E+034
  3.3388003409E+006  3.5847628092E+034
  3.3405005519E+006  3.5847634198E+034
  3.3422004645E+006  3.5847640331E+034
  3.3439003858E+006  3.5847646493E+034
  3.3456003134E+006  3.5847652684E+034
  3.3473005486E+006  3.5847658904E+034
  3.3490004788E+006  3.5847665152E+034
  3.3507004039E+006  3.5847671428E+034
  3.3524003274E+006  3.5847677734E+034
  3.3541005538E+006  3.5847684069E+034
  3.3558004819E+006  3.5847690431E+034
  3.3575004168E+006  3.5847696823E+034
  3.3592003605E+006  3.5847703243E+034
  3.3609003071E+006  3.5847709692E+034
  3.3626005600E+006  3.5847716171E+034
  3.3643005038E+006  3.5847722677E+034
  3.3660004446E+006  3.5847729212E+034
  3.3677003845E+006  3.5847735777E+034
  3.3694003271E+006  3.5847742370E+034
  3.3711005811E+006  3.5847748993E+034
  3.3728005390E+006  3.5847755643E+034
  3.3745005027E+006  3.5847762323E+034
  3.3762004674E+006  3.5847769032E+034
  3.3779004313E+006  3.5847775769E+034
  3.3796003895E+006  3.5847782536E+034
  3.3813003471E+006  3.5847789331E+034
  3.3830003052E+006  3.5847796156E+034
  3.3847005741E+006  3.5847803011E+034
  3.3864005457E+006  3.5847809893E+034
  3.3881005254E+006  3.5847816805E+034
  3.3898005071E+006  3.5847823745E+034
  3.3915004887E+006  3.5847830715E+034
  3.3932004664E+006  3.5847837714E+034
  3.3949004407E+006  3.5847844742E+034
  3.3966004160E+006  3.5847851799E+034
  3.3983003947E+006  3.5847858885E+034
  3.4000003817E+006  3.5847866000E+034
  3.4017003754E+006  3.5847873145E+034
  3.4034003746E+006  3.5847880319E+034
  3.4051003729E+006  3.5847887522E+034
  3.4068003704E+006  3.5847894754E+034
  3.4085003619E+006  3.5847902015E+034
  3.4102003540E+006  3.5847909305E+034
  3.4119003483E+006  3.5847916625E+034
  3.4136003493E+006  3.5847923974E+034
  3.4153003577E+006  3.5847931353E+034
  3.4170003731E+006  3.5847938760E+034
  3.4187003891E+006  3.5847946197E+034
  3.4204004038E+006  3.5847953663E+034
  3.4221004155E+006  3.5847961159E+034
  3.4238004233E+006  3.5847968684E+034
  3.4255004340E+006  3.5847976238E+034
  3.4272004493E+006  3.5847983821E+034
  3.4289004728E+006  3.5847991434E+034
  3.4306005023E+006  3.5847999076E+034
  3.4323005369E+006  3.5848006748E+034
  3.4340005687E+006  3.5848014449E+034
  3.4357005990E+006  3.5848022179E+034
  3.4374003207E+006  3.5848029937E+034
  3.4391003472E+006  3.5848037726E+034
  3.4408003776E+006  3.5848045545E+034
  3.4425004153E+006  3.5848053392E+034
  3.4442004603E+006  3.5848061270E+034
  3.4459005102E+006  3.5848069176E+034
  3.4476005610E+006  3.5848077112E+034
  3.4493006085E+006  3.5848085077E+034
  3.4510003495E+006  3.5848093070E+034
  3.4527003915E+006  3.5848101094E+034
  3.4544004381E+006  3.5848109147E+034
  3.4561004899E+006  3.5848117229E+034
  3.4578005499E+006  3.5848125341E+034
  3.4595003109E+006  3.5848133481E+034
  3.4612003798E+006  3.5848141651E+034
  3.4629004449E+006  3.5848149851E+034
  3.4646005080E+006  3.5848158080E+034
  3.4663005686E+006  3.5848166338E+034
  3.4680003251E+006  3.5848174624E+034
  3.4697003923E+006  3.5848182940E+034
  3.4714004667E+006  3.5848191286E+034
  3.4731005477E+006  3.5848199661E+034
  3.4748003278E+006  3.5848208063E+034
  3.4765004130E+006  3.5848216496E+034
  3.4782004926E+006  3.5848224959E+034
  3.4799005715E+006  3.5848233450E+034
  3.4816003445E+006  3.5848241968E+034
  3.4833004267E+006  3.5848250518E+034
  3.4850005149E+006  3.5848259096E+034
  3.4867003073E+006  3.5848267701E+034
