  0.0000000000E+000  0.0000000000E+000
  1.7003336258E+003  1.4583778924E+036
  3.4003007922E+003  1.4876073725E+036
  5.1004339576E+003  1.6734253146E+036
  6.8003062307E+003  2.5662745036E+036
  8.5003629283E+003  5.3174502315E+036
  1.0200304348E+004  1.0857070724E+037
  1.1900416268E+004  2.0112907268E+037
  1.3600302259E+004  5.7008712635E+037
  1.5300347253E+004  5.7361465329E+037
  1.7000339252E+004  5.4501304575E+037
  1.8700401415E+004  5.1689041679E+037
  2.0400410556E+004  4.9557141719E+037
  2.2100253015E+004  4.8494935004E+037
  2.3800308733E+004  4.8105109191E+037
  2.5500257116E+004  4.6638053336E+037
  2.7200389495E+004  4.5259831391E+037
  2.8900408064E+004  4.3981757965E+037
  3.0600247390E+004  4.2795878806E+037
  3.2300254379E+004  4.1684825398E+037
  3.4000327079E+004  4.0629172963E+037
  3.5700277851E+004  3.9649283162E+037
  3.7400226715E+004  3.8737519090E+037
  3.9100318644E+004  3.7885922104E+037
  4.0800284709E+004  3.7073020843E+037
  4.2500236316E+004  3.6308543825E+037
  4.4200410124E+004  3.5590783242E+037
  4.5900298399E+004  3.4916565600E+037
  4.7600426543E+004  3.4272342302E+037
  4.9300284880E+004  3.3658181055E+037
  5.1000378402E+004  3.3078190988E+037
  5.2700316031E+004  3.2529440919E+037
  5.4400398510E+004  3.1506566469E+037
  5.6100325827E+004  3.0881324705E+037
  5.7800256025E+004  3.0344166503E+037
  5.9500301103E+004  2.9856293682E+037
  6.1200349083E+004  2.9404052327E+037
  6.2900253538E+004  2.8980462521E+037
  6.4600368458E+004  2.8581676731E+037
  6.6300414448E+004  2.8203522906E+037
  6.8000257277E+004  2.7840256744E+037
  6.9700353521E+004  2.7395639589E+037
  7.1400275332E+004  2.6983476329E+037
  7.3100370904E+004  2.6619141786E+037
  7.4800255342E+004  2.6280232779E+037
  7.6500435493E+004  2.5959780128E+037
  7.8200328629E+004  2.5656347342E+037
  7.9900294520E+004  2.5366560034E+037
  8.1600421879E+004  2.5085082578E+037
  8.3300267937E+004  2.4816910762E+037
  8.5000350349E+004  2.4560554265E+037
  8.6700318353E+004  2.4315650667E+037
  8.8400432693E+004  2.4081058427E+037
  9.0100309900E+004  2.3855369203E+037
  9.1800349042E+004  2.3638581873E+037
  9.3500372680E+004  2.3429978295E+037
  9.5200392934E+004  2.3228822922E+037
  9.6900315409E+004  2.3035439233E+037
  9.8600366762E+004  2.2850571884E+037
  1.0030043152E+005  2.2672972568E+037
  1.0200033501E+005  2.2503443350E+037
  1.0370035494E+005  2.2341946702E+037
  1.0540036657E+005  2.2187663761E+037
  1.0710040807E+005  2.2040358414E+037
  1.0880033053E+005  2.1900025460E+037
  1.1050037357E+005  2.1766278118E+037
  1.1220037969E+005  2.1638542209E+037
  1.1390032671E+005  2.1516696118E+037
  1.1560027912E+005  2.1400761200E+037
  1.1730024344E+005  2.1290647983E+037
  1.1900029846E+005  2.1185938688E+037
  1.2070044706E+005  2.1086374483E+037
  1.2240028088E+005  2.0991963602E+037
  1.2410027434E+005  2.0902449506E+037
  1.2580038976E+005  2.0817145276E+037
  1.2750030960E+005  2.0736825606E+037
  1.2920044002E+005  2.0661509905E+037
  1.3090036908E+005  2.0591109423E+037
  1.3260034817E+005  2.0525614480E+037
  1.3430041702E+005  2.0465025531E+037
  1.3600041660E+005  2.0409538295E+037
  1.3770029952E+005  2.0359267661E+037
  1.3940039616E+005  2.0309970953E+037
  1.4110026077E+005  2.0262345035E+037
  1.4280041110E+005  2.0222471274E+037
  1.4450042747E+005  2.0188743860E+037
  1.4620032799E+005  2.0160385087E+037
  1.4790036154E+005  2.0137016894E+037
  1.4960024829E+005  2.0118420752E+037
  1.5130035618E+005  2.0104436771E+037
  1.5300027643E+005  2.0094946327E+037
  1.5470027547E+005  2.0089846572E+037
  1.5640036386E+005  2.0089051580E+037
  1.5810038296E+005  2.0092485471E+037
  1.5980035397E+005  2.0100079765E+037
  1.6150042051E+005  2.0111773985E+037
  1.6320027280E+005  2.0127508693E+037
  1.6490038906E+005  2.0147236056E+037
  1.6660035972E+005  2.0170902708E+037
  1.6830040777E+005  2.0198465201E+037
  1.7000035875E+005  2.0229876667E+037
  1.7170042516E+005  2.0265098981E+037
  1.7340033893E+005  2.0304085337E+037
  1.7510028992E+005  2.0340966282E+037
  1.7680027100E+005  2.0381064808E+037
  1.7850032338E+005  2.0425868715E+037
  1.8020022533E+005  2.0474455583E+037
  1.8190043562E+005  2.0526303163E+037
  1.8360032161E+005  2.0581472272E+037
  1.8530030410E+005  2.0639983593E+037
  1.8700029117E+005  2.0701832361E+037
  1.8870027525E+005  2.0767008858E+037
  1.9040028696E+005  2.0835336884E+037
  1.9210035159E+005  2.0905986569E+037
  1.9380026770E+005  2.0978831932E+037
  1.9550028921E+005  2.1054553481E+037
  1.9720039959E+005  2.1133362708E+037
  1.9890030627E+005  2.1215313464E+037
  2.0060023551E+005  2.1300271163E+037
  2.0230042312E+005  2.1387834554E+037
  2.0400043767E+005  2.1477855624E+037
  2.0570029308E+005  2.1570398693E+037
  2.0740023699E+005  2.1665547785E+037
  2.0910029204E+005  2.1763305403E+037
  2.1080041304E+005  2.1863265931E+037
  2.1250032357E+005  2.1964980158E+037
  2.1420026973E+005  2.2068514799E+037
  2.1590029439E+005  2.2174033967E+037
  2.1760040690E+005  2.2281641838E+037
  2.1930039757E+005  2.2391151360E+037
  2.2100027579E+005  2.2501890497E+037
  2.2270024309E+005  2.2613778821E+037
  2.2440024069E+005  2.2727038649E+037
  2.2610027795E+005  2.2841747861E+037
  2.2780036601E+005  2.2956319459E+037
  2.2950028236E+005  2.3070279172E+037
  2.3120027584E+005  2.3184739366E+037
  2.3290036671E+005  2.3300409062E+037
  2.3460033650E+005  2.3417563184E+037
  2.3630037388E+005  2.3536364840E+037
  2.3800042364E+005  2.3656446283E+037
  2.3970027669E+005  2.3776974771E+037
  2.4140041602E+005  2.3898136605E+037
  2.4310038341E+005  2.4020231472E+037
  2.4480042463E+005  2.4143468225E+037
  2.4650032042E+005  2.4267806943E+037
  2.4820028285E+005  2.4392314075E+037
  2.4990028213E+005  2.4516689955E+037
  2.5160029978E+005  2.4641407982E+037
  2.5330034381E+005  2.4766798517E+037
  2.5500043508E+005  2.4892997920E+037
  2.5670034911E+005  2.5019734536E+037
  2.5840033810E+005  2.5145842109E+037
  2.6010041638E+005  2.5271452610E+037
  2.6180034195E+005  2.5395816426E+037
  2.6350028444E+005  2.5519315034E+037
  2.6520024379E+005  2.5643683180E+037
  2.6690025101E+005  2.5768691732E+037
  2.6860031356E+005  2.5893008613E+037
  2.7030043922E+005  2.6016688691E+037
  2.7200042513E+005  2.6140316632E+037
  2.7370027232E+005  2.6264182329E+037
  2.7540042908E+005  2.6388403885E+037
  2.7710040375E+005  2.6512937091E+037
  2.7880040934E+005  2.6636811601E+037
  2.8050024574E+005  2.6759270809E+037
  2.8220037050E+005  2.6881105214E+037
  2.8390033956E+005  2.7002758408E+037
  2.8560039889E+005  2.7124429102E+037
  2.8730031681E+005  2.7246167260E+037
  2.8900029491E+005  2.7367966953E+037
  2.9070030756E+005  2.7488650301E+037
  2.9240035779E+005  2.7595025015E+037
  2.9410023177E+005  2.7684131137E+037
  2.9580038821E+005  2.7785859783E+037
  2.9750037544E+005  2.7892294816E+037
  2.9920043344E+005  2.8001965100E+037
  3.0090035291E+005  2.8113734325E+037
  3.0260033922E+005  2.8226280582E+037
  3.0430034780E+005  2.8336249441E+037
  3.0600038002E+005  2.8445861936E+037
  3.0770044281E+005  2.8555823247E+037
  3.0940032859E+005  2.8666217456E+037
  3.1110027123E+005  2.8777004131E+037
  3.1280026930E+005  2.8888105312E+037
  3.1450033337E+005  2.8999443964E+037
  3.1620024139E+005  2.9110565614E+037
  3.1790040309E+005  2.9220099574E+037
  3.1960036866E+005  2.9328481135E+037
  3.2130036860E+005  2.9436335094E+037
  3.2300040530E+005  2.9543917407E+037
  3.2470026929E+005  2.9651291562E+037
  3.2640042423E+005  2.9758485513E+037
  3.2810042594E+005  2.9865445302E+037
  3.2980027806E+005  2.9972143253E+037
  3.3150039917E+005  3.0078191380E+037
  3.3320032643E+005  3.0182109983E+037
  3.3490029919E+005  3.0284628572E+037
  3.3660032929E+005  3.0386446964E+037
  3.3830041531E+005  3.0487823530E+037
  3.4000033873E+005  3.0588814692E+037
  3.4170034199E+005  3.0689434582E+037
  3.4340042511E+005  3.0789660053E+037
  3.4510035021E+005  3.0889439319E+037
  3.4680031283E+005  3.0988727337E+037
  3.4850030261E+005  3.1087418782E+037
  3.5020034001E+005  3.1184061956E+037
  3.5190043673E+005  3.1278606764E+037
  3.5360035857E+005  3.1372102043E+037
  3.5530034799E+005  3.1464727712E+037
  3.5700040353E+005  3.1554783730E+037
  3.5870029977E+005  3.1644708832E+037
  3.6040025250E+005  3.1734437700E+037
  3.6210023315E+005  3.1823762152E+037
  3.6380024420E+005  3.1912546529E+037
  3.6550029828E+005  3.2000700001E+037
  3.6720039171E+005  3.2088149661E+037
  3.6890031316E+005  3.2167225640E+037
  3.7060029720E+005  3.2211021768E+037
  3.7230033551E+005  3.2267690705E+037
  3.7400043374E+005  3.2330138502E+037
  3.7570033716E+005  3.2395942564E+037
  3.7740026452E+005  3.2463964893E+037
  3.7910023164E+005  3.2533525820E+037
  3.8080023580E+005  3.2604165423E+037
  3.8250028123E+005  3.2675547152E+037
  3.8420037991E+005  3.2747421039E+037
  3.8590031186E+005  3.2819582423E+037
  3.8760031215E+005  3.2891889737E+037
  3.8930037134E+005  3.2964225563E+037
  3.9100023455E+005  3.3036523883E+037
  3.9270035645E+005  3.3109887664E+037
  3.9440029642E+005  3.3255091728E+037
  3.9610028858E+005  5.3601439662E+037
  3.9780033340E+005  2.9596261000E+039
  3.9950043649E+005  8.6549096395E+039
  4.0120038125E+005  2.9096378261E+040
  4.0290039989E+005  4.1373062521E+041
  4.0460025967E+005  1.3856446138E+042
  4.0630038291E+005  3.9232822853E+042
  4.0800031594E+005  8.6194060990E+042
  4.0970029241E+005  1.4568286585E+043
  4.1140031853E+005  2.0017291718E+043
  4.1310040022E+005  2.4204089265E+043
  4.1480031161E+005  2.6081703722E+043
  4.1650027892E+005  2.5553861018E+043
  4.1820031455E+005  2.3125165039E+043
  4.1990041018E+005  1.9616091680E+043
  4.2160031923E+005  1.5880023905E+043
  4.2330026634E+005  1.2474114730E+043
  4.2500024232E+005  9.7062673236E+042
  4.2670025888E+005  7.3563023135E+042
  4.2840032681E+005  5.6510642690E+042
  4.3010043718E+005  4.5705927606E+042
  4.3180037790E+005  3.8668556951E+042
  4.3350037447E+005  3.3739697887E+042
  4.3520041798E+005  3.0450528723E+042
  4.3690027982E+005  2.7623749923E+042
  4.3860039769E+005  2.5497956578E+042
  4.4030031726E+005  2.3804573586E+042
  4.4200027722E+005  2.1949476291E+042
  4.4370027491E+005  2.0562282382E+042
  4.4540031476E+005  1.9623821326E+042
  4.4710041245E+005  1.8653411612E+042
  4.4880033608E+005  1.7634680179E+042
  4.5050031754E+005  1.6588765130E+042
  4.5220034814E+005  1.5836997066E+042
  4.5390040753E+005  1.5315543140E+042
  4.5560028202E+005  1.4749525307E+042
  4.5730042147E+005  1.4177293790E+042
  4.5900037728E+005  1.3643204832E+042
  4.6070038587E+005  1.3156946614E+042
  4.6240044480E+005  1.2689276497E+042
  4.6410033958E+005  1.2193958735E+042
  4.6580030308E+005  1.1688720346E+042
  4.6750032138E+005  1.1262450111E+042
  4.6920038412E+005  1.1067086014E+042
  4.7090026129E+005  1.0817513284E+042
  4.7260040007E+005  1.0569941271E+042
  4.7430035982E+005  1.0314205422E+042
  4.7600036691E+005  1.0081171927E+042
  4.7770041517E+005  9.8465825805E+041
  4.7940029243E+005  9.6130926879E+041
  4.8110022667E+005  9.3978407738E+041
  4.8280044593E+005  9.1787974671E+041
  4.8450026956E+005  8.9717698724E+041
  4.8620035231E+005  8.7834071494E+041
  4.8790024283E+005  8.5960965389E+041
  4.8960039666E+005  8.3989257805E+041
  4.9130036256E+005  8.2106662928E+041
  4.9300037344E+005  8.0419797546E+041
  4.9470042204E+005  7.8777629917E+041
  4.9640028627E+005  7.7146829931E+041
  4.9810042992E+005  7.5474542360E+041
  4.9980039950E+005  7.3709479468E+041
  5.0150041565E+005  7.2067094307E+041
  5.0320023947E+005  7.1410506054E+041
  5.0490031478E+005  7.1605944765E+041
  5.0660042255E+005  7.1227540651E+041
  5.0830034444E+005  7.0516242853E+041
  5.1000030775E+005  6.9790120006E+041
  5.1170031076E+005  6.8957854575E+041
  5.1340035766E+005  6.8130103620E+041
  5.1510022917E+005  6.7399200304E+041
  5.1680038233E+005  6.6688971114E+041
  5.1850036098E+005  6.5923006907E+041
  5.2020037580E+005  6.5159712854E+041
  5.2190042352E+005  6.4472844364E+041
  5.2360028237E+005  6.3870256666E+041
  5.2530040959E+005  6.3258941354E+041
  5.2700036038E+005  6.2600594063E+041
  5.2870035649E+005  6.1922382108E+041
  5.3040039940E+005  6.1263261550E+041
  5.3210027216E+005  6.0648117703E+041
  5.3380042892E+005  6.0070533337E+041
  5.3550041425E+005  5.9507818921E+041
  5.3720044374E+005  5.8953948525E+041
  5.3890028067E+005  5.8414382219E+041
  5.4060037881E+005  5.7895883527E+041
  5.4230029303E+005  5.7396301243E+041
  5.4400025063E+005  5.6903265468E+041
  5.4570025292E+005  5.6403391493E+041
  5.4740029775E+005  5.5896427856E+041
  5.4910038814E+005  5.5393495050E+041
  5.5080030620E+005  5.4906248908E+041
  5.5250027596E+005  5.4446437202E+041
  5.5420029014E+005  5.4018528298E+041
  5.5590033808E+005  5.3619003603E+041
  5.5760041402E+005  5.3235320947E+041
  5.5930029669E+005  5.2855105149E+041
  5.6100044344E+005  5.2473052441E+041
  5.6270040256E+005  5.2090625064E+041
  5.6440039876E+005  5.1710586362E+041
  5.6610043287E+005  5.1335331373E+041
  5.6780028388E+005  5.0966980474E+041
  5.6950041057E+005  5.0605686388E+041
  5.7120035690E+005  5.0249412170E+041
  5.7290034068E+005  4.9897428140E+041
  5.7460035488E+005  4.9551705573E+041
  5.7630039734E+005  4.9213882164E+041
  5.7800024911E+005  4.8885669306E+041
  5.7970036659E+005  4.8568740974E+041
  5.8140029673E+005  4.8262660364E+041
  5.8310026600E+005  4.7965529299E+041
  5.8480027771E+005  4.7674767402E+041
  5.8650033728E+005  4.7387294666E+041
  5.8820045072E+005  4.7102553897E+041
  5.8990038522E+005  4.6821189778E+041
  5.9160035899E+005  4.6544403966E+041
  5.9330036938E+005  4.6274113619E+041
  5.9500041473E+005  4.6011320756E+041
  5.9670027586E+005  4.5756717895E+041
  5.9840040638E+005  4.5509318638E+041
  6.0010035232E+005  4.5267090057E+041
  6.0180034160E+005  4.5027581482E+041
  6.0350037634E+005  4.4789338776E+041
  6.0520023504E+005  4.4552215021E+041
  6.0690037208E+005  4.4316424829E+041
  6.0860032815E+005  4.4083175329E+041
  6.1030032404E+005  4.3853527253E+041
  6.1200035440E+005  4.3628684973E+041
  6.1370041900E+005  4.3409653548E+041
  6.1540029525E+005  4.3196650316E+041
  6.1710043403E+005  4.2989270148E+041
  6.1880038580E+005  4.2787184444E+041
  6.2050037546E+005  4.2589777343E+041
  6.2220040547E+005  4.2396544250E+041
  6.2390025515E+005  4.2206800439E+041
  6.2560037449E+005  4.2019825652E+041
  6.2730030904E+005  4.1834767700E+041
  6.2900028198E+005  4.1650703649E+041
  6.3070028464E+005  4.1466797890E+041
  6.3240031948E+005  4.1282204079E+041
  6.3410038515E+005  4.1096194773E+041
  6.3580025495E+005  4.0908241851E+041
  6.3750038726E+005  4.0718007556E+041
  6.3920032856E+005  4.0525473143E+041
  6.4090030798E+005  4.0330878119E+041
  6.4260033019E+005  4.0134384545E+041
  6.4430039264E+005  3.9936180621E+041
  6.4600027144E+005  3.9736538286E+041
  6.4770041901E+005  3.9535602210E+041
  6.4940037533E+005  3.9333802611E+041
  6.5110036705E+005  3.9131706012E+041
  6.5280039023E+005  3.8929987909E+041
  6.5450044511E+005  3.8729862118E+041
  6.5620031247E+005  3.8523844935E+041
  6.5790044645E+005  3.8306194276E+041
  6.5960039585E+005  3.8091399503E+041
  6.6130038954E+005  3.7901668904E+041
  6.6300042518E+005  3.7765116882E+041
  6.6470028183E+005  3.7706617986E+041
  6.6640041285E+005  3.7734356604E+041
  6.6810036126E+005  3.7824696406E+041
  6.6980035054E+005  3.7917561121E+041
  6.7150037197E+005  3.7960497079E+041
  6.7320042525E+005  3.7940025878E+041
  6.7490029070E+005  3.7870547929E+041
  6.7660041857E+005  3.7773039157E+041
  6.7830036288E+005  3.7662828726E+041
  6.8000034634E+005  3.7547607723E+041
  6.8170036454E+005  3.7429815531E+041
  6.8340042807E+005  3.7309977728E+041
  6.8510030785E+005  3.7189097996E+041
  6.8680022978E+005  3.7069315117E+041
  6.8850042327E+005  3.6953494942E+041
  6.9020041811E+005  3.6844136872E+041
  6.9190044364E+005  3.6742068716E+041
  6.9360027550E+005  3.6645821708E+041
  6.9530036156E+005  3.6551398756E+041
  6.9700025916E+005  3.6454125308E+041
  6.9870041659E+005  3.6350824193E+041
  7.0040037713E+005  3.6241025251E+041
  7.0210037695E+005  3.6126483125E+041
  7.0380041186E+005  3.6009837050E+041
  7.0550026107E+005  3.5893373761E+041
  7.0720037887E+005  3.5778513206E+041
  7.0890030317E+005  3.5665922328E+041
  7.1060026295E+005  3.5555729233E+041
  7.1230025382E+005  3.5448045530E+041
  7.1400027314E+005  3.5343310776E+041
  7.1570032731E+005  3.5242288396E+041
  7.1740041154E+005  3.5145764816E+041
  7.1910030363E+005  3.5054210200E+041
  7.2080023566E+005  3.4967235086E+041
  7.2250042908E+005  3.4883376841E+041
  7.2420043756E+005  3.4800269099E+041
  7.2590026148E+005  3.4715360216E+041
  7.2760035081E+005  3.4626960492E+041
  7.2930025881E+005  3.4535029196E+041
  7.3100043464E+005  3.4452486228E+041
  7.3270041860E+005  3.4366785445E+041
  7.3440043839E+005  3.4277864199E+041
  7.3610026236E+005  3.4186060498E+041
  7.3780034758E+005  3.4091844047E+041
  7.3950024535E+005  3.3995856823E+041
  7.4120040784E+005  3.3898921813E+041
  7.4290038267E+005  3.3802124282E+041
  7.4460039391E+005  3.3706666284E+041
  7.4630044349E+005  3.3613718581E+041
  7.4800030891E+005  3.3524309223E+041
  7.4970044257E+005  3.3440117715E+041
  7.5140039176E+005  3.3362028885E+041
  7.5310037652E+005  3.3287446159E+041
  7.5480039201E+005  3.3216045983E+041
  7.5650043919E+005  3.3146980240E+041
  7.5820028969E+005  3.3081122283E+041
  7.5990040169E+005  3.3018675602E+041
  7.6160031890E+005  3.2956693855E+041
  7.6330026795E+005  3.2894152703E+041
  7.6500025166E+005  3.2830386718E+041
  7.6670026602E+005  3.2765016148E+041
  7.6840031837E+005  3.2697877840E+041
  7.7010040885E+005  3.2629015437E+041
  7.7180030481E+005  3.2558651671E+041
  7.7350023951E+005  3.2487085099E+041
  7.7520043317E+005  3.2414706250E+041
  7.7690042951E+005  3.2342070455E+041
  7.7860023275E+005  3.2269783139E+041
  7.8030028718E+005  3.2198415342E+041
  7.8200037169E+005  3.2128543114E+041
  7.8370026225E+005  3.2060624933E+041
  7.8540041014E+005  3.1994929455E+041
  7.8710037001E+005  3.1931614856E+041
  7.8880036290E+005  3.1870625033E+041
  7.9050038868E+005  3.1811693416E+041
  7.9220022826E+005  3.1754409029E+041
  7.9390033086E+005  3.1698239656E+041
  7.9560024777E+005  3.1642719298E+041
  7.9730043298E+005  3.1587185464E+041
  7.9900042227E+005  3.1531295573E+041
  8.0070044553E+005  3.1474852869E+041
  8.0240027456E+005  3.1417806957E+041
  8.0410036207E+005  3.1360178384E+041
  8.0580026084E+005  3.1302091897E+041
  8.0750041982E+005  3.1243694369E+041
  8.0920038748E+005  3.1185207020E+041
  8.1090039156E+005  3.1126871693E+041
  8.1260043057E+005  3.1068967991E+041
  8.1430028303E+005  3.1011785860E+041
  8.1600040086E+005  3.0955615818E+041
  8.1770032914E+005  3.0900741175E+041
  8.1940029569E+005  3.0847383866E+041
  8.2110029788E+005  3.0795671175E+041
  8.2280033482E+005  3.0745648141E+041
  8.2450040222E+005  3.0697253274E+041
  8.2620027279E+005  3.0650288075E+041
  8.2790040028E+005  3.0604427909E+041
  8.2960032899E+005  3.0559358411E+041
  8.3130029315E+005  3.0514637904E+041
  8.3300029008E+005  3.0469832898E+041
  8.3470031764E+005  3.0424557278E+041
  8.3640037950E+005  3.0378524139E+041
  8.3810024306E+005  3.0331532042E+041
  8.3980036955E+005  3.0283430091E+041
  8.4150030604E+005  3.0234210683E+041
  8.4320027404E+005  3.0183888242E+041
  8.4490027894E+005  3.0132522877E+041
  8.4660031088E+005  3.0080217028E+041
  8.4830036956E+005  3.0027113458E+041
  8.5000023379E+005  2.9973379611E+041
  8.5170035114E+005  2.9919231379E+041
  8.5340027245E+005  2.9864898423E+041
  8.5510045172E+005  2.9810604856E+041
  8.5680043270E+005  2.9756629814E+041
  8.5850044873E+005  2.9703237431E+041
  8.6020027078E+005  2.9650707526E+041
  8.6190035259E+005  2.9599261331E+041
  8.6360024426E+005  2.9549123326E+041
  8.6530039573E+005  2.9500444680E+041
  8.6700035696E+005  2.9453338292E+041
  8.6870035658E+005  2.9407866389E+041
  8.7040039015E+005  2.9364048419E+041
  8.7210022992E+005  2.9321857889E+041
  8.7380032622E+005  2.9281186427E+041
  8.7550045323E+005  2.9241869976E+041
  8.7720038631E+005  2.9203684380E+041
  8.7890035253E+005  2.9166179281E+041
  8.8060035434E+005  2.9129121658E+041
  8.8230038830E+005  2.9092322346E+041
  8.8400022845E+005  2.9055620195E+041
  8.8570032943E+005  2.9018872984E+041
  8.8740023713E+005  2.8981997929E+041
  8.8910041117E+005  2.8944929261E+041
  8.9080039132E+005  2.8907624068E+041
  8.9250040601E+005  2.8870068841E+041
  8.9420023023E+005  2.8832279203E+041
  8.9590031062E+005  2.8794261085E+041
  8.9760042501E+005  2.8756062821E+041
  8.9930034139E+005  2.8717752729E+041
  9.0100028324E+005  2.8679407710E+041
  9.0270025643E+005  2.8641100261E+041
  9.0440025577E+005  2.8602911576E+041
  9.0610028638E+005  2.8564932304E+041
  9.0780035055E+005  2.8527239297E+041
  9.0950044144E+005  2.8489894626E+041
  9.1120033600E+005  2.8452966761E+041
  9.1290026033E+005  2.8416505186E+041
  9.1460044235E+005  2.8380516166E+041
  9.1630043216E+005  2.8345005750E+041
  9.1800045352E+005  2.8309944534E+041
  9.1970027948E+005  2.8275294601E+041
  9.2140036255E+005  2.8240985357E+041
  9.2310024598E+005  2.8206962309E+041
  9.2480038537E+005  2.8173139177E+041
  9.2650032481E+005  2.8139435223E+041
  9.2820029297E+005  2.8105766819E+041
  9.2990028792E+005  2.8072083788E+041
  9.3160031122E+005  2.8038331227E+041
  9.3330036796E+005  2.8004461728E+041
  9.3500022749E+005  2.7970440439E+041
  9.3670034703E+005  2.7936237726E+041
  9.3840027135E+005  2.7901851730E+041
  9.4010045223E+005  2.7867283397E+041
  9.4180044381E+005  2.7832570670E+041
  9.4350024127E+005  2.7797737588E+041
  9.4520030098E+005  2.7762815572E+041
  9.4690039781E+005  2.7727857773E+041
  9.4860029545E+005  2.7692933248E+041
  9.5030045303E+005  2.7658093468E+041
  9.5200041424E+005  2.7623354895E+041
  9.5370040420E+005  2.7588824170E+041
  9.5540042763E+005  2.7554597103E+041
  9.5710025197E+005  2.7520774509E+041
  9.5880033372E+005  2.7487435311E+041
  9.6050044870E+005  2.7454659547E+041
  9.6220036770E+005  2.7422518203E+041
  9.6390031932E+005  2.7391059866E+041
  9.6560030164E+005  2.7360336776E+041
  9.6730031510E+005  2.7330214025E+041
  9.6900036029E+005  2.7300638273E+041
  9.7070043794E+005  2.7271639366E+041
  9.7240032268E+005  2.7243207945E+041
  9.7410023748E+005  2.7215299187E+041
  9.7580041032E+005  2.7187846681E+041
  9.7750038316E+005  2.7160781531E+041
  9.7920038020E+005  2.7134018467E+041
  9.8090040784E+005  2.7107492554E+041
  9.8260023344E+005  2.7081114019E+041
  9.8430031258E+005  2.7054787033E+041
  9.8600042089E+005  2.7028437059E+041
  9.8770032544E+005  2.7002003176E+041
  9.8940026155E+005  2.6975411496E+041
  9.9110045365E+005  2.6948548209E+041
  9.9280044477E+005  2.6921430818E+041
  9.9450024006E+005  2.6894051524E+041
  9.9620028880E+005  2.6866397896E+041
  9.9790036786E+005  2.6838475836E+041
  9.9960025188E+005  2.6810301735E+041
  1.0013003932E+006  2.6781886193E+041
  1.0030003388E+006  2.6753276611E+041
  1.0047003122E+006  2.6724499727E+041
  1.0064003130E+006  2.6695583998E+041
  1.0081003414E+006  2.6666561779E+041
  1.0098003982E+006  2.6637471859E+041
  1.0115002574E+006  2.6608361647E+041
  1.0132003702E+006  2.6579288410E+041
  1.0149002857E+006  2.6550296456E+041
  1.0166002312E+006  2.6521400512E+041
  1.0183004339E+006  2.6492668683E+041
  1.0200004438E+006  2.6464172022E+041
  1.0217002551E+006  2.6435976037E+041
  1.0234003239E+006  2.6408144816E+041
  1.0251004263E+006  2.6380729579E+041
  1.0268003304E+006  2.6353779491E+041
  1.0285002704E+006  2.6327333713E+041
  1.0302002432E+006  2.6301432556E+041
  1.0319002451E+006  2.6276124979E+041
  1.0336002804E+006  2.6251436999E+041
  1.0353003418E+006  2.6227385697E+041
  1.0370004329E+006  2.6203961505E+041
  1.0387003264E+006  2.6181068527E+041
  1.0404002467E+006  2.6158646637E+041
  1.0421004226E+006  2.6136767977E+041
  1.0438003971E+006  2.6115475501E+041
  1.0455004010E+006  2.6094799726E+041
  1.0472004333E+006  2.6074781807E+041
  1.0489002680E+006  2.6055482766E+041
  1.0506003586E+006  2.6036736100E+041
  1.0523002464E+006  2.6017960639E+041
  1.0540003917E+006  2.5999263439E+041
  1.0557003376E+006  2.5980728249E+041
  1.0574003117E+006  2.5962395529E+041
  1.0591003181E+006  2.5944307671E+041
  1.0608003498E+006  2.5926524319E+041
  1.0625004098E+006  2.5909137202E+041
  1.0642002713E+006  2.5892256484E+041
  1.0659003840E+006  2.5875999302E+041
  1.0676002982E+006  2.5860560418E+041
  1.0693002371E+006  2.5846197223E+041
  1.0710004272E+006  2.5833040997E+041
  1.0727004165E+006  2.5821483373E+041
  1.0744004306E+006  2.5812150414E+041
  1.0761002460E+006  2.5805860308E+041
  1.0778003161E+006  2.5803749400E+041
  1.0795004143E+006  2.5807508894E+041
  1.0812003116E+006  2.5819865996E+041
  1.0829002354E+006  2.5844910367E+041
  1.0846004178E+006  2.5889148179E+041
  1.0863004005E+006  2.5961824194E+041
  1.0880004146E+006  2.6076032182E+041
  1.0897002316E+006  2.6302242585E+041
  1.0914003028E+006  2.6559644703E+041
  1.0931004077E+006  2.6653421743E+041
  1.0948003141E+006  2.6641830068E+041
  1.0965002495E+006  2.6598535597E+041
  1.0982004427E+006  2.6547256273E+041
  1.0999004324E+006  2.6495522793E+041
  1.1016004509E+006  2.6445157920E+041
  1.1033002704E+006  2.6398248588E+041
  1.1050003442E+006  2.6354097416E+041
  1.1067004481E+006  2.6312702924E+041
  1.1084003514E+006  2.6273858893E+041
  1.1101002829E+006  2.6237246995E+041
  1.1118002429E+006  2.6201607076E+041
  1.1135002316E+006  2.6166433845E+041
  1.1152002501E+006  2.6132079700E+041
  1.1169002956E+006  2.6098867730E+041
  1.1186003714E+006  2.6066958971E+041
  1.1203002462E+006  2.6036681371E+041
  1.1220003775E+006  2.6007916437E+041
  1.1237003130E+006  2.5979657187E+041
  1.1254002739E+006  2.5951762186E+041
  1.1271002652E+006  2.5924286211E+041
  1.1288002818E+006  2.5897334303E+041
  1.1305003218E+006  2.5871105641E+041
  1.1322003898E+006  2.5845699222E+041
  1.1339002534E+006  2.5821060776E+041
  1.1356003700E+006  2.5796431252E+041
  1.1373002834E+006  2.5772086364E+041
  1.1390004474E+006  2.5748245224E+041
  1.1407004095E+006  2.5724918376E+041
  1.1424003973E+006  2.5702058014E+041
  1.1441004126E+006  2.5679696541E+041
  1.1458004527E+006  2.5657476679E+041
  1.1475002905E+006  2.5635320137E+041
  1.1492003823E+006  2.5613387417E+041
  1.1509002711E+006  2.5591511967E+041
  1.1526004175E+006  2.5569824957E+041
  1.1543003630E+006  2.5548733600E+041
  1.1560003344E+006  2.5528022664E+041
  1.1577003357E+006  2.5507335303E+041
  1.1594003612E+006  2.5486904381E+041
  1.1611004166E+006  2.5466801967E+041
  1.1628002728E+006  2.5446993118E+041
  1.1645003807E+006  2.5427229543E+041
  1.1662002891E+006  2.5407348146E+041
  1.1679004493E+006  2.5387231726E+041
  1.1696004088E+006  2.5367363433E+041
  1.1713003961E+006  2.5347731301E+041
  1.1730004105E+006  2.5328414403E+041
  1.1747004527E+006  2.5309386792E+041
  1.1764002930E+006  2.5290015831E+041
  1.1781003900E+006  2.5270385357E+041
  1.1798002862E+006  2.5250647818E+041
  1.1815004382E+006  2.5230948666E+041
  1.1832003924E+006  2.5211598325E+041
  1.1849003712E+006  2.5192406126E+041
  1.1866003794E+006  2.5173323968E+041
  1.1883004152E+006  2.5154110940E+041
  1.1900002503E+006  2.5134889084E+041
  1.1917003447E+006  2.5115725345E+041
  1.1934002372E+006  2.5096442327E+041
  1.1951003847E+006  2.5077146313E+041
  1.1968003320E+006  2.5058285035E+041
  1.1985003036E+006  2.5039512424E+041
  1.2002003026E+006  2.5020769769E+041
  1.2019003260E+006  2.5001916545E+041
  1.2036003751E+006  2.4982972010E+041
  1.2053004467E+006  2.4964068969E+041
  1.2070003150E+006  2.4945360979E+041
  1.2087004366E+006  2.4926733552E+041
  1.2104003535E+006  2.4908003039E+041
  1.2121002985E+006  2.4889197878E+041
  1.2138002662E+006  2.4870453412E+041
  1.2155002575E+006  2.4851871092E+041
  1.2172002753E+006  2.4833510366E+041
  1.2189003153E+006  2.4814987398E+041
  1.2206003826E+006  2.4796314972E+041
  1.2223002476E+006  2.4777773372E+041
  1.2240003636E+006  2.4759412589E+041
  1.2257002780E+006  2.4741267566E+041
  1.2274004447E+006  2.4723179028E+041
  1.2291004106E+006  2.4704853999E+041
  1.2308004026E+006  2.4686493773E+041
  1.2325004207E+006  2.4668373475E+041
  1.2342002362E+006  2.4650459060E+041
  1.2359003022E+006  2.4632745895E+041
  1.2376003956E+006  2.4615177607E+041
  1.2393002846E+006  2.4597527407E+041
  1.2410004273E+006  2.4579852141E+041
  1.2427003687E+006  2.4562233795E+041
  1.2444003314E+006  2.4544923921E+041
  1.2461003223E+006  2.4527953470E+041
  1.2478003385E+006  2.4510965380E+041
  1.2495003809E+006  2.4493820381E+041
  1.2512004521E+006  2.4476660529E+041
  1.2529003202E+006  2.4459440753E+041
  1.2546004426E+006  2.4442559885E+041
  1.2563003634E+006  2.4425768902E+041
  1.2580003116E+006  2.4408798434E+041
  1.2597002874E+006  2.4391799203E+041
  1.2614002895E+006  2.4374878553E+041
  1.2631003193E+006  2.4358055828E+041
  1.2648003732E+006  2.4341347036E+041
  1.2665004555E+006  2.4324474935E+041
  1.2682003379E+006  2.4307593355E+041
  1.2699002448E+006  2.4290747660E+041
  1.2716004087E+006  2.4273938603E+041
  1.2733003673E+006  2.4257213640E+041
  1.2750003503E+006  2.4240415394E+041
  1.2767003597E+006  2.4223657825E+041
  1.2784003920E+006  2.4206898446E+041
  1.2801004502E+006  2.4190243247E+041
  1.2818003031E+006  2.4173556310E+041
  1.2835004073E+006  2.4156824452E+041
  1.2852003065E+006  2.4140143620E+041
  1.2869002300E+006  2.4123595752E+041
  1.2886004069E+006  2.4107241593E+041
  1.2903003778E+006  2.4090744768E+041
  1.2920003746E+006  2.4074208186E+041
  1.2937003930E+006  2.4057835419E+041
  1.2954004341E+006  2.4041698632E+041
  1.2971002741E+006  2.4025773666E+041
  1.2988003638E+006  2.4009668888E+041
  1.3005002512E+006  2.3993599039E+041
  1.3022003903E+006  2.3977848693E+041
  1.3039003238E+006  2.3962378511E+041
  1.3056002836E+006  2.3946972082E+041
  1.3073002676E+006  2.3931487183E+041
  1.3090002776E+006  2.3916112205E+041
  1.3107003113E+006  2.3901019505E+041
  1.3124003694E+006  2.3886192097E+041
  1.3141004514E+006  2.3871254317E+041
  1.3158003280E+006  2.3856387090E+041
  1.3175002319E+006  2.3841704970E+041
  1.3192003853E+006  2.3827205863E+041
  1.3209003351E+006  2.3812865851E+041
  1.3226003095E+006  2.3798465748E+041
  1.3243003051E+006  2.3784191020E+041
  1.3260003281E+006  2.3770069562E+041
  1.3277003753E+006  2.3756190067E+041
  1.3294004469E+006  2.3742316159E+041
  1.3311003164E+006  2.3728592625E+041
  1.3328004375E+006  2.3714959548E+041
  1.3345003569E+006  2.3701548409E+041
  1.3362003013E+006  2.3688256712E+041
  1.3379002723E+006  2.3674942369E+041
  1.3396002679E+006  2.3661794261E+041
  1.3413002875E+006  2.3648814070E+041
  1.3430003340E+006  2.3636035065E+041
  1.3447004032E+006  2.3623203763E+041
  1.3464002726E+006  2.3610288295E+041
  1.3481003955E+006  2.3596477823E+041
  1.3498003134E+006  2.3583135576E+041
  1.3515002583E+006  2.3569902803E+041
  1.3532004534E+006  2.3556817568E+041
  1.3549004463E+006  2.3543957406E+041
  1.3566002360E+006  2.3530808698E+041
  1.3583002769E+006  2.3517711533E+041
  1.3600003408E+006  2.3504781247E+041
  1.3617004262E+006  2.3492127030E+041
  1.3634003077E+006  2.3479766843E+041
  1.3651004384E+006  2.3466922869E+041
  1.3668003656E+006  2.3454083918E+041
  1.3685003161E+006  2.3441562397E+041
  1.3702002863E+006  2.3429352248E+041
  1.3719002814E+006  2.3417289790E+041
  1.3736002974E+006  2.3404787953E+041
  1.3753003368E+006  2.3392411693E+041
  1.3770004013E+006  2.3380350718E+041
  1.3787002590E+006  2.3368510310E+041
  1.3804003679E+006  2.3356196267E+041
  1.3821002702E+006  2.3343934097E+041
  1.3838004241E+006  2.3332057818E+041
  1.3855003730E+006  2.3320420387E+041
  1.3872003457E+006  2.3308421883E+041
  1.3889003427E+006  2.3296251044E+041
  1.3906003601E+006  2.3284474119E+041
  1.3923004034E+006  2.3272952688E+041
  1.3940002413E+006  2.3261501835E+041
  1.3957003310E+006  2.3250216814E+041
  1.3974004471E+006  2.3239178058E+041
  1.3991003564E+006  2.3228500841E+041
  1.4008002901E+006  2.3217807584E+041
  1.4025002473E+006  2.3207236669E+041
  1.4042004557E+006  2.3196895405E+041
  1.4059002329E+006  2.3186622996E+041
  1.4076002612E+006  2.3176335063E+041
  1.4093003135E+006  2.3166165354E+041
  1.4110003873E+006  2.3155623152E+041
  1.4127002582E+006  2.3144512814E+041
  1.4144003814E+006  2.3133839826E+041
  1.4161002993E+006  2.3123486618E+041
  1.4178002441E+006  2.3113396424E+041
  1.4195004376E+006  2.3103268033E+041
  1.4212004276E+006  2.3093296450E+041
  1.4229004425E+006  2.3083579357E+041
  1.4246002520E+006  2.3073938527E+041
  1.4263003150E+006  2.3064275609E+041
  1.4280004004E+006  2.3054765706E+041
  1.4297002811E+006  2.3045738299E+041
  1.4314004121E+006  2.3036638090E+041
  1.4331003393E+006  2.3027584394E+041
  1.4348002906E+006  2.3018678453E+041
  1.4365002640E+006  2.3009917144E+041
  1.4382002627E+006  2.3001081769E+041
  1.4399002820E+006  2.2992337749E+041
  1.4416003241E+006  2.2983736239E+041
  1.4433003912E+006  2.2975290584E+041
  1.4450002508E+006  2.2965946809E+041
  1.4467003635E+006  2.2956703962E+041
  1.4484002692E+006  2.2947712292E+041
  1.4501004243E+006  2.2938740062E+041
  1.4518003728E+006  2.2929890367E+041
  1.4535003431E+006  2.2921222276E+041
  1.4552003362E+006  2.2912526962E+041
  1.4569003493E+006  2.2903996775E+041
  1.4586003856E+006  2.2895735556E+041
  1.4603004410E+006  2.2887536865E+041
  1.4620002896E+006  2.2879261491E+041
  1.4637003903E+006  2.2871173257E+041
  1.4654002823E+006  2.2863321959E+041
  1.4671004260E+006  2.2855340839E+041
  1.4688003627E+006  2.2847365786E+041
  1.4705003199E+006  2.2839403350E+041
  1.4722003007E+006  2.2831247818E+041
  1.4739003035E+006  2.2823051834E+041
  1.4756003297E+006  2.2814905515E+041
  1.4773003771E+006  2.2807323646E+041
  1.4790004476E+006  2.2799754521E+041
  1.4807003115E+006  2.2792233804E+041
  1.4824004258E+006  2.2784627995E+041
  1.4841003380E+006  2.2776721562E+041
  1.4858002707E+006  2.2768844050E+041
  1.4875002282E+006  2.2760923854E+041
  1.4892004367E+006  2.2752585580E+041
  1.4909004386E+006  2.2744067089E+041
  1.4926002378E+006  2.2735583438E+041
  1.4943002882E+006  2.2726710397E+041
  1.4960003629E+006  2.2717393668E+041
  1.4977002318E+006  2.2708293368E+041
  1.4994003522E+006  2.2699132223E+041
  1.5011002668E+006  2.2690228382E+041
  1.5028004318E+006  2.2681670522E+041
  1.5045003938E+006  2.2672988677E+041
  1.5062003758E+006  2.2664359834E+041
  1.5079003808E+006  2.2656223422E+041
  1.5096004082E+006  2.2647965512E+041
  1.5113004553E+006  2.2639740842E+041
  1.5130002990E+006  2.2631853838E+041
  1.5147003918E+006  2.2624019084E+041
  1.5164002788E+006  2.2616207483E+041
  1.5181004151E+006  2.2608587334E+041
  1.5198003446E+006  2.2601188175E+041
  1.5215002958E+006  2.2593803315E+041
  1.5232002682E+006  2.2586593027E+041
  1.5249002648E+006  2.2579518031E+041
  1.5266002807E+006  2.2572570648E+041
  1.5283003185E+006  2.2565801970E+041
  1.5300003780E+006  2.2559044822E+041
  1.5317002283E+006  2.2552547170E+041
  1.5334003310E+006  2.2546229195E+041
  1.5351004545E+006  2.2539752325E+041
  1.5368003710E+006  2.2533106930E+041
  1.5385003088E+006  2.2526664239E+041
  1.5402002674E+006  2.2520169505E+041
  1.5419002481E+006  2.2514023936E+041
  1.5436002495E+006  2.2508187962E+041
  1.5453002748E+006  2.2502240023E+041
  1.5470003191E+006  2.2496543506E+041
  1.5487003851E+006  2.2491213638E+041
  1.5504002451E+006  2.2485747859E+041
  1.5521003528E+006  2.2480472902E+041
  1.5538002567E+006  2.2475604125E+041
  1.5555004097E+006  2.2470591125E+041
  1.5572003553E+006  2.2465733227E+041
  1.5589003223E+006  2.2461291777E+041
  1.5606003099E+006  2.2456715878E+041
  1.5623003197E+006  2.2452283325E+041
  1.5640003507E+006  2.2448228122E+041
  1.5657004049E+006  2.2444076070E+041
  1.5674002505E+006  2.2440093752E+041
  1.5691003456E+006  2.2436368303E+041
  1.5708002356E+006  2.2432630934E+041
  1.5725003734E+006  2.2428887824E+041
  1.5742003078E+006  2.2425017385E+041
  1.5759002632E+006  2.2421272164E+041
  1.5776002396E+006  2.2417724183E+041
  1.5793002384E+006  2.2414312325E+041
  1.5810002585E+006  2.2411065212E+041
  1.5827003016E+006  2.2407907761E+041
  1.5844003659E+006  2.2404905474E+041
  1.5861004538E+006  2.2402099734E+041
  1.5878003328E+006  2.2399249241E+041
  1.5895002331E+006  2.2396655160E+041
  1.5912003849E+006  2.2394251415E+041
  1.5929003281E+006  2.2391685029E+041
  1.5946002953E+006  2.2389501726E+041
  1.5963002835E+006  2.2387410998E+041
  1.5980002920E+006  2.2385201206E+041
  1.5997003226E+006  2.2383406249E+041
  1.6014003738E+006  2.2381553677E+041
  1.6031004479E+006  2.2379737126E+041
  1.6048003139E+006  2.2378296625E+041
  1.6065004313E+006  2.2376655879E+041
  1.6082003394E+006  2.2375264305E+041
  1.6099002681E+006  2.2374067721E+041
  1.6116004482E+006  2.2372704206E+041
  1.6133004186E+006  2.2371753246E+041
  1.6150004124E+006  2.2370717739E+041
  1.6167004259E+006  2.2369684510E+041
  1.6184002303E+006  2.2368888818E+041
  1.6201002839E+006  2.2367747721E+041
  1.6218003575E+006  2.2366885041E+041
  1.6235004525E+006  2.2366154561E+041
  1.6252003385E+006  2.2365374850E+041
  1.6269002462E+006  2.2364939785E+041
  1.6286004007E+006  2.2364333806E+041
  1.6303003466E+006  2.2363657186E+041
  1.6320003152E+006  2.2363211052E+041
  1.6337003021E+006  2.2362714541E+041
  1.6354003118E+006  2.2362485399E+041
  1.6371003412E+006  2.2362119899E+041
  1.6388003903E+006  2.2361746491E+041
  1.6405002322E+006  2.2361418758E+041
  1.6422003233E+006  2.2360959780E+041
  1.6439004365E+006  2.2360713419E+041
  1.6456003411E+006  2.2360461309E+041
  1.6473002683E+006  2.2360179039E+041
  1.6490004430E+006  2.2359979725E+041
  1.6507004101E+006  2.2359903761E+041
  1.6524004004E+006  2.2359961665E+041
  1.6541004098E+006  2.2360124472E+041
  1.6558004422E+006  2.2360405936E+041
  1.6575002664E+006  2.2360440510E+041
  1.6592003392E+006  2.2360653686E+041
  1.6609004337E+006  2.2360937585E+041
  1.6626003209E+006  2.2361360699E+041
  1.6643002308E+006  2.2361954202E+041
  1.6660003887E+006  2.2362517800E+041
  1.6677003410E+006  2.2363329088E+041
  1.6694003124E+006  2.2364072836E+041
  1.6711003049E+006  2.2365025916E+041
  1.6728003206E+006  2.2366069293E+041
  1.6745003556E+006  2.2367107494E+041
  1.6762004130E+006  2.2368394938E+041
  1.6779002619E+006  2.2369553965E+041
  1.6796003593E+006  2.2371023487E+041
  1.6813002491E+006  2.2372419538E+041
  1.6830003884E+006  2.2373940237E+041
  1.6847003207E+006  2.2375594591E+041
  1.6864002713E+006  2.2376959117E+041
  1.6881002437E+006  2.2378594081E+041
  1.6898002342E+006  2.2380098390E+041
  1.6915002444E+006  2.2381912106E+041
  1.6932002768E+006  2.2383657859E+041
  1.6949003272E+006  2.2385538747E+041
  1.6966003988E+006  2.2387547220E+041
  1.6983002604E+006  2.2389496390E+041
  1.7000003702E+006  2.2391746033E+041
  1.7017002708E+006  2.2393837398E+041
  1.7034004206E+006  2.2396231177E+041
  1.7051003626E+006  2.2398498938E+041
  1.7068003226E+006  2.2400868956E+041
  1.7085003042E+006  2.2403104611E+041
  1.7102003037E+006  2.2405404889E+041
  1.7119003231E+006  2.2407909725E+041
  1.7136003646E+006  2.2410338050E+041
  1.7153004245E+006  2.2413036662E+041
  1.7170002770E+006  2.2415249575E+041
  1.7187003768E+006  2.2417501429E+041
  1.7204002685E+006  2.2419547693E+041
  1.7221004080E+006  2.2421870809E+041
  1.7238003402E+006  2.2424194467E+041
  1.7255002935E+006  2.2426662431E+041
  1.7272002646E+006  2.2429177964E+041
  1.7289002580E+006  2.2431537293E+041
  1.7306002697E+006  2.2434019945E+041
  1.7323003020E+006  2.2436285562E+041
  1.7340003562E+006  2.2438780845E+041
  1.7357004299E+006  2.2440992494E+041
  1.7374002959E+006  2.2443489266E+041
  1.7391004098E+006  2.2445910713E+041
  1.7408003162E+006  2.2448602264E+041
  1.7425002422E+006  2.2451197835E+041
  1.7442004188E+006  2.2453759002E+041
  1.7459003883E+006  2.2456138649E+041
  1.7476003759E+006  2.2458580048E+041
  1.7493003861E+006  2.2460970546E+041
  1.7510004148E+006  2.2463382671E+041
  1.7527002358E+006  2.2465982074E+041
  1.7544003067E+006  2.2468237797E+041
  1.7561003975E+006  2.2470599740E+041
  1.7578002796E+006  2.2472899311E+041
  1.7595004091E+006  2.2475519625E+041
  1.7612003311E+006  2.2477963426E+041
  1.7629002714E+006  2.2480384931E+041
  1.7646002332E+006  2.2482613167E+041
  1.7663004441E+006  2.2485094394E+041
  1.7680004438E+006  2.2487558019E+041
  1.7697002361E+006  2.2489969020E+041
  1.7714002751E+006  2.2492492541E+041
  1.7731003341E+006  2.2495048747E+041
  1.7748004129E+006  2.2497578807E+041
  1.7765002828E+006  2.2499898749E+041
  1.7782004001E+006  2.2502388230E+041
  1.7799003066E+006  2.2504855774E+041
  1.7816002342E+006  2.2507594925E+041
  1.7833004076E+006  2.2509894042E+041
  1.7850003739E+006  2.2512286956E+041
  1.7867003596E+006  2.2514651784E+041
  1.7884003630E+006  2.2517023186E+041
  1.7901003866E+006  2.2519260510E+041
  1.7918004284E+006  2.2521279602E+041
  1.7935002618E+006  2.2523341383E+041
  1.7952003429E+006  2.2525274265E+041
  1.7969004447E+006  2.2527086798E+041
  1.7986003361E+006  2.2528977297E+041
  1.8003002456E+006  2.2531096952E+041
  1.8020004051E+006  2.2533290092E+041
  1.8037003530E+006  2.2535507720E+041
  1.8054003224E+006  2.2537669614E+041
  1.8071003110E+006  2.2540049905E+041
  1.8088003179E+006  2.2542255961E+041
  1.8105003444E+006  2.2544379405E+041
  1.8122003899E+006  2.2546477930E+041
  1.8139004560E+006  2.2548769055E+041
  1.8156003121E+006  2.2551165745E+041
  1.8173004186E+006  2.2553692634E+041
  1.8190003143E+006  2.2556349389E+041
  1.8207002288E+006  2.2559055977E+041
  1.8224003936E+006  2.2561658084E+041
  1.8241003476E+006  2.2564279736E+041
  1.8258003232E+006  2.2567085234E+041
  1.8275003183E+006  2.2569934265E+041
  1.8292003327E+006  2.2572966002E+041
  1.8309003661E+006  2.2576018044E+041
  1.8326004192E+006  2.2579246819E+041
  1.8343002643E+006  2.2582486058E+041
  1.8360003563E+006  2.2585891434E+041
  1.8377002418E+006  2.2589207892E+041
  1.8394003733E+006  2.2592492396E+041
  1.8411002952E+006  2.2595800882E+041
  1.8428002375E+006  2.2599081319E+041
  1.8445004272E+006  2.2602172599E+041
  1.8462004087E+006  2.2605067470E+041
  1.8479004089E+006  2.2607757072E+041
  1.8496004287E+006  2.2610228249E+041
  1.8513002370E+006  2.2612554499E+041
  1.8530002938E+006  2.2614656229E+041
  1.8547003706E+006  2.2616663183E+041
  1.8564002360E+006  2.2618434909E+041
  1.8581003516E+006  2.2620151526E+041
  1.8598002551E+006  2.2621631295E+041
  1.8615004063E+006  2.2623083246E+041
  1.8632003474E+006  2.2624301853E+041
  1.8649003077E+006  2.2625513716E+041
  1.8666002871E+006  2.2626504132E+041
  1.8683002848E+006  2.2627460917E+041
  1.8700003024E+006  2.2628226269E+041
  1.8717003359E+006  2.2628927299E+041
  1.8734003896E+006  2.2629557028E+041
  1.8751002338E+006  2.2630047303E+041
  1.8768003246E+006  2.2630515079E+041
  1.8785004360E+006  2.2630753605E+041
  1.8802003358E+006  2.2631080651E+041
  1.8819002545E+006  2.2631184825E+041
  1.8836004196E+006  2.2631342711E+041
  1.8853003762E+006  2.2631226802E+041
  1.8870003512E+006  2.2631249374E+041
  1.8887003445E+006  2.2631045075E+041
  1.8904003581E+006  2.2630850918E+041
  1.8921003874E+006  2.2630509904E+041
  1.8938004371E+006  2.2630184537E+041
  1.8955002768E+006  2.2629763599E+041
  1.8972003643E+006  2.2629198009E+041
  1.8989002422E+006  2.2628763581E+041
  1.9006003671E+006  2.2628047458E+041
  1.9023002821E+006  2.2627472482E+041
  1.9040004432E+006  2.2626646600E+041
  1.9057003970E+006  2.2625999356E+041
  1.9074003687E+006  2.2625009300E+041
  1.9091003594E+006  2.2624285416E+041
  1.9108003702E+006  2.2623226363E+041
  1.9125003976E+006  2.2622283075E+041
  1.9142004454E+006  2.2621272016E+041
  1.9159002831E+006  2.2620115873E+041
  1.9176003700E+006  2.2619050385E+041
  1.9193002461E+006  2.2617804967E+041
  1.9210003707E+006  2.2616655306E+041
  1.9227002850E+006  2.2615270807E+041
  1.9244004452E+006  2.2614107965E+041
  1.9261003981E+006  2.2612571177E+041
  1.9278003687E+006  2.2611386121E+041
  1.9295003585E+006  2.2609770549E+041
  1.9312003672E+006  2.2608401006E+041
  1.9329003934E+006  2.2606852557E+041
  1.9346004387E+006  2.2605231517E+041
  1.9363002735E+006  2.2603774274E+041
  1.9380003578E+006  2.2601955477E+041
  1.9397002297E+006  2.2600466194E+041
  1.9414003506E+006  2.2598585109E+041
  1.9431002600E+006  2.2596992383E+041
  1.9448004157E+006  2.2595113846E+041
  1.9465003628E+006  2.2593342768E+041
  1.9482003278E+006  2.2591475803E+041
  1.9499003118E+006  2.2589546367E+041
  1.9516003132E+006  2.2587688948E+041
  1.9533003334E+006  2.2585664299E+041
  1.9550003709E+006  2.2583770457E+041
  1.9567004269E+006  2.2581665361E+041
  1.9584002743E+006  2.2579708803E+041
  1.9601003665E+006  2.2577509082E+041
  1.9618002497E+006  2.2575435681E+041
  1.9635003786E+006  2.2573249921E+041
  1.9652002966E+006  2.2571071791E+041
  1.9669002331E+006  2.2568890209E+041
  1.9686004175E+006  2.2566615739E+041
  1.9703003915E+006  2.2564410016E+041
  1.9720003820E+006  2.2562014409E+041
  1.9737003923E+006  2.2559714005E+041
  1.9754004188E+006  2.2557293010E+041
  1.9771002354E+006  2.2554892923E+041
  1.9788003007E+006  2.2552499125E+041
  1.9805003830E+006  2.2549992475E+041
  1.9822002554E+006  2.2547596582E+041
  1.9839003738E+006  2.2545002174E+041
  1.9856002822E+006  2.2542478830E+041
  1.9873004368E+006  2.2539894580E+041
  1.9890003826E+006  2.2537228328E+041
  1.9907003468E+006  2.2534691649E+041
  1.9924003276E+006  2.2531902215E+041
  1.9941003284E+006  2.2529381895E+041
  1.9958003453E+006  2.2526491023E+041
  1.9975003817E+006  2.2523857159E+041
  1.9992004368E+006  2.2521002623E+041
  2.0009002816E+006  2.2518198068E+041
  2.0026003730E+006  2.2515448106E+041
  2.0043002531E+006  2.2512472490E+041
  2.0060003814E+006  2.2509773105E+041
  2.0077002971E+006  2.2506667905E+041
  2.0094002336E+006  2.2503899065E+041
  2.0111004168E+006  2.2500798750E+041
  2.0128003885E+006  2.2497879005E+041
  2.0145003788E+006  2.2494852312E+041
  2.0162003863E+006  2.2491793801E+041
  2.0179004128E+006  2.2488748515E+041
  2.0196004569E+006  2.2485643861E+041
  2.0213002922E+006  2.2482476343E+041
  2.0230003725E+006  2.2479428238E+041
  2.0247002422E+006  2.2476109036E+041
  2.0264003595E+006  2.2473070686E+041
  2.0281002643E+006  2.2469700089E+041
  2.0298004181E+006  2.2466586587E+041
  2.0315003605E+006  2.2463250762E+041
  2.0332003209E+006  2.2459943825E+041
  2.0349002978E+006  2.2456696033E+041
  2.0366002931E+006  2.2453249469E+041
  2.0383003060E+006  2.2449985463E+041
  2.0400003361E+006  2.2446533128E+041
  2.0417003865E+006  2.2443147144E+041
  2.0434004523E+006  2.2439767320E+041
  2.0451003073E+006  2.2436216544E+041
  2.0468004085E+006  2.2432823910E+041
  2.0485002984E+006  2.2429267359E+041
  2.0502004353E+006  2.2425775735E+041
  2.0519003613E+006  2.2422293029E+041
  2.0536003057E+006  2.2418615235E+041
  2.0553002654E+006  2.2415164403E+041
  2.0570002445E+006  2.2411446548E+041
  2.0587002403E+006  2.2407919717E+041
  2.0604002539E+006  2.2404264185E+041
  2.0621002868E+006  2.2400568777E+041
  2.0638003364E+006  2.2396957637E+041
  2.0655004039E+006  2.2393209571E+041
  2.0672002588E+006  2.2389548845E+041
  2.0689003622E+006  2.2385849370E+041
  2.0706002530E+006  2.2382028002E+041
  2.0723003923E+006  2.2378371561E+041
  2.0740003206E+006  2.2374519899E+041
  2.0757002648E+006  2.2370811068E+041
  2.0774004572E+006  2.2367029983E+041
  2.0791004374E+006  2.2363132285E+041
  2.0808004364E+006  2.2359433121E+041
  2.0825004532E+006  2.2355491893E+041
  2.0842002596E+006  2.2351759967E+041
  2.0859003119E+006  2.2347888016E+041
  2.0876003810E+006  2.2343994099E+041
  2.0893002408E+006  2.2340177397E+041
  2.0910003456E+006  2.2336286050E+041
  2.0927002410E+006  2.2332398403E+041
  2.0944003829E+006  2.2328645199E+041
  2.0961003131E+006  2.2324543249E+041
  2.0978002603E+006  2.2320891922E+041
  2.0995004546E+006  2.2316772342E+041
  2.1012004383E+006  2.2313085878E+041
  2.1029004385E+006  2.2309084573E+041
  2.1046002296E+006  2.2305205302E+041
  2.1063002657E+006  2.2301308031E+041
  2.1080003190E+006  2.2297427352E+041
  2.1097003907E+006  2.2293494192E+041
  2.1114002502E+006  2.2289716455E+041
  2.1131003575E+006  2.2285634004E+041
  2.1148002525E+006  2.2281947939E+041
  2.1165003954E+006  2.2277955145E+041
  2.1182003239E+006  2.2274150748E+041
  2.1199002712E+006  2.2270342498E+041
  2.1216002360E+006  2.2266329095E+041
  2.1233004470E+006  2.2262711322E+041
  2.1250004478E+006  2.2258741745E+041
  2.1267002357E+006  2.2255070967E+041
  2.1284002702E+006  2.2251186042E+041
  2.1301003211E+006  2.2247423143E+041
  2.1318003909E+006  2.2243656354E+041
  2.1335002482E+006  2.2239987173E+041
  2.1352003521E+006  2.2236143927E+041
  2.1369002454E+006  2.2232555594E+041
  2.1386003825E+006  2.2228686447E+041
  2.1403003089E+006  2.2225173583E+041
  2.1420002520E+006  2.2221477829E+041
  2.1437004424E+006  2.2217811729E+041
  2.1454004202E+006  2.2214354366E+041
  2.1471004160E+006  2.2210578073E+041
  2.1488004283E+006  2.2207294857E+041
  2.1505004563E+006  2.2203563398E+041
  2.1522002745E+006  2.2200194779E+041
  2.1539003380E+006  2.2196682195E+041
