  0.0000000000E+000  0.0000000000E+000
  1.7001798029E+003  1.4277622625E+034
  3.4001568884E+003  1.4280709496E+034
  5.1001333292E+003  1.4280709496E+034
  6.8001087489E+003  1.4283772740E+034
  8.5001857391E+003  1.4283772740E+034
  1.0200159638E+004  1.4283772740E+034
  1.1900139156E+004  1.4283772740E+034
  1.3600120086E+004  1.4283772740E+034
  1.5300202427E+004  1.4283772740E+034
  1.7000181693E+004  1.4283772740E+034
  1.8700160066E+004  1.4283772740E+034
  2.0400137645E+004  1.4283772740E+034
  2.2100114349E+004  1.4283772740E+034
  2.3800192365E+004  1.4283772740E+034
  2.5500166738E+004  1.4283772740E+034
  2.7200140388E+004  1.4283772740E+034
  2.8900113039E+004  1.4283772740E+034
  3.0600186860E+004  1.4283772740E+034
  3.2300157404E+004  1.4283772740E+034
  3.4000127070E+004  1.4283772740E+034
  3.5700198324E+004  1.4283772740E+034
  3.7400166770E+004  1.4283772740E+034
  3.9100134901E+004  1.4283772740E+034
  4.0800102947E+004  1.4283772740E+034
  4.2500173381E+004  1.4283772740E+034
  4.4200141745E+004  1.4283772740E+034
  4.5900110273E+004  1.4283772740E+034
  4.7600181050E+004  1.4283772740E+034
  4.9300149174E+004  1.4283772740E+034
  5.1000116576E+004  1.4283772740E+034
  5.2700185429E+004  1.4283772740E+034
  5.4400151161E+004  1.4283772740E+034
  5.6100116061E+004  1.4283772740E+034
  5.7800182407E+004  1.4283772740E+034
  5.9500145635E+004  1.4283772740E+034
  6.1200108027E+004  1.4283772740E+034
  6.2900171867E+004  1.4283772740E+034
  6.4600132586E+004  1.4283772740E+034
  6.6300194751E+004  1.4283772740E+034
  6.8000153795E+004  1.4283772740E+034
  6.9700112000E+004  1.4283772740E+034
  7.1400171653E+004  1.4283772740E+034
  7.3100128182E+004  1.4283772740E+034
  7.4800186159E+004  1.4283772740E+034
  7.6500141014E+004  1.4283772740E+034
  7.8200197314E+004  1.4283772740E+034
  7.9900150494E+004  1.4283772740E+034
  8.1600102835E+004  1.4283772740E+034
  8.3300156626E+004  1.4283772740E+034
  8.5000107297E+004  1.4283772740E+034
  8.6700159417E+004  1.4283772740E+034
  8.8400108417E+004  1.4283772740E+034
  9.0100158866E+004  1.4283772740E+034
  9.1800106192E+004  1.4283772740E+034
  9.3500154961E+004  1.4283772740E+034
  9.5200202890E+004  1.4283772740E+034
  9.6900147693E+004  1.4283772740E+034
  9.8600193941E+004  1.4283772740E+034
  1.0030013706E+005  1.4283772740E+034
  1.0200018163E+005  1.4283772740E+034
  1.0370012307E+005  1.4283772740E+034
  1.0540016595E+005  1.4283772740E+034
  1.0710010570E+005  1.4283772740E+034
  1.0880014690E+005  1.4283772740E+034
  1.1050018726E+005  1.4283772740E+034
  1.1220012448E+005  1.4283772740E+034
  1.1390016316E+005  1.4283772740E+034
  1.1560020098E+005  1.4283772740E+034
  1.1730013569E+005  1.4283772740E+034
  1.1900017183E+005  1.4283772740E+034
  1.2070010485E+005  1.4283772740E+034
  1.2240013931E+005  1.4283772740E+034
  1.2410017293E+005  1.4283772740E+034
  1.2580010343E+005  1.4283772740E+034
  1.2750013536E+005  1.4283772740E+034
  1.2920016646E+005  1.4283772740E+034
  1.3090019671E+005  1.4283772740E+034
  1.3260012385E+005  1.4283772740E+034
  1.3430015243E+005  1.4283772740E+034
  1.3600018017E+005  1.4283772740E+034
  1.3770010479E+005  1.4283772740E+034
  1.3940013086E+005  1.4283772740E+034
  1.4110015609E+005  1.4283772740E+034
  1.4280018048E+005  1.4283772740E+034
  1.4450020403E+005  1.4283772740E+034
  1.4620012445E+005  1.4283772740E+034
  1.4790014632E+005  1.4283772740E+034
  1.4960016733E+005  1.4283772740E+034
  1.5130018747E+005  1.4283772740E+034
  1.5300010444E+005  1.4283772740E+034
  1.5470012281E+005  1.4283772740E+034
  1.5640014028E+005  1.4283772740E+034
  1.5810015684E+005  1.4283772740E+034
  1.5980017249E+005  1.4283772740E+034
  1.6150018723E+005  1.4283772740E+034
  1.6320020105E+005  1.4283772740E+034
  1.6490011167E+005  1.4283772740E+034
  1.6660012366E+005  1.4283772740E+034
  1.6830013473E+005  1.4283772740E+034
  1.7000014488E+005  1.4283772740E+034
  1.7170015413E+005  1.4283772740E+034
  1.7340016247E+005  1.4283772740E+034
  1.7510016991E+005  1.4283772740E+034
  1.7680017646E+005  1.4283772740E+034
  1.7850018211E+005  1.4283772740E+034
  1.8020018690E+005  1.4283772740E+034
  1.8190019080E+005  1.4283772740E+034
  1.8360019385E+005  1.4283772740E+034
  1.8530019603E+005  1.4283772740E+034
  1.8700019737E+005  1.4283772740E+034
  1.8870019786E+005  1.4283772740E+034
  1.9040019752E+005  1.4283772740E+034
  1.9210019635E+005  1.4283772740E+034
  1.9380019437E+005  1.4283772740E+034
  1.9550019157E+005  1.4283772740E+034
  1.9720018796E+005  1.4283772740E+034
  1.9890018355E+005  1.4283772740E+034
  2.0060017834E+005  1.4283772740E+034
  2.0230017233E+005  1.4283772740E+034
  2.0400016554E+005  1.4283772740E+034
  2.0570015795E+005  1.4283772740E+034
  2.0740014957E+005  1.4283772740E+034
  2.0910014041E+005  1.4283772740E+034
  2.1080013046E+005  1.4283772740E+034
  2.1250011972E+005  1.4283772740E+034
  2.1420010819E+005  1.4283772740E+034
  2.1590019815E+005  1.4283772740E+034
  2.1760018503E+005  1.4283772740E+034
  2.1930017112E+005  1.4283772740E+034
  2.2100015641E+005  1.4283772740E+034
  2.2270014091E+005  1.4283772740E+034
  2.2440012460E+005  1.4283772740E+034
  2.2610010749E+005  1.4283772740E+034
  2.2780019186E+005  1.4283772740E+034
  2.2950017313E+005  1.4283772740E+034
  2.3120015359E+005  1.4283772740E+034
  2.3290013323E+005  1.4283772740E+034
  2.3460011205E+005  1.4283772740E+034
  2.3630019232E+005  1.4283772740E+034
  2.3800016947E+005  1.4283772740E+034
  2.3970014579E+005  1.4283772740E+034
  2.4140012127E+005  1.4283772740E+034
  2.4310019817E+005  1.4283772740E+034
  2.4480017196E+005  1.4283772740E+034
  2.4650014490E+005  1.4283772740E+034
  2.4820011699E+005  1.4283772740E+034
  2.4990019051E+005  1.4283772740E+034
  2.5160016091E+005  1.4283772740E+034
  2.5330013047E+005  1.4283772740E+034
  2.5500020146E+005  1.4283772740E+034
  2.5670016933E+005  1.4283772740E+034
  2.5840013635E+005  1.4283772740E+034
  2.6010010252E+005  1.4283772740E+034
  2.6180017013E+005  1.4283772740E+034
  2.6350013462E+005  1.4283772740E+034
  2.6520020053E+005  1.4283772740E+034
  2.6690016333E+005  1.4283772740E+034
  2.6860012528E+005  1.4283772740E+034
  2.7030018866E+005  1.4283772740E+034
  2.7200014892E+005  1.4283772740E+034
  2.7370010833E+005  1.4283772740E+034
  2.7540016918E+005  1.4283772740E+034
  2.7710012690E+005  1.4283772740E+034
  2.7880018606E+005  1.4283772740E+034
  2.8050014209E+005  1.4283772740E+034
  2.8220019955E+005  1.4283772740E+034
  2.8390015389E+005  1.4283772740E+034
  2.8560010738E+005  1.4283772740E+034
  2.8730016230E+005  1.4283772740E+034
  2.8900011409E+005  1.4283772740E+034
  2.9070016732E+005  1.4283772740E+034
  2.9240011742E+005  1.4283772740E+034
  2.9410016895E+005  1.4283772740E+034
  2.9580011736E+005  1.4283772740E+034
  2.9750016720E+005  1.4283772740E+034
  2.9920011391E+005  1.4283772740E+034
  3.0090016205E+005  1.4283772740E+034
  3.0260010707E+005  1.4283772740E+034
  3.0430015352E+005  1.4283772740E+034
  3.0600019913E+005  1.4283772740E+034
  3.0770014161E+005  1.4283772740E+034
  3.0940018552E+005  1.4283772740E+034
  3.1110012631E+005  1.4283772740E+034
  3.1280016853E+005  1.4283772740E+034
  3.1450010762E+005  1.4283772740E+034
  3.1620014815E+005  1.4283772740E+034
  3.1790018782E+005  1.4283772740E+034
  3.1960012437E+005  1.4283772740E+034
  3.2130016235E+005  1.4283772740E+034
  3.2300019947E+005  1.4283772740E+034
  3.2470013348E+005  1.4283772740E+034
  3.2640016891E+005  1.4283772740E+034
  3.2810020350E+005  1.4283772740E+034
  3.2980013496E+005  1.4283772740E+034
  3.3150016785E+005  1.4283772740E+034
  3.3320019990E+005  1.4283772740E+034
  3.3490012882E+005  1.4283772740E+034
  3.3660015918E+005  1.4283772740E+034
  3.3830018869E+005  1.4283772740E+034
  3.4000011507E+005  1.4283772740E+034
  3.4170014289E+005  1.4283772740E+034
  3.4340016986E+005  1.4283772740E+034
  3.4510019598E+005  1.4283772740E+034
  3.4680011897E+005  1.4283772740E+034
  3.4850014339E+005  1.4283772740E+034
  3.5020016697E+005  1.4283772740E+034
  3.5190018969E+005  1.4283772740E+034
  3.5360010930E+005  1.4283772740E+034
  3.5530013033E+005  1.4283772740E+034
  3.5700015051E+005  1.4283772740E+034
  3.5870016985E+005  1.4283772740E+034
  3.6040018834E+005  1.4283772740E+034
  3.6210010371E+005  1.4283772740E+034
  3.6380012050E+005  1.4283772740E+034
  3.6550013645E+005  1.4283772740E+034
  3.6720015156E+005  1.4283772740E+034
  3.6890016581E+005  1.4283772740E+034
  3.7060017922E+005  1.4283772740E+034
  3.7230019178E+005  1.4283772740E+034
  3.7400020349E+005  1.4283772740E+034
  3.7570011208E+005  1.4283772740E+034
  3.7740012210E+005  1.4283772740E+034
  3.7910013127E+005  1.4283772740E+034
  3.8080013959E+005  1.4283772740E+034
  3.8250014706E+005  1.4283772740E+034
  3.8420015368E+005  1.4283772740E+034
  3.8590015946E+005  1.4283772740E+034
  3.8760016438E+005  1.4283772740E+034
  3.8930016846E+005  1.4283772740E+034
  3.9100017170E+005  1.4283772740E+034
  3.9270017408E+005  1.4283772740E+034
  3.9440017562E+005  1.4283772740E+034
  3.9610017632E+005  1.4283772740E+034
  3.9780017617E+005  1.4283772740E+034
  3.9950017517E+005  1.4283772740E+034
  4.0120017332E+005  1.4283772740E+034
  4.0290017063E+005  1.4283772740E+034
  4.0460016708E+005  1.4283772740E+034
  4.0630016268E+005  1.4283772740E+034
  4.0800015743E+005  1.4283772740E+034
  4.0970015133E+005  1.4283772740E+034
  4.1140014437E+005  1.4283772740E+034
  4.1310013657E+005  1.4283772740E+034
  4.1480012791E+005  1.4283772740E+034
  4.1650011840E+005  1.4283772740E+034
  4.1820010804E+005  1.4283772740E+034
  4.1990019909E+005  1.4283772740E+034
  4.2160018702E+005  1.4283772740E+034
  4.2330017410E+005  1.4283772740E+034
  4.2500016031E+005  1.4283772740E+034
  4.2670014567E+005  1.4283772740E+034
  4.2840013017E+005  1.4283772740E+034
  4.3010011382E+005  1.4283772740E+034
  4.3180019888E+005  1.4283772740E+034
  4.3350018081E+005  1.4283772740E+034
  4.3520016189E+005  1.4283772740E+034
  4.3690014211E+005  1.4283772740E+034
  4.3860012147E+005  1.4283772740E+034
  4.4030020225E+005  1.4283772740E+034
  4.4200017989E+005  1.4283772740E+034
  4.4370015669E+005  1.4283772740E+034
  4.4540013262E+005  1.4283772740E+034
  4.4710010770E+005  1.4283772740E+034
  4.4880018420E+005  1.4283772740E+034
  4.5050015756E+005  1.4283772740E+034
  4.5220013008E+005  1.4283772740E+034
  4.5390020401E+005  1.4283772740E+034
  4.5560017481E+005  1.4283772740E+034
  4.5730014476E+005  1.4283772740E+034
  4.5900011385E+005  1.4283772740E+034
  4.6070018437E+005  1.4283772740E+034
  4.6240015175E+005  1.4283772740E+034
  4.6410011829E+005  1.4283772740E+034
  4.6580018624E+005  1.4283772740E+034
  4.6750015108E+005  1.4283772740E+034
  4.6920011506E+005  1.4283772740E+034
  4.7090018046E+005  1.4283772740E+034
  4.7260014274E+005  1.4283772740E+034
  4.7430010417E+005  1.4283772740E+034
  4.7600016703E+005  1.4283772740E+034
  4.7770012676E+005  1.4283772740E+034
  4.7940018792E+005  1.4283772740E+034
  4.8110014596E+005  1.4283772740E+034
  4.8280010315E+005  1.4283772740E+034
  4.8450016177E+005  1.4283772740E+034
  4.8620011727E+005  1.4283772740E+034
  4.8790017419E+005  1.4283772740E+034
  4.8960012799E+005  1.4283772740E+034
  4.9130018321E+005  1.4283772740E+034
  4.9300013532E+005  1.4283772740E+034
  4.9470018885E+005  1.4283772740E+034
  4.9640013926E+005  1.4283772740E+034
  4.9810019109E+005  1.4283772740E+034
  4.9980013980E+005  1.4283772740E+034
  5.0150018994E+005  1.4283772740E+034
  5.0320013696E+005  1.4283772740E+034
  5.0490018540E+005  1.4283772740E+034
  5.0660013072E+005  1.4283772740E+034
  5.0830017746E+005  1.4283772740E+034
  5.1000012109E+005  1.4283772740E+034
  5.1170016614E+005  1.4283772740E+034
  5.1340010807E+005  1.4283772740E+034
  5.1510015143E+005  1.4286812535E+034
  5.1680019393E+005  1.4286812535E+034
  5.1850013332E+005  1.4286812535E+034
  5.2020017413E+005  1.4286812535E+034
  5.2190011183E+005  1.4286812535E+034
  5.2360015095E+005  1.4286812535E+034
  5.2530018922E+005  1.4286812535E+034
  5.2700012437E+005  1.4286812535E+034
  5.2870016095E+005  1.4286812535E+034
  5.3040019667E+005  1.4286812535E+034
  5.3210012929E+005  1.4286812535E+034
  5.3380016332E+005  1.4286812535E+034
  5.3550019651E+005  1.4286812535E+034
  5.3720012659E+005  1.4286812535E+034
  5.3890015809E+005  1.4286812535E+034
  5.4060018874E+005  1.4286812535E+034
  5.4230011627E+005  1.4286812535E+034
  5.4400014523E+005  1.4286812535E+034
  5.4570017333E+005  1.4286812535E+034
  5.4740020059E+005  1.4286812535E+034
  5.4910012473E+005  1.4286812535E+034
  5.5080015029E+005  1.4286812535E+034
  5.5250017500E+005  1.4286812535E+034
  5.5420019886E+005  1.4286812535E+034
  5.5590011960E+005  1.4286812535E+034
  5.5760014176E+005  1.4286812535E+034
  5.5930016307E+005  1.4286812535E+034
  5.6100018354E+005  1.4286812535E+034
  5.6270020315E+005  1.4286812535E+034
  5.6440011964E+005  1.4286812535E+034
  5.6610013756E+005  1.4286812535E+034
  5.6780015462E+005  1.4286812535E+034
  5.6950017084E+005  1.4286812535E+034
  5.7120018620E+005  1.4286812535E+034
  5.7290020071E+005  1.4286812535E+034
  5.7460011210E+005  1.4286812535E+034
  5.7630012491E+005  1.4286812535E+034
  5.7800013686E+005  1.4286812535E+034
  5.7970014796E+005  1.4286812535E+034
  5.8140015821E+005  1.4286812535E+034
  5.8310016760E+005  1.4286812535E+034
  5.8480017614E+005  1.4286812535E+034
  5.8650018383E+005  1.4286812535E+034
  5.8820019067E+005  1.4286812535E+034
  5.8990019665E+005  1.4286812535E+034
  5.9160020179E+005  1.4286812535E+034
  5.9330010380E+005  1.4286812535E+034
  5.9500010723E+005  1.4286812535E+034
  5.9670010980E+005  1.4286812535E+034
  5.9840011152E+005  1.4286812535E+034
  6.0010011239E+005  1.4286812535E+034
  6.0180011241E+005  1.4286812535E+034
  6.0350011158E+005  1.4286812535E+034
  6.0520010989E+005  1.4286812535E+034
  6.0690010736E+005  1.4286812535E+034
  6.0860010397E+005  1.4286812535E+034
  6.1030020199E+005  1.4286812535E+034
  6.1200019690E+005  1.4286812535E+034
  6.1370019096E+005  1.4286812535E+034
  6.1540018416E+005  1.4286812535E+034
  6.1710017651E+005  1.4286812535E+034
  6.1880016801E+005  1.4286812535E+034
  6.2050015866E+005  1.4286812535E+034
  6.2220014846E+005  1.4286812535E+034
  6.2390013741E+005  1.4286812535E+034
  6.2560012551E+005  1.4286812535E+034
  6.2730011276E+005  1.4286812535E+034
  6.2900020142E+005  1.4286812535E+034
  6.3070018696E+005  1.4286812535E+034
  6.3240017165E+005  1.4286812535E+034
  6.3410015549E+005  1.4286812535E+034
  6.3580013847E+005  1.4286812535E+034
  6.3750012061E+005  1.4286812535E+034
  6.3920020415E+005  1.4286812535E+034
  6.4090018458E+005  1.4286812535E+034
  6.4260016415E+005  1.4286812535E+034
  6.4430014287E+005  1.4286812535E+034
  6.4600012073E+005  1.4286812535E+034
  6.4770020001E+005  1.4286812535E+034
  6.4940017618E+005  1.4286812535E+034
  6.5110015148E+005  1.4286812535E+034
  6.5280012594E+005  1.4286812535E+034
  6.5450020180E+005  1.4286812535E+034
  6.5620017455E+005  1.4286812535E+034
  6.5790014644E+005  1.4286812535E+034
  6.5960011747E+005  1.4286812535E+034
  6.6130018992E+005  1.4286812535E+034
  6.6300015925E+005  1.4286812535E+034
  6.6470012772E+005  1.4286812535E+034
  6.6640019761E+005  1.4286812535E+034
  6.6810016438E+005  1.4286812535E+034
  6.6980013029E+005  1.4286812535E+034
  6.7150019762E+005  1.4286812535E+034
  6.7320016183E+005  1.4286812535E+034
  6.7490012519E+005  1.4286812535E+034
  6.7660018996E+005  1.4286812535E+034
  6.7830015162E+005  1.4286812535E+034
  6.8000011242E+005  1.4286812535E+034
  6.8170017464E+005  1.4286812535E+034
  6.8340013373E+005  1.4286812535E+034
  6.8510019424E+005  1.4286812535E+034
  6.8680015163E+005  1.4286812535E+034
  6.8850010816E+005  1.4286812535E+034
  6.9020016611E+005  1.4286812535E+034
  6.9190012093E+005  1.4286812535E+034
  6.9360017717E+005  1.4286812535E+034
  6.9530013029E+005  1.4286812535E+034
  6.9700018482E+005  1.4207004652E+034
  6.9870013622E+005  1.4210632060E+034
  7.0040018904E+005  1.4214231702E+034
  7.0210013874E+005  1.4214231702E+034
  7.0380018986E+005  1.4217803791E+034
  7.0550013785E+005  1.4217803791E+034
  7.0720018726E+005  1.4217803791E+034
  7.0890013355E+005  1.4221348538E+034
  7.1060018125E+005  1.4221348538E+034
  7.1230012584E+005  1.4221348538E+034
  7.1400017183E+005  1.4221348538E+034
  7.1570011470E+005  1.4221348538E+034
  7.1740015898E+005  1.4221348538E+034
  7.1910020241E+005  1.4224866153E+034
  7.2080014271E+005  1.4224866153E+034
  7.2250018443E+005  1.4224866153E+034
  7.2420012303E+005  1.4224866153E+034
  7.2590016304E+005  1.4224866153E+034
  7.2760020220E+005  1.4224866153E+034
  7.2930013824E+005  1.4221348538E+034
  7.3100017569E+005  1.4221348538E+034
  7.3270011002E+005  1.4221348538E+034
  7.3440014576E+005  1.4221348538E+034
  7.3610018064E+005  1.4221348538E+034
  7.3780011241E+005  1.4221348538E+034
  7.3950014559E+005  1.4221348538E+034
  7.4120017791E+005  1.4224866153E+034
  7.4290010712E+005  1.4224866153E+034
  7.4460013773E+005  1.4224866153E+034
  7.4630016749E+005  1.4224866153E+034
  7.4800019640E+005  1.4224866153E+034
  7.4970012218E+005  1.4224866153E+034
  7.5140014938E+005  1.4224866153E+034
  7.5310017572E+005  1.4228356842E+034
  7.5480020121E+005  1.4228356842E+034
  7.5650012357E+005  1.4228356842E+034
  7.5820014735E+005  1.4228356842E+034
  7.5990017028E+005  1.4228356842E+034
  7.6160019234E+005  1.4231820812E+034
  7.6330011129E+005  1.4231820812E+034
  7.6500013165E+005  1.4231820812E+034
  7.6670015115E+005  1.4231820812E+034
  7.6840016980E+005  1.4231820812E+034
  7.7010018759E+005  1.4235258267E+034
  7.7180020452E+005  1.4235258267E+034
  7.7350011834E+005  1.4235258267E+034
  7.7520013356E+005  1.4235258267E+034
  7.7690014793E+005  1.4235258267E+034
  7.7860016145E+005  1.4235258267E+034
  7.8030017411E+005  1.4235258267E+034
  7.8200018592E+005  1.4238669411E+034
  7.8370019687E+005  1.4238669411E+034
  7.8540010470E+005  1.4238669411E+034
  7.8710011394E+005  1.4238669411E+034
  7.8880012233E+005  1.4238669411E+034
  7.9050012986E+005  1.4238669411E+034
  7.9220013653E+005  1.4238669411E+034
  7.9390014235E+005  1.4238669411E+034
  7.9560014732E+005  1.4242054445E+034
  7.9730015144E+005  1.4242054445E+034
  7.9900015470E+005  1.4242054445E+034
  8.0070015710E+005  1.4242054445E+034
  8.0240015866E+005  1.4242054445E+034
  8.0410015936E+005  1.4242054445E+034
  8.0580015920E+005  1.4242054445E+034
  8.0750015820E+005  1.4242054445E+034
  8.0920015634E+005  1.4242054445E+034
  8.1090015363E+005  1.4242054445E+034
  8.1260015006E+005  1.4242054445E+034
  8.1430014563E+005  1.4245413569E+034
  8.1600014035E+005  1.4245413569E+034
  8.1770013422E+005  1.4248746980E+034
  8.1940012722E+005  1.4248746980E+034
  8.2110011938E+005  1.4248746980E+034
  8.2280011067E+005  1.4245413569E+034
  8.2450020338E+005  1.4245413569E+034
  8.2620019297E+005  1.4245413569E+034
