  0.0000000000E+000  0.0000000000E+000
  1.7002655630E+003  7.9188357770E+040
  3.4001839013E+003  7.9188357770E+040
  5.1002352873E+003  7.9188357770E+040
  6.8002194318E+003  7.9188357770E+040
  8.5002299793E+003  7.9188357770E+040
  1.0200298097E+004  7.8328278844E+040
  1.1900300845E+004  7.8328278844E+040
  1.3600229282E+004  7.8328278844E+040
  1.5300305033E+004  7.8328278844E+040
  1.7000224796E+004  7.8328278844E+040
  1.8700282751E+004  7.8328278844E+040
  2.0400240951E+004  7.7481386463E+040
  2.2100214185E+004  7.7481386463E+040
  2.3800181288E+004  7.7481386463E+040
  2.5500289168E+004  7.7481386463E+040
  2.7200202419E+004  7.7481386463E+040
  2.8900223247E+004  7.7481386463E+040
  3.0600268357E+004  7.6641874177E+040
  3.2300292163E+004  7.6641874177E+040
  3.4000262004E+004  7.6641874177E+040
  3.5700221691E+004  7.6641874177E+040
  3.7400251580E+004  7.6641874177E+040
  3.9100309675E+004  7.6641874177E+040
  4.0800216051E+004  7.5814243456E+040
  4.2500309713E+004  7.5814243456E+040
  4.4200323121E+004  7.5814243456E+040
  4.5900278744E+004  7.5814243456E+040
  4.7600281035E+004  7.5814243456E+040
  4.9300180460E+004  7.5814243456E+040
  5.1000186976E+004  7.5000572105E+040
  5.2700195055E+004  7.5000572105E+040
  5.4400275525E+004  7.5000572105E+040
  5.6100236419E+004  7.5000572105E+040
  5.7800302019E+004  7.5000572105E+040
  5.9500179039E+004  7.5000572105E+040
  6.1200252122E+004  7.4208363536E+040
  6.2900245944E+004  7.4208363536E+040
  6.4600288746E+004  7.4208363536E+040
  6.6300164775E+004  7.4208363536E+040
  6.8000282677E+004  7.4208363536E+040
  6.9700200471E+004  7.4208363536E+040
  7.1400198782E+004  7.3438862730E+040
  7.3100191144E+004  7.3438862730E+040
  7.4800239000E+004  7.3438862730E+040
  7.6500287043E+004  7.3438862730E+040
  7.8200241974E+004  7.3438862730E+040
  7.9900169927E+004  7.3438862730E+040
  8.1600274067E+004  7.2707345333E+040
  8.3300220850E+004  7.2707345333E+040
  8.5000212123E+004  7.2707345333E+040
  8.6700178054E+004  7.2707345333E+040
  8.8400272015E+004  7.2707345333E+040
  9.0100165062E+004  7.1976449990E+040
  9.1800254589E+004  7.1976449990E+040
  9.3500322953E+004  7.1976449990E+040
  9.5200219769E+004  7.1976449990E+040
  9.6900242670E+004  7.1976449990E+040
  9.8600278640E+004  7.1976449990E+040
  1.0030028306E+005  7.1274455946E+040
  1.0200030268E+005  7.1274455946E+040
  1.0370024147E+005  7.1274455946E+040
  1.0540023826E+005  7.1274455946E+040
  1.0710017791E+005  7.1274455946E+040
  1.0880018096E+005  7.1274455946E+040
  1.1050021066E+005  7.0565443066E+040
  1.1220024947E+005  7.0565443066E+040
  1.1390028347E+005  7.0565443066E+040
  1.1560019488E+005  7.0565443066E+040
  1.1730028064E+005  7.0565443066E+040
  1.1900025374E+005  7.0565443066E+040
  1.2070020986E+005  6.9837361407E+040
  1.2240026033E+005  6.9837361407E+040
  1.2410028116E+005  6.9837361407E+040
  1.2580024374E+005  6.9837361407E+040
  1.2750019462E+005  6.9837361407E+040
  1.2920029574E+005  6.9837361407E+040
  1.3090021437E+005  6.9101992983E+040
  1.3260029009E+005  6.9101992983E+040
  1.3430019311E+005  6.9101992983E+040
  1.3600027294E+005  6.9101992983E+040
  1.3770022784E+005  6.9101992983E+040
  1.3940025100E+005  6.9101992983E+040
  1.4110019774E+005  6.8389743339E+040
  1.4280032683E+005  6.8389743339E+040
  1.4450016379E+005  6.8389743339E+040
  1.4620017085E+005  6.8389743339E+040
  1.4790018530E+005  6.8389743339E+040
  1.4960025918E+005  6.8389743339E+040
  1.5130016863E+005  6.7689808909E+040
  1.5300025590E+005  6.7689808909E+040
  1.5470032639E+005  6.7689808909E+040
  1.5640019998E+005  6.7689808909E+040
  1.5810020805E+005  6.7689808909E+040
  1.5980017844E+005  6.7689808909E+040
  1.6150030720E+005  6.7007243999E+040
  1.6320025432E+005  6.7007243999E+040
  1.6490020100E+005  6.7007243999E+040
  1.6660030155E+005  6.7007243999E+040
  1.6830021675E+005  6.7007243999E+040
  1.7000016708E+005  6.6308622557E+040
  1.7170031553E+005  6.6308622557E+040
  1.7340019145E+005  6.6308622557E+040
  1.7510028795E+005  6.6308622557E+040
  1.7680023057E+005  6.6308622557E+040
  1.7850020705E+005  6.6308622557E+040
  1.8020020978E+005  6.5607400802E+040
  1.8190022352E+005  6.5607400802E+040
  1.8360026316E+005  6.5607400802E+040
  1.8530031167E+005  6.5607400802E+040
  1.8700020818E+005  6.5607400802E+040
  1.8870024608E+005  6.5607400802E+040
  1.9040026683E+005  6.4928000996E+040
  1.9210025932E+005  6.4928000996E+040
  1.9380022335E+005  6.4928000996E+040
  1.9550020070E+005  6.4928000996E+040
  1.9720032020E+005  6.4928000996E+040
  1.9890026040E+005  6.4928000996E+040
  2.0060020237E+005  6.4254728281E+040
  2.0230030046E+005  6.4254728281E+040
  2.0400027365E+005  6.4254728281E+040
  2.0570027542E+005  6.4254728281E+040
  2.0740030660E+005  6.4254728281E+040
  2.0910022028E+005  6.4254728281E+040
  2.1080032153E+005  6.3594708304E+040
  2.1250029013E+005  6.3594708304E+040
  2.1420026945E+005  6.3594708304E+040
  2.1590027041E+005  6.3594708304E+040
  2.1760028940E+005  6.3594708304E+040
  2.1930031366E+005  6.3594708304E+040
  2.2100018646E+005  6.2921800970E+040
  2.2270019362E+005  6.2921800970E+040
  2.2440019230E+005  6.2921800970E+040
  2.2610018059E+005  6.2921800970E+040
  2.2780031060E+005  6.2921800970E+040
  2.2950027481E+005  6.2921800970E+040
  2.3120021795E+005  6.2268241582E+040
  2.3290032153E+005  6.2268241582E+040
  2.3460026950E+005  6.2268241582E+040
  2.3630022139E+005  6.2268241582E+040
  2.3800019268E+005  6.2268241582E+040
  2.3970018580E+005  6.2268241582E+040
  2.4140021991E+005  6.1625921714E+040
  2.4310028771E+005  6.1625921714E+040
  2.4480020969E+005  6.1625921714E+040
  2.4650016496E+005  6.1625921714E+040
  2.4820028840E+005  6.1625921714E+040
  2.4990027515E+005  6.1625921714E+040
  2.5160027745E+005  6.0988499591E+040
  2.5330027283E+005  6.0988499591E+040
  2.5500027923E+005  6.0988499591E+040
  2.5670027280E+005  6.0988499591E+040
  2.5840026032E+005  6.0988499591E+040
  2.6010023026E+005  6.0368184413E+040
  2.6180018210E+005  6.0368184413E+040
  2.6350029146E+005  6.0368184413E+040
  2.6520023024E+005  6.0368184413E+040
  2.6690017562E+005  6.0368184413E+040
  2.6860027879E+005  6.0368184413E+040
  2.7030022343E+005  5.9750379238E+040
  2.7200019520E+005  5.9750379238E+040
  2.7370018521E+005  5.9750379238E+040
  2.7540021549E+005  5.9750379238E+040
  2.7710026685E+005  5.9750379238E+040
  2.7880017370E+005  5.9750379238E+040
  2.8050027735E+005  5.9139634307E+040
  2.8220022581E+005  5.9139634307E+040
  2.8390018963E+005  5.9139634307E+040
  2.8560032688E+005  5.9139634307E+040
  2.8730030529E+005  5.9139634307E+040
  2.8900029163E+005  5.9139634307E+040
  2.9070026513E+005  5.8537013508E+040
  2.9240023109E+005  5.8537013508E+040
  2.9410017522E+005  5.8537013508E+040
  2.9580027825E+005  5.8537013508E+040
  2.9750021981E+005  5.8537013508E+040
  2.9920030863E+005  5.8537013508E+040
  3.0090024160E+005  5.7947581791E+040
  3.0260017187E+005  5.7947581791E+040
  3.0430027717E+005  5.7947581791E+040
  3.0600024516E+005  5.7947581791E+040
  3.0770022732E+005  5.7947581791E+040
  3.0940023970E+005  5.7947581791E+040
  3.1110027969E+005  5.7343739021E+040
  3.1280017775E+005  5.7343739021E+040
  3.1450025977E+005  5.7343739021E+040
  3.1620018454E+005  5.7343739021E+040
  3.1790029346E+005  5.7343739021E+040
  3.1960024394E+005  5.7343739021E+040
  3.2130020716E+005  5.6762421585E+040
  3.2300016770E+005  5.6762421585E+040
  3.2470027659E+005  5.6762421585E+040
  3.2640022131E+005  5.6762421585E+040
  3.2810031492E+005  5.6762421585E+040
  3.2980024067E+005  5.6762421585E+040
  3.3150032611E+005  5.6184418309E+040
  3.3320023817E+005  5.6184418309E+040
  3.3490032227E+005  5.6184418309E+040
  3.3660024765E+005  5.6184418309E+040
  3.3830017940E+005  5.6184418309E+040
  3.4000029439E+005  5.5619254583E+040
  3.4170026474E+005  5.5619254583E+040
  3.4340027081E+005  5.5619254583E+040
  3.4510029315E+005  5.5619254583E+040
  3.4680017362E+005  5.5619254583E+040
  3.4850023039E+005  5.5619254583E+040
  3.5020029878E+005  5.5060544466E+040
  3.5190022791E+005  5.5060544466E+040
  3.5360032256E+005  5.5060544466E+040
  3.5530025690E+005  5.5060544466E+040
  3.5700019354E+005  5.5060544466E+040
  3.5870028134E+005  5.5060544466E+040
  3.6040020559E+005  5.4503198482E+040
  3.6210027905E+005  5.4503198482E+040
  3.6380018500E+005  5.4503198482E+040
  3.6550025084E+005  5.4503198482E+040
  3.6720031759E+005  5.4503198482E+040
  3.6890022585E+005  5.4503198482E+040
  3.7060029199E+005  5.3952055929E+040
  3.7230021377E+005  5.3952055929E+040
  3.7400031567E+005  5.3952055929E+040
  3.7570027828E+005  5.3952055929E+040
  3.7740026798E+005  5.3952055929E+040
  3.7910026777E+005  5.3952055929E+040
  3.8080028862E+005  5.3422740452E+040
  3.8250016617E+005  5.3422740452E+040
  3.8420021647E+005  5.3422740452E+040
  3.8590028503E+005  5.3422740452E+040
  3.8760018918E+005  5.3422740452E+040
  3.8930026612E+005  5.3422740452E+040
  3.9100017545E+005  5.2885209870E+040
  3.9270024355E+005  5.2885209870E+040
  3.9440030436E+005  5.2885209870E+040
  3.9610019141E+005  5.2885209870E+040
  3.9780024617E+005  5.2885209870E+040
  3.9950029532E+005  5.2885209870E+040
  4.0120017802E+005  5.2359489082E+040
  4.0290022944E+005  5.2359489082E+040
  4.0460028123E+005  5.2359489082E+040
  4.0630019133E+005  5.2359489082E+040
  4.0800028277E+005  5.2359489082E+040
  4.0970022353E+005  5.2359489082E+040
  4.1140019104E+005  5.1839242681E+040
  4.1310017226E+005  5.1839242681E+040
  4.1480017826E+005  5.1839242681E+040
  4.1650019395E+005  5.1839242681E+040
  4.1820022399E+005  5.1839242681E+040
  4.1990026300E+005  5.1839242681E+040
  4.2160030877E+005  5.1325528894E+040
  4.2330019947E+005  5.1325528894E+040
  4.2500024489E+005  5.1325528894E+040
  4.2670028605E+005  5.1325528894E+040
  4.2840032662E+005  5.1325528894E+040
  4.3010019298E+005  5.0819533616E+040
  4.3180022781E+005  5.0819533616E+040
  4.3350025271E+005  5.0819533616E+040
  4.3520027840E+005  5.0819533616E+040
  4.3690031287E+005  5.0819533616E+040
  4.3860018937E+005  5.0819533616E+040
  4.4030024476E+005  5.0322438904E+040
  4.4200031086E+005  5.0322438904E+040
  4.4370023593E+005  5.0322438904E+040
  4.4540018312E+005  5.0322438904E+040
  4.4710031093E+005  5.0322438904E+040
  4.4880029218E+005  5.0322438904E+040
  4.5050028228E+005  4.9829087064E+040
  4.5220028679E+005  4.9829087064E+040
  4.5390030617E+005  4.9829087064E+040
  4.5560032493E+005  4.9829087064E+040
  4.5730018844E+005  4.9829087064E+040
  4.5900020651E+005  4.9829087064E+040
  4.6070022587E+005  4.9341661143E+040
  4.6240024145E+005  4.9341661143E+040
  4.6410024983E+005  4.9341661143E+040
  4.6580025620E+005  4.9341661143E+040
  4.6750026012E+005  4.9341661143E+040
  4.6920027040E+005  4.9341661143E+040
  4.7090028353E+005  4.8863117523E+040
  4.7260030166E+005  4.8863117523E+040
  4.7430017255E+005  4.8863117523E+040
  4.7600021887E+005  4.8863117523E+040
  4.7770029174E+005  4.8863117523E+040
  4.7940021753E+005  4.8863117523E+040
  4.8110031744E+005  4.8391455429E+040
  4.8280027627E+005  4.8391455429E+040
  4.8450024253E+005  4.8391455429E+040
  4.8620022629E+005  4.8391455429E+040
  4.8790021559E+005  4.8391455429E+040
  4.8960020886E+005  4.8391455429E+040
  4.9130020617E+005  4.7919963347E+040
  4.9300020137E+005  4.7919963347E+040
  4.9470019592E+005  4.7919963347E+040
  4.9640018222E+005  4.7919963347E+040
  4.9810016451E+005  4.7919963347E+040
  4.9980031385E+005  4.7919963347E+040
  5.0150029484E+005  4.7461179590E+040
  5.0320028349E+005  4.7461179590E+040
  5.0490027190E+005  4.7461179590E+040
  5.0660026889E+005  4.7461179590E+040
  5.0830028467E+005  4.7461179590E+040
  5.1000031273E+005  4.7004218566E+040
  5.1170019639E+005  4.7004218566E+040
  5.1340025900E+005  4.7004218566E+040
  5.1510017487E+005  4.7004218566E+040
  5.1680027233E+005  4.7004218566E+040
  5.1850021542E+005  4.7004218566E+040
  5.2020017010E+005  4.6557700590E+040
  5.2190029287E+005  4.6557700590E+040
  5.2360026073E+005  4.6557700590E+040
  5.2530023369E+005  4.6557700590E+040
  5.2700019903E+005  4.6557700590E+040
  5.2870016648E+005  4.6557700590E+040
  5.3040028766E+005  4.6112551070E+040
  5.3210024762E+005  4.6112551070E+040
  5.3380020901E+005  4.6112551070E+040
  5.3550016512E+005  4.6112551070E+040
  5.3720029105E+005  4.6112551070E+040
  5.3890025792E+005  4.6112551070E+040
  5.4060023548E+005  4.5675831642E+040
  5.4230022668E+005  4.5675831642E+040
  5.4400022905E+005  4.5675831642E+040
  5.4570025278E+005  4.5675831642E+040
  5.4740029099E+005  4.5675831642E+040
  5.4910018579E+005  4.5675831642E+040
  5.5080025471E+005  4.5244630632E+040
  5.5250016702E+005  4.5244630632E+040
  5.5420025910E+005  4.5244630632E+040
  5.5590019241E+005  4.5244630632E+040
  5.5760029790E+005  4.5244630632E+040
  5.5930024009E+005  4.5244630632E+040
  5.6100017647E+005  4.4808841449E+040
  5.6270027746E+005  4.4808841449E+040
  5.6440021147E+005  4.4808841449E+040
  5.6610030906E+005  4.4808841449E+040
  5.6780024002E+005  4.4808841449E+040
  5.6950017203E+005  4.4808841449E+040
  5.7120027483E+005  4.4387915282E+040
  5.7290021622E+005  4.4387915282E+040
  5.7460017028E+005  4.4387915282E+040
  5.7630029728E+005  4.4387915282E+040
  5.7800027643E+005  4.4387915282E+040
  5.7970027841E+005  4.4387915282E+040
  5.8140029090E+005  4.3974438546E+040
  5.8310031946E+005  4.3974438546E+040
  5.8480019577E+005  4.3974438546E+040
  5.8650024569E+005  4.3974438546E+040
  5.8820031189E+005  4.3974438546E+040
  5.8990021646E+005  4.3974438546E+040
  5.9160029089E+005  4.3566145950E+040
  5.9330020009E+005  4.3566145950E+040
  5.9500027379E+005  4.3566145950E+040
  5.9670018394E+005  4.3566145950E+040
  5.9840025153E+005  4.3566145950E+040
  6.0010032125E+005  4.3155040611E+040
  6.0180022435E+005  4.3155040611E+040
  6.0350029497E+005  4.3155040611E+040
  6.0520020864E+005  4.3155040611E+040
  6.0690028584E+005  4.3155040611E+040
  6.0860021370E+005  4.3155040611E+040
  6.1030031714E+005  4.2761146386E+040
  6.1200027295E+005  4.2761146386E+040
  6.1370024574E+005  4.2761146386E+040
  6.1540022930E+005  4.2761146386E+040
  6.1710022973E+005  4.2761146386E+040
  6.1880024152E+005  4.2761146386E+040
  6.2050026784E+005  4.2365825831E+040
  6.2220030028E+005  4.2365825831E+040
  6.2390017337E+005  4.2365825831E+040
  6.2560021809E+005  4.2365825831E+040
  6.2730026177E+005  4.2365825831E+040
  6.2900030732E+005  4.2365825831E+040
  6.3070018670E+005  4.1971563569E+040
  6.3240022298E+005  4.1971563569E+040
  6.3410026503E+005  4.1971563569E+040
  6.3580030476E+005  4.1971563569E+040
  6.3750018466E+005  4.1971563569E+040
  6.3920023095E+005  4.1971563569E+040
  6.4090028297E+005  4.1581223427E+040
  6.4260018501E+005  4.1581223427E+040
  6.4430026167E+005  4.1581223427E+040
  6.4600018972E+005  4.1581223427E+040
  6.4770029568E+005  4.1581223427E+040
  6.4940025139E+005  4.1581223427E+040
  6.5110022646E+005  4.1209399511E+040
  6.5280020887E+005  4.1209399511E+040
  6.5450020252E+005  4.1209399511E+040
  6.5620020379E+005  4.1209399511E+040
  6.5790021022E+005  4.1209399511E+040
  6.5960022687E+005  4.1209399511E+040
  6.6130023936E+005  4.0829954560E+040
  6.6300025230E+005  4.0829954560E+040
  6.6470026173E+005  4.0829954560E+040
  6.6640027166E+005  4.0829954560E+040
  6.6810028346E+005  4.0829954560E+040
  6.6980029362E+005  4.0829954560E+040
  6.7150030752E+005  4.0456771467E+040
  6.7320032467E+005  4.0456771467E+040
  6.7490018678E+005  4.0456771467E+040
  6.7660022566E+005  4.0456771467E+040
  6.7830027051E+005  4.0456771467E+040
  6.8000017138E+005  4.0092722549E+040
  6.8170024847E+005  4.0092722549E+040
  6.8340017764E+005  4.0092722549E+040
  6.8510028476E+005  4.0092722549E+040
  6.8680023422E+005  4.0092722549E+040
  6.8850019692E+005  4.0092722549E+040
  6.9020016762E+005  3.9726649921E+040
  6.9190030987E+005  3.9726649921E+040
  6.9360029099E+005  3.9726649921E+040
  6.9530027006E+005  3.9726649921E+040
  6.9700025190E+005  3.9726649921E+040
  6.9870023097E+005  3.9726649921E+040
  7.0040021135E+005  3.9369983970E+040
  7.0210019206E+005  3.9369983970E+040
  7.0380016928E+005  3.9369983970E+040
  7.0550031919E+005  3.9369983970E+040
  7.0720030766E+005  3.9369983970E+040
  7.0890030461E+005  3.9369983970E+040
  7.1060031134E+005  3.9023770159E+040
  7.1230016535E+005  3.9023770159E+040
  7.1400019988E+005  3.9023770159E+040
  7.1570024839E+005  3.9023770159E+040
  7.1740030954E+005  3.9023770159E+040
  7.1910021894E+005  3.9023770159E+040
  7.2080030201E+005  3.8666803921E+040
  7.2250023580E+005  3.8666803921E+040
  7.2420017345E+005  3.8666803921E+040
  7.2590028239E+005  3.8666803921E+040
  7.2760022906E+005  3.8666803921E+040
  7.2930017598E+005  3.8666803921E+040
  7.3100029171E+005  3.8331108046E+040
  7.3270023823E+005  3.8331108046E+040
  7.3440018582E+005  3.8331108046E+040
  7.3610029654E+005  3.8331108046E+040
  7.3780024545E+005  3.8331108046E+040
  7.3950020082E+005  3.8331108046E+040
  7.4120032200E+005  3.7989803377E+040
  7.4290028806E+005  3.7989803377E+040
  7.4460026396E+005  3.7989803377E+040
  7.4630025273E+005  3.7989803377E+040
  7.4800025845E+005  3.7989803377E+040
  7.4970027214E+005  3.7989803377E+040
  7.5140030309E+005  3.7653805756E+040
  7.5310018019E+005  3.7653805756E+040
  7.5480023329E+005  3.7653805756E+040
  7.5650029743E+005  3.7653805756E+040
  7.5820020032E+005  3.7653805756E+040
  7.5990027485E+005  3.7653805756E+040
  7.6160018945E+005  3.7322595306E+040
  7.6330026911E+005  3.7322595306E+040
  7.6500018545E+005  3.7322595306E+040
  7.6670026173E+005  3.7322595306E+040
  7.6840017674E+005  3.7322595306E+040
  7.7010025543E+005  3.6991755384E+040
  7.7180017507E+005  3.6991755384E+040
  7.7350026071E+005  3.6991755384E+040
  7.7520018477E+005  3.6991755384E+040
  7.7690028519E+005  3.6991755384E+040
  7.7860023024E+005  3.6991755384E+040
  7.8030018875E+005  3.6675908213E+040
  7.8200032395E+005  3.6675908213E+040
  7.8370030589E+005  3.6675908213E+040
  7.8540030454E+005  3.6675908213E+040
  7.8710031389E+005  3.6675908213E+040
  7.8880016937E+005  3.6675908213E+040
  7.9050019721E+005  3.6359574814E+040
  7.9220023076E+005  3.6359574814E+040
  7.9390027382E+005  3.6359574814E+040
  7.9560031684E+005  3.6359574814E+040
  7.9730019908E+005  3.6359574814E+040
  7.9900024285E+005  3.6359574814E+040
  8.0070028573E+005  3.6039302619E+040
  8.0240017020E+005  3.6039302619E+040
  8.0410021605E+005  3.6039302619E+040
  8.0580026429E+005  3.6039302619E+040
  8.0750031656E+005  3.6039302619E+040
  8.0920020925E+005  3.6039302619E+040
  8.1090027868E+005  3.5736571336E+040
  8.1260019110E+005  3.5736571336E+040
  8.1430027993E+005  3.5736571336E+040
  8.1600021731E+005  3.5736571336E+040
  8.1770016843E+005  3.5736571336E+040
  8.1940029787E+005  3.5736571336E+040
  8.2110027149E+005  3.5426158020E+040
  8.2280025720E+005  3.5426158020E+040
  8.2450025006E+005  3.5426158020E+040
  8.2620025122E+005  3.5426158020E+040
  8.2790025938E+005  3.5426158020E+040
  8.2960026554E+005  3.5426158020E+040
  8.3130027592E+005  3.5128228724E+040
  8.3300028579E+005  3.5128228724E+040
  8.3470029656E+005  3.5128228724E+040
  8.3640030926E+005  3.5128228724E+040
  8.3810031931E+005  3.5128228724E+040
  8.3980017073E+005  3.5128228724E+040
  8.4150018888E+005  3.4830236226E+040
  8.4320021587E+005  3.4830236226E+040
  8.4490024990E+005  3.4830236226E+040
  8.4660029162E+005  3.4830236226E+040
  8.4830018441E+005  3.4830236226E+040
  8.5000025237E+005  3.4530910808E+040
  8.5170017025E+005  3.4530910808E+040
  8.5340026505E+005  3.4530910808E+040
  8.5510020257E+005  3.4530910808E+040
  8.5680031835E+005  3.4530910808E+040
  8.5850027674E+005  3.4530910808E+040
  8.6020024240E+005  3.4243548799E+040
  8.6190021253E+005  3.4243548799E+040
  8.6360018410E+005  3.4243548799E+040
  8.6530032358E+005  3.4243548799E+040
  8.6700029870E+005  3.4243548799E+040
  8.6870027460E+005  3.4243548799E+040
  8.7040024957E+005  3.3951550753E+040
  8.7210022543E+005  3.3951550753E+040
  8.7380020806E+005  3.3951550753E+040
  8.7550019279E+005  3.3951550753E+040
  8.7720018423E+005  3.3951550753E+040
  8.7890018339E+005  3.3951550753E+040
  8.8060019068E+005  3.3668529403E+040
  8.8230021465E+005  3.3668529403E+040
  8.8400024779E+005  3.3668529403E+040
  8.8570029487E+005  3.3668529403E+040
  8.8740018817E+005  3.3668529403E+040
  8.8910025677E+005  3.3668529403E+040
  8.9080017290E+005  3.3391377745E+040
  8.9250025866E+005  3.3391377745E+040
  8.9420018811E+005  3.3391377745E+040
  8.9590028501E+005  3.3391377745E+040
  8.9760022171E+005  3.3391377745E+040
  8.9930032672E+005  3.3391377745E+040
  9.0100026299E+005  3.3112985030E+040
  9.0270020287E+005  3.3112985030E+040
  9.0440030561E+005  3.3112985030E+040
  9.0610024793E+005  3.3112985030E+040
  9.0780019559E+005  3.3112985030E+040
  9.0950030732E+005  3.3112985030E+040
  9.1120026348E+005  3.2838377567E+040
  9.1290022722E+005  3.2838377567E+040
  9.1460020286E+005  3.2838377567E+040
  9.1630019049E+005  3.2838377567E+040
  9.1800018775E+005  3.2838377567E+040
  9.1970019884E+005  3.2838377567E+040
  9.2140022062E+005  3.2568180353E+040
  9.2310025425E+005  3.2568180353E+040
  9.2480029756E+005  3.2568180353E+040
  9.2650018088E+005  3.2568180353E+040
  9.2820023849E+005  3.2568180353E+040
  9.2990029870E+005  3.2568180353E+040
  9.3160019974E+005  3.2301331965E+040
  9.3330026483E+005  3.2301331965E+040
  9.3500016518E+005  3.2301331965E+040
  9.3670023189E+005  3.2301331965E+040
  9.3840030004E+005  3.2301331965E+040
  9.4010020719E+005  3.2038437586E+040
  9.4180027965E+005  3.2038437586E+040
  9.4350019187E+005  3.2038437586E+040
  9.4520027786E+005  3.2038437586E+040
  9.4690020625E+005  3.2038437586E+040
  9.4860031061E+005  3.2038437586E+040
  9.5030026055E+005  3.1776735037E+040
  9.5200022102E+005  3.1776735037E+040
  9.5370019757E+005  3.1776735037E+040
  9.5540018296E+005  3.1776735037E+040
  9.5710017947E+005  3.1776735037E+040
  9.5880018376E+005  3.1776735037E+040
  9.6050019508E+005  3.1519109261E+040
  9.6220021550E+005  3.1519109261E+040
  9.6390023840E+005  3.1519109261E+040
  9.6560026503E+005  3.1519109261E+040
  9.6730029143E+005  3.1519109261E+040
  9.6900031909E+005  3.1519109261E+040
  9.7070018687E+005  3.1264847687E+040
  9.7240021607E+005  3.1264847687E+040
  9.7410024970E+005  3.1264847687E+040
  9.7580028491E+005  3.1264847687E+040
  9.7750032593E+005  3.1264847687E+040
  9.7920021230E+005  3.1264847687E+040
  9.8090026771E+005  3.1014019556E+040
  9.8260017013E+005  3.1014019556E+040
  9.8430024709E+005  3.1014019556E+040
  9.8600017302E+005  3.1014019556E+040
  9.8770027618E+005  3.1014019556E+040
  9.8940022331E+005  3.1014019556E+040
  9.9110018207E+005  3.0766333102E+040
  9.9280031130E+005  3.0766333102E+040
  9.9450028716E+005  3.0766333102E+040
  9.9620026866E+005  3.0766333102E+040
  9.9790025211E+005  3.0766333102E+040
  9.9960024085E+005  3.0766333102E+040
  1.0013002290E+006  3.0521766882E+040
  1.0030002200E+006  3.0521766882E+040
  1.0047002124E+006  3.0521766882E+040
  1.0064002035E+006  3.0521766882E+040
  1.0081001996E+006  3.0521766882E+040
  1.0098001983E+006  3.0521766882E+040
  1.0115002040E+006  3.0283273795E+040
  1.0132002148E+006  3.0283273795E+040
  1.0149002324E+006  3.0283273795E+040
  1.0166002625E+006  3.0283273795E+040
  1.0183003021E+006  3.0283273795E+040
  1.0200001925E+006  3.0045416192E+040
  1.0217002555E+006  3.0045416192E+040
  1.0234001640E+006  3.0045416192E+040
  1.0251002487E+006  3.0045416192E+040
  1.0268001769E+006  3.0045416192E+040
  1.0285002775E+006  3.0045416192E+040
  1.0302002198E+006  2.9806584179E+040
  1.0319001642E+006  2.9806584179E+040
  1.0336002783E+006  2.9806584179E+040
  1.0353002285E+006  2.9806584179E+040
  1.0370001814E+006  2.9806584179E+040
  1.0387002967E+006  2.9806584179E+040
  1.0404002513E+006  2.9575583888E+040
  1.0421002096E+006  2.9575583888E+040
  1.0438001706E+006  2.9575583888E+040
  1.0455003015E+006  2.9575583888E+040
  1.0472002732E+006  2.9575583888E+040
  1.0489002537E+006  2.9575583888E+040
  1.0506002471E+006  2.9345621445E+040
  1.0523002489E+006  2.9345621445E+040
  1.0540002633E+006  2.9345621445E+040
  1.0557002871E+006  2.9345621445E+040
  1.0574003220E+006  2.9345621445E+040
  1.0591002046E+006  2.9345621445E+040
  1.0608002574E+006  2.9117385749E+040
  1.0625003188E+006  2.9117385749E+040
  1.0642002195E+006  2.9117385749E+040
  1.0659002909E+006  2.9117385749E+040
  1.0676002014E+006  2.9117385749E+040
  1.0693002757E+006  2.9117385749E+040
  1.0710001889E+006  2.8896812277E+040
  1.0727002652E+006  2.8896812277E+040
  1.0744001814E+006  2.8896812277E+040
  1.0761002657E+006  2.8896812277E+040
  1.0778001863E+006  2.8896812277E+040
  1.0795002787E+006  2.8896812277E+040
  1.0812002120E+006  2.8673982705E+040
  1.0829003201E+006  2.8673982705E+040
  1.0846002736E+006  2.8673982705E+040
  1.0863002361E+006  2.8673982705E+040
  1.0880002110E+006  2.8673982705E+040
  1.0897001959E+006  2.8673982705E+040
  1.0914001937E+006  2.8452252831E+040
  1.0931001994E+006  2.8452252831E+040
  1.0948002117E+006  2.8452252831E+040
  1.0965002331E+006  2.8452252831E+040
  1.0982002584E+006  2.8452252831E+040
  1.0999002910E+006  2.8452252831E+040
  1.1016003247E+006  2.8238872192E+040
  1.1033001946E+006  2.8238872192E+040
  1.1050002317E+006  2.8238872192E+040
  1.1067002693E+006  2.8238872192E+040
  1.1084003111E+006  2.8238872192E+040
  1.1101001894E+006  2.8024467006E+040
  1.1118002362E+006  2.8024467006E+040
  1.1135002887E+006  2.8024467006E+040
  1.1152001838E+006  2.8024467006E+040
  1.1169002531E+006  2.8024467006E+040
  1.1186001653E+006  2.8024467006E+040
  1.1203002525E+006  2.7814266032E+040
  1.1220001893E+006  2.7814266032E+040
  1.1237002986E+006  2.7814266032E+040
  1.1254002565E+006  2.7814266032E+040
  1.1271002204E+006  2.7814266032E+040
  1.1288001930E+006  2.7814266032E+040
  1.1305001743E+006  2.7608446025E+040
  1.1322003247E+006  2.7608446025E+040
  1.1339003158E+006  2.7608446025E+040
  1.1356003074E+006  2.7608446025E+040
  1.1373003019E+006  2.7608446025E+040
  1.1390002987E+006  2.7608446025E+040
  1.1407002963E+006  2.7399642232E+040
  1.1424002978E+006  2.7399642232E+040
  1.1441002992E+006  2.7399642232E+040
  1.1458003067E+006  2.7399642232E+040
  1.1475003205E+006  2.7399642232E+040
  1.1492001754E+006  2.7399642232E+040
  1.1509002038E+006  2.7195763366E+040
  1.1526002401E+006  2.7195763366E+040
  1.1543002890E+006  2.7195763366E+040
  1.1560001854E+006  2.7195763366E+040
  1.1577002547E+006  2.7195763366E+040
  1.1594001701E+006  2.7195763366E+040
  1.1611002570E+006  2.6997520929E+040
  1.1628001908E+006  2.6997520929E+040
  1.1645002951E+006  2.6997520929E+040
  1.1662002398E+006  2.6997520929E+040
  1.1679001895E+006  2.6997520929E+040
  1.1696003030E+006  2.6997520929E+040
  1.1713002585E+006  2.6800877429E+040
  1.1730002140E+006  2.6800877429E+040
  1.1747001710E+006  2.6800877429E+040
  1.1764002947E+006  2.6800877429E+040
  1.1781002563E+006  2.6800877429E+040
  1.1798002244E+006  2.6800877429E+040
  1.1815001968E+006  2.6603795972E+040
  1.1832001752E+006  2.6603795972E+040
  1.1849003270E+006  2.6603795972E+040
  1.1866003231E+006  2.6603795972E+040
  1.1883001693E+006  2.6603795972E+040
  1.1900001867E+006  2.6409573409E+040
  1.1917002149E+006  2.6409573409E+040
  1.1934002534E+006  2.6409573409E+040
  1.1951002998E+006  2.6409573409E+040
  1.1968001933E+006  2.6409573409E+040
  1.1985002547E+006  2.6409573409E+040
  1.2002003213E+006  2.6222266598E+040
  1.2019002290E+006  2.6222266598E+040
  1.2036003028E+006  2.6222266598E+040
  1.2053002166E+006  2.6222266598E+040
  1.2070002939E+006  2.6222266598E+040
  1.2087002097E+006  2.6222266598E+040
  1.2104002919E+006  2.6032416343E+040
  1.2121002134E+006  2.6032416343E+040
  1.2138003050E+006  2.6032416343E+040
  1.2155002346E+006  2.6032416343E+040
  1.2172001734E+006  2.6032416343E+040
  1.2189002838E+006  2.6032416343E+040
  1.2206002404E+006  2.5846027774E+040
  1.2223002079E+006  2.5846027774E+040
  1.2240001836E+006  2.5846027774E+040
  1.2257001706E+006  2.5846027774E+040
  1.2274001680E+006  2.5846027774E+040
  1.2291001737E+006  2.5846027774E+040
  1.2308001878E+006  2.5662986114E+040
  1.2325002061E+006  2.5662986114E+040
  1.2342002322E+006  2.5662986114E+040
  1.2359002613E+006  2.5662986114E+040
  1.2376002944E+006  2.5662986114E+040
  1.2393001656E+006  2.5662986114E+040
  1.2410001997E+006  2.5480406801E+040
  1.2427002388E+006  2.5480406801E+040
  1.2444002797E+006  2.5480406801E+040
  1.2461003239E+006  2.5480406801E+040
  1.2478002089E+006  2.5480406801E+040
  1.2495002613E+006  2.5480406801E+040
  1.2512003227E+006  2.5301340517E+040
  1.2529002283E+006  2.5301340517E+040
  1.2546003067E+006  2.5301340517E+040
  1.2563002317E+006  2.5301340517E+040
  1.2580001655E+006  2.5301340517E+040
  1.2597002761E+006  2.5301340517E+040
  1.2614002304E+006  2.5123537121E+040
  1.2631001940E+006  2.5123537121E+040
  1.2648001646E+006  2.5123537121E+040
  1.2665003050E+006  2.5123537121E+040
  1.2682002895E+006  2.5123537121E+040
  1.2699002764E+006  2.5123537121E+040
  1.2716002659E+006  2.4949215791E+040
  1.2733002576E+006  2.4949215791E+040
  1.2750002503E+006  2.4949215791E+040
  1.2767002479E+006  2.4949215791E+040
  1.2784002462E+006  2.4949215791E+040
  1.2801002487E+006  2.4775130939E+040
  1.2818002540E+006  2.4775130939E+040
  1.2835002656E+006  2.4775130939E+040
  1.2852002860E+006  2.4775130939E+040
  1.2869003123E+006  2.4775130939E+040
  1.2886001853E+006  2.4775130939E+040
  1.2903002313E+006  2.4606246068E+040
  1.2920002876E+006  2.4606246068E+040
  1.2937001921E+006  2.4606246068E+040
  1.2954002664E+006  2.4606246068E+040
  1.2971001871E+006  2.4606246068E+040
  1.2988002786E+006  2.4606246068E+040
  1.3005002134E+006  2.4437136270E+040
  1.3022003186E+006  2.4437136270E+040
  1.3039002612E+006  2.4437136270E+040
  1.3056002080E+006  2.4437136270E+040
  1.3073003199E+006  2.4437136270E+040
  1.3090002718E+006  2.4437136270E+040
  1.3107002263E+006  2.4268310221E+040
  1.3124001809E+006  2.4268310221E+040
  1.3141003046E+006  2.4268310221E+040
  1.3158002678E+006  2.4268310221E+040
  1.3175002376E+006  2.4268310221E+040
  1.3192002153E+006  2.4268310221E+040
  1.3209001984E+006  2.4105251262E+040
  1.3226001927E+006  2.4105251262E+040
  1.3243001959E+006  2.4105251262E+040
  1.3260002107E+006  2.4105251262E+040
  1.3277002341E+006  2.4105251262E+040
  1.3294002658E+006  2.4105251262E+040
  1.3311003071E+006  2.3943157887E+040
  1.3328001915E+006  2.3943157887E+040
  1.3345002476E+006  2.3943157887E+040
  1.3362003075E+006  2.3943157887E+040
  1.3379002060E+006  2.3943157887E+040
  1.3396002741E+006  2.3943157887E+040
  1.3413001790E+006  2.3784093056E+040
  1.3430002519E+006  2.3784093056E+040
  1.3447003256E+006  2.3784093056E+040
  1.3464002372E+006  2.3784093056E+040
  1.3481003181E+006  2.3784093056E+040
  1.3498002389E+006  2.3784093056E+040
  1.3515001668E+006  2.3623558207E+040
  1.3532002634E+006  2.3623558207E+040
  1.3549002044E+006  2.3623558207E+040
  1.3566003199E+006  2.3623558207E+040
  1.3583002801E+006  2.3623558207E+040
  1.3600002513E+006  2.3468040212E+040
  1.3617002304E+006  2.3468040212E+040
  1.3634002181E+006  2.3468040212E+040
  1.3651002168E+006  2.3468040212E+040
  1.3668002206E+006  2.3468040212E+040
  1.3685002322E+006  2.3468040212E+040
  1.3702002469E+006  2.3312222572E+040
  1.3719002666E+006  2.3312222572E+040
  1.3736002905E+006  2.3312222572E+040
  1.3753003162E+006  2.3312222572E+040
  1.3770001803E+006  2.3312222572E+040
  1.3787002094E+006  2.3312222572E+040
  1.3804002425E+006  2.3159163333E+040
  1.3821002807E+006  2.3159163333E+040
  1.3838003217E+006  2.3159163333E+040
  1.3855002057E+006  2.3159163333E+040
  1.3872002583E+006  2.3159163333E+040
  1.3889003206E+006  2.3159163333E+040
  1.3906002289E+006  2.3008428035E+040
  1.3923003091E+006  2.3008428035E+040
  1.3940002357E+006  2.3008428035E+040
  1.3957001703E+006  2.3008428035E+040
  1.3974002793E+006  2.3008428035E+040
  1.3991002326E+006  2.3008428035E+040
  1.4008001922E+006  2.2858971752E+040
  1.4025003224E+006  2.2858971752E+040
  1.4042002925E+006  2.2858971752E+040
  1.4059002690E+006  2.2858971752E+040
  1.4076002479E+006  2.2858971752E+040
  1.4093002282E+006  2.2858971752E+040
  1.4110002123E+006  2.2713716235E+040
  1.4127001969E+006  2.2713716235E+040
  1.4144001877E+006  2.2713716235E+040
  1.4161001811E+006  2.2713716235E+040
  1.4178001780E+006  2.2713716235E+040
  1.4195001814E+006  2.2713716235E+040
  1.4212001909E+006  2.2566302080E+040
  1.4229002105E+006  2.2566302080E+040
  1.4246002377E+006  2.2566302080E+040
  1.4263002735E+006  2.2566302080E+040
  1.4280003195E+006  2.2566302080E+040
  1.4297002095E+006  2.2566302080E+040
  1.4314002751E+006  2.2422859487E+040
  1.4331001822E+006  2.2422859487E+040
  1.4348002607E+006  2.2422859487E+040
  1.4365001820E+006  2.2422859487E+040
  1.4382002716E+006  2.2422859487E+040
  1.4399002032E+006  2.2422859487E+040
  1.4416003003E+006  2.2278608309E+040
  1.4433002359E+006  2.2278608309E+040
  1.4450001749E+006  2.2278608309E+040
  1.4467002805E+006  2.2278608309E+040
  1.4484002265E+006  2.2278608309E+040
  1.4501001740E+006  2.2139127272E+040
  1.4518002913E+006  2.2139127272E+040
  1.4535002503E+006  2.2139127272E+040
  1.4552002164E+006  2.2139127272E+040
  1.4569001919E+006  2.2139127272E+040
  1.4586001730E+006  2.2139127272E+040
  1.4603001648E+006  2.1999918653E+040
  1.4620001658E+006  2.1999918653E+040
  1.4637001761E+006  2.1999918653E+040
  1.4654001956E+006  2.1999918653E+040
  1.4671002212E+006  2.1999918653E+040
  1.4688002546E+006  2.1999918653E+040
  1.4705002943E+006  2.1863704132E+040
  1.4722001751E+006  2.1863704132E+040
  1.4739002247E+006  2.1863704132E+040
  1.4756002752E+006  2.1863704132E+040
  1.4773001671E+006  2.1863704132E+040
  1.4790002245E+006  2.1863704132E+040
  1.4807002855E+006  2.1729322837E+040
  1.4824001857E+006  2.1729322837E+040
  1.4841002521E+006  2.1729322837E+040
  1.4858003252E+006  2.1729322837E+040
  1.4875002404E+006  2.1729322837E+040
  1.4892003258E+006  2.1729322837E+040
  1.4909002554E+006  2.1595446761E+040
  1.4926001917E+006  2.1595446761E+040
  1.4943003030E+006  2.1595446761E+040
  1.4960002590E+006  2.1595446761E+040
  1.4977002242E+006  2.1595446761E+040
  1.4994001972E+006  2.1595446761E+040
  1.5011001768E+006  2.1462155490E+040
  1.5028001654E+006  2.1462155490E+040
  1.5045003227E+006  2.1462155490E+040
  1.5062003219E+006  2.1462155490E+040
  1.5079003247E+006  2.1462155490E+040
  1.5096001661E+006  2.1462155490E+040
  1.5113001764E+006  2.1330488198E+040
  1.5130001885E+006  2.1330488198E+040
  1.5147002034E+006  2.1330488198E+040
  1.5164002219E+006  2.1330488198E+040
  1.5181002438E+006  2.1330488198E+040
  1.5198002729E+006  2.1330488198E+040
  1.5215003059E+006  2.1201573990E+040
  1.5232001828E+006  2.1201573990E+040
  1.5249002297E+006  2.1201573990E+040
  1.5266002858E+006  2.1201573990E+040
  1.5283001886E+006  2.1201573990E+040
  1.5300002623E+006  2.1074439633E+040
  1.5317001816E+006  2.1074439633E+040
  1.5334002721E+006  2.1074439633E+040
  1.5351002060E+006  2.1074439633E+040
  1.5368003129E+006  2.1074439633E+040
  1.5385002595E+006  2.1074439633E+040
  1.5402002123E+006  2.0949045102E+040
  1.5419001683E+006  2.0949045102E+040
  1.5436002925E+006  2.0949045102E+040
  1.5453002566E+006  2.0949045102E+040
  1.5470002219E+006  2.0949045102E+040
  1.5487001917E+006  2.0949045102E+040
  1.5504003279E+006  2.0823142303E+040
  1.5521003056E+006  2.0823142303E+040
  1.5538002891E+006  2.0823142303E+040
  1.5555002759E+006  2.0823142303E+040
  1.5572002711E+006  2.0823142303E+040
  1.5589002729E+006  2.0823142303E+040
