  0.0000000000E+000  0.0000000000E+000
  1.7004689629E+003  3.9415225344E+042
  3.4004416242E+003  3.9415225344E+042
  5.1003794956E+003  3.9415225344E+042
  6.8003063381E+003  3.9415225344E+042
  8.5003440556E+003  3.9415225344E+042
  1.0200372961E+004  3.8921775153E+042
  1.1900324603E+004  3.8921775153E+042
  1.3600311612E+004  3.8921775153E+042
  1.5300286608E+004  3.8921775153E+042
  1.7000364743E+004  3.8921775153E+042
  1.8700276388E+004  3.8921775153E+042
  2.0400469025E+004  3.8553508065E+042
  2.2100427423E+004  3.8553508065E+042
  2.3800344324E+004  3.8553508065E+042
  2.5500452260E+004  3.8553508065E+042
  2.7200393833E+004  3.8553508065E+042
  2.8900271900E+004  3.8553508065E+042
  3.0600289490E+004  3.8677194055E+042
  3.2300434171E+004  3.8677194055E+042
  3.4000257604E+004  3.8677194055E+042
  3.5700482515E+004  3.8677194055E+042
  3.7400412912E+004  3.8677194055E+042
  3.9100382012E+004  3.8677194055E+042
  4.0800422176E+004  3.8293941700E+042
  4.2500267386E+004  3.8293941700E+042
  4.4200458506E+004  3.8293941700E+042
  4.5900373805E+004  3.8293941700E+042
  4.7600462266E+004  3.8293941700E+042
  4.9300458929E+004  3.8293941700E+042
  5.1000266862E+004  3.7262813279E+042
  5.2700328301E+004  3.7262813279E+042
  5.4400455335E+004  3.7262813279E+042
  5.6100353450E+004  3.7262813279E+042
  5.7800485026E+004  3.7262813279E+042
  5.9500441440E+004  3.7262813279E+042
  6.1200355534E+004  3.7445397942E+042
  6.2900350200E+004  3.7445397942E+042
  6.4600285033E+004  3.7445397942E+042
  6.6300346738E+004  3.7445397942E+042
  6.8000418463E+004  3.7445397942E+042
  6.9700375800E+004  3.7445397942E+042
  7.1400483988E+004  3.6609175721E+042
  7.3100250615E+004  3.6609175721E+042
  7.4800348890E+004  3.6609175721E+042
  7.6500408778E+004  3.6609175721E+042
  7.8200290115E+004  3.6609175721E+042
  7.9900388393E+004  3.6609175721E+042
  8.1600437163E+004  3.6289787201E+042
  8.3300448864E+004  3.6289787201E+042
  8.5000446857E+004  3.6289787201E+042
  8.6700349284E+004  3.6289787201E+042
  8.8400475140E+004  3.6289787201E+042
  9.0100267350E+004  3.5660274796E+042
  9.1800458553E+004  3.5660274796E+042
  9.3500317871E+004  3.5660274796E+042
  9.5200327630E+004  3.5660274796E+042
  9.6900291911E+004  3.5660274796E+042
  9.8600411369E+004  3.5660274796E+042
  1.0030045806E+005  3.5430985902E+042
  1.0200042139E+005  3.5430985902E+042
  1.0370029291E+005  3.5430985902E+042
  1.0540033654E+005  3.5430985902E+042
  1.0710024995E+005  3.5430985902E+042
  1.0880028635E+005  3.5430985902E+042
  1.1050047299E+005  3.5619518168E+042
  1.1220028518E+005  3.5619518168E+042
  1.1390025327E+005  3.5619518168E+042
  1.1560035092E+005  3.5619518168E+042
  1.1730033219E+005  3.5619518168E+042
  1.1900049027E+005  3.5619518168E+042
  1.2070027645E+005  3.4469691274E+042
  1.2240045163E+005  3.4469691274E+042
  1.2410028089E+005  3.4469691274E+042
  1.2580048688E+005  3.4469691274E+042
  1.2750037240E+005  3.4469691274E+042
  1.2920039185E+005  3.4469691274E+042
  1.3090032724E+005  3.4367029467E+042
  1.3260043827E+005  3.4367029467E+042
  1.3430047084E+005  3.4367029467E+042
  1.3600043931E+005  3.4367029467E+042
  1.3770030525E+005  3.4367029467E+042
  1.3940035992E+005  3.4367029467E+042
  1.4110033853E+005  3.4015160867E+042
  1.4280046364E+005  3.4015160867E+042
  1.4450029792E+005  3.4015160867E+042
  1.4620024934E+005  3.4015160867E+042
  1.4790040054E+005  3.4015160867E+042
  1.4960047981E+005  3.4015160867E+042
  1.5130042885E+005  3.3678920154E+042
  1.5300033018E+005  3.3678920154E+042
  1.5470033206E+005  3.3678920154E+042
  1.5640025589E+005  3.3678920154E+042
  1.5810034052E+005  3.3678920154E+042
  1.5980028364E+005  3.3678920154E+042
  1.6150038035E+005  3.3339971041E+042
  1.6320037500E+005  3.3339971041E+042
  1.6490047559E+005  3.3339971041E+042
  1.6660025871E+005  3.3339971041E+042
  1.6830039137E+005  3.3339971041E+042
  1.7000040643E+005  3.3079244690E+042
  1.7170034886E+005  3.3079244690E+042
  1.7340037735E+005  3.3079244690E+042
  1.7510033628E+005  3.3079244690E+042
  1.7680040793E+005  3.3079244690E+042
  1.7850036794E+005  3.3079244690E+042
  1.8020049425E+005  3.2493959929E+042
  1.8190049437E+005  3.2493959929E+042
  1.8360038665E+005  3.2493959929E+042
  1.8530044866E+005  3.2493959929E+042
  1.8700037776E+005  3.2493959929E+042
  1.8870025382E+005  3.2493959929E+042
  1.9040025745E+005  3.1878071140E+042
  1.9210040833E+005  3.1878071140E+042
  1.9380048669E+005  3.1878071140E+042
  1.9550044735E+005  3.1878071140E+042
  1.9720032314E+005  3.1878071140E+042
  1.9890034773E+005  3.1878071140E+042
  2.0060048569E+005  3.1557620619E+042
  2.0230030994E+005  3.1557620619E+042
  2.0400026072E+005  3.1557620619E+042
  2.0570035243E+005  3.1557620619E+042
  2.0740035843E+005  3.1557620619E+042
  2.0910047999E+005  3.1557620619E+042
  2.1080026461E+005  3.1653257417E+042
  2.1250045732E+005  3.1653257417E+042
  2.1420025131E+005  3.1653257417E+042
  2.1590046208E+005  3.1653257417E+042
  2.1760029214E+005  3.1653257417E+042
  2.1930025166E+005  3.1653257417E+042
  2.2100036206E+005  3.1584553714E+042
  2.2270034006E+005  3.1584553714E+042
  2.2440043100E+005  3.1584553714E+042
  2.2610043397E+005  3.1584553714E+042
  2.2780028918E+005  3.1584553714E+042
  2.2950029992E+005  3.1584553714E+042
  2.3120043349E+005  3.0682039694E+042
  2.3290044095E+005  3.0682039694E+042
  2.3460034674E+005  3.0682039694E+042
  2.3630038757E+005  3.0682039694E+042
  2.3800030200E+005  3.0682039694E+042
  2.3970036455E+005  3.0682039694E+042
  2.4140029974E+005  3.0804286953E+042
  2.4310037066E+005  3.0804286953E+042
  2.4480034950E+005  3.0804286953E+042
  2.4650043461E+005  3.0804286953E+042
  2.4820042936E+005  3.0804286953E+042
  2.4990031125E+005  3.0804286953E+042
  2.5160032421E+005  3.0570274043E+042
  2.5330048628E+005  3.0570274043E+042
  2.5500028681E+005  3.0570274043E+042
  2.5670044893E+005  3.0570274043E+042
  2.5840027675E+005  3.0570274043E+042
  2.6010047548E+005  3.0654116653E+042
  2.6180030465E+005  3.0654116653E+042
  2.6350029948E+005  3.0654116653E+042
  2.6520039150E+005  3.0654116653E+042
  2.6690038846E+005  3.0654116653E+042
  2.6860027465E+005  3.0654116653E+042
  2.7030027791E+005  2.9963940672E+042
  2.7200043080E+005  2.9963940672E+042
  2.7370045620E+005  2.9963940672E+042
  2.7540035550E+005  2.9963940672E+042
  2.7710039699E+005  2.9963940672E+042
  2.7880032896E+005  2.9963940672E+042
  2.8050036514E+005  2.9136600472E+042
  2.8220029414E+005  2.9136600472E+042
  2.8390034823E+005  2.9136600472E+042
  2.8560025161E+005  2.9136600472E+042
  2.8730031002E+005  2.9136600472E+042
  2.8900046897E+005  2.9136600472E+042
  2.9070049321E+005  2.9047082418E+042
  2.9240041602E+005  2.9047082418E+042
  2.9410044260E+005  2.9047082418E+042
  2.9580036566E+005  2.9047082418E+042
  2.9750042036E+005  2.9047082418E+042
  2.9920033765E+005  2.9047082418E+042
  3.0090039191E+005  2.8605929874E+042
  3.0260033529E+005  2.8605929874E+042
  3.0430039838E+005  2.8605929874E+042
  3.0600033924E+005  2.8605929874E+042
  3.0770042273E+005  2.8605929874E+042
  3.0940036672E+005  2.8605929874E+042
  3.1110045148E+005  2.8182375147E+042
  3.1280042729E+005  2.8182375147E+042
  3.1450025565E+005  2.8182375147E+042
  3.1620048437E+005  2.8182375147E+042
  3.1790033669E+005  2.8182375147E+042
  3.1960030699E+005  2.8182375147E+042
  3.2130043713E+005  2.8361659072E+042
  3.2300043035E+005  2.8361659072E+042
  3.2470029679E+005  2.8361659072E+042
  3.2640031286E+005  2.8361659072E+042
  3.2810044387E+005  2.8361659072E+042
  3.2980044962E+005  2.8361659072E+042
  3.3150035372E+005  2.8128493206E+042
  3.3320036412E+005  2.8128493206E+042
  3.3490024948E+005  2.8128493206E+042
  3.3660028130E+005  2.8128493206E+042
  3.3830042151E+005  2.8128493206E+042
  3.4000044499E+005  2.7424417873E+042
  3.4170035026E+005  2.7424417873E+042
  3.4340036211E+005  2.7424417873E+042
  3.4510049131E+005  2.7424417873E+042
  3.4680025438E+005  2.7424417873E+042
  3.4850037891E+005  2.7424417873E+042
  3.5020036260E+005  2.7267368742E+042
  3.5190048125E+005  2.7267368742E+042
  3.5360045939E+005  2.7267368742E+042
  3.5530030941E+005  2.7267368742E+042
  3.5700029370E+005  2.7267368742E+042
  3.5870039056E+005  2.7267368742E+042
  3.6040035024E+005  2.6975436356E+042
  3.6210044007E+005  2.6975436356E+042
  3.6380039215E+005  2.6975436356E+042
  3.6550044640E+005  2.6975436356E+042
  3.6720038379E+005  2.6975436356E+042
  3.6890042342E+005  2.6975436356E+042
  3.7060032061E+005  2.6703114956E+042
  3.7230034617E+005  2.6703114956E+042
  3.7400048250E+005  2.6703114956E+042
  3.7570047887E+005  2.6703114956E+042
  3.7740035491E+005  2.6703114956E+042
  3.7910034201E+005  2.6703114956E+042
  3.8080043171E+005  2.6509601491E+042
  3.8250040849E+005  2.6509601491E+042
  3.8420049398E+005  2.6509601491E+042
  3.8590043897E+005  2.6509601491E+042
  3.8760026223E+005  2.6509601491E+042
  3.8930044549E+005  2.6509601491E+042
  3.9100049256E+005  2.6399976451E+042
  3.9270042225E+005  2.6399976451E+042
  3.9440046699E+005  2.6399976451E+042
  3.9610036782E+005  2.6399976451E+042
  3.9780040487E+005  2.6399976451E+042
  3.9950030327E+005  2.6399976451E+042
  4.0120032021E+005  2.6302834879E+042
  4.0290047092E+005  2.6302834879E+042
  4.0460048663E+005  2.6302834879E+042
  4.0630036614E+005  2.6302834879E+042
  4.0800038026E+005  2.6302834879E+042
  4.0970026506E+005  2.6302834879E+042
  4.1140025896E+005  2.5920785691E+042
  4.1310038491E+005  2.5920785691E+042
  4.1480036616E+005  2.5920785691E+042
  4.1650045317E+005  2.5920785691E+042
  4.1820041553E+005  2.5920785691E+042
  4.1990049521E+005  2.5920785691E+042
  4.2160042349E+005  2.5562925937E+042
  4.2330048250E+005  2.5562925937E+042
  4.2500040801E+005  2.5562925937E+042
  4.2670042975E+005  2.5562925937E+042
  4.2840032361E+005  2.5562925937E+042
  4.3010034484E+005  2.5273260099E+042
  4.3180046637E+005  2.5273260099E+042
  4.3350044519E+005  2.5273260099E+042
  4.3520030604E+005  2.5273260099E+042
  4.3690025964E+005  2.5273260099E+042
  4.3860032277E+005  2.5273260099E+042
  4.4030026557E+005  2.5132114452E+042
  4.4200031538E+005  2.5132114452E+042
  4.4370045613E+005  2.5132114452E+042
  4.4540046894E+005  2.5132114452E+042
  4.4710033521E+005  2.5132114452E+042
  4.4880029999E+005  2.5132114452E+042
  4.5050038313E+005  2.5110983293E+042
  4.5220032731E+005  2.5110983293E+042
  4.5390037198E+005  2.5110983293E+042
  4.5560028136E+005  2.5110983293E+042
  4.5730031190E+005  2.5110983293E+042
  4.5900044099E+005  2.5110983293E+042
  4.6070044572E+005  2.4686375541E+042
  4.6240031723E+005  2.4686375541E+042
  4.6410028753E+005  2.4686375541E+042
  4.6580036728E+005  2.4686375541E+042
  4.6750033112E+005  2.4686375541E+042
  4.6920039172E+005  2.4686375541E+042
  4.7090031117E+005  2.4324483332E+042
  4.7260034708E+005  2.4324483332E+042
  4.7430048221E+005  2.4324483332E+042
  4.7600045935E+005  2.4324483332E+042
  4.7770030425E+005  2.4324483332E+042
  4.7940025883E+005  2.4324483332E+042
  4.8110030707E+005  2.4390883006E+042
  4.8280047135E+005  2.4390883006E+042
  4.8450049355E+005  2.4390883006E+042
  4.8620036203E+005  2.4390883006E+042
  4.8790034709E+005  2.4390883006E+042
  4.8960045336E+005  2.4390883006E+042
  4.9130039777E+005  2.3996894431E+042
  4.9300045392E+005  2.3996894431E+042
  4.9470038098E+005  2.3996894431E+042
  4.9640041683E+005  2.3996894431E+042
  4.9810030025E+005  2.3996894431E+042
  4.9980031264E+005  2.3996894431E+042
  5.0150043022E+005  2.3469750274E+042
  5.0320039018E+005  2.3469750274E+042
  5.0490046017E+005  2.3469750274E+042
  5.0660039293E+005  2.3469750274E+042
  5.0830041796E+005  2.3469750274E+042
  5.1000030368E+005  2.3364453437E+042
  5.1170030216E+005  2.3364453437E+042
  5.1340039468E+005  2.3364453437E+042
  5.1510033353E+005  2.3364453437E+042
  5.1680039468E+005  2.3364453437E+042
  5.1850030803E+005  2.3364453437E+042
  5.2020031366E+005  2.3417974903E+042
  5.2190043010E+005  2.3417974903E+042
  5.2360040062E+005  2.3417974903E+042
  5.2530046350E+005  2.3417974903E+042
  5.2700038039E+005  2.3417974903E+042
  5.2870041280E+005  2.3417974903E+042
  5.3040028450E+005  2.2941576820E+042
  5.3210025501E+005  2.2941576820E+042
  5.3380033790E+005  2.2941576820E+042
  5.3550026896E+005  2.2941576820E+042
  5.3720028540E+005  2.2941576820E+042
  5.3890041418E+005  2.2941576820E+042
  5.4060039684E+005  2.2523800883E+042
  5.4230046854E+005  2.2523800883E+042
  5.4400038689E+005  2.2523800883E+042
  5.4570041447E+005  2.2523800883E+042
  5.4740027600E+005  2.2523800883E+042
  5.4910048687E+005  2.2523800883E+042
  5.5080030465E+005  2.2766646274E+042
  5.5250047601E+005  2.2766646274E+042
  5.5420047789E+005  2.2766646274E+042
  5.5590033923E+005  2.2766646274E+042
  5.5760030322E+005  2.2766646274E+042
  5.5930035934E+005  2.2766646274E+042
  5.6100026336E+005  2.2339513889E+042
  5.6270028445E+005  2.2339513889E+042
  5.6440039671E+005  2.2339513889E+042
  5.6610035386E+005  2.2339513889E+042
  5.6780042351E+005  2.2339513889E+042
  5.6950034768E+005  2.2339513889E+042
  5.7120036266E+005  2.2175552483E+042
  5.7290048513E+005  2.2175552483E+042
  5.7460045859E+005  2.2175552483E+042
  5.7630027051E+005  2.2175552483E+042
  5.7800042870E+005  2.2175552483E+042
  5.7970045269E+005  2.2175552483E+042
  5.8140032150E+005  2.2027839490E+042
  5.8310028585E+005  2.2027839490E+042
  5.8480035415E+005  2.2027839490E+042
  5.8650028082E+005  2.2027839490E+042
  5.8820029475E+005  2.2027839490E+042
  5.8990041777E+005  2.2027839490E+042
  5.9160039845E+005  2.1966574411E+042
  5.9330047366E+005  2.1966574411E+042
  5.9500038250E+005  2.1966574411E+042
  5.9670040293E+005  2.1966574411E+042
  5.9840026806E+005  2.1966574411E+042
  6.0010047498E+005  2.1248531197E+042
  6.0180027870E+005  2.1248531197E+042
  6.0350044482E+005  2.1248531197E+042
  6.0520044291E+005  2.1248531197E+042
  6.0690027876E+005  2.1248531197E+042
  6.0860046926E+005  2.1248531197E+042
  6.1030025556E+005  2.1514615613E+042
  6.1200037704E+005  2.1514615613E+042
  6.1370034742E+005  2.1514615613E+042
  6.1540041959E+005  2.1514615613E+042
  6.1710032462E+005  2.1514615613E+042
  6.1880031547E+005  2.1514615613E+042
  6.2050041205E+005  2.1164989834E+042
  6.2220034929E+005  2.1164989834E+042
  6.2390037160E+005  2.1164989834E+042
  6.2560049222E+005  2.1164989834E+042
  6.2730046451E+005  2.1164989834E+042
  6.2900026744E+005  2.1164989834E+042
  6.3070040904E+005  2.0774311227E+042
  6.3240040321E+005  2.0774311227E+042
  6.3410049462E+005  2.0774311227E+042
  6.3580041521E+005  2.0774311227E+042
  6.3750043215E+005  2.0774311227E+042
  6.3920029940E+005  2.0774311227E+042
  6.4090050406E+005  2.0736733210E+042
  6.4260028987E+005  2.0736733210E+042
  6.4430042889E+005  2.0736733210E+042
  6.4600041416E+005  2.0736733210E+042
  6.4770048047E+005  2.0736733210E+042
  6.4940038895E+005  2.0736733210E+042
  6.5110039825E+005  2.0419958836E+042
  6.5280049641E+005  2.0419958836E+042
  6.5450042612E+005  2.0419958836E+042
  6.5620045989E+005  2.0419958836E+042
  6.5790033591E+005  2.0419958836E+042
  6.5960029586E+005  2.0419958836E+042
  6.6130034310E+005  2.0166316344E+042
  6.6300049434E+005  2.0166316344E+042
  6.6470047900E+005  2.0166316344E+042
  6.6640029523E+005  2.0166316344E+042
  6.6810046126E+005  2.0166316344E+042
  6.6980047599E+005  2.0166316344E+042
  6.7150031619E+005  2.0231560169E+042
  6.7320049379E+005  2.0231560169E+042
  6.7490026501E+005  2.0231560169E+042
  6.7660038031E+005  2.0231560169E+042
  6.7830032135E+005  2.0231560169E+042
  6.8000035684E+005  2.0126284403E+042
  6.8170049072E+005  2.0126284403E+042
  6.8340045242E+005  2.0126284403E+042
  6.8510049371E+005  2.0126284403E+042
  6.8680037845E+005  2.0126284403E+042
  6.8850035860E+005  2.0126284403E+042
  6.9020041430E+005  1.9976769434E+042
  6.9190030794E+005  1.9976769434E+042
  6.9360029999E+005  1.9976769434E+042
  6.9530038155E+005  1.9976769434E+042
  6.9700028853E+005  1.9976769434E+042
  6.9870029306E+005  1.9976769434E+042
  7.0040039457E+005  1.9612197872E+042
  7.0210032767E+005  1.9612197872E+042
  7.0380034119E+005  1.9612197872E+042
  7.0550045282E+005  1.9612197872E+042
  7.0720040016E+005  1.9612197872E+042
  7.0890042722E+005  1.9612197872E+042
  7.1060028975E+005  1.9408174382E+042
  7.1230050480E+005  1.9408174382E+042
  7.1400030105E+005  1.9408174382E+042
  7.1570043035E+005  1.9408174382E+042
  7.1740040238E+005  1.9408174382E+042
  7.1910046727E+005  1.9408174382E+042
  7.2080036235E+005  1.9401489541E+042
  7.2250033786E+005  1.9401489541E+042
  7.2420041233E+005  1.9401489541E+042
  7.2590031940E+005  1.9401489541E+042
  7.2760030637E+005  1.9401489541E+042
  7.2930037624E+005  1.9401489541E+042
  7.3100029068E+005  1.9123118679E+042
  7.3270028502E+005  1.9123118679E+042
  7.3440035893E+005  1.9123118679E+042
  7.3610026941E+005  1.9123118679E+042
  7.3780027286E+005  1.9123118679E+042
  7.3950035464E+005  1.9123118679E+042
  7.4120026173E+005  1.8864338700E+042
  7.4290026463E+005  1.8864338700E+042
  7.4460035661E+005  1.8864338700E+042
  7.4630027762E+005  1.8864338700E+042
  7.4800028106E+005  1.8864338700E+042
  7.4970038351E+005  1.8864338700E+042
  7.5140031452E+005  1.8680878962E+042
  7.5310031960E+005  1.8680878962E+042
  7.5480040386E+005  1.8680878962E+042
  7.5650032696E+005  1.8680878962E+042
  7.5820032720E+005  1.8680878962E+042
  7.5990040195E+005  1.8680878962E+042
  7.6160031091E+005  1.8424883153E+042
  7.6330030832E+005  1.8424883153E+042
  7.6500038381E+005  1.8424883153E+042
  7.6670027981E+005  1.8424883153E+042
  7.6840026837E+005  1.8424883153E+042
  7.7010034213E+005  1.8511510082E+042
  7.7180049374E+005  1.8511510082E+042
  7.7350046731E+005  1.8511510082E+042
  7.7520027950E+005  1.8511510082E+042
  7.7690042648E+005  1.8511510082E+042
  7.7860039320E+005  1.8511510082E+042
  7.8030043986E+005  1.8138308852E+042
  7.8200032327E+005  1.8138308852E+042
  7.8370028872E+005  1.8138308852E+042
  7.8540032373E+005  1.8138308852E+042
  7.8710044215E+005  1.8138308852E+042
  7.8880039467E+005  1.8138308852E+042
  7.9050042602E+005  1.8340766284E+042
  7.9220027325E+005  1.8340766284E+042
  7.9390045897E+005  1.8340766284E+042
  7.9560047912E+005  1.8340766284E+042
  7.9730031930E+005  1.8340766284E+042
  7.9900048367E+005  1.8340766284E+042
  8.0070048003E+005  1.8072716463E+042
  8.0240031274E+005  1.8072716463E+042
  8.0410047227E+005  1.8072716463E+042
  8.0580045807E+005  1.8072716463E+042
  8.0750028217E+005  1.8072716463E+042
  8.0920044824E+005  1.8072716463E+042
  8.1090043147E+005  1.7984029527E+042
  8.1260049103E+005  1.7984029527E+042
  8.1430038226E+005  1.7984029527E+042
  8.1600035270E+005  1.7984029527E+042
  8.1770039049E+005  1.7984029527E+042
  8.1940025367E+005  1.7984029527E+042
  8.2110045823E+005  1.7560694439E+042
  8.2280048622E+005  1.7560694439E+042
  8.2450033284E+005  1.7560694439E+042
  8.2620025908E+005  1.7560694439E+042
  8.2790027494E+005  1.7560694439E+042
  8.2960036617E+005  1.7560694439E+042
  8.3130027722E+005  1.7523392011E+042
  8.3300026775E+005  1.7523392011E+042
  8.3470034246E+005  1.7523392011E+042
  8.3640049064E+005  1.7523392011E+042
  8.3810045215E+005  1.7523392011E+042
  8.3980049597E+005  1.7523392011E+042
  8.4150036788E+005  1.7388007231E+042
  8.4320031661E+005  1.7388007231E+042
  8.4490033195E+005  1.7388007231E+042
  8.4660043212E+005  1.7388007231E+042
  8.4830036200E+005  1.7388007231E+042
  8.5000036235E+005  1.7247723360E+042
  8.5170043398E+005  1.7247723360E+042
  8.5340033516E+005  1.7247723360E+042
  8.5510032528E+005  1.7247723360E+042
  8.5680038369E+005  1.7247723360E+042
  8.5850026384E+005  1.7247723360E+042
  8.6020048269E+005  1.6897162994E+042
  8.6190027720E+005  1.6897162994E+042
  8.6360039460E+005  1.6897162994E+042
  8.6530033096E+005  1.6897162994E+042
  8.6700035505E+005  1.6897162994E+042
  8.6870045908E+005  1.6897162994E+042
  8.7040038207E+005  1.7063573836E+042
  8.7210037865E+005  1.7063573836E+042
  8.7380046124E+005  1.7063573836E+042
  8.7550037139E+005  1.7063573836E+042
  8.7720035278E+005  1.7063573836E+042
  8.7890040957E+005  1.7063573836E+042
  8.8060029773E+005  1.6755831713E+042
  8.8230026726E+005  1.6755831713E+042
  8.8400030247E+005  1.6755831713E+042
  8.8570040910E+005  1.6755831713E+042
  8.8740034265E+005  1.6755831713E+042
  8.8910035525E+005  1.6755831713E+042
  8.9080043232E+005  1.6697571894E+042
  8.9250032803E+005  1.6697571894E+042
  8.9420030905E+005  1.6697571894E+042
  8.9590036554E+005  1.6697571894E+042
  8.9760049096E+005  1.6697571894E+042
  8.9930043197E+005  1.6697571894E+042
  9.0100045694E+005  1.6809639403E+042
  9.0270030363E+005  1.6809639403E+042
  9.0440047312E+005  1.6809639403E+042
  9.0610046250E+005  1.6809639403E+042
  9.0780027801E+005  1.6809639403E+042
  9.0950043052E+005  1.6809639403E+042
  9.1120039352E+005  1.6178572306E+042
  9.1290042617E+005  1.6178572306E+042
  9.1460028378E+005  1.6178572306E+042
  9.1630047241E+005  1.6178572306E+042
  9.1800047321E+005  1.6178572306E+042
  9.1970028781E+005  1.6178572306E+042
  9.2140044017E+005  1.6344448713E+042
  9.2310041340E+005  1.6344448713E+042
  9.2480045347E+005  1.6344448713E+042
  9.2650030744E+005  1.6344448713E+042
  9.2820049494E+005  1.6344448713E+042
  9.2990050542E+005  1.6344448713E+042
  9.3160033035E+005  1.6196154062E+042
  9.3330048141E+005  1.6196154062E+042
  9.3500045669E+005  1.6196154062E+042
  9.3670026171E+005  1.6196154062E+042
  9.3840038785E+005  1.6196154062E+042
  9.4010032880E+005  1.6058926159E+042
  9.4180034833E+005  1.6058926159E+042
  9.4350044444E+005  1.6058926159E+042
  9.4520035511E+005  1.6058926159E+042
  9.4690032883E+005  1.6058926159E+042
  9.4860038202E+005  1.6058926159E+042
  9.5030025649E+005  1.5703755337E+042
  9.5200045324E+005  1.5703755337E+042
  9.5370046237E+005  1.5703755337E+042
  9.5540028962E+005  1.5703755337E+042
  9.5710045318E+005  1.5703755337E+042
  9.5880043158E+005  1.5703755337E+042
  9.6050047545E+005  1.5580502517E+042
  9.6220033742E+005  1.5580502517E+042
  9.6390027863E+005  1.5580502517E+042
  9.6560028859E+005  1.5580502517E+042
  9.6730035935E+005  1.5580502517E+042
  9.6900050426E+005  1.5580502517E+042
  9.7070047140E+005  1.5679871604E+042
  9.7240025730E+005  1.5679871604E+042
  9.7410036162E+005  1.5679871604E+042
  9.7580028122E+005  1.5679871604E+042
  9.7750027963E+005  1.5679871604E+042
  9.7920034915E+005  1.5679871604E+042
  9.8090048445E+005  1.5529243736E+042
  9.8260042903E+005  1.5529243736E+042
  9.8430045271E+005  1.5529243736E+042
  9.8600029619E+005  1.5529243736E+042
  9.8770045498E+005  1.5529243736E+042
  9.8940042744E+005  1.5529243736E+042
  9.9110047327E+005  1.5338683335E+042
  9.9280033701E+005  1.5338683335E+042
  9.9450026283E+005  1.5338683335E+042
  9.9620050485E+005  1.5338683335E+042
  9.9790030891E+005  1.5338683335E+042
  9.9960044214E+005  1.5338683335E+042
  1.0013003880E+006  1.5275927714E+042
  1.0030003965E+006  1.5275927714E+042
  1.0047004832E+006  1.5275927714E+042
  1.0064003940E+006  1.5275927714E+042
  1.0081003747E+006  1.5275927714E+042
  1.0098004230E+006  1.5275927714E+042
  1.0115002875E+006  1.5142130315E+042
  1.0132004856E+006  1.5142130315E+042
  1.0149004982E+006  1.5142130315E+042
  1.0166003182E+006  1.5142130315E+042
  1.0183004593E+006  1.5142130315E+042
  1.0200004205E+006  1.4950375430E+042
  1.0217004559E+006  1.4950375430E+042
  1.0234002978E+006  1.4950375430E+042
  1.0251004633E+006  1.4950375430E+042
  1.0268004508E+006  1.4950375430E+042
  1.0285002591E+006  1.4950375430E+042
  1.0302003895E+006  1.4730200776E+042
  1.0319003248E+006  1.4730200776E+042
  1.0336003306E+006  1.4730200776E+042
  1.0353004068E+006  1.4730200776E+042
  1.0370002917E+006  1.4730200776E+042
  1.0387004899E+006  1.4730200776E+042
  1.0404004999E+006  1.4724233030E+042
  1.0421003309E+006  1.4724233030E+042
  1.0438004796E+006  1.4724233030E+042
  1.0455004334E+006  1.4724233030E+042
  1.0472004520E+006  1.4724233030E+042
  1.0489002864E+006  1.4724233030E+042
  1.0506004462E+006  1.4809770571E+042
  1.0523004111E+006  1.4809770571E+042
  1.0540004415E+006  1.4809770571E+042
  1.0557002916E+006  1.4809770571E+042
  1.0574004700E+006  1.4809770571E+042
  1.0591004570E+006  1.4809770571E+042
  1.0608005056E+006  1.4683598954E+042
  1.0625003704E+006  1.4683598954E+042
  1.0642003047E+006  1.4683598954E+042
  1.0659003040E+006  1.4683598954E+042
  1.0676003623E+006  1.4683598954E+042
  1.0693004849E+006  1.4683598954E+042
  1.0710004282E+006  1.4241321995E+042
  1.0727004338E+006  1.4241321995E+042
  1.0744004972E+006  1.4241321995E+042
  1.0761003686E+006  1.4241321995E+042
  1.0778003084E+006  1.4241321995E+042
  1.0795003176E+006  1.4241321995E+042
  1.0812003848E+006  1.4346848181E+042
  1.0829002597E+006  1.4346848181E+042
  1.0846004615E+006  1.4346848181E+042
  1.0863004812E+006  1.4346848181E+042
  1.0880003105E+006  1.4346848181E+042
  1.0897004534E+006  1.4346848181E+042
  1.0914004108E+006  1.4335918106E+042
  1.0931004369E+006  1.4335918106E+042
  1.0948002715E+006  1.4335918106E+042
  1.0965004187E+006  1.4335918106E+042
  1.0982003710E+006  1.4335918106E+042
  1.0999003964E+006  1.4335918106E+042
  1.1016004858E+006  1.4052244677E+042
  1.1033003757E+006  1.4052244677E+042
  1.1050003242E+006  1.4052244677E+042
  1.1067003361E+006  1.4052244677E+042
  1.1084004185E+006  1.4052244677E+042
  1.1101003041E+006  1.4022979045E+042
  1.1118005014E+006  1.4022979045E+042
  1.1135002558E+006  1.4022979045E+042
  1.1152003348E+006  1.4022979045E+042
  1.1169004785E+006  1.4022979045E+042
  1.1186004233E+006  1.4022979045E+042
  1.1203004297E+006  1.3744970992E+042
  1.1220005045E+006  1.3744970992E+042
  1.1237003900E+006  1.3744970992E+042
  1.1254003334E+006  1.3744970992E+042
  1.1271003296E+006  1.3744970992E+042
  1.1288003925E+006  1.3744970992E+042
  1.1305002662E+006  1.3834248355E+042
  1.1322004539E+006  1.3834248355E+042
  1.1339004480E+006  1.3834248355E+042
  1.1356005038E+006  1.3834248355E+042
  1.1373003762E+006  1.3834248355E+042
  1.1390003173E+006  1.3834248355E+042
  1.1407003131E+006  1.3733442697E+042
  1.1424003691E+006  1.3733442697E+042
  1.1441004911E+006  1.3733442697E+042
  1.1458004247E+006  1.3733442697E+042
  1.1475004180E+006  1.3733442697E+042
  1.1492004650E+006  1.3733442697E+042
  1.1509003213E+006  1.3547955245E+042
  1.1526005004E+006  1.3547955245E+042
  1.1543004867E+006  1.3547955245E+042
  1.1560002742E+006  1.3547955245E+042
  1.1577003746E+006  1.3547955245E+042
  1.1594002868E+006  1.3547955245E+042
  1.1611002638E+006  1.3620661312E+042
  1.1628002976E+006  1.3620661312E+042
  1.1645003865E+006  1.3620661312E+042
  1.1662002848E+006  1.3620661312E+042
  1.1679005088E+006  1.3620661312E+042
  1.1696002809E+006  1.3620661312E+042
  1.1713003636E+006  1.3451156080E+042
  1.1730005015E+006  1.3451156080E+042
  1.1747004449E+006  1.3451156080E+042
  1.1764004536E+006  1.3451156080E+042
  1.1781002583E+006  1.3451156080E+042
  1.1798003711E+006  1.3451156080E+042
  1.1815002924E+006  1.3280941846E+042
  1.1832002798E+006  1.3280941846E+042
  1.1849003315E+006  1.3280941846E+042
  1.1866004371E+006  1.3280941846E+042
  1.1883003460E+006  1.3280941846E+042
  1.1900003244E+006  1.3217768519E+042
  1.1917003634E+006  1.3217768519E+042
  1.1934004592E+006  1.3217768519E+042
  1.1951003555E+006  1.3217768519E+042
  1.1968003134E+006  1.3217768519E+042
  1.1985003404E+006  1.3217768519E+042
  1.2002004248E+006  1.3001913843E+042
  1.2019003052E+006  1.3001913843E+042
  1.2036005003E+006  1.3001913843E+042
  1.2053005043E+006  1.3001913843E+042
  1.2070003174E+006  1.3001913843E+042
  1.2087004408E+006  1.3001913843E+042
  1.2104003625E+006  1.2907995932E+042
  1.2121003475E+006  1.2907995932E+042
  1.2138003966E+006  1.2907995932E+042
  1.2155005041E+006  1.2907995932E+042
  1.2172004072E+006  1.2907995932E+042
  1.2189003642E+006  1.2907995932E+042
  1.2206003842E+006  1.2798127929E+042
  1.2223004645E+006  1.2798127929E+042
  1.2240003405E+006  1.2798127929E+042
  1.2257002653E+006  1.2798127929E+042
  1.2274005018E+006  1.2798127929E+042
  1.2291002880E+006  1.2798127929E+042
  1.2308003849E+006  1.3074619320E+042
  1.2325002777E+006  1.3074619320E+042
  1.2342004807E+006  1.3074619320E+042
  1.2359004899E+006  1.3074619320E+042
  1.2376003066E+006  1.3074619320E+042
  1.2393004347E+006  1.3074619320E+042
  1.2410003610E+006  1.2920768133E+042
  1.2427003454E+006  1.2920768133E+042
  1.2444003923E+006  1.2920768133E+042
  1.2461004995E+006  1.2920768133E+042
  1.2478004012E+006  1.2920768133E+042
  1.2495003566E+006  1.2920768133E+042
  1.2512003739E+006  1.2626254979E+042
  1.2529004524E+006  1.2626254979E+042
  1.2546003324E+006  1.2626254979E+042
  1.2563002636E+006  1.2626254979E+042
  1.2580005083E+006  1.2626254979E+042
  1.2597003056E+006  1.2626254979E+042
  1.2614004157E+006  1.2745946525E+042
  1.2631003230E+006  1.2745946525E+042
  1.2648002812E+006  1.2745946525E+042
  1.2665002966E+006  1.2745946525E+042
  1.2682003763E+006  1.2745946525E+042
  1.2699005102E+006  1.2745946525E+042
  1.2716004396E+006  1.2489826401E+042
  1.2733004228E+006  1.2489826401E+042
  1.2750004642E+006  1.2489826401E+042
  1.2767003109E+006  1.2489826401E+042
  1.2784004632E+006  1.2489826401E+042
  1.2801004085E+006  1.2237708385E+042
  1.2818004107E+006  1.2237708385E+042
  1.2835004716E+006  1.2237708385E+042
  1.2852003344E+006  1.2237708385E+042
  1.2869005040E+006  1.2237708385E+042
  1.2886004681E+006  1.2237708385E+042
  1.2903004925E+006  1.2370988898E+042
  1.2920003190E+006  1.2370988898E+042
  1.2937004560E+006  1.2370988898E+042
  1.2954003875E+006  1.2370988898E+042
  1.2971003700E+006  1.2370988898E+042
  1.2988004143E+006  1.2370988898E+042
  1.3005002614E+006  1.2372936279E+042
  1.3022004186E+006  1.2372936279E+042
  1.3039003732E+006  1.2372936279E+042
  1.3056003832E+006  1.2372936279E+042
  1.3073004560E+006  1.2372936279E+042
  1.3090003310E+006  1.2372936279E+042
  1.3107005124E+006  1.2188084653E+042
  1.3124004898E+006  1.2188084653E+042
  1.3141002679E+006  1.2188084653E+042
  1.3158003626E+006  1.2188084653E+042
  1.3175002582E+006  1.2188084653E+042
  1.3192004597E+006  1.2188084653E+042
  1.3209004582E+006  1.2010350543E+042
  1.3226002599E+006  1.2010350543E+042
  1.3243003784E+006  1.2010350543E+042
  1.3260002962E+006  1.2010350543E+042
  1.3277002641E+006  1.2010350543E+042
  1.3294002865E+006  1.2010350543E+042
  1.3311003724E+006  1.1789115332E+042
  1.3328002607E+006  1.1789115332E+042
  1.3345004556E+006  1.1789115332E+042
  1.3362004424E+006  1.1789115332E+042
  1.3379004841E+006  1.1789115332E+042
  1.3396003305E+006  1.1789115332E+042
  1.3413004882E+006  1.1839749979E+042
  1.3430004365E+006  1.1839749979E+042
  1.3447004369E+006  1.1839749979E+042
  1.3464004972E+006  1.1839749979E+042
  1.3481003610E+006  1.1839749979E+042
  1.3498002803E+006  1.1839749979E+042
  1.3515005026E+006  1.1743225771E+042
  1.3532002643E+006  1.1743225771E+042
  1.3549003405E+006  1.1743225771E+042
  1.3566004697E+006  1.1743225771E+042
  1.3583003941E+006  1.1743225771E+042
  1.3600003656E+006  1.1736606914E+042
  1.3617003894E+006  1.1736606914E+042
  1.3634004745E+006  1.1736606914E+042
  1.3651003580E+006  1.1736606914E+042
  1.3668002947E+006  1.1736606914E+042
  1.3685002804E+006  1.1736606914E+042
  1.3702003175E+006  1.1603208408E+042
  1.3719004162E+006  1.1603208408E+042
  1.3736003117E+006  1.1603208408E+042
  1.3753005113E+006  1.1603208408E+042
  1.3770005050E+006  1.1603208408E+042
  1.3787002958E+006  1.1603208408E+042
  1.3804004061E+006  1.1511330611E+042
  1.3821003128E+006  1.1511330611E+042
  1.3838002645E+006  1.1511330611E+042
  1.3855002690E+006  1.1511330611E+042
  1.3872003282E+006  1.1511330611E+042
  1.3889004448E+006  1.1511330611E+042
  1.3906003557E+006  1.1652059611E+042
  1.3923003126E+006  1.1652059611E+042
  1.3940003223E+006  1.1652059611E+042
  1.3957003883E+006  1.1652059611E+042
  1.3974005099E+006  1.1652059611E+042
  1.3991004275E+006  1.1652059611E+042
  1.4008003911E+006  1.1204810605E+042
  1.4025004045E+006  1.1204810605E+042
  1.4042004743E+006  1.1204810605E+042
  1.4059003429E+006  1.1204810605E+042
  1.4076002590E+006  1.1204810605E+042
  1.4093004786E+006  1.1204810605E+042
  1.4110004930E+006  1.1322591011E+042
  1.4127003102E+006  1.1322591011E+042
  1.4144004409E+006  1.1322591011E+042
  1.4161003595E+006  1.1322591011E+042
  1.4178003286E+006  1.1322591011E+042
  1.4195003514E+006  1.1322591011E+042
  1.4212004296E+006  1.1226595594E+042
  1.4229003066E+006  1.1226595594E+042
  1.4246004866E+006  1.1226595594E+042
  1.4263004599E+006  1.1226595594E+042
  1.4280004890E+006  1.1226595594E+042
  1.4297003175E+006  1.1226595594E+042
  1.4314004590E+006  1.1147487155E+042
  1.4331003883E+006  1.1147487155E+042
  1.4348003636E+006  1.1147487155E+042
  1.4365003952E+006  1.1147487155E+042
  1.4382004799E+006  1.1147487155E+042
  1.4399003587E+006  1.1147487155E+042
  1.4416002838E+006  1.1058420433E+042
  1.4433002571E+006  1.1058420433E+042
  1.4450002849E+006  1.1058420433E+042
  1.4467003680E+006  1.1058420433E+042
  1.4484005020E+006  1.1058420433E+042
  1.4501004254E+006  1.0873534431E+042
  1.4518003959E+006  1.0873534431E+042
  1.4535004180E+006  1.0873534431E+042
  1.4552004973E+006  1.0873534431E+042
  1.4569003678E+006  1.0873534431E+042
  1.4586002802E+006  1.0873534431E+042
  1.4603005012E+006  1.0956012527E+042
  1.4620002623E+006  1.0956012527E+042
  1.4637003374E+006  1.0956012527E+042
  1.4654004656E+006  1.0956012527E+042
  1.4671003819E+006  1.0956012527E+042
  1.4688003512E+006  1.0956012527E+042
  1.4705003757E+006  1.1010217392E+042
  1.4722004560E+006  1.1010217392E+042
  1.4739003299E+006  1.1010217392E+042
  1.4756005042E+006  1.1010217392E+042
  1.4773004734E+006  1.1010217392E+042
  1.4790005003E+006  1.1010217392E+042
  1.4807003242E+006  1.0806431181E+042
  1.4824004532E+006  1.0806431181E+042
  1.4841003717E+006  1.0806431181E+042
  1.4858003377E+006  1.0806431181E+042
  1.4875003563E+006  1.0806431181E+042
  1.4892004303E+006  1.0806431181E+042
  1.4909002918E+006  1.0804344889E+042
  1.4926004552E+006  1.0804344889E+042
  1.4943004109E+006  1.0804344889E+042
  1.4960004194E+006  1.0804344889E+042
  1.4977004823E+006  1.0804344889E+042
  1.4994003327E+006  1.0804344889E+042
  1.5011004856E+006  1.0771149636E+042
  1.5028004310E+006  1.0771149636E+042
  1.5045004283E+006  1.0771149636E+042
  1.5062004822E+006  1.0771149636E+042
  1.5079003266E+006  1.0771149636E+042
  1.5096004726E+006  1.0771149636E+042
  1.5113004128E+006  1.0699352257E+042
  1.5130004085E+006  1.0699352257E+042
  1.5147004566E+006  1.0699352257E+042
  1.5164002971E+006  1.0699352257E+042
  1.5181004409E+006  1.0699352257E+042
  1.5198003739E+006  1.0699352257E+042
  1.5215003638E+006  1.0520858651E+042
  1.5232004066E+006  1.0520858651E+042
  1.5249004958E+006  1.0520858651E+042
  1.5266003738E+006  1.0520858651E+042
  1.5283002991E+006  1.0520858651E+042
  1.5300002801E+006  1.0352504355E+042
  1.5317003141E+006  1.0352504355E+042
  1.5334003954E+006  1.0352504355E+042
  1.5351002643E+006  1.0352504355E+042
  1.5368004362E+006  1.0352504355E+042
  1.5385004049E+006  1.0352504355E+042
  1.5402004266E+006  1.0595723430E+042
  1.5419004944E+006  1.0595723430E+042
  1.5436003473E+006  1.0595723430E+042
  1.5453005063E+006  1.0595723430E+042
  1.5470004596E+006  1.0595723430E+042
  1.5487004657E+006  1.0595723430E+042
  1.5504002646E+006  1.0349860853E+042
  1.5521003598E+006  1.0349860853E+042
  1.5538005015E+006  1.0349860853E+042
  1.5555004384E+006  1.0349860853E+042
  1.5572004242E+006  1.0349860853E+042
  1.5589004586E+006  1.0349860853E+042
  1.5606002787E+006  1.0309914475E+042
  1.5623004013E+006  1.0309914475E+042
  1.5640003194E+006  1.0309914475E+042
  1.5657002931E+006  1.0309914475E+042
  1.5674003133E+006  1.0309914475E+042
  1.5691003789E+006  1.0309914475E+042
  1.5708004920E+006  1.0093930978E+042
  1.5725003951E+006  1.0093930978E+042
  1.5742003533E+006  1.0093930978E+042
  1.5759003582E+006  1.0093930978E+042
  1.5776004051E+006  1.0093930978E+042
  1.5793004982E+006  1.0093930978E+042
  1.5810003830E+006  1.0259221071E+042
  1.5827003212E+006  1.0259221071E+042
  1.5844003090E+006  1.0259221071E+042
  1.5861003413E+006  1.0259221071E+042
  1.5878004165E+006  1.0259221071E+042
  1.5895002846E+006  1.0259221071E+042
  1.5912004612E+006  1.0059818035E+042
  1.5929004274E+006  1.0059818035E+042
  1.5946004385E+006  1.0059818035E+042
  1.5963004901E+006  1.0059818035E+042
  1.5980003338E+006  1.0059818035E+042
  1.5997004857E+006  1.0059818035E+042
  1.6014004292E+006  9.9441085003E+041
  1.6031004165E+006  9.9441085003E+041
  1.6048004445E+006  9.9441085003E+041
  1.6065002614E+006  9.9441085003E+041
  1.6082003853E+006  9.9441085003E+041
  1.6099003011E+006  9.9441085003E+041
  1.6116002602E+006  1.0131750295E+042
  1.6133002611E+006  1.0131750295E+042
  1.6150003073E+006  1.0131750295E+042
  1.6167004036E+006  1.0131750295E+042
  1.6184002941E+006  1.0131750295E+042
  1.6201004865E+006  9.9557263633E+041
  1.6218004653E+006  9.9557263633E+041
  1.6235004878E+006  9.9557263633E+041
  1.6252003028E+006  9.9557263633E+041
  1.6269004265E+006  9.9557263633E+041
  1.6286003388E+006  9.9557263633E+041
  1.6303002948E+006  9.8547756054E+041
  1.6320002941E+006  9.8547756054E+041
  1.6337003433E+006  9.8547756054E+041
  1.6354004420E+006  9.8547756054E+041
  1.6371003315E+006  9.8547756054E+041
  1.6388002631E+006  9.8547756054E+041
  1.6405004941E+006  9.9239643854E+041
  1.6422002580E+006  9.9239643854E+041
  1.6439003291E+006  9.9239643854E+041
  1.6456004485E+006  9.9239643854E+041
  1.6473003524E+006  9.9239643854E+041
  1.6490002993E+006  9.9239643854E+041
  1.6507002920E+006  9.9069070993E+041
  1.6524003381E+006  9.9069070993E+041
  1.6541004364E+006  9.9069070993E+041
  1.6558003217E+006  9.9069070993E+041
  1.6575005103E+006  9.9069070993E+041
  1.6592004861E+006  9.9069070993E+041
  1.6609005131E+006  9.7303756854E+041
  1.6626003322E+006  9.7303756854E+041
  1.6643004541E+006  9.7303756854E+041
  1.6660003590E+006  9.7303756854E+041
  1.6677003095E+006  9.7303756854E+041
  1.6694003089E+006  9.7303756854E+041
  1.6711003573E+006  9.7542429299E+041
  1.6728004564E+006  9.7542429299E+041
  1.6745003374E+006  9.7542429299E+041
  1.6762002628E+006  9.7542429299E+041
  1.6779004950E+006  9.7542429299E+041
  1.6796002591E+006  9.7542429299E+041
  1.6813003301E+006  9.6807867663E+041
  1.6830004433E+006  9.6807867663E+041
  1.6847003385E+006  9.6807867663E+041
  1.6864002811E+006  9.6807867663E+041
  1.6881002748E+006  9.6807867663E+041
  1.6898003137E+006  9.6807867663E+041
  1.6915003984E+006  9.5660128510E+041
  1.6932002632E+006  9.5660128510E+041
  1.6949004266E+006  9.5660128510E+041
  1.6966003812E+006  9.5660128510E+041
  1.6983003801E+006  9.5660128510E+041
  1.7000004223E+006  9.5135975473E+041
  1.7017005035E+006  9.5135975473E+041
  1.7034003672E+006  9.5135975473E+041
  1.7051002764E+006  9.5135975473E+041
  1.7068004929E+006  9.5135975473E+041
  1.7085004951E+006  9.5135975473E+041
  1.7102002784E+006  9.5900685419E+041
  1.7119003609E+006  9.5900685419E+041
  1.7136004869E+006  9.5900685419E+041
  1.7153004039E+006  9.5900685419E+041
  1.7170003668E+006  9.5900685419E+041
  1.7187003726E+006  9.5900685419E+041
  1.7204004172E+006  9.4557272088E+041
  1.7221005068E+006  9.4557272088E+041
  1.7238003861E+006  9.4557272088E+041
  1.7255003112E+006  9.4557272088E+041
  1.7272002830E+006  9.4557272088E+041
  1.7289002920E+006  9.4557272088E+041
  1.7306003425E+006  9.3804505479E+041
  1.7323004394E+006  9.3804505479E+041
  1.7340003228E+006  9.3804505479E+041
  1.7357005079E+006  9.3804505479E+041
  1.7374004760E+006  9.3804505479E+041
  1.7391004814E+006  9.3804505479E+041
  1.7408002738E+006  9.3177088161E+041
  1.7425003738E+006  9.3177088161E+041
  1.7442002599E+006  9.3177088161E+041
  1.7459004478E+006  9.3177088161E+041
  1.7476004156E+006  9.3177088161E+041
  1.7493004265E+006  9.3177088161E+041
  1.7510004828E+006  9.3348639328E+041
  1.7527003286E+006  9.3348639328E+041
  1.7544004744E+006  9.3348639328E+041
  1.7561003998E+006  9.3348639328E+041
  1.7578003690E+006  9.3348639328E+041
  1.7595003811E+006  9.3348639328E+041
  1.7612004427E+006  9.2019403451E+041
  1.7629002919E+006  9.2019403451E+041
  1.7646004381E+006  9.2019403451E+041
  1.7663003658E+006  9.2019403451E+041
  1.7680003379E+006  9.2019403451E+041
  1.7697003545E+006  9.2019403451E+041
  1.7714004180E+006  9.2217638577E+041
  1.7731002641E+006  9.2217638577E+041
  1.7748004046E+006  9.2217638577E+041
  1.7765003295E+006  9.2217638577E+041
  1.7782002990E+006  9.2217638577E+041
  1.7799003165E+006  9.2217638577E+041
  1.7816003762E+006  9.2429705391E+041
  1.7833004772E+006  9.2429705391E+041
  1.7850003570E+006  9.2429705391E+041
  1.7867002801E+006  9.2429705391E+041
  1.7884005097E+006  9.2429705391E+041
  1.7901002643E+006  9.0628921479E+041
  1.7918003183E+006  9.0628921479E+041
  1.7935004082E+006  9.0628921479E+041
  1.7952002782E+006  9.0628921479E+041
  1.7969004517E+006  9.0628921479E+041
  1.7986004124E+006  9.0628921479E+041
  1.8003004124E+006  9.1069820216E+041
  1.8020004523E+006  9.1069820216E+041
  1.8037002738E+006  9.1069820216E+041
  1.8054003980E+006  9.1069820216E+041
  1.8071003103E+006  9.1069820216E+041
  1.8088002686E+006  9.1069820216E+041
  1.8105002658E+006  9.0617603338E+041
  1.8122003006E+006  9.0617603338E+041
  1.8139003799E+006  9.0617603338E+041
  1.8156005017E+006  9.0617603338E+041
  1.8173004146E+006  9.0617603338E+041
  1.8190003683E+006  9.0617603338E+041
  1.8207003598E+006  8.9116909879E+041
  1.8224003904E+006  8.9116909879E+041
  1.8241004634E+006  8.9116909879E+041
  1.8258003229E+006  8.9116909879E+041
  1.8275004817E+006  8.9116909879E+041
  1.8292004221E+006  8.9116909879E+041
  1.8309003963E+006  8.9403487560E+041
  1.8326004116E+006  8.9403487560E+041
  1.8343004717E+006  8.9403487560E+041
  1.8360003162E+006  8.9403487560E+041
  1.8377004595E+006  8.9403487560E+041
  1.8394003815E+006  8.9403487560E+041
  1.8411003395E+006  8.9226781087E+041
  1.8428003402E+006  8.9226781087E+041
  1.8445003854E+006  8.9226781087E+041
  1.8462004716E+006  8.9226781087E+041
  1.8479003362E+006  8.9226781087E+041
  1.8496004967E+006  8.9226781087E+041
  1.8513004380E+006  8.8206975630E+041
  1.8530004224E+006  8.8206975630E+041
  1.8547004542E+006  8.8206975630E+041
  1.8564002646E+006  8.8206975630E+041
  1.8581003723E+006  8.8206975630E+041
  1.8598002586E+006  8.8206975630E+041
  1.8615004457E+006  8.8254210898E+041
  1.8632004181E+006  8.8254210898E+041
  1.8649004335E+006  8.8254210898E+041
  1.8666004866E+006  8.8254210898E+041
  1.8683003158E+006  8.8254210898E+041
  1.8700004468E+006  8.8099700110E+041
  1.8717003614E+006  8.8099700110E+041
  1.8734003222E+006  8.8099700110E+041
  1.8751003243E+006  8.8099700110E+041
  1.8768003638E+006  8.8099700110E+041
  1.8785004410E+006  8.8099700110E+041
  1.8802003033E+006  8.7342899891E+041
  1.8819004686E+006  8.7342899891E+041
  1.8836004166E+006  8.7342899891E+041
  1.8853004040E+006  8.7342899891E+041
  1.8870004272E+006  8.7342899891E+041
  1.8887004894E+006  8.7342899891E+041
  1.8904003386E+006  8.6461333079E+041
  1.8921004914E+006  8.6461333079E+041
  1.8938004262E+006  8.6461333079E+041
  1.8955004005E+006  8.6461333079E+041
  1.8972004123E+006  8.6461333079E+041
  1.8989004658E+006  8.6461333079E+041
  1.9006003053E+006  8.6903423225E+041
  1.9023004475E+006  8.6903423225E+041
  1.9040003660E+006  8.6903423225E+041
  1.9057003230E+006  8.6903423225E+041
  1.9074003173E+006  8.6903423225E+041
  1.9091003540E+006  8.6903423225E+041
  1.9108004357E+006  8.6707639342E+041
  1.9125003011E+006  8.6707639342E+041
  1.9142004635E+006  8.6707639342E+041
  1.9159004047E+006  8.6707639342E+041
  1.9176003903E+006  8.6707639342E+041
  1.9193004167E+006  8.6707639342E+041
  1.9210004893E+006  8.6209234842E+041
  1.9227003402E+006  8.6209234842E+041
  1.9244004865E+006  8.6209234842E+041
  1.9261004101E+006  8.6209234842E+041
  1.9278003770E+006  8.6209234842E+041
  1.9295003859E+006  8.6209234842E+041
  1.9312004364E+006  8.4621118138E+041
  1.9329002694E+006  8.4621118138E+041
  1.9346003964E+006  8.4621118138E+041
  1.9363003057E+006  8.4621118138E+041
  1.9380005167E+006  8.4621118138E+041
  1.9397005136E+006  8.4621118138E+041
  1.9414002896E+006  8.5666268025E+041
  1.9431003631E+006  8.5666268025E+041
  1.9448004707E+006  8.5666268025E+041
  1.9465003587E+006  8.5666268025E+041
  1.9482002901E+006  8.5666268025E+041
  1.9499002639E+006  8.5666268025E+041
  1.9516002754E+006  8.4371576774E+041
  1.9533003231E+006  8.4371576774E+041
  1.9550004071E+006  8.4371576774E+041
  1.9567002698E+006  8.4371576774E+041
  1.9584004346E+006  8.4371576774E+041
  1.9601003798E+006  8.4504547943E+041
  1.9618003612E+006  8.4504547943E+041
  1.9635003798E+006  8.4504547943E+041
  1.9652004382E+006  8.4504547943E+041
  1.9669002800E+006  8.4504547943E+041
  1.9686004258E+006  8.4504547943E+041
  1.9703003553E+006  8.3800647350E+041
  1.9720003214E+006  8.3800647350E+041
  1.9737003258E+006  8.3800647350E+041
  1.9754003727E+006  8.3800647350E+041
  1.9771004629E+006  8.3800647350E+041
  1.9788003382E+006  8.3800647350E+041
  1.9805005129E+006  8.5291815902E+041
  1.9822004649E+006  8.5291815902E+041
  1.9839004536E+006  8.5291815902E+041
  1.9856004867E+006  8.5291815902E+041
  1.9873003036E+006  8.5291815902E+041
  1.9890004226E+006  8.5291815902E+041
  1.9907003215E+006  8.2905035430E+041
  1.9924005161E+006  8.2905035430E+041
  1.9941004877E+006  8.2905035430E+041
  1.9958005027E+006  8.2905035430E+041
  1.9975002999E+006  8.2905035430E+041
  1.9992003943E+006  8.2905035430E+041
  2.0009002665E+006  8.2675898216E+041
  2.0026004336E+006  8.2675898216E+041
  2.0043003793E+006  8.2675898216E+041
  2.0060003667E+006  8.2675898216E+041
  2.0077003981E+006  8.2675898216E+041
  2.0094004661E+006  8.2675898216E+041
  2.0111003132E+006  8.1317268921E+041
  2.0128004551E+006  8.1317268921E+041
  2.0145003777E+006  8.1317268921E+041
  2.0162003406E+006  8.1317268921E+041
  2.0179003478E+006  8.1317268921E+041
  2.0196003901E+006  8.1317268921E+041
  2.0213004681E+006  8.0921654736E+041
  2.0230003221E+006  8.0921654736E+041
  2.0247004746E+006  8.0921654736E+041
  2.0264004080E+006  8.0921654736E+041
  2.0281003832E+006  8.0921654736E+041
  2.0298003941E+006  8.0921654736E+041
  2.0315004393E+006  7.9628517556E+041
  2.0332002650E+006  7.9628517556E+041
  2.0349003916E+006  7.9628517556E+041
  2.0366003017E+006  7.9628517556E+041
  2.0383005107E+006  7.9628517556E+041
  2.0400004988E+006  8.0180661310E+041
  2.0417002599E+006  8.0180661310E+041
  2.0434003203E+006  8.0180661310E+041
  2.0451004209E+006  8.0180661310E+041
  2.0468003042E+006  8.0180661310E+041
  2.0485004834E+006  8.0180661310E+041
  2.0502004421E+006  8.0946779104E+041
  2.0519004345E+006  8.0946779104E+041
  2.0536004682E+006  8.0946779104E+041
  2.0553002840E+006  8.0946779104E+041
  2.0570004021E+006  8.0946779104E+041
  2.0587002973E+006  8.0946779104E+041
  2.0604004900E+006  8.0705809211E+041
  2.0621004573E+006  8.0705809211E+041
  2.0638004628E+006  8.0705809211E+041
  2.0655005094E+006  8.0705809211E+041
  2.0672003379E+006  8.0705809211E+041
  2.0689004607E+006  8.0705809211E+041
  2.0706003602E+006  7.9146282901E+041
  2.0723002975E+006  7.9146282901E+041
  2.0740002751E+006  7.9146282901E+041
  2.0757002968E+006  7.9146282901E+041
  2.0774003608E+006  7.9146282901E+041
  2.0791004618E+006  7.9146282901E+041
  2.0808003380E+006  7.8695767994E+041
  2.0825005109E+006  7.8695767994E+041
  2.0842004613E+006  7.8695767994E+041
  2.0859004513E+006  7.8695767994E+041
  2.0876004788E+006  7.8695767994E+041
  2.0893002822E+006  7.8695767994E+041
  2.0910003770E+006  7.9140257842E+041
  2.0927005114E+006  7.9140257842E+041
  2.0944004263E+006  7.9140257842E+041
  2.0961003824E+006  7.9140257842E+041
  2.0978003774E+006  7.9140257842E+041
  2.0995004098E+006  7.9140257842E+041
  2.1012004751E+006  7.8798224317E+041
  2.1029003186E+006  7.8798224317E+041
  2.1046004617E+006  7.8798224317E+041
  2.1063003856E+006  7.8798224317E+041
  2.1080003465E+006  7.8798224317E+041
  2.1097003435E+006  7.8798224317E+041
  2.1114003739E+006  7.8448561031E+041
  2.1131004416E+006  7.8448561031E+041
  2.1148002920E+006  7.8448561031E+041
  2.1165004425E+006  7.8448561031E+041
  2.1182003698E+006  7.8448561031E+041
  2.1199003326E+006  7.8448561031E+041
  2.1216003306E+006  7.7997798514E+041
  2.1233003643E+006  7.7997798514E+041
  2.1250004385E+006  7.7997798514E+041
  2.1267002923E+006  7.7997798514E+041
  2.1284004408E+006  7.7997798514E+041
  2.1301003633E+006  7.8136300996E+041
  2.1318003214E+006  7.8136300996E+041
  2.1335003144E+006  7.8136300996E+041
  2.1352003467E+006  7.8136300996E+041
  2.1369004182E+006  7.8136300996E+041
  2.1386002660E+006  7.8136300996E+041
  2.1403004045E+006  7.7909957528E+041
  2.1420003190E+006  7.7909957528E+041
  2.1437002703E+006  7.7909957528E+041
  2.1454002607E+006  7.7909957528E+041
  2.1471002896E+006  7.7909957528E+041
  2.1488003551E+006  7.7909957528E+041
  2.1505004516E+006  7.7393405895E+041
  2.1522003238E+006  7.7393405895E+041
  2.1539004941E+006  7.7393405895E+041
  2.1556004443E+006  7.7393405895E+041
  2.1573004319E+006  7.7393405895E+041
  2.1590004567E+006  7.7393405895E+041
  2.1607005142E+006  7.8087315570E+041
  2.1624003470E+006  7.8087315570E+041
  2.1641004782E+006  7.8087315570E+041
  2.1658003907E+006  7.8087315570E+041
  2.1675003407E+006  7.8087315570E+041
  2.1692003280E+006  7.8087315570E+041
  2.1709003494E+006  7.6456146187E+041
  2.1726004039E+006  7.6456146187E+041
  2.1743004953E+006  7.6456146187E+041
  2.1760003681E+006  7.6456146187E+041
  2.1777002771E+006  7.6456146187E+041
  2.1794004799E+006  7.6456146187E+041
  2.1811004565E+006  7.5820114173E+041
  2.1828004682E+006  7.5820114173E+041
  2.1845005167E+006  7.5820114173E+041
  2.1862003464E+006  7.5820114173E+041
  2.1879004734E+006  7.5820114173E+041
  2.1896003750E+006  7.5820114173E+041
  2.1913003107E+006  7.6239326369E+041
  2.1930002826E+006  7.6239326369E+041
  2.1947002919E+006  7.6239326369E+041
  2.1964003414E+006  7.6239326369E+041
  2.1981004318E+006  7.6239326369E+041
  2.1998002973E+006  7.6239326369E+041
  2.2015004561E+006  7.6003058228E+041
  2.2032003902E+006  7.6003058228E+041
  2.2049003632E+006  7.6003058228E+041
  2.2066003736E+006  7.6003058228E+041
  2.2083004238E+006  7.6003058228E+041
  2.2100005076E+006  7.5793934181E+041
  2.2117003646E+006  7.5793934181E+041
  2.2134005138E+006  7.5793934181E+041
  2.2151004428E+006  7.5793934181E+041
  2.2168004069E+006  7.5793934181E+041
  2.2185004104E+006  7.5793934181E+041
  2.2202004478E+006  7.4879431835E+041
  2.2219002602E+006  7.4879431835E+041
  2.2236003639E+006  7.4879431835E+041
  2.2253005084E+006  7.4879431835E+041
  2.2270004303E+006  7.4879431835E+041
  2.2287003915E+006  7.4879431835E+041
  2.2304003859E+006  7.6014499193E+041
  2.2321004154E+006  7.6014499193E+041
  2.2338004759E+006  7.6014499193E+041
  2.2355003155E+006  7.6014499193E+041
  2.2372004537E+006  7.6014499193E+041
  2.2389003704E+006  7.6014499193E+041
  2.2406003208E+006  7.4971843585E+041
  2.2423003062E+006  7.4971843585E+041
  2.2440003243E+006  7.4971843585E+041
  2.2457003775E+006  7.4971843585E+041
  2.2474004694E+006  7.4971843585E+041
  2.2491003394E+006  7.4971843585E+041
  2.2508005024E+006  7.4988718031E+041
  2.2525004381E+006  7.4988718031E+041
  2.2542004076E+006  7.4988718031E+041
  2.2559004128E+006  7.4988718031E+041
  2.2576004565E+006  7.4988718031E+041
  2.2593002797E+006  7.4988718031E+041
  2.2610003972E+006  7.3916352419E+041
  2.2627002884E+006  7.3916352419E+041
  2.2644004735E+006  7.3916352419E+041
  2.2661004367E+006  7.3916352419E+041
  2.2678004358E+006  7.3916352419E+041
  2.2695004753E+006  7.3916352419E+041
  2.2712002895E+006  7.3433039056E+041
  2.2729003958E+006  7.3433039056E+041
  2.2746002707E+006  7.3433039056E+041
  2.2763004423E+006  7.3433039056E+041
  2.2780003890E+006  7.3433039056E+041
  2.2797003730E+006  7.3433039056E+041
  2.2814003911E+006  7.3182478564E+041
  2.2831004427E+006  7.3182478564E+041
  2.2848002647E+006  7.3182478564E+041
  2.2865003821E+006  7.3182478564E+041
  2.2882002769E+006  7.3182478564E+041
  2.2899004680E+006  7.3182478564E+041
  2.2916004341E+006  7.4184580984E+041
  2.2933004346E+006  7.4184580984E+041
  2.2950004664E+006  7.4184580984E+041
  2.2967002711E+006  7.4184580984E+041
  2.2984003739E+006  7.4184580984E+041
  2.3001005157E+006  7.1862140521E+041
  2.3018004312E+006  7.1862140521E+041
  2.3035003801E+006  7.1862140521E+041
  2.3052003601E+006  7.1862140521E+041
  2.3069003741E+006  7.1862140521E+041
  2.3086004218E+006  7.1862140521E+041
  2.3103005092E+006  7.2355485424E+041
  2.3120003703E+006  7.2355485424E+041
  2.3137002661E+006  7.2355485424E+041
  2.3154004525E+006  7.2355485424E+041
  2.3171004133E+006  7.2355485424E+041
  2.3188004074E+006  7.2355485424E+041
  2.3205004405E+006  7.1837748321E+041
  2.3222005100E+006  7.1837748321E+041
  2.3239003517E+006  7.1837748321E+041
  2.3256004841E+006  7.1837748321E+041
  2.3273003901E+006  7.1837748321E+041
  2.3290003308E+006  7.1837748321E+041
  2.3307003071E+006  7.3310848018E+041
  2.3324003205E+006  7.3310848018E+041
  2.3341003693E+006  7.3310848018E+041
  2.3358004476E+006  7.3310848018E+041
  2.3375002983E+006  7.3310848018E+041
  2.3392004425E+006  7.3310848018E+041
  2.3409003641E+006  7.1465984044E+041
  2.3426003202E+006  7.1465984044E+041
  2.3443003135E+006  7.1465984044E+041
  2.3460003368E+006  7.1465984044E+041
  2.3477003928E+006  7.1465984044E+041
  2.3494004825E+006  7.1465984044E+041
  2.3511003498E+006  7.1281454685E+041
  2.3528005118E+006  7.1281454685E+041
  2.3545004483E+006  7.1281454685E+041
  2.3562004170E+006  7.1281454685E+041
  2.3579004155E+006  7.1281454685E+041
  2.3596004440E+006  7.1281454685E+041
  2.3613005091E+006  7.1751058578E+041
  2.3630003508E+006  7.1751058578E+041
  2.3647004884E+006  7.1751058578E+041
  2.3664003975E+006  7.1751058578E+041
  2.3681003417E+006  7.1751058578E+041
  2.3698003162E+006  7.1751058578E+041
  2.3715003270E+006  7.0813815320E+041
  2.3732003727E+006  7.0813815320E+041
  2.3749004547E+006  7.0813815320E+041
  2.3766003068E+006  7.0813815320E+041
  2.3783004504E+006  7.0813815320E+041
  2.3800003638E+006  7.0466710056E+041
  2.3817003102E+006  7.0466710056E+041
  2.3834002947E+006  7.0466710056E+041
  2.3851003171E+006  7.0466710056E+041
  2.3868003737E+006  7.0466710056E+041
  2.3885004626E+006  7.0466710056E+041
  2.3902003246E+006  7.0751117414E+041
  2.3919004826E+006  7.0751117414E+041
  2.3936004155E+006  7.0751117414E+041
  2.3953003888E+006  7.0751117414E+041
  2.3970003987E+006  7.0751117414E+041
  2.3987004425E+006  7.0751117414E+041
  2.4004005174E+006  7.0991525298E+041
  2.4021003664E+006  7.0991525298E+041
  2.4038005105E+006  7.0991525298E+041
  2.4055004285E+006  7.0991525298E+041
  2.4072003824E+006  7.0991525298E+041
  2.4089003686E+006  7.0991525298E+041
  2.4106003850E+006  7.0917283244E+041
  2.4123004311E+006  7.0917283244E+041
  2.4140005113E+006  7.0917283244E+041
  2.4157003666E+006  7.0917283244E+041
  2.4174005161E+006  7.0917283244E+041
  2.4191004388E+006  7.0917283244E+041
  2.4208003923E+006  7.1143063229E+041
  2.4225003756E+006  7.1143063229E+041
  2.4242003934E+006  7.1143063229E+041
  2.4259004467E+006  7.1143063229E+041
  2.4276002761E+006  7.1143063229E+041
  2.4293003980E+006  7.1143063229E+041
  2.4310002941E+006  6.8984582801E+041
  2.4327004802E+006  6.8984582801E+041
  2.4344004388E+006  6.8984582801E+041
  2.4361004335E+006  6.8984582801E+041
  2.4378004671E+006  6.8984582801E+041
  2.4395002751E+006  6.8984582801E+041
  2.4412003766E+006  6.8755894520E+041
  2.4429005105E+006  6.8755894520E+041
  2.4446004156E+006  6.8755894520E+041
  2.4463003518E+006  6.8755894520E+041
  2.4480003263E+006  6.8755894520E+041
  2.4497003352E+006  6.8755894520E+041
  2.4514003770E+006  6.8941997755E+041
  2.4531004463E+006  6.8941997755E+041
  2.4548002870E+006  6.8941997755E+041
  2.4565004188E+006  6.8941997755E+041
  2.4582003237E+006  6.8941997755E+041
  2.4599002638E+006  6.8941997755E+041
  2.4616004993E+006  6.8887327411E+041
  2.4633005052E+006  6.8887327411E+041
  2.4650002820E+006  6.8887327411E+041
  2.4667003520E+006  6.8887327411E+041
