  0.0000000000E+000  0.0000000000E+000
  1.7002847255E+003  8.0744072638E+040
  3.4003026172E+003  8.0744072638E+040
  5.1001928621E+003  8.0744072638E+040
  6.8002825809E+003  8.0744072638E+040
  8.5002326611E+003  8.0744072638E+040
  1.0200304604E+004  5.9761966136E+040
  1.1900248217E+004  5.9761966136E+040
  1.3600186689E+004  5.9761966136E+040
  1.5300170914E+004  5.9761966136E+040
  1.7000194561E+004  5.9761966136E+040
  1.8700203327E+004  5.9761966136E+040
  2.0400246767E+004  4.8489470674E+040
  2.2100174823E+004  4.8489470674E+040
  2.3800233679E+004  4.8489470674E+040
  2.5500203252E+004  4.8489470674E+040
  2.7200178829E+004  4.8489470674E+040
  2.8900225861E+004  4.8489470674E+040
  3.0600255662E+004  4.5902013157E+040
  3.2300192364E+004  4.5902013157E+040
  3.4000232569E+004  4.5902013157E+040
  3.5700265936E+004  4.5902013157E+040
  3.7400215952E+004  4.5902013157E+040
  3.9100154401E+004  4.5902013157E+040
  4.0800228412E+004  4.3988492201E+040
  4.2500226922E+004  4.3988492201E+040
  4.4200290301E+004  4.3988492201E+040
  4.5900268104E+004  4.3988492201E+040
  4.7600199649E+004  4.3988492201E+040
  4.9300240107E+004  4.3988492201E+040
  5.1000274484E+004  4.2294242847E+040
  5.2700281135E+004  4.2294242847E+040
  5.4400267239E+004  4.2294242847E+040
  5.6100166736E+004  4.2294242847E+040
  5.7800183588E+004  4.2294242847E+040
  5.9500194450E+004  4.2294242847E+040
  6.1200276736E+004  4.1703526957E+040
  6.2900240617E+004  4.1703526957E+040
  6.4600298422E+004  4.1703526957E+040
  6.6300174943E+004  4.1703526957E+040
  6.8000225098E+004  4.1703526957E+040
  6.9700261550E+004  4.1703526957E+040
  7.1400259116E+004  4.1148192286E+040
  7.3100200860E+004  4.1148192286E+040
  7.4800190835E+004  4.1148192286E+040
  7.6500235386E+004  4.1148192286E+040
  7.8200156214E+004  4.1148192286E+040
  7.9900209064E+004  4.1148192286E+040
  8.1600221160E+004  4.0154441807E+040
  8.3300173248E+004  4.0154441807E+040
  8.5000213314E+004  4.0154441807E+040
  8.6700246485E+004  4.0154441807E+040
  8.8400244792E+004  4.0154441807E+040
  9.0100245010E+004  4.0352467450E+040
  9.1800158850E+004  4.0352467450E+040
  9.3500160571E+004  4.0352467450E+040
  9.5200215079E+004  4.0352467450E+040
  9.6900281741E+004  4.0352467450E+040
  9.8600218929E+004  4.0352467450E+040
  1.0030028870E+005  3.9128174005E+040
  1.0200028072E+005  3.9128174005E+040
  1.0370027680E+005  3.9128174005E+040
  1.0540025536E+005  3.9128174005E+040
  1.0710016122E+005  3.9128174005E+040
  1.0880025387E+005  3.9128174005E+040
  1.1050016802E+005  3.9213033825E+040
  1.1220027724E+005  3.9213033825E+040
  1.1390020772E+005  3.9213033825E+040
  1.1560029697E+005  3.9213033825E+040
  1.1730019992E+005  3.9213033825E+040
  1.1900029030E+005  3.9213033825E+040
  1.2070023196E+005  3.8417022317E+040
  1.2240025369E+005  3.8417022317E+040
  1.2410015854E+005  3.8417022317E+040
  1.2580016340E+005  3.8417022317E+040
  1.2750026612E+005  3.8417022317E+040
  1.2920018120E+005  3.8417022317E+040
  1.3090015732E+005  3.7708962399E+040
  1.3260022732E+005  3.7708962399E+040
  1.3430025445E+005  3.7708962399E+040
  1.3600017851E+005  3.7708962399E+040
  1.3770017835E+005  3.7708962399E+040
  1.3940023900E+005  3.7708962399E+040
  1.4110023812E+005  3.7688210726E+040
  1.4280021409E+005  3.7688210726E+040
  1.4450017254E+005  3.7688210726E+040
  1.4620020441E+005  3.7688210726E+040
  1.4790022938E+005  3.7688210726E+040
  1.4960015948E+005  3.7688210726E+040
  1.5130016214E+005  3.6971157348E+040
  1.5300019769E+005  3.6971157348E+040
  1.5470024070E+005  3.6971157348E+040
  1.5640021237E+005  3.6971157348E+040
  1.5810029233E+005  3.6971157348E+040
  1.5980023266E+005  3.6971157348E+040
  1.6150025226E+005  3.6490184319E+040
  1.6320017786E+005  3.6490184319E+040
  1.6490030306E+005  3.6490184319E+040
  1.6660020624E+005  3.6490184319E+040
  1.6830019575E+005  3.6490184319E+040
  1.7000030096E+005  3.6482858063E+040
  1.7170018328E+005  3.6482858063E+040
  1.7340030614E+005  3.6482858063E+040
  1.7510019043E+005  3.6482858063E+040
  1.7680019528E+005  3.6482858063E+040
  1.7850023040E+005  3.6482858063E+040
  1.8020023272E+005  3.5806650117E+040
  1.8190026010E+005  3.5806650117E+040
  1.8360028460E+005  3.5806650117E+040
  1.8530022896E+005  3.5806650117E+040
  1.8700016718E+005  3.5806650117E+040
  1.8870027246E+005  3.5806650117E+040
  1.9040029546E+005  3.5723476195E+040
  1.9210020015E+005  3.5723476195E+040
  1.9380024165E+005  3.5723476195E+040
  1.9550026273E+005  3.5723476195E+040
  1.9720027424E+005  3.5723476195E+040
  1.9890030537E+005  3.5723476195E+040
  2.0060020291E+005  3.5001047620E+040
  2.0230028554E+005  3.5001047620E+040
  2.0400019962E+005  3.5001047620E+040
  2.0570027843E+005  3.5001047620E+040
  2.0740021966E+005  3.5001047620E+040
  2.0910016038E+005  3.5001047620E+040
  2.1080026553E+005  3.4418078711E+040
  2.1250019777E+005  3.4418078711E+040
  2.1420015971E+005  3.4418078711E+040
  2.1590027513E+005  3.4418078711E+040
  2.1760030384E+005  3.4418078711E+040
  2.1930015949E+005  3.4418078711E+040
  2.2100015587E+005  3.4729883831E+040
  2.2270026919E+005  3.4729883831E+040
  2.2440024482E+005  3.4729883831E+040
  2.2610026935E+005  3.4729883831E+040
  2.2780020250E+005  3.4729883831E+040
  2.2950029796E+005  3.4729883831E+040
  2.3120018360E+005  3.4713258267E+040
  2.3290017778E+005  3.4713258267E+040
  2.3460017313E+005  3.4713258267E+040
  2.3630024906E+005  3.4713258267E+040
  2.3800024712E+005  3.4713258267E+040
  2.3970026789E+005  3.4713258267E+040
  2.4140020530E+005  3.4213635680E+040
  2.4310022891E+005  3.4213635680E+040
  2.4480025105E+005  3.4213635680E+040
  2.4650020759E+005  3.4213635680E+040
  2.4820027983E+005  3.4213635680E+040
  2.4990021082E+005  3.4213635680E+040
  2.5160021485E+005  3.2982539929E+040
  2.5330026559E+005  3.2982539929E+040
  2.5500016088E+005  3.2982539929E+040
  2.5670015761E+005  3.2982539929E+040
  2.5840028554E+005  3.2982539929E+040
  2.6010029670E+005  3.2766365859E+040
  2.6180019997E+005  3.2766365859E+040
  2.6350029442E+005  3.2766365859E+040
  2.6520020778E+005  3.2766365859E+040
  2.6690024725E+005  3.2766365859E+040
  2.6860027327E+005  3.2766365859E+040
  2.7030020596E+005  3.2981391878E+040
  2.7200016944E+005  3.2981391878E+040
  2.7370030746E+005  3.2981391878E+040
  2.7540024647E+005  3.2981391878E+040
  2.7710016169E+005  3.2981391878E+040
  2.7880024864E+005  3.2981391878E+040
  2.8050024138E+005  3.2395774575E+040
  2.8220028278E+005  3.2395774575E+040
  2.8390029751E+005  3.2395774575E+040
  2.8560027545E+005  3.2395774575E+040
  2.8730021667E+005  3.2395774575E+040
  2.8900020118E+005  3.2395774575E+040
  2.9070026524E+005  3.1847815538E+040
  2.9240021194E+005  3.1847815538E+040
  2.9410028438E+005  3.1847815538E+040
  2.9580028089E+005  3.1847815538E+040
  2.9750026184E+005  3.1847815538E+040
  2.9920028670E+005  3.1847815538E+040
  3.0090026561E+005  3.2164574873E+040
  3.0260027712E+005  3.2164574873E+040
  3.0430024624E+005  3.2164574873E+040
  3.0600027563E+005  3.2164574873E+040
  3.0770028315E+005  3.2164574873E+040
  3.0940020322E+005  3.2164574873E+040
  3.1110023618E+005  3.1371350724E+040
  3.1280017117E+005  3.1371350724E+040
  3.1450018316E+005  3.1371350724E+040
  3.1620025886E+005  3.1371350724E+040
  3.1790028454E+005  3.1371350724E+040
  3.1960025379E+005  3.1371350724E+040
  3.2130018914E+005  3.0475850809E+040
  3.2300018851E+005  3.0475850809E+040
  3.2470026201E+005  3.0475850809E+040
  3.2640021224E+005  3.0475850809E+040
  3.2810027647E+005  3.0475850809E+040
  3.2980027515E+005  3.0475850809E+040
  3.3150027452E+005  3.0687709393E+040
  3.3320018220E+005  3.0687709393E+040
  3.3490016196E+005  3.0687709393E+040
  3.3660030528E+005  3.0687709393E+040
  3.3830024513E+005  3.0687709393E+040
  3.4000028153E+005  3.0376997832E+040
  3.4170017846E+005  3.0376997832E+040
  3.4340030744E+005  3.0376997832E+040
  3.4510019052E+005  3.0376997832E+040
  3.4680022606E+005  3.0376997832E+040
  3.4850019056E+005  3.0376997832E+040
  3.5020026871E+005  3.0676512275E+040
  3.5190020923E+005  3.0676512275E+040
  3.5360025209E+005  3.0676512275E+040
  3.5530019436E+005  3.0676512275E+040
  3.5700027487E+005  3.0676512275E+040
  3.5870027358E+005  3.0676512275E+040
  3.6040022598E+005  3.0004353963E+040
  3.6210022206E+005  3.0004353963E+040
  3.6380016515E+005  3.0004353963E+040
  3.6550017639E+005  3.0004353963E+040
  3.6720030068E+005  3.0004353963E+040
  3.6890018262E+005  3.0004353963E+040
  3.7060016437E+005  2.9860812727E+040
  3.7230020818E+005  2.9860812727E+040
  3.7400021024E+005  2.9860812727E+040
  3.7570028395E+005  2.9860812727E+040
  3.7740030516E+005  2.9860812727E+040
  3.7910021953E+005  2.9860812727E+040
  3.8080023793E+005  2.9332102018E+040
  3.8250016400E+005  2.9332102018E+040
  3.8420023143E+005  2.9332102018E+040
  3.8590020731E+005  2.9332102018E+040
  3.8760028638E+005  2.9332102018E+040
  3.8930023604E+005  2.9332102018E+040
  3.9100028498E+005  2.8676877968E+040
  3.9270025554E+005  2.8676877968E+040
  3.9440021621E+005  2.8676877968E+040
  3.9610026356E+005  2.8676877968E+040
  3.9780023380E+005  2.8676877968E+040
  3.9950023017E+005  2.8676877968E+040
  4.0120030595E+005  2.8806974529E+040
  4.0290016454E+005  2.8806974529E+040
  4.0460017669E+005  2.8806974529E+040
  4.0630028483E+005  2.8806974529E+040
  4.0800016046E+005  2.8806974529E+040
  4.0970019368E+005  2.8806974529E+040
  4.1140030647E+005  2.8858124456E+040
  4.1310019684E+005  2.8858124456E+040
  4.1480026661E+005  2.8858124456E+040
  4.1650027364E+005  2.8858124456E+040
  4.1820021378E+005  2.8858124456E+040
  4.1990028628E+005  2.8858124456E+040
  4.2160028029E+005  2.8846398730E+040
  4.2330020626E+005  2.8846398730E+040
  4.2500016680E+005  2.8846398730E+040
  4.2670023955E+005  2.8846398730E+040
  4.2840023116E+005  2.8846398730E+040
  4.3010020371E+005  2.7773603753E+040
  4.3180022569E+005  2.7773603753E+040
  4.3350019098E+005  2.7773603753E+040
  4.3520019616E+005  2.7773603753E+040
  4.3690017229E+005  2.7773603753E+040
  4.3860022528E+005  2.7773603753E+040
  4.4030024378E+005  2.7983992866E+040
  4.4200030532E+005  2.7983992866E+040
  4.4370030157E+005  2.7983992866E+040
  4.4540019943E+005  2.7983992866E+040
  4.4710022880E+005  2.7983992866E+040
  4.4880019129E+005  2.7983992866E+040
  4.5050025487E+005  2.7305363035E+040
  4.5220020364E+005  2.7305363035E+040
  4.5390022919E+005  2.7305363035E+040
  4.5560017139E+005  2.7305363035E+040
  4.5730025401E+005  2.7305363035E+040
  4.5900027467E+005  2.7305363035E+040
  4.6070023992E+005  2.7481061364E+040
  4.6240022225E+005  2.7481061364E+040
  4.6410028737E+005  2.7481061364E+040
  4.6580026497E+005  2.7481061364E+040
  4.6750024948E+005  2.7481061364E+040
  4.6920017306E+005  2.7481061364E+040
  4.7090019331E+005  2.6604419292E+040
  4.7260021694E+005  2.6604419292E+040
  4.7430015988E+005  2.6604419292E+040
  4.7600017776E+005  2.6604419292E+040
  4.7770021115E+005  2.6604419292E+040
  4.7940019531E+005  2.6604419292E+040
  4.8110026763E+005  2.6440942890E+040
  4.8280018395E+005  2.6440942890E+040
  4.8450015652E+005  2.6440942890E+040
  4.8620021584E+005  2.6440942890E+040
  4.8790029376E+005  2.6440942890E+040
  4.8960018321E+005  2.6440942890E+040
  4.9130015710E+005  2.6780853047E+040
  4.9300026949E+005  2.6780853047E+040
  4.9470028228E+005  2.6780853047E+040
  4.9640021647E+005  2.6780853047E+040
  4.9810019430E+005  2.6780853047E+040
  4.9980028791E+005  2.6780853047E+040
  5.0150016985E+005  2.6200224348E+040
  5.0320017170E+005  2.6200224348E+040
  5.0490022120E+005  2.6200224348E+040
  5.0660019201E+005  2.6200224348E+040
  5.0830021098E+005  2.6200224348E+040
  5.1000020935E+005  2.5795952832E+040
  5.1170029870E+005  2.5795952832E+040
  5.1340019909E+005  2.5795952832E+040
  5.1510028209E+005  2.5795952832E+040
  5.1680029200E+005  2.5795952832E+040
  5.1850019623E+005  2.5795952832E+040
  5.2020025019E+005  2.5906934527E+040
  5.2190024176E+005  2.5906934527E+040
  5.2360019165E+005  2.5906934527E+040
  5.2530016135E+005  2.5906934527E+040
  5.2700020094E+005  2.5906934527E+040
  5.2870030628E+005  2.5906934527E+040
  5.3040025158E+005  2.5362841205E+040
  5.3210030602E+005  2.5362841205E+040
  5.3380030272E+005  2.5362841205E+040
  5.3550016131E+005  2.5362841205E+040
  5.3720023527E+005  2.5362841205E+040
  5.3890022392E+005  2.5362841205E+040
  5.4060022223E+005  2.5177506198E+040
  5.4230017538E+005  2.5177506198E+040
  5.4400022915E+005  2.5177506198E+040
  5.4570028005E+005  2.5177506198E+040
  5.4740023750E+005  2.5177506198E+040
  5.4910026217E+005  2.5177506198E+040
  5.5080015661E+005  2.4765147066E+040
  5.5250016373E+005  2.4765147066E+040
  5.5420027313E+005  2.4765147066E+040
  5.5590021242E+005  2.4765147066E+040
  5.5760020484E+005  2.4765147066E+040
  5.5930026765E+005  2.4765147066E+040
  5.6100020556E+005  2.4527637262E+040
  5.6270027134E+005  2.4527637262E+040
  5.6440027678E+005  2.4527637262E+040
  5.6610026564E+005  2.4527637262E+040
  5.6780029130E+005  2.4527637262E+040
  5.6950023805E+005  2.4527637262E+040
  5.7120022122E+005  2.4347294745E+040
  5.7290018536E+005  2.4347294745E+040
  5.7460024836E+005  2.4347294745E+040
  5.7630028183E+005  2.4347294745E+040
  5.7800019388E+005  2.4347294745E+040
  5.7970017317E+005  2.4347294745E+040
  5.8140020225E+005  2.3901492955E+040
  5.8310021671E+005  2.3901492955E+040
  5.8480018358E+005  2.3901492955E+040
  5.8650026244E+005  2.3901492955E+040
  5.8820021526E+005  2.3901492955E+040
  5.8990022887E+005  2.3901492955E+040
  5.9160029924E+005  2.3711922912E+040
  5.9330021212E+005  2.3711922912E+040
  5.9500023073E+005  2.3711922912E+040
  5.9670021023E+005  2.3711922912E+040
  5.9840019697E+005  2.3711922912E+040
  6.0010025095E+005  2.3731396016E+040
  6.0180020315E+005  2.3731396016E+040
  6.0350016735E+005  2.3731396016E+040
  6.0520024161E+005  2.3731396016E+040
  6.0690026998E+005  2.3731396016E+040
  6.0860030175E+005  2.3731396016E+040
  6.1030023221E+005  2.3429240221E+040
  6.1200022842E+005  2.3429240221E+040
  6.1370023681E+005  2.3429240221E+040
  6.1540021431E+005  2.3429240221E+040
  6.1710029292E+005  2.3429240221E+040
  6.1880021476E+005  2.3429240221E+040
  6.2050018028E+005  2.3052960307E+040
  6.2220021410E+005  2.3052960307E+040
  6.2390027076E+005  2.3052960307E+040
  6.2560029949E+005  2.3052960307E+040
  6.2730028007E+005  2.3052960307E+040
  6.2900024168E+005  2.3052960307E+040
  6.3070024897E+005  2.3314180307E+040
  6.3240016014E+005  2.3314180307E+040
  6.3410026576E+005  2.3314180307E+040
  6.3580019120E+005  2.3314180307E+040
  6.3750022519E+005  2.3314180307E+040
  6.3920023421E+005  2.3314180307E+040
  6.4090027521E+005  2.2845867396E+040
  6.4260022697E+005  2.2845867396E+040
  6.4430021701E+005  2.2845867396E+040
  6.4600019831E+005  2.2845867396E+040
  6.4770028388E+005  2.2845867396E+040
  6.4940018716E+005  2.2845867396E+040
  6.5110026641E+005  2.2587735190E+040
  6.5280025420E+005  2.2587735190E+040
  6.5450028716E+005  2.2587735190E+040
  6.5620016317E+005  2.2587735190E+040
  6.5790030415E+005  2.2587735190E+040
  6.5960025422E+005  2.2587735190E+040
  6.6130022055E+005  2.2671954527E+040
  6.6300024132E+005  2.2671954527E+040
  6.6470016397E+005  2.2671954527E+040
  6.6640024072E+005  2.2671954527E+040
  6.6810028372E+005  2.2671954527E+040
  6.6980028214E+005  2.2671954527E+040
  6.7150028945E+005  2.2098789911E+040
  6.7320019306E+005  2.2098789911E+040
  6.7490030694E+005  2.2098789911E+040
  6.7660028094E+005  2.2098789911E+040
  6.7830021933E+005  2.2098789911E+040
  6.8000027176E+005  2.2074587323E+040
  6.8170016416E+005  2.2074587323E+040
  6.8340026022E+005  2.2074587323E+040
  6.8510025717E+005  2.2074587323E+040
  6.8680027808E+005  2.2074587323E+040
  6.8850026939E+005  2.2074587323E+040
  6.9020021821E+005  2.2030920983E+040
  6.9190015517E+005  2.2030920983E+040
  6.9360028575E+005  2.2030920983E+040
  6.9530016853E+005  2.2030920983E+040
  6.9700023100E+005  2.2030920983E+040
  6.9870027824E+005  2.2030920983E+040
  7.0040027588E+005  2.1741691997E+040
  7.0210026009E+005  2.1741691997E+040
  7.0380027259E+005  2.1741691997E+040
  7.0550019175E+005  2.1741691997E+040
  7.0720030081E+005  2.1741691997E+040
  7.0890024047E+005  2.1741691997E+040
  7.1060029579E+005  2.1532628143E+040
  7.1230016698E+005  2.1532628143E+040
  7.1400022180E+005  2.1532628143E+040
  7.1570017444E+005  2.1532628143E+040
  7.1740017328E+005  2.1532628143E+040
  7.1910016323E+005  2.1532628143E+040
  7.2080027005E+005  2.1323064907E+040
  7.2250019018E+005  2.1323064907E+040
  7.2420028212E+005  2.1323064907E+040
  7.2590027375E+005  2.1323064907E+040
  7.2760015559E+005  2.1323064907E+040
  7.2930019808E+005  2.1323064907E+040
  7.3100019990E+005  2.1116949761E+040
  7.3270017145E+005  2.1116949761E+040
  7.3440030122E+005  2.1116949761E+040
  7.3610017551E+005  2.1116949761E+040
  7.3780025251E+005  2.1116949761E+040
  7.3950018508E+005  2.1116949761E+040
  7.4120024294E+005  2.0912686693E+040
  7.4290025903E+005  2.0912686693E+040
  7.4460028031E+005  2.0912686693E+040
  7.4630018706E+005  2.0912686693E+040
  7.4800030566E+005  2.0912686693E+040
  7.4970028387E+005  2.0912686693E+040
  7.5140023872E+005  2.0819074749E+040
  7.5310030716E+005  2.0819074749E+040
  7.5480021427E+005  2.0819074749E+040
  7.5650016013E+005  2.0819074749E+040
  7.5820016035E+005  2.0819074749E+040
  7.5990018636E+005  2.0819074749E+040
  7.6160019030E+005  2.0780699484E+040
  7.6330015738E+005  2.0780699484E+040
  7.6500026117E+005  2.0780699484E+040
  7.6670024635E+005  2.0780699484E+040
  7.6840028223E+005  2.0780699484E+040
  7.7010019840E+005  2.0475420218E+040
  7.7180025359E+005  2.0475420218E+040
  7.7350026977E+005  2.0475420218E+040
  7.7520026717E+005  2.0475420218E+040
  7.7690028731E+005  2.0475420218E+040
  7.7860020923E+005  2.0475420218E+040
  7.8030016479E+005  1.9942523697E+040
  7.8200027209E+005  1.9942523697E+040
  7.8370018479E+005  1.9942523697E+040
  7.8540022789E+005  1.9942523697E+040
  7.8710028831E+005  1.9942523697E+040
  7.8880024492E+005  1.9942523697E+040
  7.9050024376E+005  1.9687517492E+040
  7.9220024246E+005  1.9687517492E+040
  7.9390020915E+005  1.9687517492E+040
  7.9560029688E+005  1.9687517492E+040
  7.9730024453E+005  1.9687517492E+040
  7.9900023564E+005  1.9687517492E+040
  8.0070027698E+005  1.9644143104E+040
  8.0240016712E+005  1.9644143104E+040
  8.0410018528E+005  1.9644143104E+040
  8.0580016838E+005  1.9644143104E+040
  8.0750030858E+005  1.9644143104E+040
  8.0920018541E+005  1.9644143104E+040
  8.1090026164E+005  1.9516655818E+040
  8.1260020279E+005  1.9516655818E+040
  8.1430026830E+005  1.9516655818E+040
  8.1600030308E+005  1.9516655818E+040
  8.1770017586E+005  1.9516655818E+040
  8.1940024293E+005  1.9516655818E+040
  8.2110020532E+005  1.9579849568E+040
  8.2280018834E+005  1.9579849568E+040
  8.2450030779E+005  1.9579849568E+040
  8.2620023399E+005  1.9579849568E+040
  8.2790030766E+005  1.9579849568E+040
  8.2960025505E+005  1.9579849568E+040
  8.3130025703E+005  1.9442362410E+040
  8.3300028282E+005  1.9442362410E+040
  8.3470029846E+005  1.9442362410E+040
  8.3640027541E+005  1.9442362410E+040
  8.3810023681E+005  1.9442362410E+040
  8.3980022515E+005  1.9442362410E+040
  8.4150026053E+005  1.9203716294E+040
  8.4320017859E+005  1.9203716294E+040
  8.4490023888E+005  1.9203716294E+040
  8.4660027009E+005  1.9203716294E+040
  8.4830027458E+005  1.9203716294E+040
  8.5000030182E+005  1.9021537193E+040
  8.5170022075E+005  1.9021537193E+040
  8.5340017816E+005  1.9021537193E+040
  8.5510028970E+005  1.9021537193E+040
  8.5680021348E+005  1.9021537193E+040
  8.5850026771E+005  1.9021537193E+040
  8.6020017754E+005  1.8706704902E+040
  8.6190028977E+005  1.8706704902E+040
  8.6360028660E+005  1.8706704902E+040
  8.6530029162E+005  1.8706704902E+040
  8.6700026575E+005  1.8706704902E+040
  8.6870021248E+005  1.8706704902E+040
  8.7040016342E+005  1.8801766276E+040
  8.7210015610E+005  1.8801766276E+040
  8.7380019478E+005  1.8801766276E+040
  8.7550024293E+005  1.8801766276E+040
  8.7720027061E+005  1.8801766276E+040
  8.7890026201E+005  1.8801766276E+040
  8.8060025704E+005  1.8657084860E+040
  8.8230028533E+005  1.8657084860E+040
  8.8400020835E+005  1.8657084860E+040
  8.8570030283E+005  1.8657084860E+040
  8.8740022368E+005  1.8657084860E+040
  8.8910026704E+005  1.8657084860E+040
  8.9080030128E+005  1.8439316321E+040
  8.9250021521E+005  1.8439316321E+040
  8.9420017413E+005  1.8439316321E+040
  8.9590015992E+005  1.8439316321E+040
  8.9760028312E+005  1.8439316321E+040
  8.9930022223E+005  1.8439316321E+040
  9.0100029955E+005  1.8005809271E+040
  9.0270025109E+005  1.8005809271E+040
  9.0440024804E+005  1.8005809271E+040
  9.0610027506E+005  1.8005809271E+040
  9.0780029493E+005  1.8005809271E+040
  9.0950027993E+005  1.8005809271E+040
  9.1120025113E+005  1.8133973316E+040
  9.1290023754E+005  1.8133973316E+040
  9.1460027461E+005  1.8133973316E+040
  9.1630018746E+005  1.8133973316E+040
  9.1800025502E+005  1.8133973316E+040
  9.1970029172E+005  1.8133973316E+040
  9.2140030488E+005  1.7733528421E+040
  9.2310018005E+005  1.7733528421E+040
  9.2480024950E+005  1.7733528421E+040
  9.2650020679E+005  1.7733528421E+040
  9.2820016378E+005  1.7733528421E+040
  9.2990025209E+005  1.7733528421E+040
  9.3160015611E+005  1.7603351152E+040
  9.3330022553E+005  1.7603351152E+040
  9.3500017840E+005  1.7603351152E+040
  9.3670017355E+005  1.7603351152E+040
  9.3840017867E+005  1.7603351152E+040
  9.4010015897E+005  1.7623973694E+040
  9.4180026804E+005  1.7623973694E+040
  9.4350022009E+005  1.7623973694E+040
  9.4520021333E+005  1.7623973694E+040
  9.4690024513E+005  1.7623973694E+040
  9.4860029647E+005  1.7623973694E+040
  9.5030017138E+005  1.7242012208E+040
  9.5200017221E+005  1.7242012208E+040
  9.5370016892E+005  1.7242012208E+040
  9.5540019529E+005  1.7242012208E+040
  9.5710026942E+005  1.7242012208E+040
  9.5880020658E+005  1.7242012208E+040
  9.6050028758E+005  1.7067974262E+040
  9.6220018053E+005  1.7067974262E+040
  9.6390022067E+005  1.7067974262E+040
  9.6560028514E+005  1.7067974262E+040
  9.6730024105E+005  1.7067974262E+040
  9.6900022296E+005  1.7067974262E+040
  9.7070019550E+005  1.6978091056E+040
  9.7240029370E+005  1.6978091056E+040
  9.7410022035E+005  1.6978091056E+040
  9.7580017099E+005  1.6978091056E+040
  9.7750016144E+005  1.6978091056E+040
  9.7920018720E+005  1.6978091056E+040
  9.8090020541E+005  1.7188713730E+040
  9.8260019872E+005  1.7188713730E+040
  9.8430017038E+005  1.7188713730E+040
  9.8600015827E+005  1.7188713730E+040
  9.8770018845E+005  1.7188713730E+040
  9.8940025189E+005  1.7188713730E+040
  9.9110016556E+005  1.6986581533E+040
  9.9280020503E+005  1.6986581533E+040
  9.9450022472E+005  1.6986581533E+040
  9.9620025089E+005  1.6986581533E+040
  9.9790016418E+005  1.6986581533E+040
  9.9960026803E+005  1.6986581533E+040
  1.0013002267E+006  1.6914475555E+040
  1.0030001620E+006  1.6914475555E+040
  1.0047002261E+006  1.6914475555E+040
  1.0064002951E+006  1.6914475555E+040
  1.0081002426E+006  1.6914475555E+040
  1.0098002343E+006  1.6914475555E+040
  1.0115002348E+006  1.6781114216E+040
  1.0132002212E+006  1.6781114216E+040
  1.0149001762E+006  1.6781114216E+040
  1.0166002870E+006  1.6781114216E+040
  1.0183002729E+006  1.6781114216E+040
  1.0200003004E+006  1.6649648935E+040
  1.0217001941E+006  1.6649648935E+040
  1.0234002247E+006  1.6649648935E+040
  1.0251002314E+006  1.6649648935E+040
  1.0268002262E+006  1.6649648935E+040
  1.0285002521E+006  1.6649648935E+040
  1.0302001622E+006  1.6286124132E+040
  1.0319002530E+006  1.6286124132E+040
  1.0336001778E+006  1.6286124132E+040
  1.0353002304E+006  1.6286124132E+040
  1.0370002710E+006  1.6286124132E+040
  1.0387001773E+006  1.6286124132E+040
  1.0404002823E+006  1.6396402340E+040
  1.0421002579E+006  1.6396402340E+040
  1.0438002326E+006  1.6396402340E+040
  1.0455001766E+006  1.6396402340E+040
  1.0472002626E+006  1.6396402340E+040
  1.0489002073E+006  1.6396402340E+040
  1.0506001938E+006  1.6181216879E+040
  1.0523002127E+006  1.6181216879E+040
  1.0540002305E+006  1.6181216879E+040
  1.0557002268E+006  1.6181216879E+040
  1.0574001989E+006  1.6181216879E+040
  1.0591001865E+006  1.6181216879E+040
  1.0608002077E+006  1.5982573213E+040
  1.0625002676E+006  1.5982573213E+040
  1.0642001767E+006  1.5982573213E+040
  1.0659002198E+006  1.5982573213E+040
  1.0676002397E+006  1.5982573213E+040
  1.0693002646E+006  1.5982573213E+040
  1.0710001708E+006  1.5850002569E+040
  1.0727002677E+006  1.5850002569E+040
  1.0744002235E+006  1.5850002569E+040
  1.0761001583E+006  1.5850002569E+040
  1.0778002257E+006  1.5850002569E+040
  1.0795002901E+006  1.5850002569E+040
  1.0812002341E+006  1.5738013968E+040
  1.0829002152E+006  1.5738013968E+040
  1.0846002137E+006  1.5738013968E+040
  1.0863001980E+006  1.5738013968E+040
  1.0880001550E+006  1.5738013968E+040
  1.0897002641E+006  1.5738013968E+040
  1.0914002422E+006  1.5842632010E+040
  1.0931002642E+006  1.5842632010E+040
  1.0948003040E+006  1.5842632010E+040
  1.0965001817E+006  1.5842632010E+040
  1.0982001864E+006  1.5842632010E+040
  1.0999001822E+006  1.5842632010E+040
  1.1016002004E+006  1.5593628214E+040
  1.1033002575E+006  1.5593628214E+040
  1.1050001874E+006  1.5593628214E+040
  1.1067002641E+006  1.5593628214E+040
  1.1084001638E+006  1.5593628214E+040
  1.1101002010E+006  1.5505791633E+040
  1.1118002592E+006  1.5505791633E+040
  1.1135001979E+006  1.5505791633E+040
  1.1152001691E+006  1.5505791633E+040
  1.1169002927E+006  1.5505791633E+040
  1.1186002384E+006  1.5505791633E+040
  1.1203001676E+006  1.5269386894E+040
  1.1220002614E+006  1.5269386894E+040
  1.1237002410E+006  1.5269386894E+040
  1.1254002492E+006  1.5269386894E+040
  1.1271002659E+006  1.5269386894E+040
  1.1288002581E+006  1.5269386894E+040
  1.1305002321E+006  1.5315003098E+040
  1.1322002120E+006  1.5315003098E+040
  1.1339002261E+006  1.5315003098E+040
  1.1356002768E+006  1.5315003098E+040
  1.1373001802E+006  1.5315003098E+040
  1.1390002230E+006  1.5315003098E+040
  1.1407002401E+006  1.5173243610E+040
  1.1424002625E+006  1.5173243610E+040
  1.1441001579E+006  1.5173243610E+040
  1.1458002480E+006  1.5173243610E+040
  1.1475001955E+006  1.5173243610E+040
  1.1492002845E+006  1.5173243610E+040
  1.1509001951E+006  1.5002417091E+040
  1.1526002561E+006  1.5002417091E+040
  1.1543001920E+006  1.5002417091E+040
  1.1560001625E+006  1.5002417091E+040
  1.1577001560E+006  1.5002417091E+040
  1.1594002897E+006  1.5002417091E+040
  1.1611002477E+006  1.4948902031E+040
  1.1628001960E+006  1.4948902031E+040
  1.1645001682E+006  1.4948902031E+040
  1.1662001785E+006  1.4948902031E+040
  1.1679002111E+006  1.4948902031E+040
  1.1696002394E+006  1.4948902031E+040
  1.1713002419E+006  1.4841089695E+040
  1.1730002348E+006  1.4841089695E+040
  1.1747002437E+006  1.4841089695E+040
  1.1764002921E+006  1.4841089695E+040
  1.1781002112E+006  1.4841089695E+040
  1.1798002849E+006  1.4841089695E+040
  1.1815001804E+006  1.4778852224E+040
  1.1832002158E+006  1.4778852224E+040
  1.1849002649E+006  1.4778852224E+040
  1.1866001938E+006  1.4778852224E+040
  1.1883001556E+006  1.4778852224E+040
  1.1900002719E+006  1.4445951120E+040
  1.1917002169E+006  1.4445951120E+040
  1.1934002949E+006  1.4445951120E+040
  1.1951002295E+006  1.4445951120E+040
  1.1968001956E+006  1.4445951120E+040
  1.1985001957E+006  1.4445951120E+040
  1.2002002041E+006  1.4237475044E+040
  1.2019001934E+006  1.4237475044E+040
  1.2036001641E+006  1.4237475044E+040
  1.2053002911E+006  1.4237475044E+040
  1.2070002962E+006  1.4237475044E+040
  1.2087001792E+006  1.4237475044E+040
  1.2104002318E+006  1.4326161969E+040
  1.2121002679E+006  1.4326161969E+040
  1.2138002836E+006  1.4326161969E+040
  1.2155002972E+006  1.4326161969E+040
  1.2172001836E+006  1.4326161969E+040
  1.2189002615E+006  1.4326161969E+040
  1.2206001998E+006  1.4247855554E+040
  1.2223002851E+006  1.4247855554E+040
  1.2240001895E+006  1.4247855554E+040
  1.2257002467E+006  1.4247855554E+040
  1.2274001693E+006  1.4247855554E+040
  1.2291002852E+006  1.4247855554E+040
  1.2308002667E+006  1.4115523902E+040
  1.2325002409E+006  1.4115523902E+040
  1.2342001947E+006  1.4115523902E+040
  1.2359002909E+006  1.4115523902E+040
  1.2376002545E+006  1.4115523902E+040
  1.2393002508E+006  1.4115523902E+040
  1.2410002752E+006  1.4080571328E+040
  1.2427002944E+006  1.4080571328E+040
  1.2444002942E+006  1.4080571328E+040
  1.2461002798E+006  1.4080571328E+040
  1.2478002802E+006  1.4080571328E+040
  1.2495001608E+006  1.4080571328E+040
  1.2512002236E+006  1.3967213460E+040
  1.2529002901E+006  1.3967213460E+040
  1.2546001798E+006  1.3967213460E+040
  1.2563002108E+006  1.3967213460E+040
  1.2580002489E+006  1.3967213460E+040
  1.2597001674E+006  1.3967213460E+040
  1.2614002699E+006  1.3658328880E+040
  1.2631002249E+006  1.3658328880E+040
  1.2648001630E+006  1.3658328880E+040
  1.2665002357E+006  1.3658328880E+040
  1.2682001615E+006  1.3658328880E+040
  1.2699002693E+006  1.3658328880E+040
  1.2716002580E+006  1.3850133368E+040
  1.2733002554E+006  1.3850133368E+040
  1.2750002402E+006  1.3850133368E+040
  1.2767002036E+006  1.3850133368E+040
  1.2784001683E+006  1.3850133368E+040
  1.2801001601E+006  1.3694515867E+040
  1.2818001858E+006  1.3694515867E+040
  1.2835002274E+006  1.3694515867E+040
  1.2852002568E+006  1.3694515867E+040
  1.2869002672E+006  1.3694515867E+040
  1.2886002716E+006  1.3694515867E+040
  1.2903003020E+006  1.3552358980E+040
  1.2920002101E+006  1.3552358980E+040
  1.2937002944E+006  1.3552358980E+040
  1.2954002151E+006  1.3552358980E+040
  1.2971002699E+006  1.3552358980E+040
  1.2988001632E+006  1.3552358980E+040
  1.3005002292E+006  1.3449599270E+040
  1.3022001772E+006  1.3449599270E+040
  1.3039003006E+006  1.3449599270E+040
  1.3056002684E+006  1.3449599270E+040
  1.3073002138E+006  1.3449599270E+040
  1.3090003043E+006  1.3449599270E+040
  1.3107002545E+006  1.3272100539E+040
  1.3124002386E+006  1.3272100539E+040
  1.3141002493E+006  1.3272100539E+040
  1.3158002600E+006  1.3272100539E+040
  1.3175002533E+006  1.3272100539E+040
  1.3192002304E+006  1.3272100539E+040
  1.3209002210E+006  1.3505719880E+040
  1.3226002409E+006  1.3505719880E+040
  1.3243002926E+006  1.3505719880E+040
  1.3260001921E+006  1.3505719880E+040
  1.3277002313E+006  1.3505719880E+040
  1.3294002531E+006  1.3505719880E+040
  1.3311002812E+006  1.3251206369E+040
  1.3328001859E+006  1.3251206369E+040
  1.3345002740E+006  1.3251206369E+040
  1.3362002199E+006  1.3251206369E+040
  1.3379003029E+006  1.3251206369E+040
  1.3396002156E+006  1.3251206369E+040
  1.3413002836E+006  1.3425473606E+040
  1.3430002244E+006  1.3425473606E+040
  1.3447001982E+006  1.3425473606E+040
  1.3464001846E+006  1.3425473606E+040
  1.3481001612E+006  1.3425473606E+040
  1.3498002712E+006  1.3425473606E+040
  1.3515002270E+006  1.3044726906E+040
  1.3532002042E+006  1.3044726906E+040
  1.3549002168E+006  1.3044726906E+040
  1.3566002450E+006  1.3044726906E+040
  1.3583002670E+006  1.3044726906E+040
  1.3600002683E+006  1.2961293366E+040
  1.3617002638E+006  1.2961293366E+040
  1.3634002805E+006  1.2961293366E+040
  1.3651001740E+006  1.2961293366E+040
  1.3668002458E+006  1.2961293366E+040
  1.3685001559E+006  1.2961293366E+040
  1.3702002044E+006  1.2652433628E+040
  1.3719002411E+006  1.2652433628E+040
  1.3736002956E+006  1.2652433628E+040
  1.3753002274E+006  1.2652433628E+040
  1.3770001834E+006  1.2652433628E+040
  1.3787002948E+006  1.2652433628E+040
  1.3804002319E+006  1.2915724074E+040
  1.3821001584E+006  1.2915724074E+040
  1.3838002500E+006  1.2915724074E+040
  1.3855002198E+006  1.2915724074E+040
  1.3872002155E+006  1.2915724074E+040
  1.3889002163E+006  1.2915724074E+040
  1.3906001994E+006  1.2826826089E+040
  1.3923001686E+006  1.2826826089E+040
  1.3940003001E+006  1.2826826089E+040
  1.3957003058E+006  1.2826826089E+040
  1.3974001873E+006  1.2826826089E+040
  1.3991002299E+006  1.2826826089E+040
  1.4008002606E+006  1.2573918845E+040
  1.4025002719E+006  1.2573918845E+040
  1.4042002895E+006  1.2573918845E+040
  1.4059001772E+006  1.2573918845E+040
  1.4076002519E+006  1.2573918845E+040
  1.4093001834E+006  1.2573918845E+040
  1.4110002577E+006  1.2639027457E+040
  1.4127001606E+006  1.2639027457E+040
  1.4144002161E+006  1.2639027457E+040
  1.4161002977E+006  1.2639027457E+040
  1.4178002544E+006  1.2639027457E+040
  1.4195002288E+006  1.2639027457E+040
  1.4212001932E+006  1.2387457460E+040
  1.4229002955E+006  1.2387457460E+040
  1.4246002376E+006  1.2387457460E+040
  1.4263002009E+006  1.2387457460E+040
  1.4280001966E+006  1.2387457460E+040
  1.4297002106E+006  1.2387457460E+040
  1.4314002218E+006  1.2392766201E+040
  1.4331002122E+006  1.2392766201E+040
  1.4348001980E+006  1.2392766201E+040
  1.4365001977E+006  1.2392766201E+040
  1.4382002315E+006  1.2392766201E+040
  1.4399002867E+006  1.2392766201E+040
  1.4416001862E+006  1.2210842681E+040
  1.4433002239E+006  1.2210842681E+040
  1.4450002491E+006  1.2210842681E+040
  1.4467002899E+006  1.2210842681E+040
  1.4484002038E+006  1.2210842681E+040
  1.4501003006E+006  1.2226854654E+040
  1.4518002430E+006  1.2226854654E+040
  1.4535001713E+006  1.2226854654E+040
  1.4552002400E+006  1.2226854654E+040
  1.4569001634E+006  1.2226854654E+040
  1.4586002707E+006  1.2226854654E+040
  1.4603002504E+006  1.2151166529E+040
  1.4620002379E+006  1.2151166529E+040
  1.4637002097E+006  1.2151166529E+040
  1.4654001685E+006  1.2151166529E+040
  1.4671002846E+006  1.2151166529E+040
  1.4688002752E+006  1.2151166529E+040
  1.4705002933E+006  1.2256544523E+040
  1.4722001683E+006  1.2256544523E+040
  1.4739001863E+006  1.2256544523E+040
  1.4756001871E+006  1.2256544523E+040
  1.4773001907E+006  1.2256544523E+040
  1.4790002160E+006  1.2256544523E+040
  1.4807002746E+006  1.2010478177E+040
  1.4824001901E+006  1.2010478177E+040
  1.4841002539E+006  1.2010478177E+040
  1.4858002989E+006  1.2010478177E+040
  1.4875001876E+006  1.2010478177E+040
  1.4892002517E+006  1.2010478177E+040
  1.4909001917E+006  1.1959750425E+040
  1.4926003051E+006  1.1959750425E+040
  1.4943002572E+006  1.1959750425E+040
  1.4960001935E+006  1.1959750425E+040
  1.4977002766E+006  1.1959750425E+040
