  0.0000000000E+000  0.0000000000E+000
  1.7002202819E+003  3.9394754339E+036
  3.4002485473E+003  3.9620741494E+036
  5.1002747360E+003  3.9746493632E+036
  6.8002701730E+003  4.0005991225E+036
  8.5002840243E+003  4.0798780339E+036
  1.0200195427E+004  4.4007545782E+036
  1.1900198036E+004  5.7581006634E+036
  1.3600276839E+004  1.0210562324E+037
  1.5300291170E+004  2.0500122400E+037
  1.7000340931E+004  4.1947375218E+037
  1.8700322435E+004  1.0142709428E+038
  2.0400311459E+004  1.8824369417E+038
  2.2100238786E+004  1.9670609756E+038
  2.3800282135E+004  1.8966876723E+038
  2.5500273527E+004  1.8420415663E+038
  2.7200307566E+004  1.7830791300E+038
  2.8900225245E+004  1.7289018175E+038
  3.0600267677E+004  1.6798726811E+038
  3.2300221920E+004  1.6301666606E+038
  3.4000260566E+004  1.5835561224E+038
  3.5700321465E+004  1.5415046963E+038
  3.7400322981E+004  1.5034362302E+038
  3.9100346446E+004  1.4687579388E+038
  4.0800269247E+004  1.4352546183E+038
  4.2500180190E+004  1.4027798651E+038
  4.4200197213E+004  1.3727242881E+038
  4.5900184491E+004  1.3451138172E+038
  4.7600344828E+004  1.3196436139E+038
  4.9300336952E+004  1.2959438690E+038
  5.1000288884E+004  1.2726146470E+038
  5.2700312952E+004  1.2500472409E+038
  5.4400258283E+004  1.2288102094E+038
  5.6100190464E+004  1.2085749212E+038
  5.7800263151E+004  1.1474945428E+038
  5.9500326425E+004  1.1197755476E+038
  6.1200327126E+004  1.0965400695E+038
  6.2900244738E+004  1.0754499877E+038
  6.4600238054E+004  1.0565231622E+038
  6.6300333668E+004  1.0393817940E+038
  6.8000266004E+004  1.0236684768E+038
  6.9700218718E+004  1.0091143470E+038
  7.1400252693E+004  9.9543005679E+037
  7.3100218459E+004  9.8245154066E+037
  7.4800272659E+004  9.7025332353E+037
  7.6500240489E+004  9.5853224647E+037
  7.8200336271E+004  9.4681088493E+037
  7.9900246592E+004  9.3536763975E+037
  8.1600319212E+004  9.2433565731E+037
  8.3300192925E+004  9.1371664536E+037
  8.5000229377E+004  9.0352019946E+037
  8.6700256444E+004  8.9374971347E+037
  8.8400262109E+004  8.8438839835E+037
  9.0100253406E+004  8.7540602672E+037
  9.1800317796E+004  8.6677376377E+037
  9.3500290343E+004  8.5844626786E+037
  9.5200278429E+004  8.5017077894E+037
  9.6900318807E+004  8.4191611954E+037
  9.8600186959E+004  8.3382560670E+037
  1.0030020601E+005  8.2596731667E+037
  1.0200023913E+005  8.1836918726E+037
  1.0370026679E+005  8.1103586172E+037
  1.0540034595E+005  8.0395737929E+037
  1.0710017853E+005  7.9712061952E+037
  1.0880025765E+005  7.9042696238E+037
  1.1050020913E+005  7.8377142950E+037
  1.1220018323E+005  7.7731648373E+037
  1.1390026669E+005  7.7095988966E+037
  1.1560031041E+005  7.6465646044E+037
  1.1730025652E+005  7.5846240579E+037
  1.1900032273E+005  7.5241584124E+037
  1.2070028260E+005  7.4653361176E+037
  1.2240027523E+005  7.4081851323E+037
  1.2410031974E+005  7.3526779306E+037
  1.2580033679E+005  7.2987763311E+037
  1.2750021213E+005  7.2464370270E+037
  1.2920034328E+005  7.1955882887E+037
  1.3090030259E+005  7.1461751485E+037
  1.3260027051E+005  7.0980595682E+037
  1.3430032613E+005  7.0506271142E+037
  1.3600027245E+005  7.0034967948E+037
  1.3770023224E+005  6.9568339474E+037
  1.3940026817E+005  6.9108730381E+037
  1.4110021708E+005  6.8657826248E+037
  1.4280026066E+005  6.8216592659E+037
  1.4450020746E+005  6.7785588909E+037
  1.4620032614E+005  6.7364828381E+037
  1.4790019243E+005  6.6954134665E+037
  1.4960018119E+005  6.6552178555E+037
  1.5130031592E+005  6.6159088323E+037
  1.5300023711E+005  6.5774864397E+037
  1.5470021717E+005  6.5398306075E+037
  1.5640020171E+005  6.5025885071E+037
  1.5810033908E+005  6.4655914946E+037
  1.5980021611E+005  6.4289161036E+037
  1.6150017803E+005  6.3926768054E+037
  1.6320026400E+005  6.3569787875E+037
  1.6490030859E+005  6.3218974296E+037
  1.6660021016E+005  6.2874767707E+037
  1.6830024996E+005  6.2537301378E+037
  1.7000025757E+005  6.2206635781E+037
  1.7170018347E+005  6.1882697848E+037
  1.7340018015E+005  6.1565309949E+037
  1.7510022596E+005  6.1254288682E+037
  1.7680026215E+005  6.0949424850E+037
  1.7850024338E+005  6.0649896954E+037
  1.8020031095E+005  6.0353651534E+037
  1.8190028561E+005  6.0058833299E+037
  1.8360024105E+005  5.9759819485E+037
  1.8530025018E+005  5.9459502265E+037
  1.8700033218E+005  5.9161668044E+037
  1.8870033865E+005  5.8868060582E+037
  1.9040028844E+005  5.8579401361E+037
  1.9210032991E+005  5.8295965103E+037
  1.9380024460E+005  5.8017880905E+037
  1.9550034779E+005  5.7745066832E+037
  1.9720020945E+005  5.7477491360E+037
  1.9890034806E+005  5.7214935965E+037
  2.0060027457E+005  5.6957332005E+037
  2.0230033856E+005  5.6704444033E+037
  2.0400021354E+005  5.6455565256E+037
  2.0570033286E+005  5.6209424236E+037
  2.0740020594E+005  5.5965465438E+037
  2.0910018540E+005  5.5723651725E+037
  2.1080026463E+005  5.5484287746E+037
  2.1250021793E+005  5.5247750794E+037
  2.1420034730E+005  5.5014285290E+037
  2.1590029109E+005  5.4784144497E+037
  2.1760018199E+005  5.4557437554E+037
  2.1930017786E+005  5.4334210285E+037
  2.2100031947E+005  5.4114478435E+037
  2.2270027749E+005  5.3898271470E+037
  2.2440026562E+005  5.3685525092E+037
  2.2610034719E+005  5.3476182512E+037
  2.2780018418E+005  5.3270229111E+037
  2.2950027614E+005  5.3067513987E+037
  2.3120025384E+005  5.2867710440E+037
  2.3290026438E+005  5.2670116932E+037
  2.3460026458E+005  5.2474229905E+037
  2.3630022905E+005  5.2279881978E+037
  2.3800032281E+005  5.2087110500E+037
  2.3970018386E+005  5.1896114051E+037
  2.4140019851E+005  5.1707028145E+037
  2.4310025025E+005  5.1520024054E+037
  2.4480019699E+005  5.1335225077E+037
  2.4650022830E+005  5.1152712960E+037
  2.4820034139E+005  5.0972554685E+037
  2.4990034724E+005  5.0794804630E+037
  2.5160022296E+005  5.0619487008E+037
  2.5330029357E+005  5.0446576481E+037
  2.5500032668E+005  5.0276095377E+037
  2.5670029617E+005  5.0108044925E+037
  2.5840023537E+005  4.9942421620E+037
  2.6010034025E+005  4.9779167162E+037
  2.6180026817E+005  4.9618085252E+037
  2.6350023674E+005  4.9458791454E+037
  2.6520028319E+005  4.9301007293E+037
  2.6690024236E+005  4.9144634164E+037
  2.6860029015E+005  4.8989662750E+037
  2.7030021221E+005  4.8836182207E+037
  2.7200030497E+005  4.8684256328E+037
  2.7370021307E+005  4.8534005429E+037
  2.7540027647E+005  4.8385453531E+037
  2.7710029158E+005  4.8237640510E+037
  2.7880027142E+005  4.8089695350E+037
  2.8050024462E+005  4.7942351341E+037
  2.8220025167E+005  4.7796321635E+037
  2.8390034070E+005  4.7652034851E+037
  2.8560033839E+005  4.7509731297E+037
  2.8730021699E+005  4.7369515438E+037
  2.8900032402E+005  4.7231393124E+037
  2.9070029761E+005  4.7095392106E+037
  2.9240027234E+005  4.6961476903E+037
  2.9410021377E+005  4.6829569123E+037
  2.9580028917E+005  4.6699464451E+037
  2.9750032812E+005  4.6570944183E+037
  2.9920018766E+005  4.6443843215E+037
  3.0090025106E+005  4.6318041744E+037
  3.0260018295E+005  4.6193540210E+037
  3.0430018081E+005  4.6070340718E+037
  3.0600026028E+005  4.5948479818E+037
  3.0770023114E+005  4.5828015729E+037
  3.0940023584E+005  4.5708981244E+037
  3.1110024782E+005  4.5591415809E+037
  3.1280024198E+005  4.5475350358E+037
  3.1450020344E+005  4.5360809643E+037
  3.1620031782E+005  4.5247800978E+037
  3.1790023766E+005  4.5136361827E+037
  3.1960033153E+005  4.5026477234E+037
  3.2130028893E+005  4.4918174724E+037
  3.2300031875E+005  4.4811446267E+037
  3.2470023809E+005  4.4706307339E+037
  3.2640022356E+005  4.4602741234E+037
  3.2810025799E+005  4.4500753548E+037
  3.2980030677E+005  4.4400344917E+037
  3.3150018174E+005  4.4301515130E+037
  3.3320021147E+005  4.4204212746E+037
  3.3490019899E+005  4.4108368923E+037
  3.3660034152E+005  4.4013858091E+037
  3.3830030769E+005  4.3920593084E+037
  3.4000029522E+005  4.3828490921E+037
  3.4170034000E+005  4.3737514252E+037
  3.4340028293E+005  4.3647662136E+037
  3.4510028470E+005  4.3558935055E+037
  3.4680033693E+005  4.3471351879E+037
  3.4850025053E+005  4.3384944161E+037
  3.5020034460E+005  4.3299717719E+037
  3.5190024261E+005  4.3215712015E+037
  3.5360028900E+005  4.3132925665E+037
  3.5530030746E+005  4.3051380892E+037
  3.5700031556E+005  4.2971086948E+037
  3.5870034460E+005  4.2892049403E+037
  3.6040023739E+005  4.2814279900E+037
  3.6210018447E+005  4.2737771463E+037
  3.6380020198E+005  4.2662520461E+037
  3.6550028253E+005  4.2588509761E+037
  3.6720022124E+005  4.2497031554E+037
  3.6890034994E+005  4.2392587135E+037
  3.7060029202E+005  4.2294184641E+037
  3.7230020815E+005  4.2202301686E+037
  3.7400028383E+005  4.2115976732E+037
  3.7570034661E+005  4.2034217243E+037
  3.7740022365E+005  4.1956466365E+037
  3.7910031034E+005  4.1882088390E+037
  3.8080028167E+005  4.1810536611E+037
  3.8250031343E+005  4.1741430956E+037
  3.8420022679E+005  4.1674522118E+037
  3.8590018164E+005  4.1609621693E+037
  3.8760033468E+005  4.1546588967E+037
  3.8930032382E+005  4.1485322515E+037
  3.9100030106E+005  4.1425697971E+037
  3.9270024164E+005  4.1367597355E+037
  3.9440033605E+005  4.1310914129E+037
  3.9610025701E+005  4.1255586790E+037
  3.9780019953E+005  4.1201561698E+037
  3.9950018398E+005  4.1148810341E+037
  4.0120022220E+005  4.1097318329E+037
  4.0290031797E+005  4.1047077952E+037
  4.0460029393E+005  4.0998091273E+037
  4.0630030944E+005  4.0950352948E+037
  4.0800033005E+005  4.0903863765E+037
  4.0970033183E+005  4.0858623729E+037
  4.1140031958E+005  4.0814632041E+037
  4.1310029228E+005  4.0771885884E+037
  4.1480025311E+005  4.0730381417E+037
  4.1650021670E+005  4.0690114145E+037
  4.1820020988E+005  4.0651078674E+037
  4.1990025848E+005  4.0613269140E+037
  4.2160019941E+005  4.0576684421E+037
  4.2330019047E+005  4.0541313746E+037
  4.2500020740E+005  4.0507151258E+037
  4.2670025079E+005  4.0474190524E+037
  4.2840030241E+005  4.0442425385E+037
  4.3010033540E+005  4.0411849798E+037
  4.3180034650E+005  4.0382458085E+037
  4.3350033694E+005  4.0354242985E+037
  4.3520032925E+005  4.0327197708E+037
  4.3690017800E+005  4.0301318344E+037
  4.3860024610E+005  4.0276593596E+037
  4.4030017747E+005  4.0253023268E+037
  4.4200034175E+005  4.0230597549E+037
  4.4370020719E+005  4.0209317077E+037
  4.4540027896E+005  4.0189170397E+037
  4.4710018036E+005  4.0170157161E+037
  4.4880024462E+005  4.0152268997E+037
  4.5050029201E+005  4.0135503794E+037
  4.5220032932E+005  4.0119857753E+037
  4.5390018600E+005  4.0105327451E+037
  4.5560022093E+005  4.0091906080E+037
  4.5730028329E+005  4.0079591541E+037
  4.5900022886E+005  4.0068381532E+037
  4.6070023419E+005  4.0058272132E+037
  4.6240028378E+005  4.0049261037E+037
  4.6410018633E+005  4.0041345841E+037
  4.6580028346E+005  4.0034522640E+037
  4.6750020960E+005  4.0028790776E+037
  4.6920030459E+005  4.0024147150E+037
  4.7090019610E+005  4.0020591441E+037
  4.7260024517E+005  4.0018121186E+037
  4.7430030834E+005  4.0016734983E+037
  4.7600022154E+005  4.0016431571E+037
  4.7770035005E+005  4.0017209863E+037
  4.7940035020E+005  4.0019068857E+037
  4.8110021936E+005  4.0022007921E+037
  4.8280031303E+005  4.0026027167E+037
  4.8450026450E+005  4.0031124795E+037
  4.8620021518E+005  4.0037300602E+037
  4.8790032583E+005  4.0044554962E+037
  4.8960025149E+005  4.0052886105E+037
  4.9130034692E+005  4.0062296534E+037
  4.9300025954E+005  4.0072783348E+037
  4.9470018102E+005  4.0084347158E+037
  4.9640030830E+005  4.0096989499E+037
  4.9810031007E+005  4.0110707974E+037
  4.9980019233E+005  4.0125502362E+037
  5.0150029457E+005  4.0141376087E+037
  5.0320024191E+005  4.0158325336E+037
  5.0490020918E+005  4.0176351280E+037
  5.0660018685E+005  4.0195453537E+037
  5.0830032793E+005  4.0215633661E+037
  5.1000027001E+005  4.0236886932E+037
  5.1170019986E+005  4.0259215933E+037
  5.1340031423E+005  4.0282621979E+037
  5.1510028210E+005  4.0307099941E+037
  5.1680029068E+005  4.0332651778E+037
  5.1850033799E+005  4.0359276820E+037
  5.2020025668E+005  4.0386971650E+037
  5.2190022389E+005  4.0415738940E+037
  5.2360021418E+005  4.0445576439E+037
  5.2530020763E+005  4.0476482741E+037
  5.2700018906E+005  4.0508456256E+037
  5.2870033460E+005  4.0541495036E+037
  5.3040030004E+005  4.0575569055E+037
  5.3210026535E+005  4.0610636828E+037
  5.3380023375E+005  4.0646644774E+037
  5.3550023409E+005  4.0683548352E+037
  5.3720028824E+005  4.0721316324E+037
  5.3890021424E+005  4.0759926226E+037
  5.4060017886E+005  4.0799374807E+037
  5.4230034609E+005  4.0839667176E+037
  5.4400035337E+005  4.0880799492E+037
  5.4570018902E+005  4.0922780113E+037
  5.4740019442E+005  4.0965627794E+037
  5.4910017913E+005  4.1009348508E+037
  5.5080032853E+005  4.1053957730E+037
  5.5250031651E+005  4.1099456440E+037
  5.5420033199E+005  4.1145857725E+037
  5.5590020215E+005  4.1193164101E+037
  5.5760029177E+005  4.1241392048E+037
  5.5930025061E+005  4.1290536927E+037
  5.6100025034E+005  4.1340608406E+037
  5.6270027801E+005  4.1391609311E+037
  5.6440030652E+005  4.1443535471E+037
  5.6610032225E+005  4.1496376814E+037
  5.6780033389E+005  4.1550161183E+037
  5.6950033866E+005  4.1604888393E+037
  5.7120033946E+005  4.1660556462E+037
  5.7290035152E+005  4.1717163382E+037
  5.7460021690E+005  4.1774701703E+037
  5.7630030696E+005  4.1833182474E+037
  5.7800027027E+005  4.1892592175E+037
  5.7970026728E+005  4.1952934820E+037
  5.8140028716E+005  4.2014209524E+037
  5.8310032760E+005  4.2076414030E+037
  5.8480019617E+005  4.2139538980E+037
  5.8650023015E+005  4.2203595143E+037
  5.8820024937E+005  4.2268574119E+037
  5.8990026390E+005  4.2334345693E+037
  5.9160028806E+005  4.2398950566E+037
  5.9330033759E+005  4.2449468043E+037
  5.9500024387E+005  4.2497379420E+037
  5.9670018586E+005  4.2546466359E+037
  5.9840035241E+005  4.2597771958E+037
  6.0010020620E+005  4.2651451089E+037
  6.0180025594E+005  4.2707343868E+037
  6.0350030968E+005  4.2765160048E+037
  6.0520018397E+005  4.2824617262E+037
  6.0690022437E+005  4.2885502603E+037
  6.0860026031E+005  4.2947642738E+037
  6.1030029619E+005  4.3010920263E+037
  6.1200033860E+005  4.3075256375E+037
  6.1370023630E+005  4.3140592472E+037
  6.1540017955E+005  4.3206902428E+037
  6.1710034085E+005  4.3274172399E+037
  6.1880018314E+005  4.3342368382E+037
  6.2050023187E+005  4.3411503940E+037
  6.2220029721E+005  4.3481567503E+037
  6.2390018831E+005  4.3552548126E+037
  6.2560024858E+005  4.3624458555E+037
  6.2730029576E+005  4.3697290219E+037
  6.2900033920E+005  4.3771042782E+037
  6.3070021626E+005  4.3845708955E+037
  6.3240029105E+005  4.3921304227E+037
  6.3410021834E+005  4.3997812582E+037
  6.3580018976E+005  4.4075244749E+037
  6.3750020221E+005  4.4153612886E+037
  6.3920024775E+005  4.4232984156E+037
  6.4090031677E+005  4.4313770212E+037
  6.4260021498E+005  4.4398758197E+037
  6.4430028819E+005  4.4510054341E+037
  6.4600017937E+005  4.4875576879E+037
  6.4770023777E+005  4.8795072630E+037
  6.4940029318E+005  1.4105511415E+038
  6.5110018807E+005  6.7881955493E+038
  6.5280028658E+005  4.5158454033E+039
  6.5450024391E+005  5.5062401328E+039
  6.5620024495E+005  6.4922621746E+039
  6.5790028244E+005  7.9606371701E+039
  6.5960034861E+005  1.0335537911E+040
  6.6130025535E+005  1.3520146107E+040
  6.6300033924E+005  1.6082257800E+040
  6.6470023719E+005  1.8971091776E+040
  6.6640030856E+005  2.3922255946E+040
  6.6810019927E+005  3.2539550994E+040
  6.6980026988E+005  4.0357930152E+040
  6.7150018225E+005  5.3937605984E+040
  6.7320030789E+005  1.4038720676E+041
  6.7490029443E+005  1.6932439558E+041
  6.7660032023E+005  1.1395880098E+041
  6.7830020035E+005  1.7882629868E+041
  6.8000027721E+005  3.2922975405E+041
  6.8170019316E+005  4.9717543050E+041
  6.8340028692E+005  7.3104937554E+041
  6.8510018868E+005  1.0458020413E+042
  6.8680026082E+005  1.4990073096E+042
  6.8850033740E+005  2.1171284523E+042
  6.9020024896E+005  2.8821069638E+042
  6.9190018530E+005  3.7902814407E+042
  6.9360033073E+005  4.8516670553E+042
  6.9530033710E+005  6.0375290385E+042
  6.9700020902E+005  6.4509378793E+042
  6.9870028813E+005  7.8394634030E+042
  7.0040020035E+005  9.3375557568E+042
  7.0210029143E+005  1.0919333929E+043
  7.0380020609E+005  1.2559612998E+043
  7.0550029315E+005  1.3861663761E+043
  7.0720019631E+005  1.5423777820E+043
  7.0890027844E+005  1.6966959093E+043
  7.1060020027E+005  1.8468501971E+043
  7.1230033575E+005  1.9907254959E+043
  7.1400033402E+005  2.1262317977E+043
  7.1570018615E+005  2.2515427233E+043
  7.1740024371E+005  2.3651272809E+043
  7.1910033138E+005  2.4657059759E+043
  7.2080025461E+005  2.5521968249E+043
  7.2250035337E+005  2.6238623919E+043
  7.2420026513E+005  2.6802612874E+043
  7.2590034699E+005  2.7212932601E+043
  7.2760025751E+005  2.7471345242E+043
  7.2930018213E+005  2.7582407934E+043
  7.3100029854E+005  2.7552827315E+043
  7.3270026707E+005  2.7391039707E+043
  7.3440027981E+005  2.7562135099E+043
  7.3610033135E+005  2.7111322576E+043
  7.3780023197E+005  2.6569584681E+043
  7.3950032362E+005  2.5949452099E+043
  7.4120024321E+005  2.5263199644E+043
  7.4290034185E+005  2.4522428383E+043
  7.4460025941E+005  2.3738826515E+043
  7.4630034551E+005  2.2923564236E+043
  7.4800025323E+005  2.2088273184E+043
  7.4970018391E+005  2.1242645710E+043
  7.5140032262E+005  2.0394944160E+043
  7.5310031565E+005  1.9553155727E+043
  7.5480034275E+005  1.8723908088E+043
  7.5650022430E+005  1.7912327198E+043
  7.5820030873E+005  1.7121529421E+043
  7.5990023260E+005  1.6353196154E+043
  7.6160033154E+005  1.5607958501E+043
  7.6330024548E+005  1.4886553582E+043
  7.6500033603E+005  1.4189807726E+043
  7.6670024971E+005  1.3519282157E+043
  7.6840034710E+005  1.2875866688E+043
  7.7010028625E+005  1.2260337716E+043
  7.7180025616E+005  1.1674122304E+043
  7.7350026351E+005  1.1116534306E+043
  7.7520030723E+005  1.0586371122E+043
  7.7690020026E+005  1.0083026113E+043
  7.7860028871E+005  9.6053152019E+042
  7.8030021030E+005  9.1519323513E+042
  7.8200030857E+005  8.7213813032E+042
  7.8370022044E+005  8.3126633289E+042
  7.8540030771E+005  7.9251395154E+042
  7.8710022249E+005  7.5575616021E+042
  7.8880032589E+005  7.2110242007E+042
  7.9050027688E+005  6.8864426271E+042
  7.9220026121E+005  6.5835385044E+042
  7.9390028127E+005  6.3015098382E+042
  7.9560033556E+005  6.0391448756E+042
  7.9730023514E+005  5.7950575344E+042
  7.9900032243E+005  5.5679305379E+042
  8.0070024128E+005  5.3566684558E+042
  8.0240033645E+005  5.1600186662E+042
  8.0410024511E+005  4.9766803943E+042
  8.0580032896E+005  4.8053552275E+042
  8.0750024352E+005  4.6450954099E+042
  8.0920017805E+005  4.4950331256E+042
  8.1090031932E+005  4.3541943503E+042
  8.1260031380E+005  4.8142509638E+042
  8.1430033906E+005  4.6096714555E+042
  8.1600022170E+005  4.4150033816E+042
  8.1770030655E+005  4.2300079391E+042
  8.1940021873E+005  4.0553969960E+042
  8.2110030467E+005  3.8911911036E+042
  8.2280021252E+005  3.7375214142E+042
  8.2450029641E+005  3.5948539918E+042
  8.2620020450E+005  3.4639586454E+042
  8.2790029886E+005  3.3447564458E+042
  8.2960023359E+005  3.2363636422E+042
  8.3130020580E+005  3.1375860267E+042
  8.3300021668E+005  3.0473183216E+042
  8.3470025313E+005  2.9645678266E+042
  8.3640031038E+005  2.8882560797E+042
  8.3810021066E+005  2.8171857980E+042
  8.3980029769E+005  2.7506628398E+042
  8.4150020573E+005  2.6883973493E+042
  8.4320028267E+005  2.6302092613E+042
  8.4490017845E+005  2.5758940783E+042
  8.4660026099E+005  2.5250366298E+042
  8.4830018499E+005  2.4771366289E+042
  8.5000030798E+005  2.4317515230E+042
  8.5170028118E+005  2.3886138910E+042
  8.5340029267E+005  2.3475752033E+042
  8.5510033640E+005  2.3085486120E+042
  8.5680022284E+005  2.2714203927E+042
  8.5850029669E+005  2.2359976719E+042
  8.6020019383E+005  2.2020871433E+042
  8.6190026797E+005  2.1695223557E+042
  8.6360034134E+005  2.1382002732E+042
  8.6530023386E+005  2.1080535291E+042
  8.6700031231E+005  2.0790127479E+042
  8.6870023599E+005  2.0509617199E+042
  8.7040018729E+005  2.0237535005E+042
  8.7210034774E+005  1.9972669105E+042
  8.7380018519E+005  1.9714560211E+042
  8.7550022636E+005  1.9463263911E+042
  8.7720028550E+005  1.9219261507E+042
  8.7890035380E+005  1.8982910213E+042
  8.8060024312E+005  1.8754074090E+042
  8.8230030763E+005  1.8531702938E+042
  8.8400019425E+005  1.8314447761E+042
  8.8570025981E+005  1.8100608421E+042
  8.8740033573E+005  1.7888453077E+042
  8.8910026045E+005  1.7676464506E+042
  8.9080021658E+005  1.7463502558E+042
  8.9250020268E+005  1.7249196135E+042
  8.9420021749E+005  1.7034787537E+042
  8.9590025592E+005  1.6823391666E+042
  8.9760031099E+005  1.6620694383E+042
  8.9930019559E+005  1.6435069137E+042
  9.0100025077E+005  1.6274741335E+042
  9.0270029969E+005  1.6140671145E+042
  9.0440035496E+005  1.6025361589E+042
  9.0610024094E+005  1.5921257721E+042
  9.0780031740E+005  1.5823474518E+042
  9.0950023939E+005  1.5729759027E+042
  9.1120019360E+005  1.5640198546E+042
  9.1290018344E+005  1.5555783744E+042
  9.1460020125E+005  1.5476132231E+042
  9.1630023319E+005  1.5398558029E+042
  9.1800027349E+005  1.5319914590E+042
  9.1970032320E+005  1.5238395019E+042
  9.2140019517E+005  1.5153946031E+042
  9.2310023658E+005  1.5067878352E+042
  9.2480027749E+005  1.4982206810E+042
  9.2650033147E+005  1.4898808001E+042
  9.2820022920E+005  1.4818691321E+042
  9.2990033383E+005  1.4741225340E+042
  9.3160028830E+005  1.4664480176E+042
  9.3330027087E+005  1.4586532534E+042
  9.3500028380E+005  1.4506252951E+042
  9.3670031365E+005  1.4423324066E+042
  9.3840034617E+005  1.4338185346E+042
  9.4010020050E+005  1.4251899199E+042
  9.4180023183E+005  1.4165734014E+042
  9.4350026269E+005  1.4080849017E+042
  9.4520029873E+005  1.3997973289E+042
  9.4690034692E+005  1.3917223186E+042
  9.4860023985E+005  1.3838211766E+042
  9.5030034097E+005  1.3760412289E+042
  9.5200029566E+005  1.3683521094E+042
  9.5370027563E+005  1.3607494037E+042
  9.5540027953E+005  1.3532544595E+042
  9.5710029800E+005  1.3458978018E+042
  9.5880031809E+005  1.3387204759E+042
  9.6050033658E+005  1.3317519548E+042
  9.6220035449E+005  1.3249853906E+042
  9.6390019515E+005  1.3183706819E+042
  9.6560022128E+005  1.3118282488E+042
  9.6730026191E+005  1.3052901323E+042
  9.6900032766E+005  1.2987101221E+042
  9.7070025084E+005  1.2920591113E+042
  9.7240020338E+005  1.2853417934E+042
  9.7410035371E+005  1.2785995824E+042
  9.7580034475E+005  1.2719018372E+042
  9.7750035013E+005  1.2653255088E+042
  9.7920018058E+005  1.2589450391E+042
  9.8090018427E+005  1.2528033234E+042
  9.8260018345E+005  1.2469141368E+042
  9.8430018739E+005  1.2412604622E+042
  9.8600020687E+005  1.2358044570E+042
  9.8770024549E+005  1.2305020480E+042
  9.8940030447E+005  1.2253135390E+042
  9.9110021634E+005  1.2202094697E+042
  9.9280034069E+005  1.2151698383E+042
  9.9450030956E+005  1.2101858843E+042
  9.9620029090E+005  1.2052510918E+042
  9.9790027762E+005  1.2003537720E+042
  9.9960026589E+005  1.1954732456E+042
  1.0013002556E+006  1.1905813336E+042
  1.0030002444E+006  1.1856445457E+042
  1.0047002332E+006  1.1806302147E+042
  1.0064002381E+006  1.1755150486E+042
  1.0081002686E+006  1.1702942269E+042
  1.0098003263E+006  1.1649708047E+042
  1.0115002338E+006  1.1595614833E+042
  1.0132003456E+006  1.1540931957E+042
  1.0149003007E+006  1.1486006957E+042
  1.0166002687E+006  1.1431186923E+042
  1.0183002411E+006  1.1376785036E+042
  1.0200002115E+006  1.1323027222E+042
  1.0217001814E+006  1.1270028216E+042
  1.0234003321E+006  1.1217816495E+042
  1.0251003099E+006  1.1166395074E+042
  1.0268003045E+006  1.1115658404E+042
  1.0285003268E+006  1.1065501860E+042
  1.0302001975E+006  1.1015856511E+042
  1.0319002732E+006  1.0966695312E+042
  1.0336001968E+006  1.0918065678E+042
  1.0353003174E+006  1.0870039553E+042
  1.0370002712E+006  1.0822744960E+042
  1.0387002249E+006  1.0776344159E+042
  1.0404003511E+006  1.0730957715E+042
  1.0421003021E+006  1.0686662568E+042
  1.0438002609E+006  1.0643467158E+042
  1.0455002276E+006  1.0601339145E+042
  1.0472002088E+006  1.0560211711E+042
  1.0489002186E+006  1.0520000646E+042
  1.0506002602E+006  1.0480620701E+042
  1.0523003286E+006  1.0441991711E+042
  1.0540002390E+006  1.0404050367E+042
  1.0557003389E+006  1.0366736734E+042
  1.0574002726E+006  1.0330014281E+042
  1.0591002113E+006  1.0293835653E+042
  1.0608003219E+006  1.0258148319E+042
  1.0625002510E+006  1.0222887629E+042
  1.0642001888E+006  1.0187973763E+042
  1.0659003197E+006  1.0153293794E+042
  1.0676002939E+006  1.0118725912E+042
  1.0693002932E+006  1.0084133017E+042
  1.0710003202E+006  1.0049388215E+042
  1.0727001973E+006  1.0014382413E+042
  1.0744002732E+006  9.9790239401E+041
  1.0761001806E+006  9.9433016640E+041
  1.0778002696E+006  9.9072012874E+041
  1.0795001834E+006  9.8708004903E+041
  1.0812002733E+006  9.8341273890E+041
  1.0829001858E+006  9.7972376273E+041
  1.0846002856E+006  9.7601759865E+041
  1.0863002237E+006  9.7229948543E+041
  1.0880001838E+006  9.6857250429E+041
  1.0897003491E+006  9.6483799094E+041
  1.0914001855E+006  9.6109676774E+041
  1.0931002262E+006  9.5734515991E+041
  1.0948002855E+006  9.5357888608E+041
  1.0965003503E+006  9.4979129609E+041
  1.0982002391E+006  9.4597441277E+041
  1.0999003095E+006  9.4211818787E+041
  1.1016002018E+006  9.3821381012E+041
  1.1033002728E+006  9.3425107491E+041
  1.1050003520E+006  9.3022200902E+041
  1.1067002739E+006  9.2611271150E+041
  1.1084002237E+006  9.2192317674E+041
  1.1101002010E+006  9.1766453373E+041
  1.1118001993E+006  9.1335922995E+041
  1.1135002186E+006  9.0904459487E+041
  1.1152002586E+006  9.0477649909E+041
  1.1169003065E+006  9.0063235936E+041
  1.1186003513E+006  8.9671270636E+041
  1.1203002175E+006  8.9313894612E+041
  1.1220002635E+006  8.9003824481E+041
  1.1237003170E+006  8.8753535403E+041
  1.1254002055E+006  8.8573019000E+041
  1.1271002874E+006  8.8467609090E+041
  1.1288002183E+006  8.8433451727E+041
  1.1305001803E+006  8.8456715817E+041
  1.1322003438E+006  8.8519137747E+041
  1.1339003467E+006  8.8603764802E+041
  1.1356001855E+006  8.8696400011E+041
  1.1373002082E+006  8.8786767591E+041
  1.1390002303E+006  8.8867314644E+041
  1.1407002517E+006  8.8932425221E+041
  1.1424002758E+006  8.8978516670E+041
  1.1441003072E+006  8.9003029832E+041
  1.1458003543E+006  8.9004582757E+041
  1.1475002431E+006  8.8983238943E+041
  1.1492003362E+006  8.8940598951E+041
  1.1509002822E+006  8.8879472265E+041
  1.1526002489E+006  8.8803498665E+041
  1.1543002293E+006  8.8716605564E+041
  1.1560002229E+006  8.8622584421E+041
  1.1577002231E+006  8.8525047656E+041
  1.1594002226E+006  8.8426737359E+041
  1.1611002191E+006  8.8329082804E+041
  1.1628002167E+006  8.8231997479E+041
  1.1645002273E+006  8.8134489173E+041
  1.1662002580E+006  8.8034901605E+041
  1.1679003091E+006  8.7931371090E+041
  1.1696002043E+006  8.7822221335E+041
  1.1713003071E+006  8.7706211126E+041
  1.1730002566E+006  8.7582853218E+041
  1.1747002189E+006  8.7451892305E+041
  1.1764001871E+006  8.7313409145E+041
  1.1781003354E+006  8.7167690860E+041
  1.1798003075E+006  8.7015304578E+041
  1.1815002827E+006  8.6856924601E+041
  1.1832002599E+006  8.6693556712E+041
  1.1849002466E+006  8.6526548994E+041
  1.1866002552E+006  8.6357543406E+041
  1.1883002883E+006  8.6188118360E+041
  1.1900003457E+006  8.6019918541E+041
  1.1917002507E+006  8.5854622782E+041
  1.1934003546E+006  8.5693705712E+041
  1.1951002926E+006  8.5538451478E+041
  1.1968002365E+006  8.5389755278E+041
  1.1985001815E+006  8.5248070956E+041
  1.2002003048E+006  8.5113115725E+041
  1.2019002526E+006  8.4984010786E+041
  1.2036002049E+006  8.4859345724E+041
  1.2053003478E+006  8.4737384573E+041
  1.2070003379E+006  8.4616248884E+041
  1.2087003531E+006  8.4494260850E+041
  1.2104002120E+006  8.4369993114E+041
  1.2121002708E+006  8.4242158115E+041
  1.2138003505E+006  8.4109903508E+041
  1.2155002651E+006  8.3972702656E+041
  1.2172001841E+006  8.3830282699E+041
  1.2189002769E+006  8.3682628096E+041
  1.2206001927E+006  8.3530014103E+041
  1.2223002936E+006  8.3372784744E+041
  1.2240002248E+006  8.3211503024E+041
  1.2257003452E+006  8.3046867415E+041
  1.2274003099E+006  8.2879825536E+041
  1.2291003034E+006  8.2711425271E+041
  1.2308003223E+006  8.2542851894E+041
  1.2325001834E+006  8.2375315207E+041
  1.2342002362E+006  8.2210004175E+041
  1.2359002985E+006  8.2048107644E+041
  1.2376001889E+006  8.1890704783E+041
  1.2393002563E+006  8.1738608724E+041
  1.2410003224E+006  8.1592547701E+041
  1.2427002177E+006  8.1453029953E+041
  1.2444003007E+006  8.1320218166E+041
  1.2461002213E+006  8.1193952150E+041
  1.2478003434E+006  8.1073683691E+041
  1.2495003142E+006  8.0958622278E+041
  1.2512003091E+006  8.0847735522E+041
  1.2529003227E+006  8.0739917832E+041
  1.2546003491E+006  8.0634036231E+041
  1.2563002071E+006  8.0529019674E+041
  1.2580002471E+006  8.0423872944E+041
  1.2597002846E+006  8.0317786316E+041
  1.2614003199E+006  8.0210120034E+041
  1.2631001873E+006  8.0100389083E+041
  1.2648002477E+006  7.9988216953E+041
  1.2665003243E+006  7.9873367332E+041
  1.2682002442E+006  7.9755734710E+041
  1.2699001890E+006  7.9635315367E+041
  1.2716003376E+006  7.9512195370E+041
  1.2733003286E+006  7.9386574450E+041
  1.2750003273E+006  7.9258667723E+041
  1.2767003305E+006  7.9128783191E+041
  1.2784003389E+006  7.8997326153E+041
  1.2801003485E+006  7.8864771818E+041
  1.2818001801E+006  7.8731648493E+041
  1.2835001960E+006  7.8598464220E+041
  1.2852002273E+006  7.8465768177E+041
  1.2869002789E+006  7.8334078930E+041
  1.2886003551E+006  7.8203880696E+041
  1.2903002772E+006  7.8075610249E+041
  1.2920002206E+006  7.7949600016E+041
  1.2937001825E+006  7.7826113822E+041
  1.2954003307E+006  7.7705313649E+041
  1.2971003041E+006  7.7587262231E+041
  1.2988002822E+006  7.7471843243E+041
  1.3005002604E+006  7.7358817957E+041
  1.3022002391E+006  7.7247906257E+041
  1.3039002270E+006  7.7138773478E+041
  1.3056002329E+006  7.7031054574E+041
  1.3073002609E+006  7.6924386283E+041
  1.3090003114E+006  7.6818412421E+041
  1.3107002049E+006  7.6712946179E+041
  1.3124002986E+006  7.6607894331E+041
  1.3141002336E+006  7.6502951171E+041
  1.3158003539E+006  7.6397845507E+041
  1.3175002943E+006  7.6292430056E+041
  1.3192002371E+006  7.6186599675E+041
  1.3209001842E+006  7.6080315992E+041
  1.3226003136E+006  7.5973565250E+041
  1.3243002740E+006  7.5866401886E+041
  1.3260002502E+006  7.5758887844E+041
  1.3277002499E+006  7.5651121460E+041
  1.3294002766E+006  7.5543229024E+041
  1.3311003240E+006  7.5435363919E+041
  1.3328002102E+006  7.5327706706E+041
  1.3345002901E+006  7.5220385194E+041
  1.3362001995E+006  7.5113598632E+041
  1.3379002875E+006  7.5007526703E+041
  1.3396001991E+006  7.4902393711E+041
  1.3413002917E+006  7.4798348879E+041
  1.3430002110E+006  7.4695562921E+041
  1.3447003197E+006  7.4594173797E+041
  1.3464002692E+006  7.4494341809E+041
  1.3481002427E+006  7.4396164683E+041
  1.3498002419E+006  7.4299709813E+041
  1.3515002602E+006  7.4205004578E+041
  1.3532002934E+006  7.4112021892E+041
  1.3549003429E+006  7.4020677696E+041
  1.3566002212E+006  7.3930844039E+041
  1.3583002757E+006  7.3842316968E+041
  1.3600003294E+006  7.3754879307E+041
  1.3617002106E+006  7.3668275033E+041
  1.3634002793E+006  7.3582217783E+041
  1.3651001835E+006  7.3496454326E+041
  1.3668002810E+006  7.3410700154E+041
  1.3685002236E+006  7.3324721279E+041
  1.3702001935E+006  7.3238280199E+041
  1.3719001849E+006  7.3151180567E+041
  1.3736001887E+006  7.3063258767E+041
  1.3753002033E+006  7.2974356540E+041
  1.3770002240E+006  7.2884372015E+041
  1.3787002451E+006  7.2793230845E+041
  1.3804002670E+006  7.2700898125E+041
  1.3821002931E+006  7.2607373209E+041
  1.3838003281E+006  7.2512683929E+041
  1.3855002012E+006  7.2416889360E+041
  1.3872002708E+006  7.2320040335E+041
  1.3889001858E+006  7.2222312635E+041
  1.3906003043E+006  7.2123780299E+041
  1.3923002630E+006  7.2024568530E+041
  1.3940002333E+006  7.1924767284E+041
  1.3957002141E+006  7.1824493411E+041
  1.3974002022E+006  7.1723884673E+041
  1.3991001899E+006  7.1623094568E+041
  1.4008003542E+006  7.1522263753E+041
  1.4025003446E+006  7.1421552881E+041
  1.4042003477E+006  7.1321120404E+041
  1.4059001919E+006  7.1221159121E+041
  1.4076002325E+006  7.1121826195E+041
  1.4093002929E+006  7.1023305899E+041
  1.4110002013E+006  7.0925780693E+041
  1.4127003077E+006  7.0829395002E+041
  1.4144002471E+006  7.0734318944E+041
  1.4161001923E+006  7.0640680247E+041
  1.4178003196E+006  7.0548584998E+041
  1.4195002708E+006  7.0458149942E+041
  1.4212002247E+006  7.0369438639E+041
  1.4229001831E+006  7.0282504185E+041
  1.4246003309E+006  7.0197372163E+041
  1.4263003192E+006  7.0114073952E+041
  1.4280003286E+006  7.0032593438E+041
  1.4297001816E+006  6.9952902566E+041
  1.4314002371E+006  6.9874926901E+041
  1.4331003099E+006  6.9798602191E+041
  1.4348002135E+006  6.9723841584E+041
  1.4365003006E+006  6.9650523105E+041
  1.4382002140E+006  6.9578548496E+041
  1.4399003078E+006  6.9507785420E+041
  1.4416002258E+006  6.9438130292E+041
  1.4433003255E+006  6.9369438293E+041
  1.4450002618E+006  6.9301607948E+041
  1.4467002202E+006  6.9234526600E+041
  1.4484001995E+006  6.9168098222E+041
  1.4501001974E+006  6.9102238998E+041
  1.4518002167E+006  6.9036890162E+041
  1.4535002551E+006  6.8971962911E+041
  1.4552003036E+006  6.8907382720E+041
  1.4569003557E+006  6.8843099099E+041
  1.4586002302E+006  6.8779076403E+041
  1.4603002849E+006  6.8715266459E+041
  1.4620003453E+006  6.8651649637E+041
  1.4637002344E+006  6.8588212808E+041
  1.4654003152E+006  6.8524928290E+041
  1.4671002393E+006  6.8461798875E+041
  1.4688001848E+006  6.8398815125E+041
  1.4705003289E+006  6.8335967638E+041
  1.4722003155E+006  6.8273267609E+041
  1.4739003183E+006  6.8210710429E+041
  1.4756003287E+006  6.8148305948E+041
  1.4773003418E+006  6.8086067690E+041
  1.4790001790E+006  6.8024018226E+041
  1.4807001983E+006  6.7962162231E+041
  1.4824002229E+006  6.7900523879E+041
  1.4841002536E+006  6.7839121802E+041
  1.4858002979E+006  6.7777975163E+041
  1.4875001890E+006  6.7717108646E+041
  1.4892002811E+006  6.7656526344E+041
  1.4909002138E+006  6.7596218961E+041
  1.4926003414E+006  6.7536159442E+041
  1.4943003059E+006  6.7476368103E+041
  1.4960002798E+006  6.7416841417E+041
  1.4977002571E+006  6.7357577074E+041
  1.4994002331E+006  6.7298567133E+041
  1.5011002122E+006  6.7239802169E+041
  1.5028001989E+006  6.7181328683E+041
  1.5045001954E+006  6.7123128225E+041
  1.5062002068E+006  6.7065169524E+041
  1.5079002404E+006  6.7007418786E+041
  1.5096002960E+006  6.6949838170E+041
  1.5113001928E+006  6.6892396652E+041
  1.5130002857E+006  6.6835043961E+041
  1.5147002142E+006  6.6777757116E+041
  1.5164003275E+006  6.6720487526E+041
  1.5181002644E+006  6.6663213422E+041
  1.5198002003E+006  6.6605902408E+041
  1.5215003199E+006  6.6548516855E+041
  1.5232002707E+006  6.6491004826E+041
  1.5249002305E+006  6.6433330399E+041
  1.5266002046E+006  6.6375478213E+041
  1.5283002024E+006  6.6317438831E+041
  1.5300002243E+006  6.6259208147E+041
  1.5317002653E+006  6.6200786820E+041
  1.5334003199E+006  6.6142179761E+041
  1.5351002075E+006  6.6083402049E+041
  1.5368002812E+006  6.6024454283E+041
  1.5385001804E+006  6.5965365313E+041
  1.5402002566E+006  6.5906140384E+041
  1.5419003354E+006  6.5846806278E+041
  1.5436002462E+006  6.5787393484E+041
  1.5453003471E+006  6.5727916656E+041
  1.5470002869E+006  6.5668417598E+041
  1.5487002497E+006  6.5608921356E+041
  1.5504002341E+006  6.5549448501E+041
  1.5521002367E+006  6.5490003419E+041
  1.5538002535E+006  6.5430622911E+041
  1.5555002810E+006  6.5371343516E+041
  1.5572003154E+006  6.5312205081E+041
  1.5589003510E+006  6.5253249603E+041
  1.5606002071E+006  6.5194526212E+041
  1.5623002466E+006  6.5136072316E+041
  1.5640002988E+006  6.5077943651E+041
  1.5657001856E+006  6.5020185745E+041
  1.5674002652E+006  6.4962826087E+041
  1.5691001892E+006  6.4905913408E+041
  1.5708003147E+006  6.4849472340E+041
  1.5725002814E+006  6.4793550658E+041
  1.5742002605E+006  6.4738176763E+041
  1.5759002458E+006  6.4683373309E+041
  1.5776002376E+006  6.4629147530E+041
  1.5793002327E+006  6.4575524633E+041
  1.5810002281E+006  6.4522527944E+041
  1.5827002282E+006  6.4470175926E+041
  1.5844002396E+006  6.4418484625E+041
  1.5861002654E+006  6.4367467267E+041
  1.5878003090E+006  6.4317133553E+041
  1.5895001970E+006  6.4267494441E+041
  1.5912002845E+006  6.4218541428E+041
  1.5929002106E+006  6.4170283469E+041
  1.5946003267E+006  6.4122702323E+041
  1.5963002719E+006  6.4075793768E+041
  1.5980002238E+006  6.4029533691E+041
  1.5997003562E+006  6.3983876545E+041
  1.6014003085E+006  6.3938797280E+041
  1.6031002667E+006  6.3894263532E+041
  1.6048002391E+006  6.3850245684E+041
  1.6065002279E+006  6.3806712127E+041
  1.6082002341E+006  6.3763628401E+041
  1.6099002600E+006  6.3720958063E+041
  1.6116003073E+006  6.3678664746E+041
  1.6133001945E+006  6.3636716916E+041
  1.6150002714E+006  6.3595070557E+041
  1.6167003528E+006  6.3553695848E+041
  1.6184002607E+006  6.3512563918E+041
  1.6201003501E+006  6.3471622359E+041
  1.6218002623E+006  6.3430833583E+041
  1.6235001812E+006  6.3390163056E+041
  1.6252002914E+006  6.3349580361E+041
  1.6269002387E+006  6.3309071828E+041
  1.6286002054E+006  6.3268613571E+041
  1.6303001934E+006  6.3228188360E+041
  1.6320002026E+006  6.3187781489E+041
  1.6337002275E+006  6.3147379635E+041
  1.6354002609E+006  6.3106971618E+041
  1.6371002986E+006  6.3066541667E+041
  1.6388003428E+006  6.3026012749E+041
  1.6405002128E+006  6.2985381386E+041
  1.6422002611E+006  6.2944646301E+041
  1.6439003148E+006  6.2903818406E+041
  1.6456002057E+006  6.2862855146E+041
  1.6473002927E+006  6.2821767454E+041
  1.6490002213E+006  6.2780594077E+041
  1.6507003470E+006  6.2739348507E+041
  1.6524003134E+006  6.2698057693E+041
  1.6541002968E+006  6.2656733658E+041
  1.6558002896E+006  6.2615390420E+041
  1.6575002857E+006  6.2574034784E+041
  1.6592002854E+006  6.2532666999E+041
  1.6609002880E+006  6.2491298671E+041
  1.6626002931E+006  6.2449944387E+041
  1.6643003067E+006  6.2408619649E+041
  1.6660003361E+006  6.2367340402E+041
  1.6677002040E+006  6.2326127100E+041
  1.6694002687E+006  6.2284986351E+041
  1.6711003532E+006  6.2243937327E+041
  1.6728002793E+006  6.2202999337E+041
  1.6745002216E+006  6.2162181633E+041
  1.6762003490E+006  6.2121488092E+041
  1.6779002994E+006  6.2080939899E+041
  1.6796002550E+006  6.2040546506E+041
  1.6813002152E+006  6.2000321690E+041
  1.6830001783E+006  6.1960277734E+041
  1.6847003270E+006  6.1920422116E+041
  1.6864003128E+006  6.1880773760E+041
  1.6881003181E+006  6.1841332022E+041
  1.6898003440E+006  6.1802102409E+041
  1.6915002100E+006  6.1763092016E+041
  1.6932002708E+006  6.1724294171E+041
  1.6949003462E+006  6.1685716475E+041
  1.6966002513E+006  6.1647366234E+041
  1.6983003372E+006  6.1609237809E+041
  1.7000002495E+006  6.1571340398E+041
  1.7017003427E+006  6.1533666195E+041
  1.7034002605E+006  6.1496221670E+041
  1.7051001882E+006  6.1458999477E+041
  1.7068003114E+006  6.1422008237E+041
  1.7085002757E+006  6.1385327651E+041
  1.7102002592E+006  6.1348932506E+041
  1.7119002595E+006  6.1312805753E+041
  1.7136002777E+006  6.1276933791E+041
  1.7153003107E+006  6.1241299973E+041
  1.7170003501E+006  6.1205885717E+041
  1.7187002114E+006  6.1170682890E+041
  1.7204002554E+006  6.1135673836E+041
  1.7221003043E+006  6.1100850232E+041
  1.7238001800E+006  6.1066204044E+041
  1.7255002437E+006  6.1031718549E+041
  1.7272003229E+006  6.0997388866E+041
  1.7289002432E+006  6.0963210882E+041
  1.7306001844E+006  6.0929174185E+041
  1.7323003218E+006  6.0895269362E+041
  1.7340002972E+006  6.0861498453E+041
  1.7357002848E+006  6.0827853136E+041
  1.7374002771E+006  6.0794327177E+041
  1.7391002713E+006  6.0760915651E+041
  1.7408002711E+006  6.0727608922E+041
  1.7425002754E+006  6.0694399950E+041
  1.7442002838E+006  6.0661287590E+041
  1.7459003024E+006  6.0628271548E+041
  1.7476003388E+006  6.0595352069E+041
  1.7493002177E+006  6.0562533215E+041
  1.7510002945E+006  6.0529807873E+041
  1.7527002084E+006  6.0497182623E+041
  1.7544003162E+006  6.0464651682E+041
  1.7561002595E+006  6.0432224388E+041
  1.7578002076E+006  6.0399900409E+041
  1.7595003346E+006  6.0367679573E+041
  1.7612002867E+006  6.0335571862E+041
