  0.0000000000E+000  0.0000000000E+000
  1.7004250918E+003 -7.2718643933E+002
  3.4002965116E+003 -1.4587815540E+003
  5.1003746921E+003 -2.1905365546E+003
  6.8003110378E+003 -2.9156878428E+003
  8.5003666355E+003 -3.6228567555E+003
  1.0200404061E+004 -4.2923805233E+003
  1.1900276446E+004 -3.8548432050E+003
  1.3600356058E+004 -3.5465491978E+003
  1.5300428983E+004 -4.8173111836E+003
  1.7000371782E+004 -5.8063979247E+003
  1.8700282058E+004 -6.5276271753E+003
  2.0400260732E+004 -7.3534393255E+003
  2.2100472101E+004 -8.0703743626E+003
  2.3800430419E+004 -8.9579537856E+003
  2.5500440206E+004 -9.7964050953E+003
  2.7200405442E+004 -1.0652520291E+004
  2.8900300916E+004 -1.1331684491E+004
  3.0600379088E+004 -1.1964877352E+004
  3.2300488348E+004 -1.2726801138E+004
  3.4000262217E+004 -1.2778328611E+004
  3.5700477961E+004 -1.1044114884E+004
  3.7400331745E+004 -1.0459828028E+004
  3.9100347585E+004 -1.0655272510E+004
  4.0800270494E+004 -1.1148807097E+004
  4.2500463924E+004 -1.1726928304E+004
  4.4200356582E+004 -1.2287980224E+004
  4.5900341523E+004 -1.2914284618E+004
  4.7600423683E+004 -1.3525285528E+004
  4.9300323955E+004 -1.4134915671E+004
  5.1000386282E+004 -1.4743240189E+004
  5.2700288267E+004 -1.5349966475E+004
  5.4400265436E+004 -1.5955324976E+004
  5.6100289850E+004 -1.6556830504E+004
  5.7800433440E+004 -1.7164006195E+004
  5.9500397644E+004 -1.7775251631E+004
  6.1200369994E+004 -1.8391391772E+004
  6.2900399729E+004 -1.9012576495E+004
  6.4600482147E+004 -1.9637905823E+004
  6.6300368130E+004 -2.0266347795E+004
  6.8000415533E+004 -2.0896049650E+004
  6.9700466674E+004 -2.1524455645E+004
  7.1400330456E+004 -2.2153326546E+004
  7.3100421489E+004 -2.2780466503E+004
  7.4800351519E+004 -2.3404569815E+004
  7.6500295077E+004 -2.4026755377E+004
  7.8200260311E+004 -2.4647863457E+004
  7.9900323614E+004 -2.5268717642E+004
  8.1600251551E+004 -2.5890064656E+004
  8.3300313103E+004 -2.6512741223E+004
  8.5000409029E+004 -2.7137308087E+004
  8.6700418695E+004 -2.7764354450E+004
  8.8400253236E+004 -2.8394149280E+004
  9.0100408839E+004 -2.9026455088E+004
  9.1800363687E+004 -2.9660088793E+004
  9.3500387863E+004 -3.0294213772E+004
  9.5200281524E+004 -3.0928026491E+004
  9.6900424341E+004 -3.1561214694E+004
  9.8600410245E+004 -3.2193489299E+004
  1.0030046366E+005 -3.2825182615E+004
  1.0200032782E+005 -3.3457076283E+004
  1.0370027122E+005 -4.2230138171E+004
  1.0540045432E+005 -4.3054155180E+004
  1.0710047292E+005 -4.3870213452E+004
  1.0880027810E+005 -4.4680668031E+004
  1.1050034158E+005 -4.5431737084E+004
  1.1220045572E+005 -4.6161580636E+004
  1.1390033540E+005 -4.6890242784E+004
  1.1560029700E+005 -4.7617912796E+004
  1.1730025238E+005 -4.8344606191E+004
  1.1900028580E+005 -4.9070411043E+004
  1.2070035369E+005 -4.9795370919E+004
  1.2240045892E+005 -5.0519529219E+004
  1.2410038403E+005 -5.1242810883E+004
  1.2580034825E+005 -5.1965320757E+004
  1.2750040228E+005 -5.2687091143E+004
  1.2920048845E+005 -5.3408106739E+004
  1.3090045368E+005 -5.4128309470E+004
  1.3260048162E+005 -5.4847781971E+004
  1.3430034023E+005 -5.5566425815E+004
  1.3600028455E+005 -5.6284347774E+004
  1.3770028748E+005 -5.7001531078E+004
  1.3940036533E+005 -5.7717973945E+004
  1.4110046042E+005 -5.8433648080E+004
  1.4280040312E+005 -5.9148491217E+004
  1.4450040374E+005 -5.9862580601E+004
  1.4620043513E+005 -6.0575877531E+004
  1.4790030685E+005 -6.1288270029E+004
  1.4960046256E+005 -6.1999909147E+004
  1.5130044716E+005 -6.2710566958E+004
  1.5300045988E+005 -6.3420287381E+004
  1.5470025311E+005 -6.4128925889E+004
  1.5640035289E+005 -6.4836666780E+004
  1.5810045518E+005 -6.5543401738E+004
  1.5980037661E+005 -6.6190926637E+004
  1.6150031648E+005 -6.6795927883E+004
  1.6320031192E+005 -6.7392730499E+004
  1.6490035517E+005 -6.7980036437E+004
  1.6660043220E+005 -6.8556942164E+004
  1.6830033217E+005 -6.9123681335E+004
  1.7000048974E+005 -6.9681095248E+004
  1.7170048026E+005 -7.0229878677E+004
  1.7340026511E+005 -7.0774165366E+004
  1.7510036065E+005 -7.1441141851E+004
  1.7680027436E+005 -7.2175421588E+004
  1.7850026108E+005 -7.2910280962E+004
  1.8020034320E+005 -7.3645730428E+004
  1.8190045305E+005 -7.4381864721E+004
  1.8360039982E+005 -7.5118705317E+004
  1.8530040666E+005 -7.5856401321E+004
  1.8700045288E+005 -7.6594773181E+004
  1.8870031660E+005 -7.7128308133E+004
  1.9040046895E+005 -7.7584529938E+004
  1.9210045257E+005 -7.8032024602E+004
  1.9380047345E+005 -7.8470602172E+004
  1.9550031187E+005 -7.8901951689E+004
  1.9720045328E+005 -7.9327512189E+004
  1.9890036478E+005 -7.9750747118E+004
  2.0060035078E+005 -8.0213897876E+004
  2.0230035513E+005 -8.0917673166E+004
  2.0400038204E+005 -8.1621033561E+004
  2.0570046635E+005 -8.2323852015E+004
  2.0740033560E+005 -8.3026013741E+004
  2.0910025874E+005 -8.3727616485E+004
  2.1080044836E+005 -8.4428707975E+004
  2.1250046086E+005 -8.5129005784E+004
  2.1420026081E+005 -8.5758841794E+004
  2.1590033820E+005 -8.6316410956E+004
  2.1760048178E+005 -8.6871802804E+004
  2.1930040486E+005 -8.7424783980E+004
  2.2100039997E+005 -8.7975571274E+004
  2.2270044570E+005 -8.8525635094E+004
  2.2440031412E+005 -8.9075161899E+004
  2.2610048345E+005 -8.9623161105E+004
  2.2780046867E+005 -9.0153281558E+004
  2.2950028845E+005 -9.0615307780E+004
  2.3120037373E+005 -9.1072085933E+004
  2.3290028902E+005 -9.1509005434E+004
  2.3460025493E+005 -9.1945149138E+004
  2.3630026203E+005 -9.2378839991E+004
  2.3800033709E+005 -9.2811041299E+004
  2.3970044966E+005 -9.3243038946E+004
  2.4140038031E+005 -9.3676021372E+004
  2.4310035475E+005 -9.4113511574E+004
  2.4480037612E+005 -9.4640017821E+004
  2.4650044089E+005 -9.5268005958E+004
  2.4820028420E+005 -9.5895736314E+004
  2.4990043808E+005 -9.6523549268E+004
  2.5160036561E+005 -9.7151400280E+004
  2.5330032923E+005 -9.7779664563E+004
  2.5500034802E+005 -9.8408843275E+004
  2.5670039295E+005 -9.9038833901E+004
  2.5840024572E+005 -9.9669517881E+004
  2.6010037652E+005 -1.0030111736E+005
  2.6180030429E+005 -1.0093502072E+005
  2.6350027541E+005 -1.0156428982E+005
  2.6520028848E+005 -1.0219102427E+005
  2.6690035860E+005 -1.0281883317E+005
  2.6860045758E+005 -1.0344900098E+005
  2.7030038755E+005 -1.0408190876E+005
  2.7200036571E+005 -1.0471794772E+005
  2.7370038913E+005 -1.0535644527E+005
  2.7540048524E+005 -1.0599650643E+005
  2.7710037434E+005 -1.0663980929E+005
  2.7880032882E+005 -1.0728628579E+005
  2.8050032970E+005 -1.0793585223E+005
  2.8220037938E+005 -1.0858799797E+005
  2.8390048459E+005 -1.0924111466E+005
  2.8560038696E+005 -1.0989503080E+005
  2.8730035384E+005 -1.1055031960E+005
  2.8900034610E+005 -1.1120681853E+005
  2.9070039529E+005 -1.1186439973E+005
  2.9240025120E+005 -1.1252271295E+005
  2.9410037345E+005 -1.1318172340E+005
  2.9580031403E+005 -1.1384120662E+005
  2.9750027598E+005 -1.1450116540E+005
  2.9920028093E+005 -1.1516150312E+005
  3.0090033601E+005 -1.1582210751E+005
  3.0260041237E+005 -1.1648284909E+005
  3.0430029082E+005 -1.1714352682E+005
  3.0600044789E+005 -1.1780428418E+005
  3.0770040704E+005 -1.1846487463E+005
  3.0940039733E+005 -1.1912506298E+005
  3.1110042715E+005 -1.1978482778E+005
  3.1280026608E+005 -1.2044417464E+005
  3.1450037492E+005 -1.2110322777E+005
  3.1620030517E+005 -1.2176174302E+005
  3.1790027046E+005 -1.2242003925E+005
  3.1960027936E+005 -1.2307813982E+005
  3.2130035886E+005 -1.2373599150E+005
  3.2300047240E+005 -1.2439351298E+005
  3.2470039906E+005 -1.2505053573E+005
  3.2640037561E+005 -1.2570691755E+005
  3.2810040216E+005 -1.2636266263E+005
  3.2980048076E+005 -1.2701813586E+005
  3.3150035638E+005 -1.2767346916E+005
  3.3320028579E+005 -1.2832877346E+005
  3.3490025220E+005 -1.2898404536E+005
  3.3660027566E+005 -1.2963929159E+005
  3.3830034155E+005 -1.3029450522E+005
  3.4000043891E+005 -1.3094969130E+005
  3.4170035303E+005 -1.3160476557E+005
  3.4340029200E+005 -1.3225980423E+005
  3.4510027743E+005 -1.3291481213E+005
  3.4680030879E+005 -1.3356969687E+005
  3.4850035698E+005 -1.3422435107E+005
  3.5020046288E+005 -1.3487889880E+005
  3.5190035267E+005 -1.3553329354E+005
  3.5360027216E+005 -1.3618765709E+005
  3.5530048642E+005 -1.3684209935E+005
  3.5700048444E+005 -1.3749642338E+005
  3.5870028190E+005 -1.3815063387E+005
  3.6040036203E+005 -1.3880491490E+005
  3.6210048175E+005 -1.3945917068E+005
  3.6380039778E+005 -1.4011330652E+005
  3.6550035440E+005 -1.4076741587E+005
  3.6720036408E+005 -1.4142147232E+005
  3.6890040580E+005 -1.4207549430E+005
  3.7060025921E+005 -1.4272942610E+005
  3.7230040731E+005 -1.4338343784E+005
  3.7400035055E+005 -1.4403717420E+005
  3.7570035473E+005 -1.4469078379E+005
  3.7740039080E+005 -1.4534433499E+005
  3.7910048398E+005 -1.4599786647E+005
  3.8080037910E+005 -1.4665129134E+005
  3.8250030641E+005 -1.4730470428E+005
  3.8420029138E+005 -1.4795811359E+005
  3.8590030982E+005 -1.4861150713E+005
  3.8760037830E+005 -1.4926648808E+005
  3.8930024666E+005 -1.4993508279E+005
  3.9100038915E+005 -1.5060334192E+005
  3.9270034098E+005 -1.5127108639E+005
  3.9440032183E+005 -1.5193842795E+005
  3.9610034162E+005 -1.5260537368E+005
  3.9780040415E+005 -1.5327192561E+005
  3.9950048830E+005 -1.5393807628E+005
  4.0120037642E+005 -1.5460374127E+005
  4.0290029455E+005 -1.5526901131E+005
  4.0460024671E+005 -1.5593389106E+005
  4.0630048731E+005 -1.5659847400E+005
  4.0800026510E+005 -1.5726212640E+005
  4.0970033481E+005 -1.5792524931E+005
  4.1140043772E+005 -1.5858797554E+005
  4.1310033471E+005 -1.5925029517E+005
  4.1480027017E+005 -1.5991233101E+005
  4.1650024672E+005 -1.6057409895E+005
  4.1820027403E+005 -1.6123568617E+005
  4.1990033152E+005 -1.6189838992E+005
  4.2160044534E+005 -1.6258868388E+005
  4.2330035588E+005 -1.2672305855E+005
  4.2500030623E+005 -1.3621038753E+005
  4.2670031616E+005 -1.6035203751E+005
  4.2840035197E+005 -1.5082893144E+005
  4.3010044307E+005 -1.3736272031E+005
  4.3180033533E+005  3.8322939364E+003
  4.3350025482E+005  5.9335184181E+005
  4.3520047945E+005  2.2138625927E+006
  4.3690048652E+005  5.5677640804E+006
  4.3860029420E+005  1.1058850317E+007
  4.4030039583E+005  1.8677953754E+007
  4.4200027401E+005  2.7702053850E+007
  4.4370045066E+005  3.7444979269E+007
  4.4540040982E+005  4.6955468711E+007
  4.4710040606E+005  5.5329000637E+007
  4.4880044386E+005  6.2358712433E+007
  4.5050025545E+005  6.8019553246E+007
  4.5220036350E+005  7.2440931272E+007
  4.5390025362E+005  7.5852584853E+007
  4.5560042329E+005  7.8369979689E+007
  4.5730039092E+005  8.0360562308E+007
  4.5900037897E+005  8.2035697117E+007
  4.6070041787E+005  8.3497612108E+007
  4.6240048790E+005  8.4792533359E+007
  4.6410034075E+005  8.5951480696E+007
  4.6580049108E+005  8.7012853273E+007
  4.6750042117E+005  8.8018751226E+007
  4.6920040135E+005  8.9025304450E+007
  4.7090042107E+005  9.0122742693E+007
  4.7260047362E+005  9.1405859862E+007
  4.7430033327E+005  9.2967824602E+007
  4.7600047384E+005  9.4884209554E+007
  4.7770041470E+005  9.7162502523E+007
  4.7940039645E+005  9.9768166848E+007
  4.8110041627E+005  1.0266733070E+008
  4.8280048569E+005  1.0584677250E+008
  4.8450034234E+005  1.0925329722E+008
  4.8620048976E+005  1.1276936998E+008
  4.8790042809E+005  1.1630331883E+008
  4.8960040240E+005  1.1982050793E+008
  4.9130042471E+005  1.2331350111E+008
  4.9300047480E+005  1.2679044481E+008
  4.9470031820E+005  1.3026099060E+008
  4.9640044709E+005  1.3373242704E+008
  4.9810035735E+005  1.3720957700E+008
  4.9980031249E+005  1.4071279481E+008
  5.0150029254E+005  1.4416477127E+008
  5.0320030436E+005  1.4739505007E+008
  5.0490035885E+005  1.5044550309E+008
  5.0660043630E+005  1.5336651907E+008
  5.0830030828E+005  1.5614499994E+008
  5.1000045696E+005  1.5884655170E+008
  5.1170038917E+005  1.6144506077E+008
  5.1340036588E+005  1.6396021105E+008
  5.1510036837E+005  1.6640166242E+008
  5.1680041003E+005  1.6877633362E+008
  5.1850048715E+005  1.7105841546E+008
  5.2020035278E+005  1.7325988965E+008
  5.2190026353E+005  1.7541657612E+008
  5.2360045106E+005  1.7749773023E+008
  5.2530043595E+005  1.7949550089E+008
  5.2700045981E+005  1.8141716802E+008
  5.2870027610E+005  1.8328113531E+008
  5.3040038668E+005  1.8510640263E+008
  5.3210027977E+005  1.8687378632E+008
  5.3380046549E+005  1.8857380159E+008
  5.3550044452E+005  1.9022242433E+008
  5.3720045486E+005  1.9182744841E+008
  5.3890026654E+005  1.9338734911E+008
  5.4060035122E+005  1.9490898620E+008
  5.4230047779E+005  1.9631831413E+008
  5.4400040081E+005  1.9744274527E+008
  5.4570034692E+005  1.9843248222E+008
  5.4740033969E+005  1.9940355983E+008
  5.4910035947E+005  2.0035679115E+008
  5.5080041214E+005  2.0124287451E+008
  5.5250026080E+005  2.0205143503E+008
  5.5420037354E+005  2.0281202437E+008
  5.5590028160E+005  2.0355220157E+008
  5.5760046616E+005  2.0427746771E+008
  5.5930043202E+005  2.0497290419E+008
  5.6100043936E+005  2.0562340983E+008
  5.6270046657E+005  2.0622809633E+008
  5.6440028892E+005  2.0679778740E+008
  5.6610039024E+005  2.0734585994E+008
  5.6780027416E+005  2.0788304555E+008
  5.6950044652E+005  2.0841332167E+008
  5.7120039524E+005  2.0893265880E+008
  5.7290038966E+005  2.0943277628E+008
  5.7460041691E+005  2.0990617052E+008
  5.7630047609E+005  2.1034992363E+008
  5.7800033512E+005  2.1076573404E+008
  5.7970046717E+005  2.1115832833E+008
  5.8140040205E+005  2.1153311618E+008
  5.8310037215E+005  2.1189529452E+008
  5.8480037261E+005  2.1224896150E+008
  5.8650042207E+005  2.1259690479E+008
  5.8820025147E+005  2.1294044063E+008
  5.8990037229E+005  2.1327967866E+008
  5.9160028296E+005  2.1361343688E+008
  5.9330046852E+005  2.1394009310E+008
  5.9500045280E+005  2.1425769997E+008
  5.9670046660E+005  2.1456478324E+008
  5.9840026841E+005  2.1486040665E+008
  6.0010035369E+005  2.1514444602E+008
  6.0180046669E+005  2.1541729166E+008
  6.0350037001E+005  2.1567979790E+008
  6.0520030632E+005  2.1593301070E+008
  6.0690026862E+005  2.1617802274E+008
  6.0860026548E+005  2.1641590339E+008
  6.1030029213E+005  2.1664761586E+008
  6.1200034924E+005  2.1687397564E+008
  6.1370044252E+005  2.1709562532E+008
  6.1540031224E+005  2.1731299109E+008
  6.1710046424E+005  2.1752642376E+008
  6.1880040091E+005  2.1773598663E+008
  6.2050036632E+005  2.1794170353E+008
  6.2220036973E+005  2.1814346175E+008
  6.2390039709E+005  2.1834107748E+008
  6.2560046532E+005  2.1853433484E+008
  6.2730031897E+005  2.1872298490E+008
  6.2900044992E+005  2.1890688640E+008
  6.3070037633E+005  2.1908583844E+008
  6.3240032700E+005  2.1925977698E+008
  6.3410032414E+005  2.1942868109E+008
  6.3580035429E+005  2.1959259099E+008
  6.3750041450E+005  2.1975160714E+008
  6.3920027335E+005  2.1990585835E+008
  6.4090040305E+005  2.2005557378E+008
  6.4260033027E+005  2.2020092351E+008
  6.4430029152E+005  2.2034218921E+008
  6.4600027992E+005  2.2047968348E+008
  6.4770031216E+005  2.2061365912E+008
  6.4940037241E+005  2.2074437134E+008
  6.5110046680E+005  2.2087221398E+008
  6.5280035101E+005  2.2099739717E+008
  6.5450025939E+005  2.2112010087E+008
  6.5620045145E+005  2.2124048124E+008
  6.5790043166E+005  2.2135861618E+008
  6.5960043333E+005  2.2147461098E+008
  6.6130047417E+005  2.2158853288E+008
  6.6300029154E+005  2.2170040904E+008
  6.6470038466E+005  2.2181029850E+008
  6.6640027133E+005  2.2191818083E+008
  6.6810042021E+005  2.2202408397E+008
  6.6980036211E+005  2.2212796720E+008
  6.7150033122E+005  2.2222982678E+008
  6.7320032628E+005  2.2232964023E+008
  6.7490036227E+005  2.2242738456E+008
  6.7660041678E+005  2.2252303538E+008
  6.7830026227E+005  2.2261655989E+008
  6.8000038669E+005  2.2270796711E+008
  6.8170029227E+005  2.2279721803E+008
  6.8340048251E+005  2.2288433352E+008
  6.8510045368E+005  2.2294918764E+008
  6.8680046011E+005  2.2300633281E+008
  6.8850025707E+005  2.2306238981E+008
  6.9020033209E+005  2.2311740892E+008
  6.9190044186E+005  2.2317142154E+008
  6.9360034030E+005  2.2322446353E+008
  6.9530026899E+005  2.2327658870E+008
  6.9700048597E+005  2.2332785216E+008
  6.9870048335E+005  2.2337828354E+008
  7.0040026716E+005  2.2342792914E+008
  7.0210033463E+005  2.2347684855E+008
  7.0380042797E+005  2.2352507751E+008
  7.0550031531E+005  2.2357265041E+008
  7.0720047335E+005  2.2361961820E+008
  7.0890041848E+005  2.2366600190E+008
  7.1060039740E+005  2.2371183921E+008
  7.1230040082E+005  2.2375715699E+008
  7.1400044043E+005  2.2380197891E+008
  7.1570025541E+005  2.2384631775E+008
  7.1740034854E+005  2.2389020240E+008
  7.1910047348E+005  2.2393363863E+008
  7.2080037629E+005  2.2397662909E+008
  7.2250030813E+005  2.2401918633E+008
  7.2420026950E+005  2.2406131372E+008
  7.2590025464E+005  2.2410301208E+008
  7.2760027604E+005  2.2414428042E+008
  7.2930032168E+005  2.2418511548E+008
  7.3100039329E+005  2.2422551217E+008
  7.3270025470E+005  2.2426545762E+008
  7.3440038266E+005  2.2430495508E+008
  7.3610030423E+005  2.2434398542E+008
  7.3780025137E+005  2.2438254606E+008
  7.3950047364E+005  2.2442063507E+008
  7.4120048953E+005  2.2445823484E+008
  7.4290028149E+005  2.2449533927E+008
  7.4460035815E+005  2.2453195430E+008
  7.4630046742E+005  2.2456806899E+008
  7.4800035649E+005  2.2460367442E+008
  7.4970028506E+005  2.2463877409E+008
  7.5140049230E+005  2.2467337228E+008
  7.5310047784E+005  2.2470745973E+008
  7.5480025769E+005  2.2474103944E+008
  7.5650030716E+005  2.2477412475E+008
  7.5820039349E+005  2.2480671648E+008
  7.5990026691E+005  2.2483881673E+008
  7.6160040684E+005  2.2487044256E+008
  7.6330034090E+005  2.2490159433E+008
  7.6500029780E+005  2.2493228654E+008
  7.6670028612E+005  2.2496253044E+008
  7.6840030734E+005  2.2499233780E+008
  7.7010035000E+005  2.2502172082E+008
  7.7180042406E+005  2.2505069264E+008
  7.7350028139E+005  2.2507926283E+008
  7.7520040740E+005  2.2510745461E+008
  7.7690031923E+005  2.2513527430E+008
  7.7860025452E+005  2.2516274018E+008
  7.8030046141E+005  2.2518987049E+008
  7.8200045801E+005  2.2521667172E+008
  7.8370047053E+005  2.2524316155E+008
  7.8540027160E+005  2.2526935039E+008
  7.8710034506E+005  2.2529525934E+008
  7.8880044456E+005  2.2532089793E+008
  7.9050033255E+005  2.2534627580E+008
  7.9220048939E+005  2.2537141305E+008
  7.9390043014E+005  2.2539631508E+008
  7.9560040369E+005  2.2542099786E+008
  7.9730040259E+005  2.2544412850E+008
  7.9900043616E+005  2.2545632499E+008
  8.0070025230E+005  2.2546852617E+008
  8.0240034054E+005  2.2548076317E+008
  8.0410047155E+005  2.2549306018E+008
  8.0580037703E+005  2.2550544003E+008
  8.0750031810E+005  2.2551792871E+008
  8.0920029102E+005  2.2553054884E+008
  8.1090028805E+005  2.2554332267E+008
  8.1260032444E+005  2.2555627156E+008
  8.1430038744E+005  2.2556941483E+008
  8.1600047745E+005  2.2558277135E+008
  8.1770035519E+005  2.2559635763E+008
  8.1940025748E+005  2.2561019285E+008
  8.2110043743E+005  2.2562429560E+008
  8.2280040453E+005  2.2563867808E+008
  8.2450038781E+005  2.2565335730E+008
  8.2620040871E+005  2.2566834753E+008
  8.2790045229E+005  2.2568364783E+008
  8.2960027402E+005  2.2569926321E+008
  8.3130037526E+005  2.2571521548E+008
  8.3300024820E+005  2.2573151634E+008
  8.3470039758E+005  2.2574818578E+008
  8.3640032853E+005  2.2576523305E+008
  8.3810028044E+005  2.2578267342E+008
  8.3980026242E+005  2.2580051858E+008
  8.4150027048E+005  2.2581877902E+008
  8.4320030059E+005  2.2583746393E+008
  8.4490036687E+005  2.2585658108E+008
  8.4660045040E+005  2.2587613681E+008
  8.4830031897E+005  2.2589613365E+008
  8.5000046232E+005  2.2591658072E+008
  8.5170038376E+005  2.2593747376E+008
  8.5340033891E+005  2.2595881591E+008
  8.5510031891E+005  2.2598060549E+008
  8.5680032682E+005  2.2600283916E+008
  8.5850036981E+005  2.2602551158E+008
  8.6020043752E+005  2.2604861540E+008
  8.6190029034E+005  2.2607213785E+008
  8.6360042095E+005  2.2609607412E+008
  8.6530032596E+005  2.2612040324E+008
  8.6700027079E+005  2.2614511276E+008
  8.6870048541E+005  2.2617018761E+008
  8.7040048320E+005  2.2619559947E+008
  8.7210026389E+005  2.2622132443E+008
  8.7380031596E+005  2.2624734356E+008
  8.7550039951E+005  2.2627362420E+008
  8.7720026720E+005  2.2630013066E+008
  8.7890040096E+005  2.2632683593E+008
  8.8060032313E+005  2.2635369522E+008
  8.8230026644E+005  2.2638067193E+008
  8.8400048370E+005  2.2640772705E+008
  8.8570048524E+005  2.2643480694E+008
  8.8740025620E+005  2.2646186271E+008
  8.8910030458E+005  2.2648885098E+008
  8.9080037912E+005  2.2651571350E+008
  8.9250047508E+005  2.2654239317E+008
  8.9420035305E+005  2.2656882646E+008
  8.9590025400E+005  2.2659495454E+008
  8.9760042382E+005  2.2662071548E+008
  8.9930038052E+005  2.2664603320E+008
  9.0100035313E+005  2.2667084019E+008
  9.0270035788E+005  2.2669508639E+008
  9.0440038592E+005  2.2671874344E+008
  9.0610043774E+005  2.2674178798E+008
  9.0780027356E+005  2.2676419994E+008
  9.0950038090E+005  2.2678597708E+008
  9.1120026491E+005  2.2680711408E+008
  9.1290043103E+005  2.2682762862E+008
  9.1460036902E+005  2.2684753643E+008
  9.1630034153E+005  2.2686687262E+008
  9.1800034138E+005  2.2688567806E+008
  9.1970036331E+005  2.2690400144E+008
  9.2140042221E+005  2.2692189893E+008
  9.2310025630E+005  2.2693942887E+008
  9.2480036616E+005  2.2695667925E+008
  9.2650026065E+005  2.2697376302E+008
  9.2820042360E+005  2.2699075543E+008
  9.2990036983E+005  2.2700771333E+008
  9.3160034749E+005  2.2702469358E+008
  9.3330034253E+005  2.2704174239E+008
  9.3500037367E+005  2.2705889795E+008
  9.3670042484E+005  2.2707618962E+008
  9.3840025611E+005  2.2709363619E+008
  9.4010036528E+005  2.2711125589E+008
  9.4180049525E+005  2.2712905165E+008
  9.4350040254E+005  2.2714701931E+008
  9.4520033955E+005  2.2716515323E+008
  9.4690029406E+005  2.2718343896E+008
  9.4860028167E+005  2.2720185690E+008
  9.5030028762E+005  2.2722038226E+008
  9.5200031738E+005  2.2723898627E+008
  9.5370037565E+005  2.2725763644E+008
  9.5540045407E+005  2.2727629700E+008
  9.5710031120E+005  2.2729492720E+008
  9.5880044177E+005  2.2731349238E+008
  9.6050034272E+005  2.2733194548E+008
  9.6220027601E+005  2.2735024680E+008
  9.6390047849E+005  2.2736835571E+008
  9.6560045607E+005  2.2738622319E+008
  9.6730046382E+005  2.2740378958E+008
  9.6900049045E+005  2.2742096874E+008
  9.7070029968E+005  2.2743767497E+008
  9.7240038486E+005  2.2745383672E+008
  9.7410049042E+005  2.2746938424E+008
  9.7580037900E+005  2.2748425900E+008
  9.7750029392E+005  2.2749841855E+008
  9.7920048000E+005  2.2751183215E+008
  9.8090045303E+005  2.2752447535E+008
  9.8260044471E+005  2.2753634080E+008
  9.8430046599E+005  2.2754742978E+008
  9.8600026743E+005  2.2755775124E+008
  9.8770034124E+005  2.2756732642E+008
  9.8940044235E+005  2.2757617844E+008
  9.9110032319E+005  2.2758433581E+008
  9.9280047178E+005  2.2759183416E+008
  9.9450040592E+005  2.2759870752E+008
  9.9620036063E+005  2.2760499571E+008
  9.9790034186E+005  2.2761073814E+008
  9.9960034798E+005  2.2761597385E+008
  1.0013003771E+006  2.2762074101E+008
  1.0030004316E+006  2.2762507652E+008
  1.0047002661E+006  2.2762901221E+008
  1.0064003655E+006  2.2763256108E+008
  1.0081004946E+006  2.2763574828E+008
  1.0098003959E+006  2.2763860173E+008
  1.0115003220E+006  2.2764114874E+008
  1.0132002738E+006  2.2764266601E+008
  1.0149004942E+006  2.2764276360E+008
  1.0166004881E+006  2.2764289305E+008
  1.0183002641E+006  2.2764311127E+008
  1.0200003045E+006  2.2764347473E+008
  1.0217003746E+006  2.2764403912E+008
  1.0234004660E+006  2.2764485922E+008
  1.0251003312E+006  2.2764598857E+008
  1.0268004729E+006  2.2764748100E+008
  1.0285003906E+006  2.2764939575E+008
  1.0302003293E+006  2.2765179189E+008
  1.0319002991E+006  2.2765472235E+008
  1.0336002873E+006  2.2765823401E+008
  1.0353003057E+006  2.2766236702E+008
  1.0370003505E+006  2.2766715370E+008
  1.0387004161E+006  2.2767261844E+008
  1.0404002631E+006  2.2767877673E+008
  1.0421003827E+006  2.2768563883E+008
  1.0438002770E+006  2.2769320329E+008
  1.0455004515E+006  2.2770146528E+008
  1.0472003950E+006  2.2771040794E+008
  1.0489003670E+006  2.2772001168E+008
  1.0506003660E+006  2.2773025020E+008
  1.0523003850E+006  2.2774109260E+008
  1.0540004330E+006  2.2775250462E+008
  1.0557002558E+006  2.2776444773E+008
  1.0574003455E+006  2.2777689060E+008
  1.0591004683E+006  2.2778979868E+008
  1.0608003598E+006  2.2780313533E+008
  1.0625002764E+006  2.2781687162E+008
  1.0642004663E+006  2.2783097922E+008
  1.0659004261E+006  2.2784541233E+008
  1.0676004127E+006  2.2786014304E+008
  1.0693004236E+006  2.2787514919E+008
  1.0710004505E+006  2.2789043857E+008
  1.0727002585E+006  2.2790609591E+008
  1.0744003331E+006  2.2790687334E+008
  1.0761004319E+006  2.2790417114E+008
  1.0778003083E+006  2.2790196289E+008
  1.0795004511E+006  2.2790028676E+008
  1.0812003702E+006  2.2789917528E+008
  1.0829003155E+006  2.2789865555E+008
  1.0846002793E+006  2.2789875222E+008
  1.0863002721E+006  2.2789948800E+008
  1.0880002839E+006  2.2790088571E+008
  1.0897003195E+006  2.2790296976E+008
  1.0914003827E+006  2.2790576741E+008
  1.0931004679E+006  2.2790930818E+008
  1.0948003273E+006  2.2791362826E+008
  1.0965004634E+006  2.2791877690E+008
  1.0982003693E+006  2.2792480231E+008
  1.0999003055E+006  2.2793175747E+008
  1.1016002652E+006  2.2793969852E+008
  1.1033004943E+006  2.2794868731E+008
  1.1050002535E+006  2.2795878054E+008
  1.1067002867E+006  2.2797004079E+008
  1.1084003398E+006  2.2798252486E+008
  1.1101004238E+006  2.2798020877E+008
  1.1118002770E+006  2.2797455349E+008
  1.1135004037E+006  2.2796879069E+008
  1.1152003082E+006  2.2796292212E+008
  1.1169004813E+006  2.2795694294E+008
  1.1186004299E+006  2.2795084068E+008
  1.1203004036E+006  2.2794463412E+008
  1.1220003934E+006  2.2793835659E+008
  1.1237004142E+006  2.2793204111E+008
  1.1254004519E+006  2.2792571929E+008
  1.1271002638E+006  2.2791942385E+008
  1.1288003489E+006  2.2791318628E+008
  1.1305004523E+006  2.2790704256E+008
  1.1322003313E+006  2.2790102732E+008
  1.1339004849E+006  2.2789517620E+008
  1.1356004032E+006  2.2788953508E+008
  1.1373003513E+006  2.2788414960E+008
  1.1390003186E+006  2.2787905468E+008
  1.1407003069E+006  2.2787300471E+008
  1.1424003215E+006  2.2786581492E+008
  1.1441003547E+006  2.2785838253E+008
  1.1458004091E+006  2.2785070290E+008
  1.1475004921E+006  2.2784277155E+008
  1.1492003435E+006  2.2783459374E+008
  1.1509004703E+006  2.2782618457E+008
  1.1526003705E+006  2.2781754459E+008
  1.1543002913E+006  2.2780866525E+008
  1.1560004879E+006  2.2779952815E+008
  1.1577004575E+006  2.2779010528E+008
  1.1594004490E+006  2.2778038963E+008
  1.1611004669E+006  2.2777037210E+008
  1.1628002564E+006  2.2776004087E+008
  1.1645003185E+006  2.2774937527E+008
  1.1662004070E+006  2.2773833792E+008
  1.1679002644E+006  2.2772856793E+008
  1.1696003970E+006  2.2772035702E+008
  1.1713003038E+006  2.2771177703E+008
  1.1730004790E+006  2.2770280034E+008
  1.1747004315E+006  2.2769345492E+008
  1.1764004065E+006  2.2768374557E+008
  1.1781003983E+006  2.2767366500E+008
  1.1798004198E+006  2.2766320045E+008
  1.1815004579E+006  2.2765233592E+008
  1.1832002711E+006  2.2764105494E+008
  1.1849003564E+006  2.2762933212E+008
  1.1866004593E+006  2.2761712923E+008
  1.1883003368E+006  2.2760441578E+008
  1.1900004878E+006  2.2759116380E+008
  1.1917004049E+006  2.2757796731E+008
  1.1934003500E+006  2.2756749780E+008
  1.1951003113E+006  2.2755689216E+008
  1.1968002944E+006  2.2754614176E+008
  1.1985003033E+006  2.2753522043E+008
  1.2002003286E+006  2.2752409722E+008
  1.2019003763E+006  2.2751275505E+008
  1.2036004485E+006  2.2750117566E+008
  1.2053002885E+006  2.2748933613E+008
  1.2070004042E+006  2.2747720837E+008
  1.2087002916E+006  2.2746476990E+008
  1.2104004448E+006  2.2745198729E+008
  1.2121003775E+006  2.2743884225E+008
  1.2138003292E+006  2.2742511963E+008
  1.2155003029E+006  2.2741097789E+008
  1.2172003008E+006  2.2739677625E+008
  1.2189003182E+006  2.2738249378E+008
  1.2206003581E+006  2.2736808909E+008
  1.2223004248E+006  2.2735352743E+008
  1.2240002595E+006  2.2733876665E+008
  1.2257003684E+006  2.2732377241E+008
  1.2274002495E+006  2.2730852680E+008
  1.2291004005E+006  2.2729304290E+008
  1.2308003273E+006  2.2727731943E+008
  1.2325002755E+006  2.2726133503E+008
  1.2342004894E+006  2.2723968687E+008
  1.2359004833E+006  2.2721765568E+008
  1.2376004934E+006  2.2719545044E+008
  1.2393002785E+006  2.2717302429E+008
  1.2410003361E+006  2.2715031098E+008
  1.2427004089E+006  2.2712730011E+008
  1.2444002583E+006  2.2710400098E+008
  1.2461003787E+006  2.2708037149E+008
  1.2478002666E+006  2.2705638984E+008
  1.2495004286E+006  2.2703202038E+008
  1.2512003611E+006  2.2700658094E+008
  1.2529003111E+006  2.2697937115E+008
  1.2546002887E+006  2.2695185005E+008
  1.2563002807E+006  2.2692397211E+008
  1.2580002964E+006  2.2689570290E+008
  1.2597003326E+006  2.2686702044E+008
  1.2614003872E+006  2.2683789747E+008
  1.2631004648E+006  2.2680829836E+008
  1.2648003161E+006  2.2677818464E+008
  1.2665004314E+006  2.2674748407E+008
  1.2682003243E+006  2.2671603077E+008
  1.2699004835E+006  2.2668379920E+008
  1.2716004154E+006  2.2665120266E+008
  1.2733003716E+006  2.2661818843E+008
  1.2750003451E+006  2.2658470626E+008
  1.2767003391E+006  2.2655069366E+008
  1.2784003584E+006  2.2651610128E+008
  1.2801003959E+006  2.2648088101E+008
  1.2818004548E+006  2.2644500049E+008
  1.2835002896E+006  2.2640844955E+008
  1.2852003877E+006  2.2637436604E+008
  1.2869002650E+006  2.2634048772E+008
  1.2886004104E+006  2.2630611323E+008
  1.2903003261E+006  2.2627120616E+008
  1.2920002658E+006  2.2623570834E+008
  1.2937004733E+006  2.2619956655E+008
  1.2954004517E+006  2.2616275255E+008
  1.2971004568E+006  2.2612523619E+008
  1.2988004753E+006  2.2608699045E+008
  1.3005002694E+006  2.2605417581E+008
  1.3022003344E+006  2.2602130811E+008
  1.3039004149E+006  2.2598781079E+008
  1.3056002731E+006  2.2595365931E+008
  1.3073003980E+006  2.2591882407E+008
  1.3090002924E+006  2.2588329103E+008
  1.3107004592E+006  2.2584702114E+008
  1.3124003968E+006  2.2580997022E+008
  1.3141003514E+006  2.2577286236E+008
  1.3158003310E+006  2.2573570281E+008
  1.3175003251E+006  2.2569781203E+008
  1.3192003412E+006  2.2565916465E+008
  1.3209003788E+006  2.2561970896E+008
  1.3226004340E+006  2.2557939695E+008
  1.3243002611E+006  2.2553814506E+008
  1.3260003579E+006  2.2549587904E+008
  1.3277004712E+006  2.2545390779E+008
  1.3294003602E+006  2.2541182567E+008
  1.3311002692E+006  2.2536894782E+008
  1.3328004415E+006  2.2532520858E+008
  1.3345003926E+006  2.2528053251E+008
  1.3362003588E+006  2.2523485417E+008
  1.3379003472E+006  2.2518810186E+008
  1.3396003586E+006  2.2514253024E+008
  1.3413003861E+006  2.2510280285E+008
  1.3430004351E+006  2.2506226942E+008
  1.3447002603E+006  2.2502087060E+008
  1.3464003487E+006  2.2497854709E+008
  1.3481004623E+006  2.2493524870E+008
  1.3498003462E+006  2.2489093049E+008
  1.3515004966E+006  2.2484678359E+008
  1.3532004239E+006  2.2480505540E+008
  1.3549003676E+006  2.2476239501E+008
  1.3566003324E+006  2.2471875685E+008
  1.3583003184E+006  2.2467406215E+008
  1.3600003231E+006  2.2462818735E+008
  1.3617003470E+006  2.2458105437E+008
  1.3634003960E+006  2.2453389108E+008
  1.3651004587E+006  2.2448624847E+008
  1.3668002958E+006  2.2443749563E+008
  1.3685004020E+006  2.2438749216E+008
  1.3702002759E+006  2.2433617725E+008
  1.3719004224E+006  2.2428345962E+008
  1.3736003385E+006  2.2423224475E+008
  1.3753002701E+006  2.2418379968E+008
  1.3770004744E+006  2.2413423661E+008
  1.3787004483E+006  2.2408349781E+008
  1.3804004389E+006  2.2403149298E+008
  1.3821004544E+006  2.2397814101E+008
  1.3838004821E+006  2.2392751331E+008
  1.3855002850E+006  2.2387989881E+008
  1.3872003570E+006  2.2383109726E+008
  1.3889004446E+006  2.2378104667E+008
  1.3906003061E+006  2.2372963190E+008
  1.3923004346E+006  2.2367669708E+008
  1.3940003321E+006  2.2362225377E+008
  1.3957002526E+006  2.2356644502E+008
  1.3974004404E+006  2.2350915275E+008
  1.3991003955E+006  2.2345022377E+008
  1.4008003756E+006  2.2338953328E+008
  1.4025003712E+006  2.2333005047E+008
  1.4042003874E+006  2.2327301639E+008
  1.4059004259E+006  2.2321449064E+008
  1.4076004806E+006  2.2315437110E+008
  1.4093003063E+006  2.2309255395E+008
  1.4110004039E+006  2.2303207487E+008
  1.4127002687E+006  2.2297912580E+008
  1.4144004039E+006  2.2292476256E+008
  1.4161003110E+006  2.2286889050E+008
  1.4178004804E+006  2.2281133468E+008
  1.4195004284E+006  2.2275174258E+008
  1.4212003914E+006  2.2268989448E+008
  1.4229003737E+006  2.2262629470E+008
  1.4246003782E+006  2.2256075530E+008
  1.4263003986E+006  2.2249311302E+008
  1.4280004395E+006  2.2242648539E+008
  1.4297002540E+006  2.2236128965E+008
  1.4314003324E+006  2.2229427038E+008
  1.4331004304E+006  2.2222529083E+008
  1.4348003019E+006  2.2215420930E+008
  1.4365004359E+006  2.2209184605E+008
  1.4382003444E+006  2.2202917347E+008
  1.4399002709E+006  2.2196460728E+008
  1.4416004621E+006  2.2189798978E+008
  1.4433004260E+006  2.2182843526E+008
  1.4450004085E+006  2.2175571900E+008
  1.4467004080E+006  2.2168078919E+008
  1.4484004299E+006  2.2160344850E+008
  1.4501004674E+006  2.2152428391E+008
  1.4518002733E+006  2.2145287395E+008
  1.4535003536E+006  2.2137941137E+008
  1.4552004455E+006  2.2130365612E+008
  1.4569003111E+006  2.2122540288E+008
  1.4586004444E+006  2.2115423503E+008
  1.4603003443E+006  2.2108225114E+008
  1.4620002673E+006  2.2100780568E+008
  1.4637004571E+006  2.2093071335E+008
  1.4654004144E+006  2.2085031384E+008
  1.4671003926E+006  2.2076714882E+008
  1.4688003902E+006  2.2068119804E+008
  1.4705004039E+006  2.2059225037E+008
  1.4722004412E+006  2.2051603278E+008
  1.4739004932E+006  2.2044102862E+008
  1.4756003155E+006  2.2036347341E+008
  1.4773004084E+006  2.2028306561E+008
  1.4790002680E+006  2.2020322754E+008
  1.4807003971E+006  2.2012080311E+008
  1.4824002983E+006  2.2003532009E+008
  1.4841004625E+006  2.1994802563E+008
  1.4858003990E+006  2.1986470727E+008
  1.4875003578E+006  2.1977847344E+008
  1.4892003291E+006  2.1968904934E+008
  1.4909003241E+006  2.1960519170E+008
  1.4926003352E+006  2.1952694074E+008
  1.4943003630E+006  2.1944568378E+008
  1.4960004145E+006  2.1936119407E+008
  1.4977004799E+006  2.1927273569E+008
  1.4994003162E+006  2.1918096991E+008
  1.5011004207E+006  2.1908565722E+008
  1.5028002934E+006  2.1899556972E+008
  1.5045004333E+006  2.1891412263E+008
  1.5062003461E+006  2.1882954966E+008
  1.5079002721E+006  2.1874153055E+008
  1.5096004669E+006  2.1865092233E+008
  1.5113004339E+006  2.1855678075E+008
  1.5130004139E+006  2.1845873094E+008
  1.5147004167E+006  2.1836730213E+008
  1.5164004361E+006  2.1827788528E+008
  1.5181004706E+006  2.1818484115E+008
  1.5198002787E+006  2.1809126289E+008
  1.5215003529E+006  2.1799936843E+008
  1.5232004431E+006  2.1790359370E+008
  1.5249003060E+006  2.1780494041E+008
  1.5266004329E+006  2.1770884016E+008
  1.5283003294E+006  2.1760882101E+008
  1.5300004973E+006  2.1750465964E+008
  1.5317004286E+006  2.1741276968E+008
  1.5334003817E+006  2.1731691025E+008
  1.5351003531E+006  2.1721674391E+008
  1.5368003401E+006  2.1711682552E+008
  1.5385003484E+006  2.1701315981E+008
  1.5402003757E+006  2.1690490265E+008
  1.5419004180E+006  2.1681119663E+008
  1.5436004802E+006  2.1671628472E+008
  1.5453003136E+006  2.1661696026E+008
  1.5470004098E+006  2.1651481940E+008
  1.5487002807E+006  2.1640844624E+008
  1.5504004146E+006  2.1629718512E+008
  1.5521003166E+006  2.1620367513E+008
  1.5538004914E+006  2.1610720671E+008
  1.5555004299E+006  2.1600622849E+008
  1.5572003892E+006  2.1590109762E+008
  1.5589003669E+006  2.1579130980E+008
  1.5606003600E+006  2.1568045734E+008
  1.5623003727E+006  2.1558122371E+008
  1.5640004049E+006  2.1547728993E+008
  1.5657004510E+006  2.1537086869E+008
  1.5674002678E+006  2.1526378879E+008
  1.5691003526E+006  2.1515176044E+008
  1.5708004506E+006  2.1504269364E+008
  1.5725003227E+006  2.1493441517E+008
  1.5742004594E+006  2.1482082714E+008
  1.5759003620E+006  2.1472005534E+008
  1.5776002861E+006  2.1461822383E+008
  1.5793004745E+006  2.1451152246E+008
  1.5810004316E+006  2.1440053059E+008
  1.5827004088E+006  2.1428401386E+008
  1.5844003998E+006  2.1417605200E+008
  1.5861004086E+006  2.1408142938E+008
  1.5878004395E+006  2.1398192375E+008
  1.5895004824E+006  2.1387239419E+008
  1.5912002972E+006  2.1375624328E+008
  1.5929003794E+006  2.1363672133E+008
  1.5946004749E+006  2.1352213930E+008
  1.5963003436E+006  2.1340148205E+008
  1.5980004781E+006  2.1329631050E+008
  1.5997003795E+006  2.1320013064E+008
  1.6014003000E+006  2.1309786312E+008
  1.6031004869E+006  2.1297769201E+008
  1.6048004404E+006  2.1285123924E+008
  1.6065004156E+006  2.1273110427E+008
  1.6082004065E+006  2.1261467208E+008
  1.6099004120E+006  2.1249562349E+008
  1.6116004413E+006  2.1240905492E+008
  1.6133004827E+006  2.1231769310E+008
  1.6150002953E+006  2.1219814881E+008
  1.6167003767E+006  2.1206032396E+008
  1.6184004703E+006  2.1191951227E+008
  1.6201003362E+006  2.1178405943E+008
  1.6218004687E+006  2.1164067528E+008
  1.6235003681E+006  2.1155811981E+008
  1.6252002860E+006  2.1148009052E+008
  1.6269004708E+006  2.1139616799E+008
  1.6286004209E+006  2.1130662060E+008
  1.6303003915E+006  2.1120857921E+008
  1.6320003800E+006  2.1109324965E+008
  1.6337003811E+006  2.1097160264E+008
  1.6354004048E+006  2.1084850000E+008
  1.6371004415E+006  2.1071923534E+008
  1.6388004953E+006  2.1059085306E+008
  1.6405003219E+006  2.1046170535E+008
  1.6422004094E+006  2.1032932226E+008
  1.6439002661E+006  2.1020200468E+008
  1.6456003908E+006  2.1006755690E+008
  1.6473002811E+006  2.0994146295E+008
  1.6490004385E+006  2.0980930888E+008
  1.6507003656E+006  2.0968071278E+008
  1.6524003059E+006  2.0955072374E+008
  1.6541002647E+006  2.0941975179E+008
  1.6558004920E+006  2.0929174606E+008
  1.6575004831E+006  2.0915857434E+008
  1.6592004954E+006  2.0903245801E+008
  1.6609002737E+006  2.0889912064E+008
  1.6626003157E+006  2.0877290857E+008
  1.6643003796E+006  2.0864131069E+008
  1.6660004583E+006  2.0851310823E+008
  1.6677003034E+006  2.0838316275E+008
  1.6694004179E+006  2.0825314256E+008
  1.6711002980E+006  2.0812470922E+008
  1.6728004436E+006  2.0799303868E+008
  1.6745003613E+006  2.0786600066E+008
  1.6762002925E+006  2.0773285714E+008
  1.6779004899E+006  2.0760708429E+008
  1.6796004582E+006  2.0747380082E+008
  1.6813004395E+006  2.0734802165E+008
  1.6830004412E+006  2.0721590955E+008
  1.6847004595E+006  2.0708883270E+008
  1.6864004908E+006  2.0695778105E+008
  1.6881002932E+006  2.0682957143E+008
  1.6898003620E+006  2.0669947233E+008
  1.6915004448E+006  2.0657023100E+008
  1.6932002984E+006  2.0644099730E+008
  1.6949004177E+006  2.0631087484E+008
  1.6966003009E+006  2.0618238502E+008
  1.6983004549E+006  2.0605150762E+008
  1.7000003751E+006  2.0592366004E+008
  1.7017003098E+006  2.0579216613E+008
  1.7034002648E+006  2.0566486809E+008
  1.7051004811E+006  2.0553290953E+008
  1.7068004670E+006  2.0540619346E+008
  1.7085004717E+006  2.0527391012E+008
  1.7102004893E+006  2.0514762275E+008
  1.7119002754E+006  2.0501506838E+008
  1.7136003291E+006  2.0488910264E+008
  1.7153003967E+006  2.0475632167E+008
  1.7170004818E+006  2.0463057947E+008
  1.7187003371E+006  2.0449769207E+008
  1.7204004529E+006  2.0437208052E+008
  1.7221003387E+006  2.0423914796E+008
  1.7238004920E+006  2.0411357415E+008
  1.7255004089E+006  2.0398067502E+008
  1.7272003473E+006  2.0385506864E+008
  1.7289002990E+006  2.0372227791E+008
  1.7306002661E+006  2.0359653373E+008
  1.7323002542E+006  2.0346392537E+008
  1.7340002559E+006  2.0333795631E+008
  1.7357002737E+006  2.0320560259E+008
  1.7374003102E+006  2.0307932324E+008
  1.7391003615E+006  2.0294729340E+008
  1.7408004282E+006  2.0282061867E+008
  1.7425002666E+006  2.0268899884E+008
  1.7442003682E+006  2.0256184467E+008
  1.7459004850E+006  2.0243066497E+008
  1.7476003732E+006  2.0230296532E+008
  1.7493002731E+006  2.0217232603E+008
  1.7510004423E+006  2.0204396217E+008
  1.7527003794E+006  2.0191391361E+008
  1.7544003281E+006  2.0178490441E+008
  1.7561002978E+006  2.0165557748E+008
  1.7578002829E+006  2.0152583401E+008
  1.7595002828E+006  2.0139722653E+008
  1.7612003017E+006  2.0126665343E+008
  1.7629003364E+006  2.0113879915E+008
  1.7646003846E+006  2.0100731830E+008
  1.7663004519E+006  2.0088025703E+008
  1.7680002869E+006  2.0074781249E+008
  1.7697003839E+006  2.0062158495E+008
  1.7714002518E+006  2.0048869659E+008
  1.7731003821E+006  2.0036273266E+008
  1.7748002785E+006  2.0023079345E+008
  1.7765004455E+006  2.0010367024E+008
  1.7782003739E+006  1.9997271702E+008
  1.7799003200E+006  1.9984438596E+008
  1.7816002839E+006  1.9971445272E+008
  1.7833002603E+006  1.9958482576E+008
  1.7850002551E+006  1.9945595868E+008
  1.7867002670E+006  1.9932501887E+008
  1.7884002922E+006  1.9919730371E+008
  1.7901003337E+006  1.9906498026E+008
  1.7918003937E+006  1.9893841316E+008
  1.7935004669E+006  1.9880562026E+008
  1.7952003089E+006  1.9867924699E+008
  1.7969004171E+006  1.9854767037E+008
  1.7986002872E+006  1.9841976658E+008
  1.8003004278E+006  1.9828948243E+008
  1.8020003337E+006  1.9816003901E+008
  1.8037002534E+006  1.9803119241E+008
  1.8054004430E+006  1.9790044160E+008
  1.8071003957E+006  1.9777328946E+008
  1.8088003644E+006  1.9764137485E+008
  1.8105003525E+006  1.9751583025E+008
  1.8122003547E+006  1.9738440882E+008
  1.8139003716E+006  1.9725868442E+008
  1.8156004067E+006  1.9712884459E+008
  1.8173004560E+006  1.9700177448E+008
  1.8190002716E+006  1.9687346842E+008
  1.8207003560E+006  1.9674509248E+008
  1.8224004522E+006  1.9661832761E+008
  1.8241003162E+006  1.9648859724E+008
  1.8258004483E+006  1.9636338282E+008
  1.8275003420E+006  1.9623240676E+008
  1.8292002556E+006  1.9610882288E+008
  1.8309004346E+006  1.9597942180E+008
  1.8326003757E+006  1.9585475581E+008
  1.8343003362E+006  1.9572700536E+008
  1.8360003130E+006  1.9560118273E+008
  1.8377003033E+006  1.9547503456E+008
  1.8394003117E+006  1.9534806061E+008
  1.8411003350E+006  1.9522352401E+008
  1.8428003723E+006  1.9509544352E+008
  1.8445004285E+006  1.9497249943E+008
  1.8462002498E+006  1.9484368321E+008
  1.8479003340E+006  1.9472207952E+008
  1.8496004374E+006  1.9459480445E+008
  1.8513003043E+006  1.9447222238E+008
  1.8530004353E+006  1.9434642309E+008
  1.8547003375E+006  1.9422285013E+008
  1.8564002511E+006  1.9409856147E+008
  1.8581004288E+006  1.9397408462E+008
  1.8598003764E+006  1.9385137287E+008
  1.8615003359E+006  1.9372612908E+008
  1.8632003125E+006  1.9360484492E+008
  1.8649003063E+006  1.9347877535E+008
  1.8666003118E+006  1.9335898030E+008
  1.8683003351E+006  1.9323306043E+008
  1.8700003748E+006  1.9311384599E+008
  1.8717004280E+006  1.9298945142E+008
  1.8734002495E+006  1.9286959232E+008
  1.8751003359E+006  1.9274642500E+008
  1.8768004344E+006  1.9262583952E+008
  1.8785003021E+006  1.9250386562E+008
  1.8802004363E+006  1.9238260507E+008
  1.8819003322E+006  1.9226180803E+008
  1.8836004967E+006  1.9213983492E+008
  1.8853004268E+006  1.9202002292E+008
  1.8870003693E+006  1.9189726590E+008
  1.8887003328E+006  1.9177836293E+008
  1.8904003086E+006  1.9165484234E+008
  1.8921002991E+006  1.9153688734E+008
  1.8938003079E+006  1.9141259455E+008
  1.8955003291E+006  1.9129559409E+008
  1.8972003676E+006  1.9117223652E+008
  1.8989004232E+006  1.9105471182E+008
  1.9006004919E+006  1.9093240894E+008
  1.9023003261E+006  1.9081440219E+008
  1.9040004279E+006  1.9069314648E+008
  1.9057002939E+006  1.9057471183E+008
  1.9074004236E+006  1.9045447657E+008
  1.9091003231E+006  1.9033568593E+008
  1.9108004820E+006  1.9021643706E+008
  1.9125004089E+006  1.9009736092E+008
  1.9142003539E+006  1.8997907483E+008
  1.9159003090E+006  1.8985978128E+008
  1.9176002835E+006  1.8974239609E+008
  1.9193002719E+006  1.8962294849E+008
  1.9210002727E+006  1.8950641713E+008
  1.9227002924E+006  1.8938687577E+008
  1.9244003261E+006  1.8927114871E+008
  1.9261003731E+006  1.8915157084E+008
  1.9278004365E+006  1.8903659886E+008
  1.9295002655E+006  1.8891705920E+008
  1.9312003574E+006  1.8880279249E+008
  1.9329004677E+006  1.8868331818E+008
  1.9346003427E+006  1.8856972849E+008
  1.9363004788E+006  1.8845039086E+008
  1.9380003853E+006  1.8833739489E+008
  1.9397003045E+006  1.8821825956E+008
  1.9414004873E+006  1.8810578669E+008
  1.9431004399E+006  1.8798689742E+008
  1.9448004037E+006  1.8787494370E+008
  1.9465003825E+006  1.8775636094E+008
  1.9482003804E+006  1.8764482990E+008
  1.9499003905E+006  1.8752659289E+008
  1.9516004164E+006  1.8741543753E+008
  1.9533004591E+006  1.8729762593E+008
  1.9550002641E+006  1.8718681238E+008
  1.9567003362E+006  1.8706945312E+008
  1.9584004249E+006  1.8695887393E+008
  1.9601002764E+006  1.8684206260E+008
  1.9618003942E+006  1.8673170138E+008
  1.9635002782E+006  1.8661545355E+008
  1.9652004239E+006  1.8650522528E+008
  1.9669003374E+006  1.8638961724E+008
  1.9686002675E+006  1.8627951007E+008
  1.9703004577E+006  1.8616455492E+008
  1.9720004154E+006  1.8605446766E+008
  1.9737003901E+006  1.8594028488E+008
  1.9754003757E+006  1.8583018232E+008
  1.9771003809E+006  1.8571676914E+008
  1.9788003989E+006  1.8560658731E+008
  1.9805004290E+006  1.8549404109E+008
  1.9822004789E+006  1.8538371070E+008
  1.9839002911E+006  1.8527206528E+008
  1.9856003677E+006  1.8516156157E+008
  1.9873004614E+006  1.8505086166E+008
  1.9890003178E+006  1.8494009680E+008
  1.9907004388E+006  1.8483042535E+008
  1.9924003274E+006  1.8471936452E+008
  1.9941004793E+006  1.8461073152E+008
  1.9958003946E+006  1.8449932137E+008
  1.9975003274E+006  1.8439183997E+008
  1.9992002725E+006  1.8427998351E+008
  2.0009004816E+006  1.8417367349E+008
  2.0026004602E+006  1.8406135712E+008
  2.0043004484E+006  1.8395626543E+008
  2.0060004525E+006  1.8384485338E+008
  2.0077004742E+006  1.8373964014E+008
  2.0094002572E+006  1.8362953558E+008
  2.0111003066E+006  1.8352377546E+008
  2.0128003722E+006  1.8341503997E+008
  2.0145004486E+006  1.8330863101E+008
  2.0162002926E+006  1.8320136790E+008
  2.0179004019E+006  1.8309427129E+008
  2.0196002739E+006  1.8298848897E+008
  2.0213004132E+006  1.8288067103E+008
  2.0230003167E+006  1.8277641445E+008
  2.0247004823E+006  1.8266780913E+008
  2.0264004162E+006  1.8256516873E+008
  2.0281003645E+006  1.8245655760E+008
  2.0298003256E+006  1.8235473491E+008
  2.0315003034E+006  1.8224779285E+008
  2.0332002963E+006  1.8214508751E+008
  2.0349003009E+006  1.8203989214E+008
  2.0366003238E+006  1.8193622321E+008
  2.0383003615E+006  1.8183283485E+008
  2.0400004098E+006  1.8172816550E+008
  2.0417004774E+006  1.8162661455E+008
  2.0434003071E+006  1.8152090995E+008
  2.0451004006E+006  1.8142124024E+008
  2.0468002638E+006  1.8131601065E+008
  2.0485003865E+006  1.8121670826E+008
  2.0502002749E+006  1.8111342885E+008
  2.0519004300E+006  1.8101300183E+008
  2.0536003475E+006  1.8091170756E+008
  2.0553002802E+006  1.8081010948E+008
  2.0570004782E+006  1.8071084533E+008
  2.0587004384E+006  1.8060798764E+008
  2.0604004134E+006  1.8051086174E+008
  2.0621004055E+006  1.8040847192E+008
  2.0638004094E+006  1.8031170940E+008
  2.0655004283E+006  1.8021145994E+008
  2.0672004636E+006  1.8011336060E+008
  2.0689002599E+006  1.8001530841E+008
  2.0706003221E+006  1.7991580327E+008
  2.0723004011E+006  1.7981998725E+008
  2.0740004904E+006  1.7971917901E+008
  2.0757003456E+006  1.7962549844E+008
  2.0774004669E+006  1.7952698461E+008
  2.0791003492E+006  1.7943179058E+008
  2.0808004991E+006  1.7933559505E+008
  2.0825004138E+006  1.7923882980E+008
  2.0842003389E+006  1.7914500643E+008
  2.0859002830E+006  1.7904659450E+008
  2.0876004893E+006  1.7895516050E+008
  2.0893004594E+006  1.7885896393E+008
  2.0910004476E+006  1.7876605315E+008
  2.0927004478E+006  1.7867229857E+008
  2.0944004614E+006  1.7857763291E+008
  2.0961004916E+006  1.7848634080E+008
  2.0978002864E+006  1.7839038169E+008
  2.0995003434E+006  1.7830106837E+008
  2.1012004169E+006  1.7820761192E+008
  2.1029002542E+006  1.7811642333E+008
  2.1046003535E+006  1.7802548705E+008
  2.1063004717E+006  1.7793234968E+008
  2.1080003526E+006  1.7784396038E+008
  2.1097004959E+006  1.7775113119E+008
  2.1114004074E+006  1.7766299022E+008
  2.1131003304E+006  1.7757274100E+008
  2.1148002670E+006  1.7748253865E+008
  2.1165004715E+006  1.7739483959E+008
  2.1182004374E+006  1.7730279942E+008
  2.1199004169E+006  1.7721741798E+008
  2.1216004140E+006  1.7712799070E+008
  2.1233004215E+006  1.7704041243E+008
  2.1250004458E+006  1.7695357707E+008
  2.1267004852E+006  1.7686376849E+008
  2.1284002849E+006  1.7677953102E+008
  2.1301003511E+006  1.7669114135E+008
  2.1318004319E+006  1.7660578460E+008
  2.1335002753E+006  1.7652002532E+008
  2.1352003836E+006  1.7643230660E+008
  2.1369002572E+006  1.7634914382E+008
  2.1386003919E+006  1.7626185972E+008
  2.1403002921E+006  1.7617845955E+008
  2.1420004583E+006  1.7609379810E+008
  2.1437003849E+006  1.7600791814E+008
  2.1454003274E+006  1.7592586595E+008
  2.1471002848E+006  1.7583990537E+008
  2.1488002524E+006  1.7575801068E+008
  2.1505004874E+006  1.7567465420E+008
  2.1522004872E+006  1.7559017248E+008
  2.1539004971E+006  1.7550941346E+008
  2.1556002738E+006  1.7542477536E+008
  2.1573003147E+006  1.7534413091E+008
  2.1590003664E+006  1.7526209858E+008
  2.1607004364E+006  1.7517874039E+008
  2.1624002691E+006  1.7509931338E+008
  2.1641003631E+006  1.7501607058E+008
  2.1658004754E+006  1.7493633866E+008
  2.1675003492E+006  1.7485569003E+008
  2.1692004871E+006  1.7477315827E+008
  2.1709003916E+006  1.7469507491E+008
  2.1726003074E+006  1.7461335696E+008
  2.1743004868E+006  1.7453417406E+008
  2.1760004329E+006  1.7445501643E+008
  2.1777003924E+006  1.7437295308E+008
  2.1794003645E+006  1.7429633221E+008
  2.1811003531E+006  1.7421609851E+008
  2.1828003536E+006  1.7413723592E+008
  2.1845003673E+006  1.7405956272E+008
  2.1862003986E+006  1.7397831721E+008
  2.1879004410E+006  1.7390255693E+008
  2.1896004966E+006  1.7382383582E+008
  2.1913003194E+006  1.7374503934E+008
  2.1930004034E+006  1.7366885581E+008
  2.1947002514E+006  1.7358925581E+008
  2.1964003669E+006  1.7351330210E+008
  2.1981004923E+006  1.7343618772E+008
  2.1998003816E+006  1.7335711982E+008
  2.2015002884E+006  1.7328250861E+008
  2.2032004545E+006  1.7320452233E+008
  2.2049003875E+006  1.7312814032E+008
  2.2066003349E+006  1.7305267243E+008
  2.2083002922E+006  1.7297380428E+008
  2.2100002661E+006  1.7290008327E+008
  2.2117002541E+006  1.7282373084E+008
  2.2134002534E+006  1.7274671491E+008
  2.2151002679E+006  1.7267286180E+008
  2.2168002966E+006  1.7259569583E+008
  2.2185003362E+006  1.7252115684E+008
  2.2202003919E+006  1.7244646738E+008
  2.2219004621E+006  1.7236858004E+008
  2.2236002936E+006  1.7229637613E+008
  2.2253003903E+006  1.7222097363E+008
  2.2270002508E+006  1.7214537218E+008
  2.2287003729E+006  1.7207242647E+008
  2.2304002613E+006  1.7199629580E+008
  2.2321004145E+006  1.7192289909E+008
  2.2338003275E+006  1.7184927439E+008
  2.2355002564E+006  1.7177241112E+008
  2.2372004505E+006  1.7170121747E+008
  2.2389004046E+006  1.7162686817E+008
  2.2406003763E+006  1.7155211007E+008
  2.2423003608E+006  1.7148026117E+008
  2.2440003560E+006  1.7140527547E+008
  2.2457003693E+006  1.7133253423E+008
  2.2474003949E+006  1.7126003499E+008
  2.2491004328E+006  1.7118446955E+008
  2.2508004877E+006  1.7111363732E+008
  2.2525003043E+006  1.7104060009E+008
  2.2542003825E+006  1.7096608215E+008
  2.2559004783E+006  1.7089550861E+008
  2.2576003358E+006  1.7082187932E+008
  2.2593004561E+006  1.7074918284E+008
  2.2610003425E+006  1.7067809009E+008
  2.2627004895E+006  1.7060388603E+008
  2.2644004015E+006  1.7053300436E+008
  2.2661003286E+006  1.7046135625E+008
  2.2678002674E+006  1.7038673178E+008
  2.2695004688E+006  1.7031748968E+008
  2.2712004360E+006  1.7024538166E+008
  2.2729004155E+006  1.7017226706E+008
  2.2746004074E+006  1.7010268131E+008
  2.2763004161E+006  1.7003015938E+008
  2.2780004356E+006  1.6995857512E+008
  2.2797004674E+006  1.6988862006E+008
  2.2814002660E+006  1.6981567086E+008
  2.2831003254E+006  1.6974563161E+008
  2.2848003984E+006  1.6967526403E+008
  2.2865004877E+006  1.6960196165E+008
  2.2882003368E+006  1.6953337549E+008
  2.2899004492E+006  1.6946262295E+008
  2.2916003296E+006  1.6938995758E+008
  2.2933004691E+006  1.6932180274E+008
  2.2950003726E+006  1.6925079809E+008
  2.2967002924E+006  1.6917942347E+008
  2.2984004710E+006  1.6911099276E+008
  2.3001004161E+006  1.6903972595E+008
  2.3018003759E+006  1.6896958476E+008
  2.3035003459E+006  1.6890094820E+008
  2.3052003312E+006  1.6882942930E+008
  2.3069003305E+006  1.6876052196E+008
  2.3086003406E+006  1.6869163648E+008
  2.3103003664E+006  1.6861997851E+008
  2.3120004067E+006  1.6855217394E+008
  2.3137004569E+006  1.6848309069E+008
  2.3154002731E+006  1.6841136923E+008
  2.3171003529E+006  1.6834456043E+008
  2.3188004448E+006  1.6827539308E+008
  2.3205003019E+006  1.6820427207E+008
  2.3222004220E+006  1.6813774346E+008
  2.3239003036E+006  1.6806849620E+008
  2.3256004499E+006  1.6799828516E+008
  2.3273003616E+006  1.6793172604E+008
  2.3290002835E+006  1.6786240059E+008
  2.3307004708E+006  1.6779310870E+008
  2.3324004223E+006  1.6772648016E+008
  2.3341003833E+006  1.6765716248E+008
  2.3358003609E+006  1.6758869497E+008
  2.3375003524E+006  1.6752202945E+008
  2.3392003540E+006  1.6745280673E+008
  2.3409003714E+006  1.6738504136E+008
  2.3426004023E+006  1.6731844290E+008
  2.3443004433E+006  1.6724928945E+008
  2.3460002520E+006  1.6718218301E+008
  2.3477003233E+006  1.6711569194E+008
  2.3494004037E+006  1.6704662878E+008
  2.3511002517E+006  1.6698016546E+008
  2.3528003614E+006  1.6691376175E+008
  2.3545004826E+006  1.6684485267E+008
  2.3562003707E+006  1.6677894356E+008
  2.3579002695E+006  1.6671267046E+008
  2.3596004299E+006  1.6664399557E+008
  2.3613003563E+006  1.6657852983E+008
  2.3630002948E+006  1.6651245239E+008
  2.3647004951E+006  1.6644400726E+008
  2.3664004616E+006  1.6637892105E+008
