   0.000000000E+00  -5.584663229E+49   1.469243263E+49   9.581675604E+42  -4.115419008E+49   0.000000000E+00
   1.700031215E+03  -2.207555111E+49   4.623461083E+49   6.370271152E+48   3.052933087E+49   7.168352094E+49
   3.400049054E+03  -2.207499751E+49   4.629790421E+49   6.571344145E+48   3.079425085E+49   7.194844092E+49
   5.100014142E+03  -2.207372220E+49   4.582690864E+49   7.130777273E+48   3.088396371E+49   7.203815379E+49
   6.800036347E+03  -2.207358658E+49   4.508638138E+49   7.871142395E+48   3.088393719E+49   7.203812727E+49
   8.500007373E+03  -2.207317436E+49   4.440146079E+49   8.587884076E+48   3.091617050E+49   7.207036058E+49
   1.020003112E+04  -2.207292514E+49   4.387974058E+49   9.169313312E+48   3.097612875E+49   7.213031883E+49
   1.190000242E+04  -2.207283581E+49   4.339600464E+49   9.696357296E+48   3.101952613E+49   7.217371620E+49
   1.360002777E+04  -2.207246379E+49   4.305276167E+49   1.007111446E+49   3.105141234E+49   7.220560242E+49
   1.530000089E+04  -2.207256236E+49   4.344998073E+49   9.691583570E+48   3.106900194E+49   7.222319202E+49
   1.700002748E+04  -2.207211852E+49   4.351931204E+49   9.630107660E+48   3.107730118E+49   7.223149126E+49
   1.870000146E+04  -2.207231659E+49   4.347632407E+49   9.684361481E+48   3.108836896E+49   7.224255904E+49
   2.040002864E+04  -2.207185598E+49   4.343166204E+49   9.733009472E+48   3.109281553E+49   7.224700561E+49
   2.210000284E+04  -2.207207574E+49   4.338908175E+49   9.774618796E+48   3.109162481E+49   7.224581489E+49
   2.380002958E+04  -2.207167810E+49   4.335884326E+49   9.802832080E+48   3.108999725E+49   7.224418732E+49
   2.550000281E+04  -2.207183474E+49   4.334049575E+49   9.820563732E+48   3.108922475E+49   7.224341482E+49
   2.720002845E+04  -2.207154487E+49   4.332985409E+49   9.831659345E+48   3.108996857E+49   7.224415864E+49
   2.890000071E+04  -2.207160902E+49   4.332503895E+49   9.838766984E+48   3.109219691E+49   7.224638699E+49
   3.060002555E+04  -2.207141995E+49   4.333163920E+49   9.841852561E+48   3.110207181E+49   7.225626189E+49
   3.230005012E+04  -2.207141542E+49   4.333630604E+49   9.840955608E+48   3.110584624E+49   7.226003631E+49
   3.400002149E+04  -2.207129341E+49   4.333903159E+49   9.833834904E+48   3.110157309E+49   7.225576316E+49
   3.570004561E+04  -2.207123341E+49   4.335468039E+49   9.819771743E+48   3.110321873E+49   7.225740880E+49
   3.740001657E+04  -2.207116318E+49   4.337733770E+49   9.800997017E+48   3.110717154E+49   7.226136162E+49
   3.910004029E+04  -2.207106921E+49   4.339801078E+49   9.780446666E+48   3.110738824E+49   7.226157831E+49
   4.080001085E+04  -2.207102936E+49   4.341286569E+49   9.760901950E+48   3.110273828E+49   7.225692836E+49
   4.250003412E+04  -2.207091975E+49   4.342308609E+49   9.744042118E+48   3.109620846E+49   7.225039854E+49
   4.420000419E+04  -2.207089303E+49   4.343319096E+49   9.730031818E+48   3.109232975E+49   7.224651982E+49
   4.590002695E+04  -2.207078151E+49   4.344518928E+49   9.718391247E+48   3.109279902E+49   7.224698910E+49
   4.760004945E+04  -2.207075436E+49   4.345854188E+49   9.708747682E+48   3.109653520E+49   7.225072528E+49
   4.930001875E+04  -2.207064990E+49   4.347160225E+49   9.701089362E+48   3.110204172E+49   7.225623179E+49
   5.100004078E+04  -2.207061544E+49   4.348339576E+49   9.695529891E+48   3.110831022E+49   7.226250029E+49
   5.270000962E+04  -2.207052008E+49   4.349280175E+49   9.692160285E+48   3.111444195E+49   7.226863203E+49
   5.440003121E+04  -2.207047317E+49   4.349957395E+49   9.690703770E+48   3.111980456E+49   7.227399463E+49
   5.610005261E+04  -2.207038559E+49   4.350350344E+49   9.691051032E+48   3.112416888E+49   7.227835896E+49
   5.780002088E+04  -2.207032533E+49   4.350454428E+49   9.693321508E+48   3.112754046E+49   7.228173054E+49
   5.950004194E+04  -2.207024451E+49   4.350293742E+49   9.697374601E+48   3.113006751E+49   7.228425759E+49
   6.120000989E+04  -2.207016952E+49   4.349916531E+49   9.702950195E+48   3.113194599E+49   7.228613607E+49
   6.290003060E+04  -2.207009266E+49   4.349354222E+49   9.709870013E+48   3.113331957E+49   7.228750965E+49
   6.460005112E+04  -2.207000508E+49   4.348643439E+49   9.717908953E+48   3.113433827E+49   7.228852835E+49
   6.630001846E+04  -2.206992839E+49   4.347817251E+49   9.726897746E+48   3.113514187E+49   7.228933194E+49
   6.800003846E+04  -2.206982876E+49   4.346883470E+49   9.736830151E+48   3.113583609E+49   7.229002617E+49
   6.970000519E+04  -2.206975093E+49   4.345848882E+49   9.747745470E+48   3.113648336E+49   7.229067344E+49
   7.140002454E+04  -2.206964149E+49   4.344707376E+49   9.759605687E+48   3.113703795E+49   7.229122803E+49
   7.310004357E+04  -2.206955918E+49   4.343469507E+49   9.772281892E+48   3.113741779E+49   7.229160787E+49
   7.480000931E+04  -2.206944453E+49   4.342144551E+49   9.785593168E+48   3.113759415E+49   7.229178423E+49
   7.650002767E+04  -2.206935574E+49   4.340762577E+49   9.799395158E+48   3.113766519E+49   7.229185527E+49
   7.820004570E+04  -2.206924033E+49   4.339334662E+49   9.813599576E+48   3.113770587E+49   7.229189595E+49
   7.990001046E+04  -2.206914461E+49   4.337869895E+49   9.828075450E+48   3.113762979E+49   7.229181987E+49
   8.160002783E+04  -2.206903400E+49   4.336379678E+49   9.842560632E+48   3.113732341E+49   7.229151349E+49
   8.330004487E+04  -2.206893190E+49   4.334920610E+49   9.856656735E+48   3.113693094E+49   7.229112101E+49
   8.500000863E+04  -2.206882816E+49   4.333538391E+49   9.870044241E+48   3.113659999E+49   7.229079007E+49
   8.670002501E+04  -2.206871959E+49   4.332210538E+49   9.882775911E+48   3.113616170E+49   7.229035177E+49
   8.840004106E+04  -2.206862372E+49   4.330908447E+49   9.895125213E+48   3.113558596E+49   7.228977604E+49
   9.010000382E+04  -2.206851180E+49   4.329641111E+49   9.907214680E+48   3.113511399E+49   7.228930407E+49
   9.180001921E+04  -2.206842364E+49   4.328394506E+49   9.919120687E+48   3.113464211E+49   7.228883219E+49
   9.350003426E+04  -2.206831068E+49   4.327153581E+49   9.930874770E+48   3.113409990E+49   7.228828997E+49
   9.520004898E+04  -2.206822697E+49   4.325966030E+49   9.942361402E+48   3.113379473E+49   7.228798481E+49
   9.690001042E+04  -2.206811607E+49   4.324802070E+49   9.953653219E+48   3.113355784E+49   7.228774792E+49
   9.860002448E+04  -2.206803438E+49   4.323658735E+49   9.964836891E+48   3.113338986E+49   7.228757994E+49
   1.003000382E+05  -2.206792801E+49   4.322558458E+49   9.975868418E+48   3.113352498E+49   7.228771506E+49
   1.020000516E+05  -2.206784620E+49   4.321460288E+49   9.986903684E+48   3.113366036E+49   7.228785044E+49
   1.037000117E+05  -2.206774683E+49   4.320388707E+49   9.997881401E+48   3.113402164E+49   7.228821172E+49
   1.054000244E+05  -2.206766132E+49   4.319337149E+49   1.000880894E+49   3.113451911E+49   7.228870919E+49
   1.071000368E+05  -2.206757005E+49   4.318291272E+49   1.001970077E+49   3.113504344E+49   7.228923352E+49
   1.088000489E+05  -2.206748154E+49   4.317287311E+49   1.003041067E+49   3.113580223E+49   7.228999231E+49
   1.105000077E+05  -2.206739853E+49   4.316284178E+49   1.004102663E+49   3.113646988E+49   7.229065996E+49
   1.122000190E+05  -2.206730506E+49   4.315325688E+49   1.005139111E+49   3.113734294E+49   7.229153301E+49
   1.139000301E+05  -2.206722929E+49   4.314370571E+49   1.006163995E+49   3.113811637E+49   7.229230645E+49
   1.156000408E+05  -2.206713379E+49   4.313445343E+49   1.007169379E+49   3.113901342E+49   7.229320350E+49
   1.173000512E+05  -2.206706267E+49   4.312522638E+49   1.008168599E+49   3.113984970E+49   7.229403978E+49
   1.190000083E+05  -2.206696641E+49   4.311608946E+49   1.009160546E+49   3.114072852E+49   7.229491860E+49
   1.207000180E+05  -2.206689806E+49   4.310693382E+49   1.010154517E+49   3.114158093E+49   7.229577100E+49
   1.224000274E+05  -2.206680328E+49   4.309769834E+49   1.011152346E+49   3.114241852E+49   7.229660860E+49
   1.241000365E+05  -2.206673489E+49   4.308838626E+49   1.012159243E+49   3.114324380E+49   7.229743388E+49
   1.258000452E+05  -2.206664354E+49   4.307889993E+49   1.013177236E+49   3.114402875E+49   7.229821882E+49
   1.275000006E+05  -2.206657245E+49   4.306926565E+49   1.014209683E+49   3.114479003E+49   7.229898011E+49
   1.292000087E+05  -2.206648771E+49   4.305943728E+49   1.015256116E+49   3.114551073E+49   7.229970081E+49
   1.309000164E+05  -2.206641231E+49   4.304938459E+49   1.016320114E+49   3.114617341E+49   7.230036349E+49
   1.326000237E+05  -2.206633347E+49   4.303920495E+49   1.017395229E+49   3.114682377E+49   7.230101385E+49
   1.343000308E+05  -2.206625403E+49   4.302876149E+49   1.018486650E+49   3.114737397E+49   7.230156404E+49
   1.360000375E+05  -2.206618105E+49   4.301833951E+49   1.019580458E+49   3.114796305E+49   7.230215313E+49
   1.377000438E+05  -2.206609777E+49   4.300765092E+49   1.020684804E+49   3.114840119E+49   7.230259127E+49
   1.394000498E+05  -2.206602993E+49   4.299714631E+49   1.021780520E+49   3.114892158E+49   7.230311165E+49
   1.411000026E+05  -2.206594322E+49   4.298639697E+49   1.022879306E+49   3.114924680E+49   7.230343688E+49
   1.428000079E+05  -2.206588007E+49   4.297590844E+49   1.023962833E+49   3.114965670E+49   7.230384678E+49
   1.445000129E+05  -2.206579183E+49   4.296525120E+49   1.025042310E+49   3.114988247E+49   7.230407254E+49
   1.462000176E+05  -2.206573014E+49   4.295479067E+49   1.026107718E+49   3.115013771E+49   7.230432779E+49
   1.479000219E+05  -2.206564280E+49   4.294431720E+49   1.027162511E+49   3.115029951E+49   7.230448959E+49
   1.496000259E+05  -2.206558069E+49   4.293385099E+49   1.028211347E+49   3.115038377E+49   7.230457385E+49
   1.513000296E+05  -2.206549597E+49   4.292353901E+49   1.029245419E+49   3.115049723E+49   7.230468731E+49
   1.530000329E+05  -2.206543176E+49   4.291306320E+49   1.030281025E+49   3.115044170E+49   7.230463177E+49
   1.547000359E+05  -2.206535111E+49   4.290277935E+49   1.031304369E+49   3.115047193E+49   7.230466201E+49
   1.564000385E+05  -2.206528352E+49   4.289235512E+49   1.032328927E+49   3.115036087E+49   7.230455094E+49
   1.581000408E+05  -2.206520796E+49   4.288195895E+49   1.033351177E+49   3.115026277E+49   7.230445284E+49
   1.598000428E+05  -2.206513630E+49   4.287163853E+49   1.034367596E+49   3.115017819E+49   7.230436827E+49
   1.615000444E+05  -2.206506603E+49   4.286114205E+49   1.035390759E+49   3.114998361E+49   7.230417368E+49
   1.632000456E+05  -2.206499039E+49   4.285084409E+49   1.036406299E+49   3.114991669E+49   7.230410677E+49
   1.649000465E+05  -2.206492484E+49   4.284040076E+49   1.037429539E+49   3.114977132E+49   7.230396140E+49
   1.666000470E+05  -2.206484599E+49   4.282987801E+49   1.038466006E+49   3.114969208E+49   7.230388215E+49
   1.683000472E+05  -2.206478397E+49   4.281930485E+49   1.039520636E+49   3.114972724E+49   7.230391732E+49
   1.700000470E+05  -2.206470322E+49   4.280827562E+49   1.040616020E+49   3.114973261E+49   7.230392269E+49
   1.717000465E+05  -2.206464318E+49   4.279707794E+49   1.041748914E+49   3.114992390E+49   7.230411398E+49
   1.734000456E+05  -2.206456204E+49   4.278545466E+49   1.042925906E+49   3.115015168E+49   7.230434176E+49
   1.751000444E+05  -2.206450235E+49   4.277352504E+49   1.044140862E+49   3.115043132E+49   7.230462139E+49
   1.768000427E+05  -2.206442228E+49   4.276154274E+49   1.045373211E+49   3.115085257E+49   7.230504264E+49
   1.785000408E+05  -2.206436149E+49   4.274941487E+49   1.046614601E+49   3.115119940E+49   7.230538947E+49
   1.802000385E+05  -2.206428371E+49   4.273745473E+49   1.047841565E+49   3.115158668E+49   7.230577676E+49
   1.819000358E+05  -2.206422072E+49   4.272573411E+49   1.049047903E+49   3.115199242E+49   7.230618250E+49
   1.836000328E+05  -2.206414601E+49   4.271414302E+49   1.050232071E+49   3.115231773E+49   7.230650780E+49
   1.853000295E+05  -2.206408021E+49   4.270299841E+49   1.051379206E+49   3.115271026E+49   7.230690033E+49
   1.870000258E+05  -2.206400887E+49   4.269209063E+49   1.052496783E+49   3.115304959E+49   7.230723967E+49
   1.887000218E+05  -2.206394011E+49   4.268153086E+49   1.053579049E+49   3.115338124E+49   7.230757132E+49
   1.904000174E+05  -2.206387199E+49   4.267143051E+49   1.054620260E+49   3.115376112E+49   7.230795120E+49
   1.921000127E+05  -2.206380057E+49   4.266156337E+49   1.055630025E+49   3.115406305E+49   7.230825313E+49
   1.938000076E+05  -2.206373515E+49   4.265218321E+49   1.056597177E+49   3.115441983E+49   7.230860991E+49
   1.955000022E+05  -2.206366165E+49   4.264315040E+49   1.057526608E+49   3.115475483E+49   7.230894491E+49
   1.972000494E+05  -2.206359780E+49   4.263445836E+49   1.058419263E+49   3.115505319E+49   7.230924327E+49
   1.989000433E+05  -2.206352364E+49   4.262628333E+49   1.059264952E+49   3.115540921E+49   7.230959929E+49
   2.006000369E+05  -2.206346070E+49   4.261841749E+49   1.060073564E+49   3.115569243E+49   7.230988250E+49
   2.023000301E+05  -2.206338582E+49   4.261104781E+49   1.060835367E+49   3.115601567E+49   7.231020574E+49
   2.040000230E+05  -2.206332329E+49   4.260413631E+49   1.061552469E+49   3.115633772E+49   7.231052780E+49
   2.057000156E+05  -2.206324852E+49   4.259756897E+49   1.062230415E+49   3.115662459E+49   7.231081467E+49
   2.074000078E+05  -2.206318553E+49   4.259156149E+49   1.062860703E+49   3.115698299E+49   7.231117306E+49
   2.091000526E+05  -2.206311144E+49   4.258582505E+49   1.063457422E+49   3.115728782E+49   7.231147790E+49
   2.108000442E+05  -2.206304771E+49   4.258054928E+49   1.064014986E+49   3.115765143E+49   7.231184151E+49
   2.125000354E+05  -2.206297468E+49   4.257559519E+49   1.064539983E+49   3.115802034E+49   7.231221042E+49
   2.142000263E+05  -2.206290948E+49   4.257089176E+49   1.065039827E+49   3.115838055E+49   7.231257063E+49
   2.159000168E+05  -2.206283803E+49   4.256655609E+49   1.065509021E+49   3.115880827E+49   7.231299835E+49
   2.176000070E+05  -2.206277103E+49   4.256232770E+49   1.065962955E+49   3.115918623E+49   7.231337630E+49
   2.193000498E+05  -2.206270095E+49   4.255839964E+49   1.066393343E+49   3.115963211E+49   7.231382219E+49
   2.210000394E+05  -2.206263275E+49   4.255457106E+49   1.066811045E+49   3.116004876E+49   7.231423884E+49
   2.227000285E+05  -2.206256401E+49   4.255088519E+49   1.067215877E+49   3.116047995E+49   7.231467002E+49
   2.244000174E+05  -2.206249399E+49   4.254736049E+49   1.067606737E+49   3.116093387E+49   7.231512395E+49
   2.261000059E+05  -2.206242671E+49   4.254383612E+49   1.067993654E+49   3.116134594E+49   7.231553602E+49
   2.278000470E+05  -2.206235537E+49   4.254050398E+49   1.068366501E+49   3.116181361E+49   7.231600369E+49
   2.295000348E+05  -2.206228869E+49   4.253712269E+49   1.068738779E+49   3.116222179E+49   7.231641186E+49
   2.312000223E+05  -2.206221632E+49   4.253388339E+49   1.069100614E+49   3.116267320E+49   7.231686328E+49
   2.329000095E+05  -2.206215040E+49   4.253063677E+49   1.069460224E+49   3.116308861E+49   7.231727868E+49
   2.346000493E+05  -2.206207726E+49   4.252742445E+49   1.069815856E+49   3.116350576E+49   7.231769584E+49
   2.363000357E+05  -2.206201140E+49   4.252428075E+49   1.070165952E+49   3.116392887E+49   7.231811895E+49
   2.380000218E+05  -2.206193784E+49   4.252106495E+49   1.070518283E+49   3.116430994E+49   7.231850002E+49
   2.397000076E+05  -2.206187185E+49   4.251796768E+49   1.070863281E+49   3.116472864E+49   7.231891872E+49
   2.414000460E+05  -2.206179816E+49   4.251474669E+49   1.071213622E+49   3.116508476E+49   7.231927484E+49
   2.431000311E+05  -2.206173169E+49   4.251163853E+49   1.071557535E+49   3.116548218E+49   7.231967226E+49
   2.448000159E+05  -2.206165820E+49   4.250842857E+49   1.071905739E+49   3.116582776E+49   7.232001784E+49
   2.465000003E+05  -2.206159077E+49   4.250528018E+49   1.072250458E+49   3.116619398E+49   7.232038406E+49
   2.482000373E+05  -2.206151770E+49   4.250209723E+49   1.072595710E+49   3.116653662E+49   7.232072670E+49
   2.499000210E+05  -2.206144938E+49   4.249890656E+49   1.072941108E+49   3.116686826E+49   7.232105834E+49
   2.516000044E+05  -2.206137695E+49   4.249575505E+49   1.073282795E+49   3.116720605E+49   7.232139613E+49
   2.533000404E+05  -2.206130738E+49   4.249253596E+49   1.073627544E+49   3.116750402E+49   7.232169410E+49
   2.550000231E+05  -2.206123544E+49   4.248941004E+49   1.073965707E+49   3.116783167E+49   7.232202175E+49
   2.567000054E+05  -2.206116449E+49   4.248618597E+49   1.074308356E+49   3.116810504E+49   7.232229512E+49
   2.584000404E+05  -2.206109333E+49   4.248307220E+49   1.074643576E+49   3.116841463E+49   7.232260471E+49
   2.601000220E+05  -2.206102125E+49   4.247986669E+49   1.074982620E+49   3.116867163E+49   7.232286171E+49
   2.618000033E+05  -2.206095084E+49   4.247676052E+49   1.075314723E+49   3.116895691E+49   7.232314698E+49
   2.635000372E+05  -2.206087741E+49   4.247359648E+49   1.075648389E+49   3.116920296E+49   7.232339303E+49
   2.652000177E+05  -2.206080742E+49   4.247050429E+49   1.075976568E+49   3.116946255E+49   7.232365263E+49
   2.669000509E+05  -2.206073299E+49   4.246739776E+49   1.076303517E+49   3.116969995E+49   7.232389003E+49
   2.686000308E+05  -2.206066330E+49   4.246432181E+49   1.076627316E+49   3.116993167E+49   7.232412175E+49
   2.703000104E+05  -2.206058788E+49   4.246126796E+49   1.076947873E+49   3.117015881E+49   7.232434889E+49
   2.720000425E+05  -2.206051851E+49   4.245820177E+49   1.077268060E+49   3.117036385E+49   7.232455393E+49
   2.737000213E+05  -2.206044245E+49   4.245518668E+49   1.077583622E+49   3.117058045E+49   7.232477053E+49
   2.754000528E+05  -2.206037306E+49   4.245212855E+49   1.077900899E+49   3.117076449E+49   7.232495456E+49
   2.771000309E+05  -2.206029657E+49   4.244914502E+49   1.078212314E+49   3.117097158E+49   7.232516166E+49
   2.788000087E+05  -2.206022695E+49   4.244610138E+49   1.078526424E+49   3.117113867E+49   7.232532875E+49
   2.805000391E+05  -2.206015026E+49   4.244314802E+49   1.078833708E+49   3.117133483E+49   7.232552491E+49
   2.822000161E+05  -2.206008023E+49   4.244012690E+49   1.079144048E+49   3.117148715E+49   7.232567723E+49
   2.839000458E+05  -2.206000359E+49   4.243720507E+49   1.079447000E+49   3.117167148E+49   7.232586155E+49
   2.856000222E+05  -2.205993298E+49   4.243421587E+49   1.079752981E+49   3.117181269E+49   7.232600277E+49
   2.873000512E+05  -2.205985659E+49   4.243133165E+49   1.080051157E+49   3.117198663E+49   7.232617671E+49
   2.890000269E+05  -2.205978527E+49   4.242838996E+49   1.080351562E+49   3.117212031E+49   7.232631039E+49
   2.907000022E+05  -2.205970952E+49   4.242556556E+49   1.080643075E+49   3.117228679E+49   7.232647687E+49
   2.924000301E+05  -2.205963717E+49   4.242270069E+49   1.080935193E+49   3.117241544E+49   7.232660552E+49
   2.941000047E+05  -2.205956201E+49   4.241996792E+49   1.081217017E+49   3.117257607E+49   7.232676615E+49
   2.958000319E+05  -2.205948876E+49   4.241720704E+49   1.081498162E+49   3.117269991E+49   7.232688999E+49
   2.975000058E+05  -2.205941427E+49   4.241458071E+49   1.081768743E+49   3.117285387E+49   7.232704395E+49
   2.992000324E+05  -2.205934009E+49   4.241192421E+49   1.082038820E+49   3.117297232E+49   7.232716240E+49
   3.009000056E+05  -2.205926632E+49   4.240939752E+49   1.082299027E+49   3.117312146E+49   7.232731154E+49
   3.026000314E+05  -2.205919126E+49   4.240683483E+49   1.082559340E+49   3.117323698E+49   7.232742705E+49
   3.043000039E+05  -2.205911821E+49   4.240440095E+49   1.082810252E+49   3.117338527E+49   7.232757534E+49
   3.060000290E+05  -2.205904233E+49   4.240192947E+49   1.083061384E+49   3.117350099E+49   7.232769107E+49
   3.077000008E+05  -2.205896994E+49   4.239958766E+49   1.083303274E+49   3.117365046E+49   7.232784054E+49
   3.094000252E+05  -2.205889335E+49   4.239720623E+49   1.083545470E+49   3.117376758E+49   7.232795766E+49
   3.111000492E+05  -2.205882137E+49   4.239495038E+49   1.083778923E+49   3.117391823E+49   7.232810831E+49
   3.128000199E+05  -2.205874439E+49   4.239265362E+49   1.084012797E+49   3.117403720E+49   7.232822728E+49
   3.145000433E+05  -2.205867293E+49   4.239047662E+49   1.084238650E+49   3.117419019E+49   7.232838027E+49
   3.162000133E+05  -2.205859549E+49   4.238827094E+49   1.084464095E+49   3.117431640E+49   7.232850647E+49
   3.179000359E+05  -2.205852440E+49   4.238618569E+49   1.084681379E+49   3.117447508E+49   7.232866516E+49
   3.196000052E+05  -2.205844670E+49   4.238410173E+49   1.084895825E+49   3.117461328E+49   7.232880336E+49
   3.213000271E+05  -2.205837581E+49   4.238213180E+49   1.085101920E+49   3.117477519E+49   7.232896527E+49
   3.230000487E+05  -2.205829804E+49   4.238019072E+49   1.085303065E+49   3.117492333E+49   7.232911341E+49
   3.247000169E+05  -2.205822718E+49   4.237833154E+49   1.085497975E+49   3.117508411E+49   7.232927419E+49
   3.264000378E+05  -2.205814948E+49   4.237651905E+49   1.085687433E+49   3.117524391E+49   7.232943398E+49
   3.281000053E+05  -2.205807852E+49   4.237474070E+49   1.085874213E+49   3.117540431E+49   7.232959439E+49
   3.298000255E+05  -2.205800109E+49   4.237302776E+49   1.086055230E+49   3.117557897E+49   7.232976905E+49
   3.315000452E+05  -2.205793000E+49   4.237130576E+49   1.086236442E+49   3.117574018E+49   7.232993026E+49
   3.332000117E+05  -2.205785289E+49   4.236966327E+49   1.086411695E+49   3.117592733E+49   7.233011741E+49
   3.349000308E+05  -2.205778142E+49   4.236798184E+49   1.086589130E+49   3.117609173E+49   7.233028181E+49
   3.366000495E+05  -2.205770467E+49   4.236637486E+49   1.086761743E+49   3.117628762E+49   7.233047770E+49
   3.383000149E+05  -2.205763287E+49   4.236472300E+49   1.086937019E+49   3.117646032E+49   7.233065040E+49
   3.400000329E+05  -2.205755678E+49   4.236312182E+49   1.087109475E+49   3.117665979E+49   7.233084987E+49
   3.417000506E+05  -2.205748460E+49   4.236151035E+49   1.087282209E+49   3.117684784E+49   7.233103792E+49
   3.434000149E+05  -2.205740905E+49   4.235992227E+49   1.087453371E+49   3.117704693E+49   7.233123701E+49
   3.451000318E+05  -2.205733621E+49   4.235838527E+49   1.087620473E+49   3.117725379E+49   7.233144387E+49
   3.468000484E+05  -2.205726122E+49   4.235683798E+49   1.087787211E+49   3.117744887E+49   7.233163895E+49
   3.485000117E+05  -2.205718791E+49   4.235537287E+49   1.087948115E+49   3.117766612E+49   7.233185619E+49
   3.502000275E+05  -2.205711377E+49   4.235386491E+49   1.088110750E+49   3.117785864E+49   7.233204872E+49
   3.519000430E+05  -2.205703997E+49   4.235241610E+49   1.088270024E+49   3.117807637E+49   7.233226645E+49
   3.536000052E+05  -2.205696644E+49   4.235093047E+49   1.088431308E+49   3.117827711E+49   7.233246719E+49
   3.553000200E+05  -2.205689190E+49   4.234944682E+49   1.088593316E+49   3.117848808E+49   7.233267815E+49
   3.570000345E+05  -2.205681896E+49   4.234796935E+49   1.088755320E+49   3.117870359E+49   7.233289367E+49
   3.587000485E+05  -2.205674419E+49   4.234643568E+49   1.088921375E+49   3.117890523E+49   7.233309531E+49
   3.604000093E+05  -2.205667181E+49   4.234494288E+49   1.089085903E+49   3.117913010E+49   7.233332018E+49
   3.621000227E+05  -2.205659638E+49   4.234338823E+49   1.089254051E+49   3.117933236E+49   7.233352244E+49
   3.638000357E+05  -2.205652453E+49   4.234187347E+49   1.089420585E+49   3.117955478E+49   7.233374486E+49
   3.655000483E+05  -2.205644891E+49   4.234035978E+49   1.089586002E+49   3.117977089E+49   7.233396097E+49
   3.672000077E+05  -2.205637753E+49   4.233884342E+49   1.089751381E+49   3.117997970E+49   7.233416978E+49
   3.689000196E+05  -2.205630136E+49   4.233737483E+49   1.089912996E+49   3.118020342E+49   7.233439350E+49
   3.706000312E+05  -2.205623041E+49   4.233585859E+49   1.090077379E+49   3.118040197E+49   7.233459205E+49
   3.723000424E+05  -2.205615412E+49   4.233434846E+49   1.090242102E+49   3.118061535E+49   7.233480543E+49
   3.740000003E+05  -2.205608350E+49   4.233279428E+49   1.090410839E+49   3.118081917E+49   7.233500925E+49
   3.757000108E+05  -2.205600686E+49   4.233115328E+49   1.090586709E+49   3.118101351E+49   7.233520358E+49
   3.774000209E+05  -2.205593652E+49   4.232949373E+49   1.090766786E+49   3.118122508E+49   7.233541516E+49
   3.791000307E+05  -2.205585982E+49   4.232771579E+49   1.090955926E+49   3.118141522E+49   7.233560530E+49
   3.808000401E+05  -2.205578960E+49   4.232590429E+49   1.091150426E+49   3.118161895E+49   7.233580903E+49
   3.825000491E+05  -2.205571288E+49   4.232403679E+49   1.091349678E+49   3.118182070E+49   7.233601077E+49
   3.842000049E+05  -2.205564278E+49   4.232209031E+49   1.091555921E+49   3.118200675E+49   7.233619682E+49
   3.859000132E+05  -2.205556600E+49   4.232012342E+49   1.091765166E+49   3.118220908E+49   7.233639915E+49
   3.876000212E+05  -2.205549596E+49   4.231807317E+49   1.091981578E+49   3.118239299E+49   7.233658307E+49
   3.893000288E+05  -2.205541924E+49   4.231594034E+49   1.092205385E+49   3.118257496E+49   7.233676503E+49
   3.910000361E+05  -2.205534919E+49   4.231376535E+49   1.092435023E+49   3.118276639E+49   7.233695647E+49
   3.927000430E+05  -2.205527255E+49   4.231146338E+49   1.092674549E+49   3.118293632E+49   7.233712640E+49
   3.944000495E+05  -2.205520247E+49   4.230911432E+49   1.092920646E+49   3.118311831E+49   7.233730839E+49
   3.961000027E+05  -2.205512601E+49   4.230669624E+49   1.093172834E+49   3.118329857E+49   7.233748865E+49
   3.978000085E+05  -2.205505569E+49   4.230419439E+49   1.093432502E+49   3.118346372E+49   7.233765379E+49
   3.995000140E+05  -2.205497947E+49   4.230166948E+49   1.093695319E+49   3.118364320E+49   7.233783328E+49
   4.012000191E+05  -2.205490903E+49   4.229908730E+49   1.093963153E+49   3.118380980E+49   7.233799988E+49
   4.029000238E+05  -2.205483298E+49   4.229642648E+49   1.094237176E+49   3.118396526E+49   7.233815534E+49
   4.046000282E+05  -2.205476240E+49   4.229374394E+49   1.094515199E+49   3.118413353E+49   7.233832361E+49
   4.063000322E+05  -2.205468655E+49   4.229096558E+49   1.094800604E+49   3.118428507E+49   7.233847515E+49
   4.080000358E+05  -2.205461580E+49   4.228811775E+49   1.095093160E+49   3.118443355E+49   7.233862362E+49
   4.097000391E+05  -2.205454015E+49   4.228522618E+49   1.095390679E+49   3.118459281E+49   7.233878289E+49
   4.114000420E+05  -2.205446923E+49   4.228224961E+49   1.095695455E+49   3.118473493E+49   7.233892501E+49
   4.131000446E+05  -2.205439381E+49   4.227921249E+49   1.096005824E+49   3.118487693E+49   7.233906700E+49
   4.148000468E+05  -2.205432268E+49   4.227614795E+49   1.096320164E+49   3.118502690E+49   7.233921698E+49
   4.165000486E+05  -2.205424749E+49   4.227298902E+49   1.096641643E+49   3.118515795E+49   7.233934803E+49
   4.182000501E+05  -2.205417615E+49   4.226976309E+49   1.096970192E+49   3.118528887E+49   7.233947895E+49
   4.199000512E+05  -2.205410121E+49   4.226646549E+49   1.097306158E+49   3.118542586E+49   7.233961594E+49
   4.216000520E+05  -2.205402963E+49   4.226304444E+49   1.097653072E+49   3.118554553E+49   7.233973560E+49
   4.233000524E+05  -2.205395496E+49   4.225951988E+49   1.098010173E+49   3.118566665E+49   7.233985672E+49
   4.250000524E+05  -2.205388313E+49   4.225591865E+49   1.098376091E+49   3.118579643E+49   7.233998650E+49
   4.267000521E+05  -2.205380872E+49   4.225219993E+49   1.098752119E+49   3.118591240E+49   7.234010248E+49
   4.284000514E+05  -2.205373664E+49   4.224840382E+49   1.099136181E+49   3.118602899E+49   7.234021907E+49
   4.301000503E+05  -2.205366250E+49   4.224455661E+49   1.099526009E+49   3.118615420E+49   7.234034427E+49
   4.318000489E+05  -2.205359016E+49   4.224062269E+49   1.099923261E+49   3.118626514E+49   7.234045522E+49
   4.335000471E+05  -2.205351630E+49   4.223660849E+49   1.100327934E+49   3.118637152E+49   7.234056160E+49
   4.352000449E+05  -2.205344368E+49   4.223253887E+49   1.100739165E+49   3.118648684E+49   7.234067692E+49
   4.369000424E+05  -2.205337011E+49   4.222837285E+49   1.101159029E+49   3.118659303E+49   7.234078311E+49
   4.386000395E+05  -2.205329721E+49   4.222411382E+49   1.101587659E+49   3.118669320E+49   7.234088328E+49
   4.403000363E+05  -2.205322393E+49   4.221980001E+49   1.102022719E+49   3.118680328E+49   7.234099336E+49
   4.420000327E+05  -2.205315075E+49   4.221541690E+49   1.102464414E+49   3.118691029E+49   7.234110037E+49
   4.437000287E+05  -2.205307775E+49   4.221095138E+49   1.102913299E+49   3.118700662E+49   7.234119670E+49
   4.454000244E+05  -2.205300430E+49   4.220643139E+49   1.103368168E+49   3.118710877E+49   7.234129885E+49
   4.471000197E+05  -2.205293156E+49   4.220184675E+49   1.103829814E+49   3.118721333E+49   7.234140341E+49
   4.488000146E+05  -2.205285784E+49   4.219716249E+49   1.104300231E+49   3.118730695E+49   7.234149703E+49
   4.505000092E+05  -2.205278537E+49   4.219240087E+49   1.104778701E+49   3.118740251E+49   7.234159259E+49
   4.522000034E+05  -2.205271138E+49   4.218757872E+49   1.105263859E+49   3.118750592E+49   7.234169600E+49
   4.539000501E+05  -2.205263893E+49   4.218268474E+49   1.105755896E+49   3.118760477E+49   7.234179485E+49
   4.556000436E+05  -2.205256515E+49   4.217772713E+49   1.106253704E+49   3.118769902E+49   7.234188909E+49
   4.573000367E+05  -2.205249271E+49   4.217274360E+49   1.106755056E+49   3.118780145E+49   7.234199153E+49
   4.590000295E+05  -2.205241867E+49   4.216772659E+49   1.107259719E+49   3.118790511E+49   7.234209518E+49
   4.607000218E+05  -2.205234647E+49   4.216266388E+49   1.107768309E+49   3.118800050E+49   7.234219058E+49
   4.624000138E+05  -2.205227219E+49   4.215757155E+49   1.108279830E+49   3.118809767E+49   7.234228774E+49
   4.641000055E+05  -2.205220020E+49   4.215246973E+49   1.108793252E+49   3.118820206E+49   7.234239213E+49
   4.658000497E+05  -2.205212589E+49   4.214733827E+49   1.109309151E+49   3.118830390E+49   7.234249397E+49
   4.675000406E+05  -2.205205369E+49   4.214217534E+49   1.109827842E+49   3.118840007E+49   7.234259015E+49
   4.692000311E+05  -2.205197936E+49   4.213699243E+49   1.110348808E+49   3.118850115E+49   7.234269123E+49
   4.709000213E+05  -2.205190736E+49   4.213178974E+49   1.110872356E+49   3.118860595E+49   7.234279602E+49
   4.726000111E+05  -2.205183281E+49   4.212654320E+49   1.111399647E+49   3.118870686E+49   7.234289694E+49
   4.743000005E+05  -2.205176099E+49   4.212125914E+49   1.111930691E+49   3.118880506E+49   7.234299514E+49
   4.760000426E+05  -2.205168642E+49   4.211595148E+49   1.112464444E+49   3.118890950E+49   7.234309958E+49
   4.777000313E+05  -2.205161438E+49   4.211062639E+49   1.113000540E+49   3.118901740E+49   7.234320748E+49
   4.794000196E+05  -2.205153980E+49   4.210526571E+49   1.113539603E+49   3.118912194E+49   7.234331202E+49
   4.811000076E+05  -2.205146793E+49   4.209987309E+49   1.114081813E+49   3.118922330E+49   7.234341338E+49
   4.828000481E+05  -2.205139332E+49   4.209445388E+49   1.114626852E+49   3.118932908E+49   7.234351916E+49
   4.845000354E+05  -2.205132124E+49   4.208901131E+49   1.115174853E+49   3.118943860E+49   7.234362868E+49
   4.862000222E+05  -2.205124662E+49   4.208352635E+49   1.115726571E+49   3.118954544E+49   7.234373552E+49
   4.879000087E+05  -2.205117469E+49   4.207800072E+49   1.116282401E+49   3.118965004E+49   7.234384012E+49
   4.896000478E+05  -2.205110004E+49   4.207243526E+49   1.116842192E+49   3.118975714E+49   7.234394722E+49
   4.913000336E+05  -2.205102790E+49   4.206683824E+49   1.117405805E+49   3.118986839E+49   7.234405847E+49
   4.930000190E+05  -2.205095324E+49   4.206120189E+49   1.117973086E+49   3.118997952E+49   7.234416959E+49
   4.947000040E+05  -2.205088124E+49   4.205554085E+49   1.118543038E+49   3.119008999E+49   7.234428007E+49
   4.964000416E+05  -2.205080655E+49   4.204986968E+49   1.119113824E+49   3.119020137E+49   7.234439145E+49
   4.981000259E+05  -2.205073434E+49   4.204421318E+49   1.119683805E+49   3.119031690E+49   7.234450697E+49
   4.998000098E+05  -2.205065963E+49   4.203856928E+49   1.120252450E+49   3.119043416E+49   7.234462424E+49
   5.015000463E+05  -2.205058738E+49   4.203293654E+49   1.120819962E+49   3.119054878E+49   7.234473885E+49
   5.032000295E+05  -2.205051281E+49   4.202730885E+49   1.121386561E+49   3.119066166E+49   7.234485174E+49
   5.049000123E+05  -2.205044052E+49   4.202169225E+49   1.121952348E+49   3.119077521E+49   7.234496529E+49
   5.066000477E+05  -2.205036592E+49   4.201608133E+49   1.122517582E+49   3.119089123E+49   7.234508131E+49
   5.083000298E+05  -2.205029343E+49   4.201047480E+49   1.123082763E+49   3.119100900E+49   7.234519908E+49
   5.100000115E+05  -2.205021879E+49   4.200486014E+49   1.123648435E+49   3.119112570E+49   7.234531577E+49
   5.117000458E+05  -2.205014626E+49   4.199923875E+49   1.124214785E+49   3.119124035E+49   7.234543042E+49
   5.134000268E+05  -2.205007175E+49   4.199361119E+49   1.124781653E+49   3.119135597E+49   7.234554605E+49
   5.151000074E+05  -2.204999918E+49   4.198798296E+49   1.125348942E+49   3.119147320E+49   7.234566328E+49
   5.168000406E+05  -2.204992463E+49   4.198234977E+49   1.125916716E+49   3.119159231E+49   7.234578238E+49
   5.185000205E+05  -2.204985186E+49   4.197671469E+49   1.126484949E+49   3.119171233E+49   7.234590241E+49
   5.202000529E+05  -2.204977742E+49   4.197107543E+49   1.127053373E+49   3.119183174E+49   7.234602182E+49
