  0.0000000000E+000  0.0000000000E+000
  1.7003071847E+003  2.4064490040E+034
  3.4002519823E+003  2.4066001353E+034
  5.1002913266E+003  2.4072863510E+034
  6.8001756008E+003  2.4077574696E+034
  8.5001807836E+003  2.4080132362E+034
  1.0200240727E+004  2.4081469900E+034
  1.1900229838E+004  2.4082209984E+034
  1.3600244503E+004  2.4082644962E+034
  1.5300197390E+004  2.4082927690E+034
  1.7000194370E+004  2.4083112620E+034
  1.8700220100E+004  2.4083251613E+034
  2.0400245898E+004  2.4083325529E+034
  2.2100296993E+004  2.4083338657E+034
  2.3800311127E+004  2.4083374138E+034
  2.5500206915E+004  2.4083410785E+034
  2.7200309360E+004  2.4083444263E+034
  2.8900253962E+004  2.4083473810E+034
  3.0600169503E+004  2.4083518181E+034
  3.2300289624E+004  2.4083565944E+034
  3.4000323622E+004  2.4083596192E+034
  3.5700279161E+004  2.4098664330E+034
  3.7400199858E+004  2.4098664288E+034
  3.9100286311E+004  2.4098664237E+034
  4.0800172688E+004  2.4098664179E+034
  4.2500260658E+004  2.4098664114E+034
  4.4200177707E+004  2.4098664044E+034
  4.5900197340E+004  2.4098663968E+034
  4.7600232421E+004  2.4098663886E+034
  4.9300210005E+004  2.4098663801E+034
  5.1000201007E+004  2.4098663711E+034
  5.2700297092E+004  2.4098663618E+034
  5.4400169118E+004  2.4098663521E+034
  5.6100286046E+004  2.4098663421E+034
  5.7800264728E+004  2.4098663317E+034
  5.9500263380E+004  2.4098663209E+034
  6.1200195379E+004  2.4098663089E+034
  6.2900300328E+004  2.4098662957E+034
  6.4600204831E+004  2.4098662814E+034
  6.6300242444E+004  2.4098662662E+034
  6.8000266546E+004  2.4098662501E+034
  6.9700171631E+004  2.4098662334E+034
  7.1400188255E+004  2.4098662159E+034
  7.3100253889E+004  2.4098661979E+034
  7.4800245785E+004  2.4098661793E+034
  7.6500300045E+004  2.4098661603E+034
  7.8200298694E+004  2.4098661410E+034
  7.9900187861E+004  2.4098661215E+034
  8.1600319585E+004  2.4098661019E+034
  8.3300210550E+004  2.4098660823E+034
  8.5000178679E+004  2.4098660627E+034
  8.6700323585E+004  2.4098660432E+034
  8.8400301640E+004  2.4098660238E+034
  9.0100166150E+004  2.4098660046E+034
  9.1800313703E+004  2.4098659854E+034
  9.3500192145E+004  2.4098659663E+034
  9.5200263849E+004  2.4098659474E+034
  9.6900197387E+004  2.4098659287E+034
  9.8600216527E+004  2.4098659103E+034
  1.0030029122E+005  2.4098658923E+034
  1.0200028397E+005  2.4098658746E+034
  1.0370024138E+005  2.4098658572E+034
  1.0540017014E+005  2.4098658401E+034
  1.0710025421E+005  2.4098658235E+034
  1.0880027733E+005  2.4098658074E+034
  1.1050024653E+005  2.4098657916E+034
  1.1220025291E+005  2.4098657765E+034
  1.1390017269E+005  2.4098657618E+034
  1.1560019847E+005  2.4098657476E+034
  1.1730028104E+005  2.4098657339E+034
  1.1900031511E+005  2.4098657207E+034
  1.2070022338E+005  2.4098657080E+034
  1.2240031483E+005  2.4098656958E+034
  1.2410024521E+005  2.4098656841E+034
  1.2580020236E+005  2.4098656729E+034
  1.2750020583E+005  2.4098656622E+034
  1.2920023861E+005  2.4098656520E+034
  1.3090018617E+005  2.4098656422E+034
  1.3260031426E+005  2.4098656326E+034
  1.3430017375E+005  2.4098656232E+034
  1.3600028632E+005  2.4098656140E+034
  1.3770031196E+005  2.4098656050E+034
  1.3940031318E+005  2.4098655964E+034
  1.4110026863E+005  2.4098655880E+034
  1.4280031522E+005  2.4098655800E+034
  1.4450030631E+005  2.4098655722E+034
  1.4620020129E+005  2.4098655648E+034
  1.4790018897E+005  2.4098655575E+034
  1.4960023683E+005  2.4098655505E+034
  1.5130023066E+005  2.4098655436E+034
  1.5300027858E+005  2.4098655369E+034
  1.5470022483E+005  2.4098655303E+034
  1.5640022909E+005  2.4098655240E+034
  1.5810024382E+005  2.4098655178E+034
  1.5980029781E+005  2.4098655118E+034
  1.6150021966E+005  2.4098655060E+034
  1.6320019467E+005  2.4098655002E+034
  1.6490021358E+005  2.4098654945E+034
  1.6660028598E+005  2.4098654890E+034
  1.6830025561E+005  2.4098654836E+034
  1.7000025699E+005  2.4098654783E+034
  1.7170019275E+005  2.4098654731E+034
  1.7340020886E+005  2.4098654681E+034
  1.7510032660E+005  2.4098654632E+034
  1.7680023792E+005  2.4098654584E+034
  1.7850022361E+005  2.4098654536E+034
  1.8020029865E+005  2.4098654490E+034
  1.8190028461E+005  2.4098654445E+034
  1.8360018103E+005  2.4098654401E+034
  1.8530032078E+005  2.4098654358E+034
  1.8700020808E+005  2.4098654315E+034
  1.8870017847E+005  2.4098654274E+034
  1.9040017868E+005  2.4098654234E+034
  1.9210024173E+005  2.4098654197E+034
  1.9380032580E+005  2.4098654161E+034
  1.9550028276E+005  2.4098654126E+034
  1.9720028831E+005  2.4098654092E+034
  1.9890017179E+005  2.4098654058E+034
  2.0060027154E+005  2.4098654026E+034
  2.0230024174E+005  2.4098653993E+034
  2.0400027978E+005  2.4098653960E+034
  2.0570019356E+005  2.4098653926E+034
  2.0740018902E+005  2.4098653894E+034
  2.0910027235E+005  2.4098653862E+034
  2.1080026653E+005  2.4098653830E+034
  2.1250020084E+005  2.4098653800E+034
  2.1420020997E+005  2.4098653769E+034
  2.1590029726E+005  2.4098653739E+034
  2.1760029800E+005  2.4098653710E+034
  2.1930021028E+005  2.4098653681E+034
  2.2100019997E+005  2.4098653653E+034
  2.2270024420E+005  2.4098653625E+034
  2.2440020802E+005  2.4098653598E+034
  2.2610020363E+005  2.4098653572E+034
  2.2780025899E+005  2.4098653546E+034
  2.2950019329E+005  2.4098653521E+034
  2.3120016678E+005  2.4098653496E+034
  2.3290018560E+005  2.4098653471E+034
  2.3460024856E+005  2.4098653446E+034
  2.3630020052E+005  2.4098653421E+034
  2.3800018811E+005  2.4098653397E+034
  2.3970023582E+005  2.4098653373E+034
  2.4140017550E+005  2.4098653349E+034
  2.4310016786E+005  2.4098653326E+034
  2.4480025009E+005  2.4098653302E+034
  2.4650023085E+005  2.4098653278E+034
  2.4820030046E+005  2.4098653255E+034
  2.4990028326E+005  2.4098653232E+034
  2.5160018028E+005  2.4098653209E+034
  2.5330031418E+005  2.4098653187E+034
  2.5500018567E+005  2.4098653166E+034
  2.5670030338E+005  2.4098653147E+034
  2.5840030425E+005  2.4098653128E+034
  2.6010022321E+005  2.4098653109E+034
  2.6180019281E+005  2.4098653091E+034
  2.6350021865E+005  2.4098653072E+034
  2.6520029349E+005  2.4098653051E+034
  2.6690025032E+005  2.4098653031E+034
  2.6860025404E+005  2.4098653011E+034
  2.7030029213E+005  2.4098652991E+034
  2.7200023327E+005  2.4098652971E+034
  2.7370020745E+005  2.4098652952E+034
  2.7540024010E+005  2.4098652934E+034
  2.7710032645E+005  2.4098652917E+034
  2.7880030207E+005  2.4098652899E+034
  2.8050018178E+005  2.4098652882E+034
  2.8220029214E+005  2.4098652866E+034
  2.8390032002E+005  2.4098652848E+034
  2.8560025157E+005  2.4098652831E+034
  2.8730026835E+005  2.4098652814E+034
  2.8900018992E+005  2.4098652797E+034
  2.9070017098E+005  2.4098652780E+034
  2.9240022909E+005  2.4098652764E+034
  2.9410017599E+005  2.4098652748E+034
  2.9580019415E+005  2.4098652732E+034
  2.9750026499E+005  2.4098652717E+034
  2.9920023982E+005  2.4098652702E+034
  3.0090025662E+005  2.4098652688E+034
  3.0260031928E+005  2.4098652674E+034
  3.0430026472E+005  2.4098652660E+034
  3.0600023734E+005  2.4098652646E+034
  3.0770026639E+005  2.4098652633E+034
  3.0940016608E+005  2.4098652621E+034
  3.1110028791E+005  2.4098652608E+034
  3.1280028344E+005  2.4098652594E+034
  3.1450017660E+005  2.4098652580E+034
  3.1620028591E+005  2.4098652565E+034
  3.1790028569E+005  2.4098652551E+034
  3.1960019864E+005  2.4098652537E+034
  3.2130016928E+005  2.4098652523E+034
  3.2300022132E+005  2.4098652508E+034
  3.2470017432E+005  2.4098652493E+034
  3.2640020283E+005  2.4098652478E+034
  3.2810029272E+005  2.4098652463E+034
  3.2980028711E+005  2.4098652449E+034
  3.3150018486E+005  2.4098652434E+034
  3.3320029687E+005  2.4098652420E+034
  3.3490031375E+005  2.4098652406E+034
  3.3660021113E+005  2.4098652393E+034
  3.3830032853E+005  2.4098652379E+034
  3.4000032109E+005  2.4098652366E+034
  3.4170020131E+005  2.4098652352E+034
  3.4340028768E+005  2.4098652338E+034
  3.4510025275E+005  2.4098652324E+034
  3.4680027353E+005  2.4098652310E+034
  3.4850032863E+005  2.4098652297E+034
  3.5020027342E+005  2.4098652284E+034
  3.5190026232E+005  2.4098652271E+034
  3.5360030744E+005  2.4098652258E+034
  3.5530024011E+005  2.4098652245E+034
  3.5700023555E+005  2.4098652231E+034
  3.5870030040E+005  2.4098652217E+034
  3.6040025609E+005  2.4098652204E+034
  3.6210029130E+005  2.4098652191E+034
  3.6380022121E+005  2.4098652180E+034
  3.6550021953E+005  2.4098652170E+034
  3.6720027741E+005  2.4098652161E+034
  3.6890023493E+005  2.4098652152E+034
  3.7060025037E+005  2.4098652144E+034
  3.7230031713E+005  2.4098652133E+034
  3.7400028093E+005  2.4098652122E+034
  3.7570028382E+005  2.4098652110E+034
  3.7740017814E+005  2.4098652098E+034
  3.7910027686E+005  2.4098652086E+034
  3.8080025888E+005  2.4098652075E+034
  3.8250027664E+005  2.4098652064E+034
  3.8420017604E+005  2.4098652054E+034
  3.8590028543E+005  2.4098652045E+034
  3.8760026817E+005  2.4098652036E+034
  3.8930030817E+005  2.4098652027E+034
  3.9100022666E+005  2.4098652018E+034
  3.9270020282E+005  2.4098652008E+034
  3.9440023309E+005  2.4098651997E+034
  3.9610016529E+005  2.4098651986E+034
  3.9780032240E+005  2.4098651975E+034
  3.9950021318E+005  2.4098651964E+034
  4.0120017538E+005  2.4098651953E+034
  4.0290019273E+005  2.4098651942E+034
  4.0460027698E+005  2.4098651931E+034
  4.0630025168E+005  2.4098651921E+034
  4.0800028878E+005  2.4098651912E+034
  4.0970021115E+005  2.4098651902E+034
  4.1140019368E+005  2.4098651893E+034
  4.1310022736E+005  2.4098651882E+034
  4.1480030680E+005  2.4098651869E+034
  4.1650027153E+005  2.4098651857E+034
  4.1820027642E+005  2.4098651844E+034
  4.1990032671E+005  2.4098651832E+034
  4.2160024779E+005  2.4098651819E+034
  4.2330021897E+005  2.4098651808E+034
  4.2500022538E+005  2.4098651797E+034
  4.2670028114E+005  2.4098651787E+034
  4.2840021701E+005  2.4098651777E+034
  4.3010020040E+005  2.4098651767E+034
  4.3180023727E+005  2.4098651758E+034
  4.3350032965E+005  2.4098651749E+034
  4.3520032116E+005  2.4098651740E+034
  4.3690020183E+005  2.4098651731E+034
  4.3860031926E+005  2.4098651722E+034
  4.4030032907E+005  2.4098651713E+034
  4.4200023560E+005  2.4098651703E+034
  4.4370019969E+005  2.4098651693E+034
  4.4540022090E+005  2.4098651686E+034
  4.4710029758E+005  2.4098651733E+034
  4.4880026093E+005  2.4098652032E+034
  4.5050028423E+005  2.4098653305E+034
  4.5220018274E+005  2.4098664501E+034
  4.5390029872E+005  2.4098701383E+034
  4.5560028955E+005  2.4098649385E+034
  4.5730032917E+005  2.4098654666E+034
  4.5900023854E+005  2.4098661843E+034
  4.6070019581E+005  2.4098664523E+034
  4.6240019439E+005  2.4098663093E+034
  4.6410023452E+005  2.4098663983E+034
  4.6580032280E+005  2.4098669432E+034
  4.6750028856E+005  2.4098669985E+034
  4.6920030577E+005  2.4098669644E+034
  4.7090020214E+005  2.4098668623E+034
  4.7260032570E+005  2.4098663325E+034
  4.7430016587E+005  2.4098662669E+034
  4.7600023410E+005  2.4098662288E+034
  4.7770019489E+005  2.4098660837E+034
  4.7940021449E+005  2.4098661010E+034
  4.8110029273E+005  2.4098661318E+034
  4.8280026121E+005  2.4098661437E+034
  4.8450029298E+005  2.4098661180E+034
  4.8620020376E+005  2.4098660747E+034
  4.8790017856E+005  2.4098657447E+034
  4.8960019641E+005  2.4098656788E+034
  4.9130026929E+005  2.4098655345E+034
  4.9300021838E+005  2.4098653713E+034
  4.9470021542E+005  2.4098652346E+034
  4.9640025406E+005  2.4098651231E+034
  4.9810032952E+005  2.4098650199E+034
  4.9980028879E+005  2.4098649217E+034
  5.0150028110E+005  2.4098648209E+034
  5.0320032049E+005  2.4098647117E+034
  5.0490023161E+005  2.4098645860E+034
  5.0660019389E+005  2.4098644399E+034
  5.0830019550E+005  2.4098642934E+034
  5.1000024872E+005  2.4098641425E+034
  5.1170018714E+005  2.4098639854E+034
  5.1340017480E+005  2.4098638202E+034
  5.1510021940E+005  2.4098636478E+034
  5.1680031812E+005  2.4098634669E+034
  5.1850031140E+005  2.4098632841E+034
  5.2020018929E+005  2.4098631281E+034
  5.2190029444E+005  2.4098629855E+034
  5.2360028078E+005  2.4098628428E+034
  5.2530032335E+005  2.4098627000E+034
  5.2700024639E+005  2.4098625581E+034
  5.2870022423E+005  2.4098624174E+034
  5.3040024471E+005  2.4098622790E+034
  5.3210031558E+005  2.4098621435E+034
  5.3380026944E+005  2.4098620121E+034
  5.3550026364E+005  2.4098618827E+034
  5.3720030438E+005  2.4098617563E+034
  5.3890021781E+005  2.4098616338E+034
  5.4060018049E+005  2.4098615143E+034
  5.4230017364E+005  2.4098613993E+034
  5.4400021703E+005  2.4098612853E+034
  5.4570029648E+005  2.4098611706E+034
  5.4740025671E+005  2.4098610560E+034
  5.4910025876E+005  2.4098609414E+034
  5.5080030890E+005  2.4098608267E+034
  5.5250024201E+005  2.4098607122E+034
  5.5420022053E+005  2.4098605962E+034
  5.5590025889E+005  2.4098604792E+034
  5.5760017811E+005  2.4098603614E+034
  5.5930032186E+005  2.4098602425E+034
  5.6100018413E+005  2.4098601218E+034
  5.6270027079E+005  2.4098599991E+034
  5.6440023763E+005  2.4098598754E+034
  5.6610026053E+005  2.4098597503E+034
  5.6780016691E+005  2.4098596228E+034
  5.6950028717E+005  2.4098594931E+034
  5.7120028976E+005  2.4098593616E+034
  5.7290017410E+005  2.4098592289E+034
  5.7460026838E+005  2.4098590957E+034
  5.7630023578E+005  2.4098589615E+034
  5.7800025268E+005  2.4098588259E+034
  5.7970030398E+005  2.4098586895E+034
  5.8140023519E+005  2.4098585525E+034
  5.8310020003E+005  2.4098584147E+034
  5.8480021249E+005  2.4098582763E+034
  5.8650025770E+005  2.4098581374E+034
  5.8820018280E+005  2.4098579979E+034
  5.8990031601E+005  2.4098578579E+034
  5.9160032563E+005  2.4098577177E+034
  5.9330021732E+005  2.4098575773E+034
  5.9500031893E+005  2.4098574363E+034
  5.9670030782E+005  2.4098572946E+034
  5.9840017468E+005  2.4098571501E+034
  6.0010026456E+005  2.4098569996E+034
  6.0180023567E+005  2.4098568430E+034
  6.0350026194E+005  2.4098566861E+034
  6.0520016905E+005  2.4098565310E+034
  6.0690029721E+005  2.4098563774E+034
  6.0860030298E+005  2.4098562241E+034
  6.1030019342E+005  2.4098560710E+034
  6.1200029434E+005  2.4098559182E+034
  6.1370027439E+005  2.4098557657E+034
  6.1540029826E+005  2.4098556135E+034
  6.1710019619E+005  2.4098554611E+034
  6.1880030555E+005  2.4098553083E+034
  6.2050028173E+005  2.4098551546E+034
  6.2220030390E+005  2.4098549997E+034
  6.2390019296E+005  2.4098548438E+034
  6.2560029130E+005  2.4098546872E+034
  6.2730025835E+005  2.4098545296E+034
  6.2900027192E+005  2.4098543709E+034
  6.3070032285E+005  2.4098542105E+034
  6.3240025213E+005  2.4098540483E+034
  6.3410022578E+005  2.4098538839E+034
  6.3580024529E+005  2.4098537173E+034
  6.3750031232E+005  2.4098535482E+034
  6.3920026065E+005  2.4098533769E+034
  6.4090026450E+005  2.4098532032E+034
  6.4260031241E+005  2.4098530271E+034
  6.4430025066E+005  2.4098528483E+034
  6.4600023331E+005  2.4098526667E+034
  6.4770026952E+005  2.4098524820E+034
  6.4940018094E+005  2.4098522940E+034
  6.5110031108E+005  2.4098521025E+034
  6.5280031568E+005  2.4098519074E+034
  6.5450019955E+005  2.4098517090E+034
  6.5620028968E+005  2.4098515073E+034
  6.5790025624E+005  2.4098513025E+034
  6.5960026081E+005  2.4098510946E+034
  6.6130030096E+005  2.4098508837E+034
  6.6300021676E+005  2.4098506699E+034
  6.6470016569E+005  2.4098504533E+034
  6.6640031993E+005  2.4098502339E+034
  6.6810017604E+005  2.4098500118E+034
  6.6980024227E+005  2.4098497872E+034
  6.7150017419E+005  2.4098495601E+034
  6.7320031704E+005  2.4098493307E+034
  6.7490016651E+005  2.4098490991E+034
  6.7660022871E+005  2.4098488654E+034
  6.7830033118E+005  2.4098486299E+034
  6.8000031837E+005  2.4098483925E+034
  6.8170018610E+005  2.4098481536E+034
  6.8340026346E+005  2.4098479132E+034
  6.8510022560E+005  2.4098476716E+034
  6.8680023140E+005  2.4098474288E+034
  6.8850028505E+005  2.4098471850E+034
  6.9020021533E+005  2.4098469401E+034
  6.9190019651E+005  2.4098466940E+034
  6.9360021583E+005  2.4098464468E+034
  6.9530028321E+005  2.4098461986E+034
  6.9700022227E+005  2.4098459495E+034
  6.9870020864E+005  2.4098456996E+034
  7.0040022689E+005  2.4098454492E+034
  7.0210028926E+005  2.4098451982E+034
  7.0380022168E+005  2.4098449466E+034
  7.0550019148E+005  2.4098446944E+034
  7.0720019664E+005  2.4098444413E+034
  7.0890023967E+005  2.4098441875E+034
  7.1060032013E+005  2.4098439328E+034
  7.1230026918E+005  2.4098436773E+034
  7.1400025896E+005  2.4098434210E+034
  7.1570028533E+005  2.4098431637E+034
  7.1740018922E+005  2.4098430050E+034
  7.1910029509E+005  2.4098428779E+034
  7.2080028446E+005  2.4098427501E+034
  7.2250031063E+005  2.4098426216E+034
  7.2420022165E+005  2.4098424923E+034
  7.2590017414E+005  2.4098423622E+034
  7.2760017726E+005  2.4098422310E+034
  7.2930022263E+005  2.4098420987E+034
  7.3100031692E+005  2.4098419652E+034
  7.3270029005E+005  2.4098418302E+034
  7.3440030678E+005  2.4098416937E+034
  7.3610020128E+005  2.4098415556E+034
  7.3780030478E+005  2.4098414157E+034
  7.3950028501E+005  2.4098412741E+034
  7.4120030198E+005  2.4098411307E+034
  7.4290019560E+005  2.4098409855E+034
  7.4460028751E+005  2.4098408384E+034
  7.4630025329E+005  2.4098406897E+034
  7.4800024816E+005  2.4098405392E+034
  7.4970028509E+005  2.4098403871E+034
  7.5140018544E+005  2.4098402336E+034
  7.5310029151E+005  2.4098400787E+034
  7.5480026565E+005  2.4098399226E+034
  7.5650028126E+005  2.4098397654E+034
  7.5820032942E+005  2.4098396073E+034
  7.5990025342E+005  2.4098394484E+034
  7.6160021567E+005  2.4098392887E+034
  7.6330021789E+005  2.4098391283E+034
  7.6500025997E+005  2.4098389667E+034
  7.6670017945E+005  2.4098388041E+034
  7.6840031038E+005  2.4098386405E+034
  7.7010031358E+005  2.4098384763E+034
  7.7180020058E+005  2.4098383115E+034
  7.7350029351E+005  2.4098381462E+034
  7.7520026724E+005  2.4098379807E+034
  7.7690027968E+005  2.4098378149E+034
  7.7860017445E+005  2.4098376490E+034
  7.8030027171E+005  2.4098374831E+034
  7.8200024785E+005  2.4098373172E+034
  7.8370025810E+005  2.4098371514E+034
  7.8540031214E+005  2.4098369857E+034
  7.8710023100E+005  2.4098368202E+034
  7.8880018965E+005  2.4098366548E+034
  7.9050018250E+005  2.4098364895E+034
  7.9220020995E+005  2.4098363244E+034
  7.9390027088E+005  2.4098361595E+034
  7.9560020107E+005  2.4098359948E+034
  7.9730033131E+005  2.4098358301E+034
  7.9900032953E+005  2.4098356653E+034
  8.0070019946E+005  2.4098355002E+034
  8.0240026928E+005  2.4098353348E+034
  8.0410021417E+005  2.4098351692E+034
  8.0580019196E+005  2.4098350034E+034
  8.0750021534E+005  2.4098348374E+034
  8.0920027313E+005  2.4098346712E+034
  8.1090020946E+005  2.4098345049E+034
  8.1260018427E+005  2.4098343386E+034
  8.1430020681E+005  2.4098341723E+034
  8.1600026674E+005  2.4098340062E+034
  8.1770020817E+005  2.4098338403E+034
  8.1940018955E+005  2.4098336748E+034
  8.2110021550E+005  2.4098335097E+034
  8.2280027906E+005  2.4098333453E+034
  8.2450022096E+005  2.4098331816E+034
  8.2620020148E+005  2.4098330188E+034
  8.2790021965E+005  2.4098328570E+034
  8.2960027773E+005  2.4098326964E+034
  8.3130020664E+005  2.4098325372E+034
  8.3300017138E+005  2.4098323794E+034
  8.3470016821E+005  2.4098322233E+034
  8.3640020285E+005  2.4098320689E+034
  8.3810026775E+005  2.4098319161E+034
  8.3980020360E+005  2.4098317650E+034
  8.4150016918E+005  2.4098316156E+034
  8.4320017540E+005  2.4098314680E+034
  8.4490021038E+005  2.4098313221E+034
  8.4660028495E+005  2.4098311779E+034
  8.4830022700E+005  2.4098310354E+034
  8.5000021050E+005  2.4098308947E+034
  8.5170022657E+005  2.4098307559E+034
  8.5340028692E+005  2.4098306189E+034
  8.5510021750E+005  2.4098304837E+034
  8.5680019070E+005  2.4098303505E+034
  8.5850020136E+005  2.4098302193E+034
  8.6020025481E+005  2.4098300899E+034
  8.6190018090E+005  2.4098299624E+034
  8.6360031062E+005  2.4098298369E+034
  8.6530031524E+005  2.4098297134E+034
  8.6700019264E+005  2.4098295917E+034
  8.6870027334E+005  2.4098294720E+034
  8.7040022400E+005  2.4098293542E+034
  8.7210021567E+005  2.4098292382E+034
  8.7380023911E+005  2.4098291239E+034
  8.7550030149E+005  2.4098290112E+034
  8.7720022941E+005  2.4098289001E+034
  8.7890019676E+005  2.4098287905E+034
  8.8060019293E+005  2.4098286822E+034
  8.8230022626E+005  2.4098285754E+034
  8.8400028828E+005  2.4098284698E+034
  8.8570022001E+005  2.4098283654E+034
  8.8740017819E+005  2.4098282621E+034
  8.8910017490E+005  2.4098281599E+034
  8.9080020039E+005  2.4098280586E+034
  8.9250026356E+005  2.4098279582E+034
  8.9420019288E+005  2.4098278586E+034
  8.9590032905E+005  2.4098277598E+034
  8.9760016727E+005  2.4098276618E+034
  8.9930021054E+005  2.4098275645E+034
  9.0100029292E+005  2.4098274679E+034
  9.0270024868E+005  2.4098273719E+034
  9.0440024235E+005  2.4098272765E+034
  9.0610027588E+005  2.4098271816E+034
  9.0780018409E+005  2.4098270872E+034
  9.0950029434E+005  2.4098269933E+034
  9.1120027863E+005  2.4098268998E+034
  9.1290029825E+005  2.4098268068E+034
  9.1460019105E+005  2.4098267143E+034
  9.1630028183E+005  2.4098266222E+034
  9.1800024529E+005  2.4098265305E+034
  9.1970023967E+005  2.4098264393E+034
  9.2140027117E+005  2.4098263486E+034
  9.2310032956E+005  2.4098262583E+034
  9.2480025935E+005  2.4098261684E+034
  9.2650021619E+005  2.4098260789E+034
  9.2820020812E+005  2.4098259899E+034
  9.2990022791E+005  2.4098259013E+034
  9.3160028546E+005  2.4098258130E+034
  9.3330020396E+005  2.4098257254E+034
  9.3500032541E+005  2.4098256382E+034
  9.3670031117E+005  2.4098255515E+034
  9.3840016811E+005  2.4098254654E+034
  9.4010022261E+005  2.4098253804E+034
  9.4180031543E+005  2.4098252967E+034
  9.4350027838E+005  2.4098252145E+034
  9.4520027917E+005  2.4098251337E+034
  9.4690031695E+005  2.4098250543E+034
  9.4860022808E+005  2.4098249763E+034
  9.5030017686E+005  2.4098248998E+034
  9.5200032795E+005  2.4098248248E+034
  9.5370018493E+005  2.4098247512E+034
  9.5540024384E+005  2.4098246789E+034
  9.5710017544E+005  2.4098246082E+034
  9.5880030576E+005  2.4098245388E+034
  9.6050030929E+005  2.4098244711E+034
  9.6220017913E+005  2.4098244055E+034
  9.6390025097E+005  2.4098243418E+034
  9.6560018623E+005  2.4098242802E+034
  9.6730032675E+005  2.4098242207E+034
  9.6900032699E+005  2.4098241631E+034
  9.7070019734E+005  2.4098241075E+034
  9.7240026344E+005  2.4098240539E+034
  9.7410019915E+005  2.4098240023E+034
  9.7580032762E+005  2.4098239526E+034
  9.7750032694E+005  2.4098239047E+034
  9.7920018812E+005  2.4098238586E+034
  9.8090025181E+005  2.4098238142E+034
  9.8260017753E+005  2.4098237716E+034
  9.8430030773E+005  2.4098237308E+034
  9.8600030319E+005  2.4098236917E+034
  9.8770016930E+005  2.4098236544E+034
  9.8940023516E+005  2.4098236186E+034
  9.9110017469E+005  2.4098235849E+034
  9.9280031348E+005  2.4098235526E+034
  9.9450032457E+005  2.4098235218E+034
  9.9620020564E+005  2.4098234926E+034
  9.9790029085E+005  2.4098234649E+034
  9.9960024561E+005  2.4098234387E+034
  1.0013002370E+006  2.4098234141E+034
  1.0030002665E+006  2.4098233909E+034
  1.0047003309E+006  2.4098233690E+034
  1.0064002642E+006  2.4098233484E+034
  1.0081002315E+006  2.4098233291E+034
  1.0098002352E+006  2.4098233111E+034
  1.0115002682E+006  2.4098232943E+034
  1.0132001691E+006  2.4098232788E+034
  1.0149002660E+006  2.4098232645E+034
  1.0166002292E+006  2.4098232514E+034
  1.0183002192E+006  2.4098232395E+034
  1.0200002436E+006  2.4098232288E+034
  1.0217002944E+006  2.4098232193E+034
  1.0234002127E+006  2.4098232110E+034
  1.0251003239E+006  2.4098232037E+034
  1.0268003055E+006  2.4098231976E+034
  1.0285003148E+006  2.4098231927E+034
  1.0302001936E+006  2.4098231889E+034
  1.0319002685E+006  2.4098231862E+034
  1.0336002151E+006  2.4098231845E+034
  1.0353001900E+006  2.4098231839E+034
  1.0370002035E+006  2.4098231843E+034
  1.0387002492E+006  2.4098231858E+034
  1.0404001668E+006  2.4098231882E+034
  1.0421002823E+006  2.4098231918E+034
  1.0438002726E+006  2.4098231963E+034
  1.0455002951E+006  2.4098232019E+034
  1.0472001893E+006  2.4098232084E+034
  1.0489002821E+006  2.4098232159E+034
  1.0506002465E+006  2.4098232243E+034
  1.0523002424E+006  2.4098232337E+034
  1.0540002735E+006  2.4098232440E+034
  1.0557001697E+006  2.4098232552E+034
  1.0574002684E+006  2.4098232672E+034
  1.0591002295E+006  2.4098232801E+034
  1.0608002234E+006  2.4098232939E+034
  1.0625002481E+006  2.4098233084E+034
  1.0642003028E+006  2.4098233237E+034
  1.0659002197E+006  2.4098233396E+034
  1.0676001676E+006  2.4098233562E+034
  1.0693003123E+006  2.4098233735E+034
  1.0710003199E+006  2.4098233913E+034
  1.0727001915E+006  2.4098234096E+034
  1.0744002589E+006  2.4098234284E+034
  1.0761001922E+006  2.4098234476E+034
  1.0778003198E+006  2.4098234671E+034
  1.0795003147E+006  2.4098234869E+034
  1.0812001744E+006  2.4098235068E+034
  1.0829002347E+006  2.4098235268E+034
  1.0846003258E+006  2.4098235469E+034
  1.0863002885E+006  2.4098235680E+034
  1.0880002820E+006  2.4098235907E+034
  1.0897003123E+006  2.4098236149E+034
  1.0914002068E+006  2.4098236409E+034
  1.0931003058E+006  2.4098236687E+034
  1.0948002674E+006  2.4098236981E+034
  1.0965002656E+006  2.4098237290E+034
  1.0982002930E+006  2.4098237613E+034
  1.0999001914E+006  2.4098237949E+034
  1.1016002826E+006  2.4098238295E+034
  1.1033002415E+006  2.4098238651E+034
  1.1050002283E+006  2.4098239014E+034
  1.1067002479E+006  2.4098239383E+034
  1.1084002909E+006  2.4098239756E+034
  1.1101002024E+006  2.4098240131E+034
  1.1118003050E+006  2.4098240507E+034
  1.1135002721E+006  2.4098240881E+034
  1.1152002644E+006  2.4098241251E+034
  1.1169002901E+006  2.4098241615E+034
  1.1186001729E+006  2.4098241970E+034
  1.1203002552E+006  2.4098242314E+034
  1.1220001967E+006  2.4098242646E+034
  1.1237001725E+006  2.4098242977E+034
  1.1254001746E+006  2.4098243308E+034
  1.1271002108E+006  2.4098243635E+034
  1.1288002764E+006  2.4098243956E+034
  1.1305002104E+006  2.4098244267E+034
  1.1322001731E+006  2.4098244564E+034
  1.1339001715E+006  2.4098244845E+034
  1.1356002019E+006  2.4098245105E+034
  1.1373002669E+006  2.4098245341E+034
  1.1390001961E+006  2.4098245549E+034
  1.1407003285E+006  2.4098245724E+034
  1.1424003241E+006  2.4098245860E+034
  1.1441001857E+006  2.4098245955E+034
  1.1458002438E+006  2.4098246003E+034
  1.1475001678E+006  2.4098245999E+034
  1.1492002876E+006  2.4098245937E+034
  1.1509002707E+006  2.4098245812E+034
  1.1526002828E+006  2.4098245618E+034
  1.1543003254E+006  2.4098245347E+034
  1.1560002277E+006  2.4098244995E+034
  1.1577003243E+006  2.4098244554E+034
  1.1594002829E+006  2.4098244017E+034
  1.1611002686E+006  2.4098243376E+034
  1.1628002811E+006  2.4098242624E+034
  1.1645003222E+006  2.4098241754E+034
  1.1662002264E+006  2.4098240756E+034
  1.1679003240E+006  2.4098239620E+034
  1.1696002844E+006  2.4098238339E+034
  1.1713002748E+006  2.4098236899E+034
  1.1730002965E+006  2.4098235295E+034
  1.1747001807E+006  2.4098233517E+034
  1.1764002655E+006  2.4098231553E+034
  1.1781002152E+006  2.4098229392E+034
  1.1798001988E+006  2.4098227025E+034
  1.1815002120E+006  2.4098224442E+034
  1.1832002609E+006  2.4098221627E+034
  1.1849001725E+006  2.4098218571E+034
  1.1866002843E+006  2.4098215261E+034
  1.1883002594E+006  2.4098211685E+034
  1.1900002698E+006  2.4098207832E+034
  1.1917003088E+006  2.4098203684E+034
  1.1934002144E+006  2.4098199238E+034
  1.1951003157E+006  2.4098194479E+034
  1.1968002836E+006  2.4098189397E+034
  1.1985002779E+006  2.4098183980E+034
  1.2002003046E+006  2.4098178213E+034
  1.2019001910E+006  2.4098172091E+034
  1.2036002753E+006  2.4098165609E+034
  1.2053002165E+006  2.4098158752E+034
  1.2070001877E+006  2.4098151512E+034
  1.2087001833E+006  2.4098143884E+034
  1.2104002080E+006  2.4098135870E+034
  1.2121002555E+006  2.4098127455E+034
  1.2138001678E+006  2.4098118634E+034
  1.2155002709E+006  2.4098109410E+034
  1.2172002379E+006  2.4098099803E+034
  1.2189002290E+006  2.4098089824E+034
  1.2206002528E+006  2.4098079472E+034
  1.2223003008E+006  2.4098068643E+034
  1.2240002145E+006  2.4098057212E+034
  1.2257003217E+006  2.4098045610E+034
  1.2274002968E+006  2.4098033857E+034
  1.2291002989E+006  2.4098021942E+034
  1.2308001683E+006  2.4098009837E+034
  1.2325002321E+006  2.4097997557E+034
  1.2342003309E+006  2.4097985136E+034
  1.2359002882E+006  2.4097972595E+034
  1.2376002806E+006  2.4097959949E+034
  1.2393003014E+006  2.4097947212E+034
  1.2410001893E+006  2.4097934411E+034
  1.2427002691E+006  2.4097921533E+034
  1.2444002165E+006  2.4097908589E+034
  1.2461001885E+006  2.4097895585E+034
  1.2478001908E+006  2.4097882522E+034
  1.2495002172E+006  2.4097869403E+034
  1.2512002753E+006  2.4097856207E+034
  1.2529001891E+006  2.4097842963E+034
  1.2546002998E+006  2.4097829654E+034
  1.2563002657E+006  2.4097816272E+034
  1.2580002623E+006  2.4097802823E+034
  1.2597002801E+006  2.4097789307E+034
  1.2614003265E+006  2.4097775724E+034
  1.2631002304E+006  2.4097762063E+034
  1.2648003324E+006  2.4097748317E+034
  1.2665002901E+006  2.4097734481E+034
  1.2682002797E+006  2.4097720545E+034
  1.2699002953E+006  2.4097706168E+034
  1.2716001744E+006  2.4097690542E+034
  1.2733002447E+006  2.4097674970E+034
  1.2750001820E+006  2.4097659443E+034
  1.2767003119E+006  2.4097643947E+034
  1.2784003084E+006  2.4097628475E+034
  1.2801003322E+006  2.4097613017E+034
  1.2818002246E+006  2.4097597573E+034
  1.2835003109E+006  2.4097582113E+034
  1.2852002635E+006  2.4097566637E+034
  1.2869002431E+006  2.4097551137E+034
  1.2886002571E+006  2.4097535611E+034
  1.2903002970E+006  2.4097520045E+034
  1.2920002013E+006  2.4097504453E+034
  1.2937002983E+006  2.4097488822E+034
  1.2954002592E+006  2.4097473144E+034
  1.2971002420E+006  2.4097457415E+034
  1.2988002553E+006  2.4097441629E+034
  1.3005002925E+006  2.4097425779E+034
  1.3022001923E+006  2.4097409854E+034
  1.3039002817E+006  2.4097393841E+034
  1.3056002346E+006  2.4097377736E+034
  1.3073002108E+006  2.4097361526E+034
  1.3090002151E+006  2.4097345196E+034
  1.3107002423E+006  2.4097327298E+034
  1.3124002992E+006  2.4097309306E+034
  1.3141002116E+006  2.4097291291E+034
  1.3158003199E+006  2.4097273246E+034
  1.3175002846E+006  2.4097255166E+034
  1.3192002803E+006  2.4097237043E+034
  1.3209003001E+006  2.4097218870E+034
  1.3226001840E+006  2.4097200638E+034
  1.3243002613E+006  2.4097182345E+034
  1.3260002052E+006  2.4097163985E+034
  1.3277001741E+006  2.4097145549E+034
  1.3294001758E+006  2.4097127029E+034
  1.3311002051E+006  2.4097108428E+034
  1.3328002660E+006  2.4097089737E+034
  1.3345001858E+006  2.4097070952E+034
  1.3362003063E+006  2.4097052065E+034
  1.3379002872E+006  2.4097033071E+034
  1.3396003006E+006  2.4097013959E+034
  1.3413001730E+006  2.4096994700E+034
  1.3430002438E+006  2.4096975216E+034
  1.3447001716E+006  2.4096954560E+034
  1.3464002958E+006  2.4096933868E+034
  1.3481002762E+006  2.4096913137E+034
  1.3498002874E+006  2.4096892350E+034
  1.3515003214E+006  2.4096871527E+034
  1.3532002165E+006  2.4096850631E+034
  1.3549003007E+006  2.4096829658E+034
  1.3566002469E+006  2.4096808605E+034
  1.3583002140E+006  2.4096787463E+034
  1.3600002089E+006  2.4096766219E+034
  1.3617002272E+006  2.4096744903E+034
  1.3634002748E+006  2.4096723491E+034
  1.3651001764E+006  2.4096701983E+034
  1.3668002747E+006  2.4096680359E+034
  1.3685002288E+006  2.4096658612E+034
  1.3702002113E+006  2.4096636721E+034
  1.3719002161E+006  2.4096614670E+034
  1.3736002523E+006  2.4096592030E+034
  1.3753003133E+006  2.4096569062E+034
  1.3770002388E+006  2.4096546053E+034
  1.3787001894E+006  2.4096522993E+034
  1.3804001721E+006  2.4096499853E+034
  1.3821001802E+006  2.4096476621E+034
  1.3838002182E+006  2.4096453307E+034
  1.3855002810E+006  2.4096429926E+034
  1.3872002086E+006  2.4096406500E+034
  1.3889003270E+006  2.4096383014E+034
  1.3906003083E+006  2.4096359466E+034
  1.3923003142E+006  2.4096335848E+034
  1.3940001846E+006  2.4096312142E+034
  1.3957002444E+006  2.4096288317E+034
  1.3974001674E+006  2.4096264343E+034
  1.3991002811E+006  2.4096240191E+034
  1.4008002566E+006  2.4096215649E+034
  1.4025002532E+006  2.4096190914E+034
  1.4042002793E+006  2.4096166103E+034
  1.4059003277E+006  2.4096141210E+034
  1.4076002373E+006  2.4096116269E+034
  1.4093001690E+006  2.4096091282E+034
  1.4110002971E+006  2.4096066232E+034
  1.4127002801E+006  2.4096041107E+034
  1.4144002907E+006  2.4096015896E+034
  1.4161003218E+006  2.4095990582E+034
  1.4178002158E+006  2.4095965152E+034
  1.4195002996E+006  2.4095939582E+034
  1.4212002449E+006  2.4095913863E+034
  1.4229002128E+006  2.4095887975E+034
  1.4246002111E+006  2.4095861873E+034
  1.4263002311E+006  2.4095835674E+034
  1.4280002800E+006  2.4095809439E+034
  1.4297001863E+006  2.4095783145E+034
  1.4314002907E+006  2.4095756739E+034
  1.4331002516E+006  2.4095730255E+034
  1.4348002436E+006  2.4095703685E+034
  1.4365002607E+006  2.4095677004E+034
  1.4382003069E+006  2.4095650186E+034
  1.4399002086E+006  2.4095623212E+034
  1.4416003072E+006  2.4095596044E+034
  1.4433002628E+006  2.4095568694E+034
  1.4450002481E+006  2.4095541168E+034
  1.4467002563E+006  2.4095513475E+034
  1.4484002936E+006  2.4095485602E+034
  1.4501001872E+006  2.4095457888E+034
  1.4518002742E+006  2.4095430233E+034
  1.4535002149E+006  2.4095402450E+034
  1.4552001836E+006  2.4095374527E+034
  1.4569001738E+006  2.4095346448E+034
  1.4586001895E+006  2.4095318197E+034
  1.4603002275E+006  2.4095289753E+034
  1.4620002935E+006  2.4095261103E+034
  1.4637002141E+006  2.4095232271E+034
  1.4654003277E+006  2.4095203249E+034
  1.4671002985E+006  2.4095174035E+034
  1.4688002964E+006  2.4095144611E+034
  1.4705003167E+006  2.4095114935E+034
  1.4722001965E+006  2.4095085285E+034
  1.4739002678E+006  2.4095055984E+034
  1.4756001994E+006  2.4095026512E+034
  1.4773003227E+006  2.4094996851E+034
  1.4790003072E+006  2.4094967012E+034
  1.4807003177E+006  2.4094937002E+034
  1.4824001880E+006  2.4094906798E+034
  1.4841002489E+006  2.4094876369E+034
  1.4858001704E+006  2.4094845717E+034
  1.4875002845E+006  2.4094814821E+034
  1.4892002578E+006  2.4094783674E+034
  1.4909002564E+006  2.4094752251E+034
  1.4926002836E+006  2.4094720540E+034
  1.4943001699E+006  2.4094689318E+034
  1.4960002474E+006  2.4094658268E+034
  1.4977001831E+006  2.4094627020E+034
  1.4994003124E+006  2.4094595552E+034
  1.5011002989E+006  2.4094563863E+034
  1.5028003082E+006  2.4094531930E+034
  1.5045001758E+006  2.4094499742E+034
  1.5062002337E+006  2.4094467277E+034
  1.5079003156E+006  2.4094434525E+034
  1.5096002522E+006  2.4094401474E+034
  1.5113002147E+006  2.4094368118E+034
  1.5130002004E+006  2.4094334444E+034
  1.5147002112E+006  2.4094301325E+034
  1.5164002447E+006  2.4094268463E+034
  1.5181003051E+006  2.4094235350E+034
  1.5198002213E+006  2.4094201966E+034
  1.5215003305E+006  2.4094168243E+034
  1.5232002952E+006  2.4094134226E+034
  1.5249002880E+006  2.4094099904E+034
  1.5266003027E+006  2.4094065270E+034
  1.5283001763E+006  2.4094030311E+034
  1.5300002406E+006  2.4093995006E+034
  1.5317003334E+006  2.4093959333E+034
  1.5334002804E+006  2.4093923611E+034
  1.5351002560E+006  2.4093888701E+034
  1.5368002554E+006  2.4093853474E+034
  1.5385002837E+006  2.4093817926E+034
  1.5402003326E+006  2.4093782051E+034
  1.5419002433E+006  2.4093745821E+034
  1.5436001768E+006  2.4093709230E+034
  1.5453003055E+006  2.4093672273E+034
  1.5470002879E+006  2.4093634928E+034
  1.5487002987E+006  2.4093597167E+034
  1.5504003303E+006  2.4093558968E+034
