  0.0000000000E+000  0.0000000000E+000
  1.7002101960E+003  9.9816253677E+013
  3.4001881416E+003  9.9782103604E+013
  5.1003523146E+003  9.9753345430E+013
  6.8003078119E+003  9.9737214062E+013
  8.5001941677E+003  9.9761149981E+013
  1.0200285862E+004  9.9929258555E+013
  1.1900322667E+004  1.0037210701E+014
  1.3600237535E+004  1.0087767617E+014
  1.5300193507E+004  1.0137731994E+014
  1.7000294679E+004  1.0204169548E+014
  1.8700300255E+004  1.0373940910E+014
  2.0400318869E+004  1.0998695636E+014
  2.2100250302E+004  1.1791902122E+014
  2.3800207771E+004  1.2617651813E+014
  2.5500295556E+004  1.2724767180E+014
  2.7200250622E+004  1.2756352511E+014
  2.8900284575E+004  1.2743975087E+014
  3.0600210996E+004  1.2699081344E+014
  3.2300351936E+004  1.2688474704E+014
  3.4000235451E+004  1.2692512565E+014
  3.5700198688E+004  1.2691989595E+014
  3.7400207721E+004  1.2688934666E+014
  3.9100313498E+004  1.2684072694E+014
  4.0800338748E+004  1.2677487295E+014
  4.2500217405E+004  1.2669106236E+014
  4.4200273040E+004  1.2658514585E+014
  4.5900344986E+004  1.2645760606E+014
  4.7600176948E+004  1.2628665642E+014
  4.9300256370E+004  1.2605730603E+014
  5.1000226139E+004  1.2577805899E+014
  5.2700223482E+004  1.2546045083E+014
  5.4400262085E+004  1.2508859714E+014
  5.6100256720E+004  1.2464620593E+014
  5.7800239002E+004  1.2374489646E+014
  5.9500338680E+004  1.2258836682E+014
  6.1200224295E+004  1.2183260720E+014
  6.2900318784E+004  1.2142023720E+014
  6.4600218191E+004  1.2122730815E+014
  6.6300263503E+004  1.2119403885E+014
  6.8000282475E+004  1.2125709762E+014
  6.9700297229E+004  1.2137256233E+014
  7.1400187714E+004  1.2134286733E+014
  7.3100247031E+004  1.2129203342E+014
  7.4800230304E+004  1.2142814955E+014
  7.6500312494E+004  1.2182546217E+014
  7.8200244229E+004  1.2241603217E+014
  7.9900239763E+004  1.2306658318E+014
  8.1600244095E+004  1.2365235974E+014
  8.3300301148E+004  1.2414233055E+014
  8.5000242731E+004  1.2455597113E+014
  8.6700272790E+004  1.2491595248E+014
  8.8400249117E+004  1.2523739569E+014
  9.0100306412E+004  1.2552946174E+014
  9.1800267127E+004  1.2579772244E+014
  9.3500191397E+004  1.2604594023E+014
  9.5200197633E+004  1.2627939740E+014
  9.6900348996E+004  1.2650355598E+014
  9.8600232283E+004  1.2671825121E+014
  1.0030027967E+005  1.2692202622E+014
  1.0200024372E+005  1.2711415687E+014
  1.0370031448E+005  1.2729474562E+014
  1.0540033115E+005  1.2746438342E+014
  1.0710032796E+005  1.2762391634E+014
  1.0880026786E+005  1.2844156094E+014
  1.1050032368E+005  1.3016916941E+014
  1.1220030583E+005  1.3181861170E+014
  1.1390031205E+005  1.3338700672E+014
  1.1560033122E+005  1.3489470465E+014
  1.1730029388E+005  1.3634316298E+014
  1.1900030968E+005  1.3772657795E+014
  1.2070031357E+005  1.3904212296E+014
  1.2240023719E+005  1.4029075023E+014
  1.2410030356E+005  1.4147571872E+014
  1.2580019608E+005  1.4260069521E+014
  1.2750032075E+005  1.4366970834E+014
  1.2920024651E+005  1.4468626020E+014
  1.3090023409E+005  1.4565417391E+014
  1.3260027518E+005  1.4657722332E+014
  1.3430032766E+005  1.4746380945E+014
  1.3600034459E+005  1.4832505125E+014
  1.3770029320E+005  1.4916349236E+014
  1.3940027704E+005  1.4997679844E+014
  1.4110022709E+005  1.5076246456E+014
  1.4280030581E+005  1.5151919950E+014
  1.4450019365E+005  1.5224649214E+014
  1.4620030795E+005  1.5294496853E+014
  1.4790033266E+005  1.5361602299E+014
  1.4960033183E+005  1.5426725845E+014
  1.5130020264E+005  1.5489801993E+014
  1.5300028478E+005  1.5550783537E+014
  1.5470018159E+005  1.5609767407E+014
  1.5640018853E+005  1.5667182645E+014
  1.5810024217E+005  1.5723470354E+014
  1.5980035073E+005  1.5778728796E+014
  1.6150027480E+005  1.5832846999E+014
  1.6320033957E+005  1.5885697978E+014
  1.6490022216E+005  1.5937171749E+014
  1.6660034474E+005  1.5987229726E+014
  1.6830023673E+005  1.6035846686E+014
  1.7000029800E+005  1.6083051700E+014
  1.7170018724E+005  1.6128871942E+014
  1.7340025115E+005  1.6173363844E+014
  1.7510028988E+005  1.6216574945E+014
  1.7680026818E+005  1.6258559961E+014
  1.7850028392E+005  1.6299407925E+014
  1.8020033256E+005  1.6339346064E+014
  1.8190020239E+005  1.6378618159E+014
  1.8360022047E+005  1.6417788800E+014
  1.8530027156E+005  1.6457015467E+014
  1.8700023302E+005  1.6495827644E+014
  1.8870031124E+005  1.6533908689E+014
  1.9040018599E+005  1.6571108589E+014
  1.9210023574E+005  1.6607385300E+014
  1.9380027757E+005  1.6642726129E+014
  1.9550027815E+005  1.6677144081E+014
  1.9720019542E+005  1.6710663613E+014
  1.9890032112E+005  1.6743321354E+014
  2.0060029987E+005  1.6775143373E+014
  2.0230029764E+005  1.6806165809E+014
  2.0400028106E+005  1.6836454245E+014
  2.0570030037E+005  1.6866146697E+014
  2.0740022929E+005  1.6895358487E+014
  2.0910027500E+005  1.6924133959E+014
  2.1080029964E+005  1.6952458300E+014
  2.1250031628E+005  1.6980300974E+014
  2.1420030330E+005  1.7007632369E+014
  2.1590022376E+005  1.7034431520E+014
  2.1760022862E+005  1.7060689805E+014
  2.1930028957E+005  1.7086403682E+014
  2.2100021107E+005  1.7111573429E+014
  2.2270031059E+005  1.7136211210E+014
  2.2440022451E+005  1.7160321814E+014
  2.2610019827E+005  1.7183920913E+014
  2.2780025885E+005  1.7207021619E+014
  2.2950025416E+005  1.7229635968E+014
  2.3120022098E+005  1.7251794459E+014
  2.3290034308E+005  1.7273565109E+014
  2.3460024594E+005  1.7295012952E+014
  2.3630025613E+005  1.7316181576E+014
  2.3800018127E+005  1.7337077629E+014
  2.3970033961E+005  1.7357696764E+014
  2.4140034419E+005  1.7378019590E+014
  2.4310034216E+005  1.7398033670E+014
  2.4480018972E+005  1.7417726889E+014
  2.4650028318E+005  1.7437096786E+014
  2.4820026371E+005  1.7456133716E+014
  2.4990034966E+005  1.7474838945E+014
  2.5160023298E+005  1.7493210064E+014
  2.5330026303E+005  1.7511252801E+014
  2.5500023488E+005  1.7528968218E+014
  2.5670032744E+005  1.7546361856E+014
  2.5840033178E+005  1.7563435074E+014
  2.6010019811E+005  1.7580192100E+014
  2.6180026587E+005  1.7596652613E+014
  2.6350017842E+005  1.7612846062E+014
  2.6520030724E+005  1.7628810621E+014
  2.6690029569E+005  1.7644564460E+014
  2.6860034939E+005  1.7660116910E+014
  2.7030034449E+005  1.7675465145E+014
  2.7200030031E+005  1.7690603627E+014
  2.7370020551E+005  1.7705525281E+014
  2.7540023785E+005  1.7720225830E+014
  2.7710021550E+005  1.7734738175E+014
  2.7880025887E+005  1.7749177195E+014
  2.8050017979E+005  1.7763535952E+014
  2.8220032386E+005  1.7777751044E+014
  2.8390030839E+005  1.7791766567E+014
  2.8560031635E+005  1.7805554031E+014
  2.8730018753E+005  1.7819098114E+014
  2.8900031737E+005  1.7832397283E+014
  2.9070019211E+005  1.7845448124E+014
  2.9240018555E+005  1.7858256857E+014
  2.9410031043E+005  1.7870829452E+014
  2.9580021264E+005  1.7883177404E+014
  2.9750020905E+005  1.7895324544E+014
  2.9920029006E+005  1.7907291408E+014
  3.0090027417E+005  1.7919090799E+014
  3.0260028159E+005  1.7930730673E+014
  3.0430030587E+005  1.7942212810E+014
  3.0600019259E+005  1.7953535023E+014
  3.0770030233E+005  1.7964697243E+014
  3.0940028705E+005  1.7975694440E+014
  3.1110019556E+005  1.7986524792E+014
  3.1280022256E+005  1.7997187641E+014
  3.1450018666E+005  1.8007680488E+014
  3.1620027167E+005  1.8018003768E+014
  3.1790029481E+005  1.8028156104E+014
  3.1960023326E+005  1.8038137582E+014
  3.2130022686E+005  1.8047949613E+014
  3.2300026599E+005  1.8057592836E+014
  3.2470034038E+005  1.8067067886E+014
  3.2640025883E+005  1.8076374894E+014
  3.2810020905E+005  1.8085516291E+014
  3.2980023748E+005  1.8094493210E+014
  3.3150034194E+005  1.8103307532E+014
  3.3320018115E+005  1.8111959947E+014
  3.3490033214E+005  1.8120458603E+014
  3.3660024666E+005  1.8128809786E+014
  3.3830025967E+005  1.8137025545E+014
  3.4000019673E+005  1.8145113797E+014
  3.4170021169E+005  1.8153081253E+014
  3.4340026225E+005  1.8160930663E+014
  3.4510034707E+005  1.8168662958E+014
  3.4680028989E+005  1.8176277070E+014
  3.4850027200E+005  1.8183772930E+014
  3.5020029964E+005  1.8191149445E+014
  3.5190022681E+005  1.8198404739E+014
  3.5360024774E+005  1.8205539059E+014
  3.5530019352E+005  1.8212551168E+014
  3.5700025713E+005  1.8219441564E+014
  3.5870026815E+005  1.8226209504E+014
  3.6040018886E+005  1.8232854987E+014
  3.6210035425E+005  1.8239379386E+014
  3.6380023365E+005  1.8245781284E+014
  3.6550032428E+005  1.8252062645E+014
  3.6720026577E+005  1.8258496997E+014
  3.6890025943E+005  1.8266534598E+014
  3.7060029384E+005  1.8274853473E+014
  3.7230019281E+005  1.8282757593E+014
  3.7400018859E+005  1.8290162788E+014
  3.7570028880E+005  1.8297125851E+014
  3.7740031804E+005  1.8303690778E+014
  3.7910028196E+005  1.8309896455E+014
  3.8080034725E+005  1.8315809758E+014
  3.8250030752E+005  1.8321473864E+014
  3.8420033684E+005  1.8326919679E+014
  3.8590024235E+005  1.8332167738E+014
  3.8760018522E+005  1.8337233948E+014
  3.8930033265E+005  1.8342130645E+014
  3.9100034639E+005  1.8346867108E+014
  3.9270023605E+005  1.8351453602E+014
  3.9440018665E+005  1.8355900801E+014
  3.9610023514E+005  1.8360217173E+014
  3.9780021845E+005  1.8364408676E+014
  3.9950029872E+005  1.8368480283E+014
  4.0120030496E+005  1.8372434595E+014
  4.0290023106E+005  1.8376273870E+014
  4.0460021440E+005  1.8380000277E+014
  4.0630026017E+005  1.8383615250E+014
  4.0800018251E+005  1.8387119644E+014
  4.0970030965E+005  1.8390515322E+014
  4.1140028841E+005  1.8393802576E+014
  4.1310032249E+005  1.8396983102E+014
  4.1480022572E+005  1.8400058101E+014
  4.1650021235E+005  1.8403029420E+014
  4.1820030502E+005  1.8405898554E+014
  4.1990031902E+005  1.8408666694E+014
  4.2160024612E+005  1.8411335231E+014
  4.2330027653E+005  1.8413906026E+014
  4.2500020789E+005  1.8416380455E+014
  4.2670020359E+005  1.8418760372E+014
  4.2840025450E+005  1.8421047333E+014
  4.3010034753E+005  1.8423242867E+014
  4.3180028640E+005  1.8425348048E+014
  4.3350026933E+005  1.8427364750E+014
  4.3520030463E+005  1.8429294586E+014
  4.3690022031E+005  1.8431138863E+014
  4.3860022110E+005  1.8432899238E+014
  4.4030033098E+005  1.8434577075E+014
  4.4200034868E+005  1.8436173279E+014
  4.4370028473E+005  1.8437689327E+014
  4.4540031556E+005  1.8439126737E+014
  4.4710023618E+005  1.8440486576E+014
  4.4880022211E+005  1.8441770156E+014
  4.5050026544E+005  1.8442978542E+014
  4.5220032919E+005  1.8444112598E+014
  4.5390025104E+005  1.8445173334E+014
  4.5560022348E+005  1.8446161874E+014
  4.5730024166E+005  1.8447079110E+014
  4.5900033238E+005  1.8447925880E+014
  4.6070033784E+005  1.8448702813E+014
  4.6240024778E+005  1.8449410510E+014
  4.6410025866E+005  1.8450049815E+014
  4.6580018743E+005  1.8450621285E+014
  4.6750019210E+005  1.8451125500E+014
  4.6920027057E+005  1.8451562902E+014
  4.7090023577E+005  1.8451933778E+014
  4.7260023517E+005  1.8452238325E+014
  4.7430026848E+005  1.8452476906E+014
  4.7600034093E+005  1.8452649777E+014
  4.7770027749E+005  1.8452757073E+014
  4.7940027165E+005  1.8452798871E+014
  4.8110034731E+005  1.8452775051E+014
  4.8280032085E+005  1.8452685470E+014
  4.8450020486E+005  1.8452530139E+014
  4.8620018951E+005  1.8452308881E+014
  4.8790026200E+005  1.8452021437E+014
  4.8960022841E+005  1.8451667525E+014
  4.9130027314E+005  1.8451246628E+014
  4.9300018576E+005  1.8450758331E+014
  4.9470031519E+005  1.8450202144E+014
  4.9640030701E+005  1.8449577682E+014
  4.9810033192E+005  1.8448884322E+014
  4.9980022209E+005  1.8448121517E+014
  5.0150018572E+005  1.8447288362E+014
  5.0320021165E+005  1.8446384146E+014
  5.0490031803E+005  1.8445408208E+014
  5.0660034491E+005  1.8444359905E+014
  5.0830027561E+005  1.8443238466E+014
  5.1000029293E+005  1.8442042940E+014
  5.1170021776E+005  1.8440772429E+014
  5.1340019279E+005  1.8439425983E+014
  5.1510022593E+005  1.8438002778E+014
  5.1680030465E+005  1.8436501941E+014
  5.1850022643E+005  1.8434922736E+014
  5.2020019516E+005  1.8433264028E+014
  5.2190021611E+005  1.8431524560E+014
  5.2360028589E+005  1.8429703529E+014
  5.2530025652E+005  1.8427800292E+014
  5.2700030879E+005  1.8425813744E+014
  5.2870026081E+005  1.8423743463E+014
  5.3040031321E+005  1.8421589554E+014
  5.3210026621E+005  1.8419353835E+014
  5.3380028689E+005  1.8417038551E+014
  5.3550019957E+005  1.8414646204E+014
  5.3720033939E+005  1.8412177916E+014
  5.3890033502E+005  1.8409634992E+014
  5.4060019297E+005  1.8407017419E+014
  5.4230026325E+005  1.8404323801E+014
  5.4400020361E+005  1.8401553905E+014
  5.4570020747E+005  1.8398706260E+014
  5.4740027848E+005  1.8395779457E+014
  5.4910024781E+005  1.8392772320E+014
  5.5080031080E+005  1.8389682916E+014
  5.5250027342E+005  1.8386510044E+014
  5.5420031653E+005  1.8383252188E+014
  5.5590025785E+005  1.8379908465E+014
  5.5760025815E+005  1.8376477372E+014
  5.5930030987E+005  1.8372957789E+014
  5.6100022473E+005  1.8369348980E+014
  5.6270034681E+005  1.8365648976E+014
  5.6440033251E+005  1.8361857657E+014
  5.6610018966E+005  1.8357973351E+014
  5.6780027599E+005  1.8353994174E+014
  5.6950025662E+005  1.8349920664E+014
  5.7120031658E+005  1.8345751858E+014
  5.7290027455E+005  1.8341487694E+014
  5.7460031939E+005  1.8337127396E+014
  5.7630026420E+005  1.8332671007E+014
  5.7800027599E+005  1.8328117592E+014
  5.7970018195E+005  1.8323467105E+014
  5.8140031080E+005  1.8318717834E+014
  5.8310029715E+005  1.8313870247E+014
  5.8480032942E+005  1.8308923653E+014
  5.8650021157E+005  1.8303878248E+014
  5.8820031897E+005  1.8298738116E+014
  5.8990030696E+005  1.8293532690E+014
  5.9160035299E+005  1.8288521442E+014
  5.9330030182E+005  1.8284356490E+014
  5.9500033399E+005  1.8280493617E+014
  5.9670025622E+005  1.8276590269E+014
  5.9840026842E+005  1.8272522189E+014
  6.0010034818E+005  1.8268258227E+014
  6.0180030577E+005  1.8263805243E+014
  6.0350032369E+005  1.8259182559E+014
  6.0520019872E+005  1.8254412039E+014
  6.0690029128E+005  1.8249510795E+014
  6.0860024721E+005  1.8244493600E+014
  6.1030023328E+005  1.8239369653E+014
  6.1200027819E+005  1.8234145032E+014
  6.1370021151E+005  1.8228824687E+014
  6.1540020483E+005  1.8223410691E+014
  6.1710028790E+005  1.8217904346E+014
  6.1880026779E+005  1.8212306942E+014
  6.2050031956E+005  1.8206618019E+014
  6.2220027093E+005  1.8200837844E+014
  6.2390027700E+005  1.8194965946E+014
  6.2560034078E+005  1.8189001953E+014
  6.2730027716E+005  1.8182946099E+014
  6.2900023844E+005  1.8176797402E+014
  6.3070024427E+005  1.8170555281E+014
  6.3240029096E+005  1.8164219058E+014
  6.3410019619E+005  1.8157789092E+014
  6.3580034950E+005  1.8151263335E+014
  6.3750020605E+005  1.8144642566E+014
  6.3920031867E+005  1.8137919411E+014
  6.4090033894E+005  1.8131065511E+014
  6.4260024499E+005  1.8123881106E+014
  6.4430022670E+005  1.8114768928E+014
  6.4600027618E+005  1.8086859594E+014
  6.4770018989E+005  1.7758364956E+014
  6.4940033947E+005  1.2119231416E+014
  6.5110034746E+005  1.2675651424E+014
  6.5280020895E+005  1.0486946656E+014
  6.5450029896E+005  1.0541856529E+014
  6.5620024023E+005  1.0610342133E+014
  6.5790023950E+005  1.0681141004E+014
  6.5960030681E+005  1.0783253467E+014
  6.6130025640E+005  1.0890865934E+014
  6.6300029239E+005  1.1004114613E+014
  6.6470022406E+005  1.1177864469E+014
  6.6640022228E+005  1.1382088142E+014
  6.6810029271E+005  1.1763751369E+014
  6.6980023227E+005  1.2504201453E+014
  6.7150022313E+005  1.2617650908E+014
  6.7320026220E+005  1.2642322200E+014
  6.7490032655E+005  1.4987266503E+014
  6.7660025960E+005  1.9592811623E+014
  6.7830023308E+005  1.9625393128E+014
  6.8000024748E+005  1.9548493275E+014
  6.8170032882E+005  1.9695818092E+014
  6.8340028843E+005  1.9775522039E+014
  6.8510032572E+005  1.9818315869E+014
  6.8680026185E+005  1.9811814665E+014
  6.8850026261E+005  1.9790243252E+014
  6.9020034162E+005  1.9776814630E+014
  6.9190029710E+005  1.9771641635E+014
  6.9360029603E+005  1.9768360959E+014
  6.9530034708E+005  1.9786105483E+014
  6.9700024917E+005  2.0036955844E+014
  6.9870019143E+005  2.0032035772E+014
  7.0040035793E+005  2.0027980820E+014
  7.0210020058E+005  2.0024815706E+014
  7.0380028624E+005  2.0022266887E+014
  7.0550024630E+005  2.0055732531E+014
  7.0720027090E+005  2.0059261313E+014
  7.0890019989E+005  2.0062381642E+014
  7.1060019103E+005  2.0064966734E+014
  7.1230025813E+005  2.0067030535E+014
  7.1400020815E+005  2.0068621667E+014
  7.1570020725E+005  2.0069797043E+014
  7.1740026115E+005  2.0070619474E+014
  7.1910034703E+005  2.0071168665E+014
  7.2080029057E+005  2.0071597096E+014
  7.2250027766E+005  2.0072038630E+014
  7.2420029531E+005  2.0072620440E+014
  7.2590018993E+005  2.0073462892E+014
  7.2760032032E+005  2.0074677929E+014
  7.2930032909E+005  2.0076367984E+014
  7.3100023446E+005  2.0078629007E+014
  7.3270020173E+005  2.0053423633E+014
  7.3440024381E+005  2.0059041797E+014
  7.3610035448E+005  2.0064849148E+014
  7.3780033410E+005  2.0070863777E+014
  7.3950019714E+005  2.0077103266E+014
  7.4120027613E+005  2.0083586603E+014
  7.4290021081E+005  2.0090333857E+014
  7.4460018745E+005  2.0097376146E+014
  7.4630019228E+005  2.0104701307E+014
  7.4800024908E+005  2.0112211482E+014
  7.4970035194E+005  2.0119815358E+014
  7.5140033162E+005  2.0127427284E+014
  7.5310020556E+005  2.0134968939E+014
  7.5480031914E+005  2.0142381216E+014
  7.5650032654E+005  2.0149622131E+014
  7.5820022085E+005  2.0156699324E+014
  7.5990035052E+005  2.0163680247E+014
  7.6160018070E+005  2.0170632809E+014
  7.6330023347E+005  2.0177629736E+014
  7.6500033131E+005  2.0184742298E+014
  7.6670028816E+005  2.0192042677E+014
  7.6840027275E+005  2.0199603235E+014
  7.7010030390E+005  2.0207427946E+014
  7.7180019442E+005  2.0215372322E+014
  7.7350031469E+005  2.0223532934E+014
  7.7520031981E+005  2.0231986298E+014
  7.7690020569E+005  2.0240725653E+014
  7.7860034537E+005  2.0249795380E+014
  7.8030019035E+005  2.0259226239E+014
  7.8200027819E+005  2.0269033791E+014
  7.8370024862E+005  2.0279196751E+014
  7.8540026119E+005  2.0289743093E+014
  7.8710032316E+005  2.0300935705E+014
  7.8880024321E+005  2.0312503423E+014
  7.9050019796E+005  2.0324207438E+014
  7.9220019408E+005  2.0335891268E+014
  7.9390022506E+005  2.0347453310E+014
  7.9560030606E+005  2.0358833271E+014
  7.9730025476E+005  2.0369981038E+014
  7.9900026276E+005  2.0380847602E+014
  8.0070034072E+005  2.0391392559E+014
  8.0240029994E+005  2.0401587373E+014
  8.0410033035E+005  2.0411401839E+014
  8.0580024006E+005  2.0420786449E+014
  8.0750020547E+005  2.0429682959E+014
  8.0920022128E+005  2.0438105368E+014
  8.1090027313E+005  2.0156194238E+014
  8.1260018912E+005  2.0154973897E+014
  8.1430031388E+005  2.0155809987E+014
  8.1600029738E+005  2.0159048965E+014
  8.1770032542E+005  2.0164425519E+014
  8.1940021458E+005  2.0171396517E+014
  8.2110034400E+005  2.0179627697E+014
  8.2280034640E+005  2.0188825377E+014
  8.2450023487E+005  2.0198736595E+014
  8.2620018992E+005  2.0209142884E+014
  8.2790020152E+005  2.0219858461E+014
  8.2960028376E+005  2.0230736124E+014
  8.3130023178E+005  2.0241665527E+014
  8.3300022910E+005  2.0252571275E+014
  8.3470027063E+005  2.0263401874E+014
  8.3640034123E+005  2.0274174656E+014
  8.3810027434E+005  2.0285073837E+014
  8.3980023558E+005  2.0296109898E+014
  8.4150024157E+005  2.0307273271E+014
  8.4320029581E+005  2.0318555885E+014
  8.4490021581E+005  2.0329949822E+014
  8.4660020767E+005  2.0341451620E+014
  8.4830025492E+005  2.0353058383E+014
  8.5000018788E+005  2.0364767623E+014
  8.5170018454E+005  2.0376579862E+014
  8.5340023136E+005  2.0388494327E+014
  8.5510033739E+005  2.0400510280E+014
  8.5680030153E+005  2.0412625663E+014
  8.5850031128E+005  2.0424841767E+014
  8.6020035784E+005  2.0437159114E+014
  8.6190025344E+005  2.0449577183E+014
  8.6360019374E+005  2.0462098209E+014
  8.6530034691E+005  2.0474724104E+014
  8.6700018786E+005  2.0487451526E+014
  8.6870026206E+005  2.0500285533E+014
  8.7040021189E+005  2.0513224992E+014
  8.7210022923E+005  2.0526273172E+014
  8.7380030436E+005  2.0539431533E+014
  8.7550026607E+005  2.0552699621E+014
  8.7720028021E+005  2.0566088757E+014
  8.7890034375E+005  2.0579603027E+014
  8.8060027468E+005  2.0593237838E+014
  8.8230023916E+005  2.0606992603E+014
  8.8400024322E+005  2.0620866944E+014
  8.8570027743E+005  2.0634861870E+014
  8.8740035266E+005  2.0648979894E+014
  8.8910028609E+005  2.0663222677E+014
  8.9080026451E+005  2.0677595004E+014
  8.9250030052E+005  2.0692099129E+014
  8.9420020489E+005  2.0706732297E+014
  8.9590035564E+005  2.0721491249E+014
  8.9760020296E+005  2.0736356574E+014
  8.9930029071E+005  2.0751308559E+014
  9.0100025659E+005  2.0766314407E+014
  9.0270026749E+005  2.0781356663E+014
  9.0440033097E+005  2.0796437051E+014
  9.0610024468E+005  2.0811567306E+014
  9.0780019718E+005  2.0826764467E+014
  9.0950018537E+005  2.0842040068E+014
  9.1120020128E+005  2.0857399339E+014
  9.1290026409E+005  2.0872843139E+014
  9.1460018458E+005  2.0888370942E+014
  9.1630034223E+005  2.0903991908E+014
  9.1800019368E+005  2.0919709620E+014
  9.1970028365E+005  2.0935536481E+014
  9.2140025920E+005  2.0951472549E+014
  9.2310028342E+005  2.0967517873E+014
  9.2480018807E+005  2.0983665709E+014
  9.2650032023E+005  2.0999912741E+014
  9.2820031427E+005  2.1016250099E+014
  9.2990035012E+005  2.1032678022E+014
  9.3160023743E+005  2.1049197507E+014
  9.3330034372E+005  2.1065816843E+014
  9.3500029996E+005  2.1082536345E+014
  9.3670029936E+005  2.1099359732E+014
  9.3840033892E+005  2.1116286228E+014
  9.4010024504E+005  2.1133310946E+014
  9.4180020790E+005  2.1150431136E+014
  9.4350022563E+005  2.1167641842E+014
  9.4520030667E+005  2.1184939024E+014
  9.4690026126E+005  2.1202318230E+014
  9.4860027575E+005  2.1219780483E+014
  9.5030033541E+005  2.1237325647E+014
  9.5200025893E+005  2.1254951861E+014
  9.5370022459E+005  2.1272660472E+014
  9.5540021715E+005  2.1290450057E+014
  9.5710025080E+005  2.1308330233E+014
  9.5880031201E+005  2.1326304462E+014
  9.6050023440E+005  2.1344368913E+014
  9.6220019804E+005  2.1362524152E+014
  9.6390020772E+005  2.1380769999E+014
  9.6560027599E+005  2.1399107323E+014
  9.6730021025E+005  2.1417535071E+014
  9.6900021092E+005  2.1436056138E+014
  9.7070026286E+005  2.1454670607E+014
  9.7240018796E+005  2.1473375924E+014
  9.7410034684E+005  2.1492174457E+014
  9.7580018395E+005  2.1511057591E+014
  9.7750024758E+005  2.1530028450E+014
  9.7920034102E+005  2.1549081855E+014
  9.8090029335E+005  2.1568213424E+014
  9.8260027419E+005  2.1587423455E+014
  9.8430029064E+005  2.1606711327E+014
  9.8600034975E+005  2.1626077135E+014
  9.8770026808E+005  2.1645519175E+014
  9.8940024167E+005  2.1665040144E+014
  9.9110026675E+005  2.1684640316E+014
  9.9280035255E+005  2.1704319862E+014
  9.9450031049E+005  2.1724076403E+014
  9.9620032575E+005  2.1743911724E+014
  9.9790020992E+005  2.1763823255E+014
  9.9960031650E+005  2.1783814865E+014
  1.0013002867E+006  2.1803882129E+014
  1.0030002857E+006  2.1824026773E+014
  1.0047003237E+006  2.1844248585E+014
  1.0064002090E+006  2.1864544675E+014
  1.0081003153E+006  2.1884918545E+014
  1.0098002769E+006  2.1905364570E+014
  1.0115002799E+006  2.1925883508E+014
  1.0132003369E+006  2.1946473921E+014
  1.0149002559E+006  2.1967131886E+014
  1.0166002393E+006  2.1987858393E+014
  1.0183002714E+006  2.2008652011E+014
  1.0200003591E+006  2.2029511830E+014
  1.0217003179E+006  2.2050434817E+014
  1.0234003202E+006  2.2071422479E+014
  1.0251001880E+006  2.2092472092E+014
  1.0268002682E+006  2.2113587450E+014
  1.0285002062E+006  2.2134763617E+014
  1.0302003530E+006  2.2156004393E+014
  1.0319003528E+006  2.2177304742E+014
  1.0336002081E+006  2.2198664124E+014
  1.0353002837E+006  2.2220086666E+014
  1.0370002246E+006  2.2241567577E+014
  1.0387002155E+006  2.2263109058E+014
  1.0404002635E+006  2.2284711231E+014
  1.0421003610E+006  2.2306374118E+014
  1.0438003386E+006  2.2328095690E+014
  1.0455003604E+006  2.2349878121E+014
  1.0472002512E+006  2.2371719152E+014
  1.0489001840E+006  2.2393620897E+014
  1.0506003320E+006  2.2415585401E+014
  1.0523003379E+006  2.2437607796E+014
  1.0540001890E+006  2.2459687601E+014
  1.0557002612E+006  2.2481829405E+014
  1.0574003613E+006  2.2504030398E+014
  1.0591003246E+006  2.2526287799E+014
  1.0608003291E+006  2.2548602433E+014
  1.0625001967E+006  2.2570971760E+014
  1.0642003006E+006  2.2593400538E+014
  1.0659002715E+006  2.2615883523E+014
  1.0676003005E+006  2.2638422613E+014
  1.0693001958E+006  2.2661014421E+014
  1.0710003251E+006  2.2683662834E+014
  1.0727003135E+006  2.2706361768E+014
  1.0744003441E+006  2.2729112581E+014
  1.0761002290E+006  2.2751911872E+014
  1.0778003256E+006  2.2774763815E+014
  1.0795002743E+006  2.2797663347E+014
  1.0812002522E+006  2.2820612745E+014
  1.0829002694E+006  2.2843612193E+014
  1.0846003209E+006  2.2866661809E+014
  1.0863002440E+006  2.2889759632E+014
  1.0880002086E+006  2.2912908216E+014
  1.0897002303E+006  2.2936107951E+014
  1.0914003050E+006  2.2959358819E+014
  1.0931002458E+006  2.2982658093E+014
  1.0948002426E+006  2.3006007969E+014
  1.0965002770E+006  2.3029407544E+014
  1.0982003573E+006  2.3052856022E+014
  1.0999002877E+006  2.3076349566E+014
  1.1016002562E+006  2.3099889483E+014
  1.1033002533E+006  2.3123474260E+014
  1.1050002840E+006  2.3147102472E+014
  1.1067003495E+006  2.3170772403E+014
  1.1084002684E+006  2.3194480565E+014
  1.1101002317E+006  2.3218229774E+014
  1.1118002377E+006  2.3242021642E+014
  1.1135002960E+006  2.3265859912E+014
  1.1152002197E+006  2.3289748147E+014
  1.1169002001E+006  2.3313698407E+014
  1.1186002246E+006  2.3337723613E+014
  1.1203003015E+006  2.3361840566E+014
  1.1220002384E+006  2.3386065853E+014
  1.1237002128E+006  2.3410422471E+014
  1.1254002251E+006  2.3434929542E+014
  1.1271002642E+006  2.3459600426E+014
  1.1288003405E+006  2.3484437299E+014
  1.1305002597E+006  2.3509426283E+014
  1.1322002204E+006  2.3534550112E+014
  1.1339002130E+006  2.3559785230E+014
  1.1356002507E+006  2.3585109081E+014
  1.1373003361E+006  2.3610502176E+014
  1.1390002882E+006  2.3635945992E+014
  1.1407002943E+006  2.3661430916E+014
  1.1424003485E+006  2.3686947706E+014
  1.1441002715E+006  2.3712487091E+014
  1.1458002357E+006  2.3738047357E+014
  1.1475002451E+006  2.3763626689E+014
  1.1492002839E+006  2.3789225333E+014
  1.1509003617E+006  2.3814845898E+014
  1.1526002845E+006  2.3840489458E+014
  1.1543002408E+006  2.3866163785E+014
  1.1560002286E+006  2.3891874121E+014
  1.1577002523E+006  2.3917625764E+014
  1.1594003171E+006  2.3943423269E+014
  1.1611002398E+006  2.3969266742E+014
  1.1628002163E+006  2.3995160023E+014
  1.1645002332E+006  2.4021102028E+014
  1.1662003069E+006  2.4047090806E+014
  1.1679002430E+006  2.4073120437E+014
  1.1696002274E+006  2.4099190666E+014
  1.1713002546E+006  2.4125298687E+014
  1.1730003205E+006  2.4151442497E+014
  1.1747002397E+006  2.4177618005E+014
  1.1764001918E+006  2.4203827352E+014
  1.1781003567E+006  2.4230073250E+014
  1.1798001865E+006  2.4256348142E+014
  1.1815002347E+006  2.4282663560E+014
  1.1832003124E+006  2.4309017982E+014
  1.1849002530E+006  2.4335410395E+014
  1.1866002324E+006  2.4361845540E+014
  1.1883002646E+006  2.4388325796E+014
  1.1900003407E+006  2.4414853256E+014
  1.1917002888E+006  2.4441427477E+014
  1.1934002830E+006  2.4468053277E+014
  1.1951003203E+006  2.4494732391E+014
  1.1968002225E+006  2.4521463269E+014
  1.1985003363E+006  2.4548251842E+014
  1.2002003074E+006  2.4575091970E+014
  1.2019003048E+006  2.4601984673E+014
  1.2036003346E+006  2.4628927450E+014
  1.2053002111E+006  2.4655914008E+014
  1.2070003062E+006  2.4682946429E+014
  1.2087002517E+006  2.4710015017E+014
  1.2104002414E+006  2.4737119226E+014
  1.2121002728E+006  2.4764255688E+014
  1.2138003523E+006  2.4791421676E+014
  1.2155002987E+006  2.4818612018E+014
  1.2172002913E+006  2.4845827850E+014
  1.2189003320E+006  2.4873068005E+014
  1.2206002298E+006  2.4900328730E+014
  1.2223003555E+006  2.4927615715E+014
  1.2240003274E+006  2.4954923032E+014
  1.2257003399E+006  2.4982254461E+014
  1.2274001958E+006  2.5009607925E+014
  1.2291002655E+006  2.5036990869E+014
  1.2308001848E+006  2.5064399254E+014
  1.2325003184E+006  2.5091840993E+014
  1.2342003058E+006  2.5119312455E+014
  1.2359003341E+006  2.5146818907E+014
  1.2376002234E+006  2.5174359622E+014
  1.2393003396E+006  2.5201942488E+014
  1.2410003249E+006  2.5229563379E+014
  1.2427003529E+006  2.5257226405E+014
  1.2444002492E+006  2.5284929406E+014
  1.2461001827E+006  2.5312675037E+014
  1.2478003425E+006  2.5340465498E+014
  1.2495003498E+006  2.5368292927E+014
  1.2512002141E+006  2.5396155167E+014
  1.2529002833E+006  2.5424055167E+014
  1.2546002029E+006  2.5451984097E+014
  1.2563003344E+006  2.5479944795E+014
  1.2580003150E+006  2.5507928273E+014
  1.2597003343E+006  2.5535934835E+014
  1.2614002102E+006  2.5563958991E+014
  1.2631003122E+006  2.5592004676E+014
  1.2648002780E+006  2.5620064109E+014
  1.2665002932E+006  2.5648138857E+014
  1.2682003511E+006  2.5676227647E+014
  1.2699002762E+006  2.5704326764E+014
  1.2716002364E+006  2.5732438479E+014
  1.2733002398E+006  2.5760562717E+014
  1.2750002713E+006  2.5788699279E+014
  1.2767003392E+006  2.5816848643E+014
  1.2784002496E+006  2.5845008253E+014
  1.2801001927E+006  2.5873182194E+014
  1.2818003468E+006  2.5901374590E+014
  1.2835003521E+006  2.5929580811E+014
  1.2852002141E+006  2.5957802389E+014
  1.2869002942E+006  2.5986046825E+014
  1.2886002385E+006  2.6014309723E+014
  1.2903002254E+006  2.6042595454E+014
  1.2920002600E+006  2.6070905351E+014
  1.2937003377E+006  2.6099240382E+014
  1.2954002795E+006  2.6127598316E+014
  1.2971002564E+006  2.6155982386E+014
  1.2988002772E+006  2.6184392665E+014
  1.3005003251E+006  2.6212828341E+014
  1.3022002294E+006  2.6241285697E+014
  1.3039003386E+006  2.6269769447E+014
  1.3056002986E+006  2.6298272354E+014
  1.3073002869E+006  2.6326795989E+014
  1.3090003088E+006  2.6355339015E+014
  1.3107001835E+006  2.6383885877E+014
  1.3124002783E+006  2.6412424830E+014
  1.3141002345E+006  2.6440949055E+014
  1.3158002326E+006  2.6469461232E+014
  1.3175002787E+006  2.6497961428E+014
  1.3192001865E+006  2.6526446815E+014
  1.3209003194E+006  2.6554924084E+014
  1.3226003094E+006  2.6583387936E+014
  1.3243003395E+006  2.6611842552E+014
  1.3260002162E+006  2.6640286074E+014
  1.3277003125E+006  2.6668726350E+014
  1.3294002471E+006  2.6697158844E+014
  1.3311002167E+006  2.6725588921E+014
  1.3328002107E+006  2.6754018674E+014
  1.3345002396E+006  2.6782450647E+014
  1.3362003009E+006  2.6810887292E+014
  1.3379002207E+006  2.6839328328E+014
  1.3396003620E+006  2.6867782549E+014
  1.3413001860E+006  2.6896243616E+014
  1.3430002350E+006  2.6924723214E+014
  1.3447003298E+006  2.6953220921E+014
  1.3464002837E+006  2.6981736100E+014
  1.3481002767E+006  2.7010274094E+014
  1.3498003072E+006  2.7038836970E+014
  1.3515001870E+006  2.7067423384E+014
  1.3532002813E+006  2.7096040966E+014
  1.3549002176E+006  2.7124684585E+014
  1.3566001877E+006  2.7153358249E+014
  1.3583003623E+006  2.7182065287E+014
  1.3600002120E+006  2.7210796900E+014
  1.3617002722E+006  2.7239562027E+014
  1.3634001913E+006  2.7268354478E+014
  1.3651003308E+006  2.7297180063E+014
  1.3668003337E+006  2.7326032415E+014
  1.3685001951E+006  2.7354911196E+014
  1.3702002869E+006  2.7383822590E+014
  1.3719002318E+006  2.7412760228E+014
  1.3736002211E+006  2.7441727593E+014
  1.3753002429E+006  2.7470724876E+014
  1.3770003006E+006  2.7499752772E+014
  1.3787002052E+006  2.7528808908E+014
  1.3804003206E+006  2.7557900599E+014
  1.3821002829E+006  2.7587022938E+014
  1.3838002731E+006  2.7616180542E+014
  1.3855002955E+006  2.7645375161E+014
  1.3872003489E+006  2.7674608612E+014
  1.3889002588E+006  2.7703879968E+014
  1.3906002054E+006  2.7733194359E+014
  1.3923001959E+006  2.7762552993E+014
  1.3940002274E+006  2.7791957448E+014
  1.3957003035E+006  2.7821409863E+014
  1.3974002365E+006  2.7850909107E+014
  1.3991002133E+006  2.7880460564E+014
  1.4008002211E+006  2.7910066116E+014
  1.4025002698E+006  2.7939727960E+014
  1.4042003417E+006  2.7969447780E+014
  1.4059002655E+006  2.7999224522E+014
  1.4076002133E+006  2.8029063037E+014
  1.4093001918E+006  2.8058965175E+014
  1.4110001970E+006  2.8088932456E+014
  1.4127002370E+006  2.8118966473E+014
  1.4144003081E+006  2.8149068432E+014
  1.4161002395E+006  2.8179236396E+014
  1.4178002078E+006  2.8209474391E+014
  1.4195002231E+006  2.8239783318E+014
  1.4212002768E+006  2.8270163551E+014
  1.4229001932E+006  2.8300612296E+014
  1.4246003288E+006  2.8331136135E+014
  1.4263003212E+006  2.8361728611E+014
  1.4280003463E+006  2.8392392781E+014
  1.4297002196E+006  2.8423125076E+014
  1.4314003044E+006  2.8453931720E+014
  1.4331002322E+006  2.8484805622E+014
  1.4348001898E+006  2.8515749675E+014
  1.4365003559E+006  2.8546766633E+014
  1.4382001893E+006  2.8577846084E+014
  1.4399002392E+006  2.8608997545E+014
  1.4416003266E+006  2.8640217253E+014
  1.4433002708E+006  2.8671501413E+014
  1.4450002596E+006  2.8702853053E+014
  1.4467002856E+006  2.8734271674E+014
  1.4484003584E+006  2.8765757145E+014
  1.4501002830E+006  2.8797305585E+014
  1.4518002497E+006  2.8828916998E+014
  1.4535002456E+006  2.8860586503E+014
  1.4552002750E+006  2.8892313115E+014
  1.4569003311E+006  2.8924095736E+014
  1.4586002353E+006  2.8955930112E+014
  1.4603003445E+006  2.8987822075E+014
  1.4620003047E+006  2.9019764173E+014
  1.4637002898E+006  2.9051758890E+014
  1.4654003127E+006  2.9083805720E+014
  1.4671001842E+006  2.9115900368E+014
  1.4688002818E+006  2.9148049256E+014
  1.4705002322E+006  2.9180244640E+014
  1.4722002290E+006  2.9212489509E+014
  1.4739002615E+006  2.9244783000E+014
  1.4756003373E+006  2.9277124606E+014
  1.4773002656E+006  2.9309510051E+014
  1.4790002301E+006  2.9341942194E+014
  1.4807002244E+006  2.9374420279E+014
  1.4824002502E+006  2.9406943709E+014
  1.4841003004E+006  2.9439511724E+014
  1.4858002001E+006  2.9472120342E+014
  1.4875003037E+006  2.9504775739E+014
  1.4892002596E+006  2.9537470543E+014
  1.4909002430E+006  2.9570207516E+014
  1.4926002620E+006  2.9602986221E+014
  1.4943003173E+006  2.9635806084E+014
  1.4960002292E+006  2.9668663048E+014
  1.4977003636E+006  2.9701563609E+014
  1.4994003563E+006  2.9734500156E+014
  1.5011002057E+006  2.9767472085E+014
  1.5028002771E+006  2.9800485905E+014
  1.5045001989E+006  2.9833533845E+014
  1.5062003377E+006  2.9866622501E+014
  1.5079003233E+006  2.9899744154E+014
  1.5096003371E+006  2.9932901843E+014
  1.5113001956E+006  2.9966091505E+014
  1.5130002629E+006  2.9999319780E+014
  1.5147003581E+006  3.0032582688E+014
  1.5164002994E+006  3.0065876218E+014
  1.5181002751E+006  3.0099203619E+014
  1.5198002837E+006  3.0132564424E+014
  1.5215003315E+006  3.0165958345E+014
  1.5232002350E+006  3.0199381384E+014
  1.5249003611E+006  3.0232840360E+014
  1.5266003450E+006  3.0266327689E+014
  1.5283001850E+006  3.0299842911E+014
  1.5300002434E+006  3.0333392745E+014
  1.5317003362E+006  3.0366973136E+014
  1.5334002751E+006  3.0400579922E+014
  1.5351002466E+006  3.0434216347E+014
  1.5368002402E+006  3.0467881757E+014
  1.5385002635E+006  3.0501575847E+014
  1.5402003105E+006  3.0535298047E+014
  1.5419002051E+006  3.0569044400E+014
  1.5436003117E+006  3.0602821677E+014
  1.5453002700E+006  3.0636622250E+014
  1.5470002634E+006  3.0670449296E+014
  1.5487002966E+006  3.0704302433E+014
  1.5504001842E+006  3.0738177515E+014
  1.5521002981E+006  3.0772081523E+014
  1.5538002641E+006  3.0806006535E+014
  1.5555002704E+006  3.0839955836E+014
  1.5572003076E+006  3.0873928763E+014
  1.5589001978E+006  3.0907921280E+014
  1.5606002965E+006  3.0941940010E+014
  1.5623002420E+006  3.0975977223E+014
  1.5640002110E+006  3.1010035963E+014
  1.5657002079E+006  3.1044115841E+014
  1.5674002296E+006  3.1078216326E+014
  1.5691002829E+006  3.1112337089E+014
  1.5708001830E+006  3.1146473968E+014
  1.5725003022E+006  3.1180633991E+014
  1.5742002728E+006  3.1214809331E+014
  1.5759002864E+006  3.1249003429E+014
  1.5776003347E+006  3.1283215731E+014
  1.5793002437E+006  3.1317442342E+014
  1.5810001863E+006  3.1351686351E+014
  1.5827003488E+006  3.1385951130E+014
  1.5844003602E+006  3.1420228831E+014
  1.5861002200E+006  3.1454519082E+014
  1.5878002886E+006  3.1488828799E+014
  1.5895002027E+006  3.1523150321E+014
  1.5912003218E+006  3.1557490580E+014
  1.5929002893E+006  3.1591842072E+014
  1.5946002790E+006  3.1626208013E+014
  1.5963003031E+006  3.1660588383E+014
  1.5980003563E+006  3.1694982824E+014
  1.5997002650E+006  3.1729387610E+014
  1.6014002091E+006  3.1763806174E+014
  1.6031001923E+006  3.1798238372E+014
  1.6048002138E+006  3.1832683980E+014
  1.6065002736E+006  3.1867142782E+014
  1.6082001848E+006  3.1901610784E+014
  1.6099003151E+006  3.1936095236E+014
  1.6116002908E+006  3.1970588358E+014
  1.6133002981E+006  3.2005093721E+014
  1.6150003292E+006  3.2039610962E+014
  1.6167002065E+006  3.2074136259E+014
  1.6184002894E+006  3.2108676704E+014
  1.6201002180E+006  3.2143224787E+014
  1.6218003563E+006  3.2177787712E+014
  1.6235003434E+006  3.2212357924E+014
  1.6252003628E+006  3.2246938923E+014
  1.6269002356E+006  3.2281526824E+014
  1.6286003281E+006  3.2316128826E+014
  1.6303002759E+006  3.2350737252E+014
  1.6320002608E+006  3.2385355531E+014
  1.6337002835E+006  3.2419983407E+014
  1.6354003392E+006  3.2454620505E+014
  1.6371002469E+006  3.2489262889E+014
  1.6388001823E+006  3.2523913945E+014
  1.6405003290E+006  3.2558577163E+014
  1.6422003199E+006  3.2593244767E+014
  1.6439003344E+006  3.2627922158E+014
  1.6456001949E+006  3.2662620987E+014
  1.6473002613E+006  3.2697351284E+014
  1.6490003589E+006  3.2732108984E+014
  1.6507003039E+006  3.2766889877E+014
  1.6524002826E+006  3.2801697370E+014
  1.6541002967E+006  3.2836531107E+014
  1.6558003467E+006  3.2871390734E+014
  1.6575002522E+006  3.2906272199E+014
  1.6592001956E+006  3.2941178909E+014
  1.6609003543E+006  3.2976114170E+014
  1.6626001857E+006  3.3011066479E+014
  1.6643002263E+006  3.3046046515E+014
  1.6660003006E+006  3.3081050316E+014
  1.6677002154E+006  3.3116073543E+014
  1.6694003418E+006  3.3151123489E+014
  1.6711003081E+006  3.3186192137E+014
  1.6728003021E+006  3.3221283009E+014
  1.6745003210E+006  3.3256395705E+014
  1.6762001892E+006  3.3291526254E+014
  1.6779002671E+006  3.3326681772E+014
  1.6796001998E+006  3.3361854578E+014
  1.6813003465E+006  3.3397051764E+014
  1.6830003515E+006  3.3432265632E+014
  1.6847002059E+006  3.3467495654E+014
  1.6864002838E+006  3.3502749256E+014
  1.6881002094E+006  3.3538018336E+014
  1.6898003551E+006  3.3573310308E+014
  1.6915003443E+006  3.3608617058E+014
  1.6932001835E+006  3.3643938420E+014
  1.6949002282E+006  3.3679281487E+014
  1.6966003006E+006  3.3714642273E+014
  1.6983002132E+006  3.3750016583E+014
  1.7000003362E+006  3.3785411837E+014
  1.7017003014E+006  3.3820820085E+014
  1.7034002979E+006  3.3856244990E+014
  1.7051003219E+006  3.3891686203E+014
  1.7068002017E+006  3.3927139800E+014
  1.7085002941E+006  3.3962612802E+014
  1.7102002445E+006  3.3998097516E+014
  1.7119002281E+006  3.4033597339E+014
  1.7136002490E+006  3.4069112127E+014
  1.7153003033E+006  3.4104641580E+014
  1.7170002065E+006  3.4140181629E+014
  1.7187003241E+006  3.4175739692E+014
  1.7204002850E+006  3.4211307785E+014
  1.7221002724E+006  3.4246889512E+014
  1.7238002851E+006  3.4282484623E+014
  1.7255003220E+006  3.4318092857E+014
  1.7272002024E+006  3.4353710199E+014
  1.7289002912E+006  3.4389344049E+014
  1.7306002265E+006  3.4424986585E+014
  1.7323001946E+006  3.4460641464E+014
  1.7340001930E+006  3.4496308383E+014
  1.7357002302E+006  3.4531987278E+014
  1.7374002985E+006  3.4567677739E+014
  1.7391002250E+006  3.4603375889E+014
  1.7408003650E+006  3.4639088957E+014
  1.7425003596E+006  3.4674809164E+014
  1.7442001996E+006  3.4710536066E+014
  1.7459002541E+006  3.4746277161E+014
  1.7476003336E+006  3.4782028205E+014
  1.7493002588E+006  3.4817785169E+014
  1.7510002051E+006  3.4853551478E+014
  1.7527003621E+006  3.4889330869E+014
  1.7544003579E+006  3.4925115255E+014
  1.7561002020E+006  3.4960904573E+014
  1.7578002532E+006  3.4996706113E+014
  1.7595003394E+006  3.5032515991E+014
  1.7612002727E+006  3.5068329985E+014
  1.7629002439E+006  3.5104151864E+014
  1.7646002477E+006  3.5139981277E+014
  1.7663002892E+006  3.5175818085E+014
  1.7680003639E+006  3.5211661943E+014
  1.7697002893E+006  3.5247508745E+014
  1.7714002457E+006  3.5283362043E+014
  1.7731002303E+006  3.5319221520E+014
