  0.0000000000E+000  0.0000000000E+000
  1.7002042276E+003  2.7063899294E+034
  3.4003040287E+003  2.7064482704E+034
  5.1002960140E+003  2.7065061647E+034
  6.8002448114E+003  2.7065061647E+034
  8.5001881988E+003  2.7065061647E+034
  1.0200314450E+004  2.7065061647E+034
  1.1900307719E+004  2.7065061647E+034
  1.3600271153E+004  2.7065061647E+034
  1.5300259803E+004  2.7065061647E+034
  1.7000223257E+004  2.7065061647E+034
  1.8700241810E+004  2.7065061647E+034
  2.0400179141E+004  2.7065061647E+034
  2.2100303364E+004  2.7065061647E+034
  2.3800245007E+004  2.7065061647E+034
  2.5500175631E+004  2.7065636159E+034
  2.7200265797E+004  2.7065636159E+034
  2.8900299110E+004  2.7065636159E+034
  3.0600281904E+004  2.7065636159E+034
  3.2300316998E+004  2.7065636159E+034
  3.4000325292E+004  2.7065636159E+034
  3.5700245174E+004  2.7065636159E+034
  3.7400275524E+004  2.7065636159E+034
  3.9100291271E+004  2.7065636159E+034
  4.0800299604E+004  2.7065636159E+034
  4.2500197787E+004  2.7065636159E+034
  4.4200206355E+004  2.7065636159E+034
  4.5900175049E+004  2.7065636159E+034
  4.7600258314E+004  2.7065636159E+034
  4.9300237279E+004  2.7065636159E+034
  5.1000269895E+004  2.7065636159E+034
  5.2700290726E+004  2.7065636159E+034
  5.4400242436E+004  2.7065636159E+034
  5.6100248092E+004  2.7065636159E+034
  5.7800225470E+004  2.7065636159E+034
  5.9500277528E+004  2.7065636159E+034
  6.1200316900E+004  2.7065636159E+034
  6.2900197580E+004  2.7065636159E+034
  6.4600183331E+004  2.7065636159E+034
  6.6300219399E+004  2.7065636159E+034
  6.8000256294E+004  2.7065636159E+034
  6.9700326564E+004  2.7065636159E+034
  7.1400277832E+004  2.7065636159E+034
  7.3100257184E+004  2.7065636159E+034
  7.4800178987E+004  2.7065636159E+034
  7.6500183444E+004  2.7065636159E+034
  7.8200271300E+004  2.7065636159E+034
  7.9900172952E+004  2.7065636159E+034
  8.1600193739E+004  2.7065636159E+034
  8.3300321089E+004  2.7065636159E+034
  8.5000226809E+004  2.7065636159E+034
  8.6700311608E+004  2.7065636159E+034
  8.8400312858E+004  2.7065636159E+034
  9.0100232270E+004  2.7065636159E+034
  9.1800242915E+004  2.7065636159E+034
  9.3500302198E+004  2.7065636159E+034
  9.5200286769E+004  2.7065636159E+034
  9.6900326427E+004  2.7065636159E+034
  9.8600258028E+004  2.7065636159E+034
  1.0030021677E+005  2.7065636159E+034
  1.0200032783E+005  2.7065636159E+034
  1.0370026310E+005  2.7065636159E+034
  1.0540018541E+005  2.7065636159E+034
  1.0710022830E+005  2.7065636159E+034
  1.0880024192E+005  2.7065636159E+034
  1.1050020702E+005  2.7065636159E+034
  1.1220029716E+005  2.7065636159E+034
  1.1390020324E+005  2.7065636159E+034
  1.1560025410E+005  2.7065636159E+034
  1.1730032822E+005  2.7065636159E+034
  1.1900027629E+005  2.7065636159E+034
  1.2070031487E+005  2.7065636159E+034
  1.2240025263E+005  2.7065636159E+034
  1.2410025293E+005  2.7065636159E+034
  1.2580028732E+005  2.7065636159E+034
  1.2750019351E+005  2.7065636159E+034
  1.2920031318E+005  2.7065636159E+034
  1.3090029689E+005  2.7065636159E+034
  1.3260028222E+005  2.7065636159E+034
  1.3430024340E+005  2.7065636159E+034
  1.3600016891E+005  2.7065636159E+034
  1.3770023706E+005  2.7065636159E+034
  1.3940028800E+005  2.7065636159E+034
  1.4110031107E+005  2.7065636159E+034
  1.4280031127E+005  2.7065636159E+034
  1.4450028039E+005  2.7065636159E+034
  1.4620026757E+005  2.7065636159E+034
  1.4790028354E+005  2.7065636159E+034
  1.4960018177E+005  2.7065636159E+034
  1.5130030930E+005  2.7065636159E+034
  1.5300031737E+005  2.7065636159E+034
  1.5470021197E+005  2.7065636159E+034
  1.5640030651E+005  2.7065636159E+034
  1.5810026173E+005  2.7065636159E+034
  1.5980024703E+005  2.7065636159E+034
  1.6150025017E+005  2.7065636159E+034
  1.6320025741E+005  2.7065636159E+034
  1.6490024931E+005  2.7065636159E+034
  1.6660020425E+005  2.7065636159E+034
  1.6830029959E+005  2.7065636159E+034
  1.7000020935E+005  2.7065636159E+034
  1.7170028099E+005  2.7065636159E+034
  1.7340017772E+005  2.7065636159E+034
  1.7510022665E+005  2.7065636159E+034
  1.7680029156E+005  2.7065636159E+034
  1.7850021671E+005  2.7065636159E+034
  1.8020020310E+005  2.7065636159E+034
  1.8190023640E+005  2.7065636159E+034
  1.8360031366E+005  2.7065636159E+034
  1.8530026046E+005  2.7065636159E+034
  1.8700023320E+005  2.7065636159E+034
  1.8870023783E+005  2.7065636159E+034
  1.9040025716E+005  2.7065636159E+034
  1.9210028301E+005  2.7065636159E+034
  1.9380030969E+005  2.7065636159E+034
  1.9550031567E+005  2.7065636159E+034
  1.9720030247E+005  2.7065636159E+034
  1.9890027026E+005  2.7065636159E+034
  2.0060021496E+005  2.7065636159E+034
  2.0230032874E+005  2.7065636159E+034
  2.0400027154E+005  2.7065636159E+034
  2.0570022648E+005  2.7065636159E+034
  2.0740019272E+005  2.7065636159E+034
  2.0910019249E+005  2.7065636159E+034
  2.1080023757E+005  2.7065636159E+034
  2.1250016625E+005  2.7065636159E+034
  2.1420030378E+005  2.7065636159E+034
  2.1590029908E+005  2.7065636159E+034
  2.1760031540E+005  2.7065636159E+034
  2.1930018409E+005  2.7065636159E+034
  2.2100023168E+005  2.7065636159E+034
  2.2270028500E+005  2.7065636159E+034
  2.2440017014E+005  2.7065636159E+034
  2.2610019754E+005  2.7065636159E+034
  2.2780021303E+005  2.7065636159E+034
  2.2950020571E+005  2.7065636159E+034
  2.3120019398E+005  2.7065636159E+034
  2.3290017714E+005  2.7065636159E+034
  2.3460016776E+005  2.7065636159E+034
  2.3630018084E+005  2.7065636159E+034
  2.3800021202E+005  2.7065636159E+034
  2.3970028006E+005  2.7065636159E+034
  2.4140021647E+005  2.7065636159E+034
  2.4310018968E+005  2.7065636159E+034
  2.4480020365E+005  2.7065636159E+034
  2.4650024171E+005  2.7065636159E+034
  2.4820029703E+005  2.7065636159E+034
  2.4990019943E+005  2.7065636159E+034
  2.5160026645E+005  2.7065636159E+034
  2.5330017605E+005  2.7065636159E+034
  2.5500023999E+005  2.7065636159E+034
  2.5670029631E+005  2.7065636159E+034
  2.5840016983E+005  2.7065636159E+034
  2.6010019310E+005  2.7065636159E+034
  2.6180021609E+005  2.7065636159E+034
  2.6350023931E+005  2.7065636159E+034
  2.6520028158E+005  2.7065636159E+034
  2.6690017708E+005  2.7065636159E+034
  2.6860026503E+005  2.7065636159E+034
  2.7030022013E+005  2.7065636159E+034
  2.7200020678E+005  2.7065636159E+034
  2.7370022599E+005  2.7065636159E+034
  2.7540027369E+005  2.7065636159E+034
  2.7710018067E+005  2.7065636159E+034
  2.7880027269E+005  2.7065636159E+034
  2.8050019998E+005  2.7065636159E+034
  2.8220029235E+005  2.7065636159E+034
  2.8390021449E+005  2.7065636159E+034
  2.8560029174E+005  2.7065636159E+034
  2.8730020551E+005  2.7065636159E+034
  2.8900027102E+005  2.7065636159E+034
  2.9070032893E+005  2.7065636159E+034
  2.9240021718E+005  2.7065636159E+034
  2.9410027605E+005  2.7065636159E+034
  2.9580019077E+005  2.7065636159E+034
  2.9750029605E+005  2.7065636159E+034
  2.9920026651E+005  2.7065636159E+034
  3.0090026572E+005  2.7065636159E+034
  3.0260029266E+005  2.7065636159E+034
  3.0430018310E+005  2.7065636159E+034
  3.0600026097E+005  2.7065636159E+034
  3.0770019424E+005  2.7065636159E+034
  3.0940030888E+005  2.7065636159E+034
  3.1110025796E+005  2.7065636159E+034
  3.1280020887E+005  2.7065636159E+034
  3.1450031212E+005  2.7065636159E+034
  3.1620024497E+005  2.7065636159E+034
  3.1790017334E+005  2.7065636159E+034
  3.1960026302E+005  2.7065636159E+034
  3.2130018798E+005  2.7065636159E+034
  3.2300027326E+005  2.7065636159E+034
  3.2470020548E+005  2.7065636159E+034
  3.2640032240E+005  2.7065636159E+034
  3.2810030264E+005  2.7065636159E+034
  3.2980031866E+005  2.7065636159E+034
  3.3150019402E+005  2.7065636159E+034
  3.3320025780E+005  2.7065636159E+034
  3.3490018023E+005  2.7065636159E+034
  3.3660028247E+005  2.7065636159E+034
  3.3830024252E+005  2.7065636159E+034
  3.4000020929E+005  2.7065636159E+034
  3.4170018182E+005  2.7065636159E+034
  3.4340031399E+005  2.7065636159E+034
  3.4510026893E+005  2.7065636159E+034
  3.4680021952E+005  2.7065636159E+034
  3.4850032724E+005  2.7065636159E+034
  3.5020027373E+005  2.7065636159E+034
  3.5190022402E+005  2.7065636159E+034
  3.5360017978E+005  2.7065636159E+034
  3.5530031327E+005  2.7065636159E+034
  3.5700030012E+005  2.7065636159E+034
  3.5870031397E+005  2.7065636159E+034
  3.6040019521E+005  2.7065636159E+034
  3.6210026860E+005  2.7065636159E+034
  3.6380020272E+005  2.7065636159E+034
  3.6550031556E+005  2.7065636159E+034
  3.6720027904E+005  2.7065636159E+034
  3.6890025610E+005  2.7065636159E+034
  3.7060023722E+005  2.7065636159E+034
  3.7230022562E+005  2.7065636159E+034
  3.7400020547E+005  2.7065636159E+034
  3.7570017777E+005  2.7065636159E+034
  3.7740030934E+005  2.7065636159E+034
  3.7910027042E+005  2.7065636159E+034
  3.8080023662E+005  2.7065636159E+034
  3.8250021015E+005  2.7065636159E+034
  3.8420019567E+005  2.7065636159E+034
  3.8590019827E+005  2.7065636159E+034
  3.8760021779E+005  2.7065636159E+034
  3.8930026428E+005  2.7065636159E+034
  3.9100017312E+005  2.7065636159E+034
  3.9270027310E+005  2.7065636159E+034
  3.9440023469E+005  2.7065636159E+034
  3.9610020646E+005  2.7065636159E+034
  3.9780019156E+005  2.7065636159E+034
  3.9950018086E+005  2.7065636159E+034
  4.0120017400E+005  2.7065636159E+034
  4.0290017064E+005  2.7065636159E+034
  4.0460032797E+005  2.7065636159E+034
  4.0630031830E+005  2.7065636159E+034
  4.0800029996E+005  2.7065636159E+034
  4.0970027948E+005  2.7065636159E+034
  4.1140026415E+005  2.7065636159E+034
  4.1310025680E+005  2.7065636159E+034
  4.1480026870E+005  2.7065636159E+034
  4.1650030104E+005  2.7065636159E+034
  4.1820018780E+005  2.7065636159E+034
  4.1990026589E+005  2.7065636159E+034
  4.2160019770E+005  2.7065636159E+034
  4.2330032098E+005  2.7065636159E+034
  4.2500029817E+005  2.7065636159E+034
  4.2670029140E+005  2.7065636159E+034
  4.2840029516E+005  2.7065636159E+034
  4.3010029829E+005  2.7065636159E+034
  4.3180030408E+005  2.7065636159E+034
  4.3350030805E+005  2.7065636159E+034
  4.3520031050E+005  2.7065636159E+034
  4.3690031284E+005  2.7065636159E+034
  4.3860031120E+005  2.7065636159E+034
  4.4030030865E+005  2.7065636159E+034
  4.4200031219E+005  2.7065636159E+034
  4.4370032624E+005  2.7065636159E+034
  4.4540019580E+005  2.7065636159E+034
  4.4710025160E+005  2.7065636159E+034
  4.4880016649E+005  2.7065636159E+034
  4.5050026793E+005  2.7065636159E+034
  4.5220022231E+005  2.7065636159E+034
  4.5390019892E+005  2.7065636159E+034
  4.5560018946E+005  2.7065636159E+034
  4.5730019674E+005  2.7065636159E+034
  4.5900021344E+005  2.7065636159E+034
  4.6070023081E+005  2.7065636159E+034
  4.6240024749E+005  2.7065636159E+034
  4.6410025875E+005  2.7065636159E+034
  4.6580026790E+005  2.7065636159E+034
  4.6750027924E+005  2.7065636159E+034
  4.6920029138E+005  2.7065636159E+034
  4.7090030985E+005  2.7065636159E+034
  4.7260016806E+005  2.7065636159E+034
  4.7430020312E+005  2.7065636159E+034
  4.7600025967E+005  2.7065636159E+034
  4.7770016941E+005  2.7065636159E+034
  4.7940027278E+005  2.7065636159E+034
  4.8110022974E+005  2.7065636159E+034
  4.8280020697E+005  2.7065636159E+034
  4.8450020126E+005  2.7065636159E+034
  4.8620020731E+005  2.7065636159E+034
  4.8790022572E+005  2.7065636159E+034
  4.8960024911E+005  2.7065636159E+034
  4.9130027628E+005  2.7065636159E+034
  4.9300030299E+005  2.7065636159E+034
  4.9470032419E+005  2.7065636159E+034
  4.9640017885E+005  2.7065636159E+034
  4.9810019760E+005  2.7065636159E+034
  4.9980021995E+005  2.7065636159E+034
  5.0150025295E+005  2.7065636159E+034
  5.0320029353E+005  2.7065636159E+034
  5.0490018560E+005  2.7065636159E+034
  5.0660025835E+005  2.7065636159E+034
  5.0830018835E+005  2.7065636159E+034
  5.1000030783E+005  2.7065636159E+034
  5.1170028129E+005  2.7065636159E+034
  5.1340027641E+005  2.7065636159E+034
  5.1510028361E+005  2.7065636159E+034
  5.1680030140E+005  2.7065636159E+034
  5.1850032734E+005  2.7039611179E+034
  5.2020019016E+005  2.7041901517E+034
  5.2190022014E+005  2.7043399340E+034
  5.2360025119E+005  2.7044874321E+034
  5.2530028004E+005  2.7046326808E+034
  5.2700030876E+005  2.7047044723E+034
  5.2870017014E+005  2.7047757144E+034
  5.3040020088E+005  2.7048464111E+034
  5.3210024132E+005  2.7048464111E+034
  5.3380029509E+005  2.7047757144E+034
  5.3550020502E+005  2.7047757144E+034
  5.3720029621E+005  2.7047044723E+034
  5.3890024309E+005  2.7046326808E+034
  5.4060020860E+005  2.7045603354E+034
  5.4230019254E+005  2.7044874321E+034
  5.4400019536E+005  2.7045603354E+034
  5.4570021215E+005  2.7048464111E+034
  5.4740023887E+005  2.7049861854E+034
  5.4910027121E+005  2.7050552711E+034
  5.5080030283E+005  2.7050552711E+034
  5.5250017112E+005  2.7051238280E+034
  5.5420020263E+005  2.7050552711E+034
  5.5590023492E+005  2.7051918601E+034
  5.5760027113E+005  2.7051238280E+034
  5.5930030558E+005  2.7051238280E+034
  5.6100018329E+005  2.7052593715E+034
  5.6270023293E+005  2.7051238280E+034
  5.6440029871E+005  2.7051238280E+034
  5.6610022018E+005  2.7051238280E+034
  5.6780032660E+005  2.7052593715E+034
  5.6950028971E+005  2.7051918601E+034
  5.7120026754E+005  2.7051238280E+034
  5.7290026143E+005  2.7051238280E+034
  5.7460027129E+005  2.7050552711E+034
  5.7630029252E+005  2.7051918601E+034
  5.7800032582E+005  2.7052593715E+034
  5.7970019825E+005  2.7051918601E+034
  5.8140023440E+005  2.7051238280E+034
  5.8310027048E+005  2.7050552711E+034
  5.8480030258E+005  2.7050552711E+034
  5.8650017252E+005  2.7049861854E+034
  5.8820021078E+005  2.7049861854E+034
  5.8990025550E+005  2.7049861854E+034
  5.9160030953E+005  2.7052593715E+034
  5.9330020565E+005  2.7051238280E+034
  5.9500028411E+005  2.7050552711E+034
  5.9670021367E+005  2.7049861854E+034
  5.9840016526E+005  2.7049861854E+034
  6.0010030413E+005  2.7049165668E+034
  6.0180029444E+005  2.7049165668E+034
  6.0350029896E+005  2.7048464111E+034
  6.0520031503E+005  2.7047757144E+034
  6.0690017431E+005  2.7047757144E+034
  6.0860020854E+005  2.7047757144E+034
  6.1030024575E+005  2.7047044723E+034
  6.1200028518E+005  2.7047044723E+034
  6.1370032399E+005  2.7047044723E+034
  6.1540019379E+005  2.7047757144E+034
  6.1710023258E+005  2.7048464111E+034
  6.1880027307E+005  2.7047044723E+034
  6.2050032243E+005  2.7046326808E+034
  6.2220021806E+005  2.7046326808E+034
  6.2390029119E+005  2.7045603354E+034
  6.2560021501E+005  2.7044874321E+034
  6.2730032064E+005  2.7044874321E+034
  6.2900027996E+005  2.7044139664E+034
  6.3070025983E+005  2.7044139664E+034
  6.3240025619E+005  2.7043399340E+034
  6.3410026913E+005  2.7043399340E+034
  6.3580029060E+005  2.7043399340E+034
  6.3750031770E+005  2.7042653306E+034
  6.3920018624E+005  2.7042653306E+034
  6.4090022003E+005  2.7041901517E+034
  6.4260025846E+005  2.7041901517E+034
  6.4430029652E+005  2.7041901517E+034
  6.4600016974E+005  2.7041143930E+034
  6.4770021096E+005  2.7041143930E+034
  6.4940025330E+005  2.7040380499E+034
  6.5110030612E+005  2.7040380499E+034
  6.5280020361E+005  2.7039611179E+034
  6.5450028222E+005  2.7039611179E+034
  6.5620021484E+005  2.7039611179E+034
  6.5790032885E+005  2.7038835925E+034
  6.5960029561E+005  2.7038835925E+034
  6.6130027864E+005  2.7038054692E+034
  6.6300027514E+005  2.7038054692E+034
  6.6470028745E+005  2.7038054692E+034
  6.6640030821E+005  2.7037267432E+034
  6.6810017257E+005  2.7037267432E+034
  6.6980020456E+005  2.7038054692E+034
  6.7150023607E+005  2.7038054692E+034
  6.7320026996E+005  2.7037267432E+034
  6.7490030268E+005  2.7036474100E+034
  6.7660017440E+005  2.7035674649E+034
  6.7830021527E+005  2.7034869031E+034
  6.8000026115E+005  2.7034869031E+034
  6.8170031620E+005  2.7034057199E+034
  6.8340021704E+005  2.7033239105E+034
  6.8510029907E+005  2.7033239105E+034
  6.8680023427E+005  2.7032414701E+034
  6.8850018752E+005  2.7032414701E+034
  6.9020032534E+005  2.7031583937E+034
  6.9190031139E+005  2.7031583937E+034
  6.9360031023E+005  2.7030746766E+034
  6.9530032077E+005  2.7030746766E+034
  6.9700017293E+005  2.7029903137E+034
  6.9870019987E+005  2.7029903137E+034
  7.0040023007E+005  2.7029053002E+034
  7.0210026091E+005  2.7029053002E+034
  7.0380029174E+005  2.7028196308E+034
  7.0550032104E+005  2.7028196308E+034
  7.0720018856E+005  2.7027333007E+034
  7.0890022715E+005  2.7027333007E+034
  7.1060027419E+005  2.7026463046E+034
  7.1230016908E+005  2.7026463046E+034
  7.1400023986E+005  2.7025586375E+034
  7.1570032592E+005  2.7025586375E+034
  7.1740026370E+005  2.7024702942E+034
  7.1910021744E+005  2.7024702942E+034
  7.2080019194E+005  2.7023812695E+034
  7.2250018014E+005  2.7023812695E+034
  7.2420018226E+005  2.7022915581E+034
  7.2590019246E+005  2.7022915581E+034
  7.2760020756E+005  2.7022915581E+034
  7.2930022898E+005  2.7022011547E+034
  7.3100025203E+005  2.7022011547E+034
  7.3270027894E+005  2.7021100540E+034
  7.3440030766E+005  2.7021100540E+034
  7.3610017005E+005  2.7020182506E+034
  7.3780020188E+005  2.7020182506E+034
  7.3950023819E+005  2.7020182506E+034
  7.4120028430E+005  2.7019257391E+034
  7.4290017921E+005  2.7019257391E+034
  7.4460025243E+005  2.7018325140E+034
  7.4630017829E+005  2.7018325140E+034
  7.4800028287E+005  2.7017385698E+034
  7.4970023860E+005  2.7017385698E+034
  7.5140021104E+005  2.7016439010E+034
  7.5310019625E+005  2.7016439010E+034
  7.5480019667E+005  2.7016439010E+034
  7.5650020480E+005  2.7015485019E+034
  7.5820021788E+005  2.7015485019E+034
  7.5990023373E+005  2.7014523670E+034
  7.6160025006E+005  2.7014523670E+034
  7.6330026907E+005  2.7013554906E+034
  7.6500029069E+005  2.7013554906E+034
  7.6670031523E+005  2.7013554906E+034
  7.6840017993E+005  2.7012578669E+034
  7.7010021376E+005  2.7012578669E+034
  7.7180025781E+005  2.7011594903E+034
  7.7350031479E+005  2.7011594903E+034
  7.7520022075E+005  2.7010603548E+034
  7.7690031125E+005  2.7010603548E+034
  7.7860025176E+005  2.7010603548E+034
  7.8030020893E+005  2.7009604546E+034
  7.8200017947E+005  2.7009604546E+034
  7.8370032679E+005  2.7008597838E+034
  7.8540031986E+005  2.7008597838E+034
  7.8710031990E+005  2.7008597838E+034
  7.8880032635E+005  2.7007583366E+034
  7.9050017207E+005  2.7007583366E+034
  7.9220018213E+005  2.7006561068E+034
  7.9390019445E+005  2.7006561068E+034
  7.9560020750E+005  2.7006561068E+034
  7.9730022388E+005  2.7005530885E+034
  7.9900024864E+005  2.7005530885E+034
  8.0070027975E+005  2.7004492756E+034
  8.0240032370E+005  2.7004492756E+034
  8.0410021320E+005  2.7004492756E+034
  8.0580028288E+005  2.7003446619E+034
  8.0750020467E+005  2.7003446619E+034
  8.0920030623E+005  2.7002392413E+034
  8.1090026046E+005  2.7002392413E+034
  8.1260022783E+005  2.7002392413E+034
  8.1430020541E+005  2.7001330075E+034
  8.1600019241E+005  2.7001330075E+034
  8.1770018372E+005  2.7000259543E+034
  8.1940018022E+005  2.7000259543E+034
  8.2110018055E+005  2.7000259543E+034
  8.2280018272E+005  2.6999180754E+034
  8.2450018929E+005  2.6999180754E+034
  8.2620019451E+005  2.6998093643E+034
  8.2790020435E+005  2.6998093643E+034
  8.2960021980E+005  2.6998093643E+034
  8.3130024436E+005  2.6996998147E+034
  8.3300028418E+005  2.6996998147E+034
  8.3470017158E+005  2.6995894201E+034
  8.3640024040E+005  2.6995894201E+034
  8.3810032312E+005  2.6995894201E+034
  8.3980025424E+005  2.6994781740E+034
  8.4150020091E+005  2.6994781740E+034
  8.4320032534E+005  2.6993660698E+034
  8.4490029673E+005  2.6993660698E+034
  8.4660027733E+005  2.6993660698E+034
  8.4830026077E+005  2.6992531009E+034
  8.5000024817E+005  2.6992531009E+034
  8.5170023665E+005  2.6991392606E+034
  8.5340022713E+005  2.6991392606E+034
  8.5510022238E+005  2.6991392606E+034
  8.5680022012E+005  2.6990245423E+034
  8.5850022426E+005  2.6990245423E+034
  8.6020023346E+005  2.6990245423E+034
  8.6190025242E+005  2.6989089390E+034
  8.6360028477E+005  2.6989089390E+034
  8.6530016620E+005  2.6987924441E+034
  8.6700023023E+005  2.6987924441E+034
  8.6870030983E+005  2.6987924441E+034
  8.7040023680E+005  2.6986750506E+034
  8.7210017754E+005  2.6986750506E+034
  8.7380029418E+005  2.6986750506E+034
  8.7550025555E+005  2.6985567515E+034
  8.7720022546E+005  2.6985567515E+034
  8.7890019948E+005  2.6984375400E+034
  8.8060017857E+005  2.6984375400E+034
  8.8230032221E+005  2.6984375400E+034
  8.8400030264E+005  2.6983174090E+034
  8.8570028609E+005  2.6983174090E+034
  8.8740027304E+005  2.6983174090E+034
  8.8910026877E+005  2.6981963513E+034
  8.9080027271E+005  2.6981963513E+034
  8.9250028697E+005  2.6980743599E+034
  8.9420031409E+005  2.6980743599E+034
  8.9590018865E+005  2.6980743599E+034
  8.9760024500E+005  2.6979514275E+034
  8.9930031640E+005  2.6979514275E+034
  9.0100023649E+005  2.6979514275E+034
  9.0270017158E+005  2.6978275469E+034
  9.0440027991E+005  2.6978275469E+034
  9.0610023224E+005  2.6978275469E+034
  9.0780018960E+005  2.6978275469E+034
  9.0950031522E+005  2.6977027107E+034
  9.1120028052E+005  2.6977027107E+034
  9.1290024712E+005  2.6977027107E+034
  9.1460021839E+005  2.6975769116E+034
  9.1630019143E+005  2.6975769116E+034
  9.1800016785E+005  2.6974501422E+034
  9.1970031701E+005  2.6974501422E+034
  9.2140030928E+005  2.6973223949E+034
  9.2310031477E+005  2.6973223949E+034
  9.2480017003E+005  2.6971936623E+034
  9.2650020345E+005  2.6971936623E+034
  9.2820025249E+005  2.6971936623E+034
  9.2990031394E+005  2.6970639367E+034
  9.3160022373E+005  2.6970639367E+034
  9.3330031206E+005  2.6969332105E+034
  9.3500024423E+005  2.6969332105E+034
  9.3670018631E+005  2.6969332105E+034
  9.3840029659E+005  2.6968014759E+034
  9.4010024432E+005  2.6968014759E+034
  9.4180019471E+005  2.6966687252E+034
  9.4350031196E+005  2.6966687252E+034
  9.4520026884E+005  2.6966687252E+034
  9.4690023043E+005  2.6965349506E+034
  9.4860019706E+005  2.6965349506E+034
  9.5030017105E+005  2.6964001441E+034
  9.5200031814E+005  2.6964001441E+034
  9.5370031225E+005  2.6964001441E+034
  9.5540032130E+005  2.6962642978E+034
  9.5710017930E+005  2.6962642978E+034
  9.5880022013E+005  2.6961274036E+034
  9.6050027199E+005  2.6961274036E+034
  9.6220017071E+005  2.6961274036E+034
  9.6390024519E+005  2.6959894535E+034
  9.6560032773E+005  2.6959894535E+034
  9.6730025356E+005  2.6958504393E+034
  9.6900018392E+005  2.6958504393E+034
  9.7070028381E+005  2.6958504393E+034
  9.7240022043E+005  2.6957103529E+034
  9.7410032298E+005  2.6957103529E+034
  9.7580026413E+005  2.6955691859E+034
  9.7750020929E+005  2.6955691859E+034
  9.7920032625E+005  2.6955691859E+034
  9.8090028848E+005  2.6954269301E+034
  9.8260025902E+005  2.6954269301E+034
  9.8430024332E+005  2.6952835770E+034
  9.8600024006E+005  2.6952835770E+034
  9.8770025081E+005  2.6952835770E+034
  9.8940027743E+005  2.6951391181E+034
  9.9110031555E+005  2.6951391181E+034
  9.9280020241E+005  2.6949935449E+034
  9.9450026373E+005  2.6949935449E+034
  9.9620016679E+005  2.6949935449E+034
  9.9790024212E+005  2.6948468489E+034
  9.9960032026E+005  2.6948468489E+034
  1.0013002369E+006  2.6946990214E+034
  1.0030003226E+006  2.6946990214E+034
  1.0047002453E+006  2.6946990214E+034
  1.0064001728E+006  2.6945500536E+034
  1.0081002684E+006  2.6945500536E+034
  1.0098002051E+006  2.6943999367E+034
  1.0115003168E+006  2.6943999367E+034
  1.0132002738E+006  2.6943999367E+034
  1.0149002468E+006  2.6942486620E+034
  1.0166002326E+006  2.6942486620E+034
  1.0183002324E+006  2.6942486620E+034
  1.0200002449E+006  2.6940962204E+034
  1.0217002686E+006  2.6940962204E+034
  1.0234003048E+006  2.6939426029E+034
  1.0251001853E+006  2.6939426029E+034
  1.0268002397E+006  2.6939426029E+034
  1.0285003006E+006  2.6937878006E+034
  1.0302001978E+006  2.6937878006E+034
  1.0319002630E+006  2.6937878006E+034
  1.0336003308E+006  2.6936318041E+034
  1.0353002353E+006  2.6936318041E+034
  1.0370003123E+006  2.6934746044E+034
  1.0387002289E+006  2.6934746044E+034
  1.0404003189E+006  2.6934746044E+034
  1.0421002521E+006  2.6933161922E+034
  1.0438001954E+006  2.6933161922E+034
  1.0455003188E+006  2.6931565581E+034
  1.0472002903E+006  2.6931565581E+034
  1.0489002770E+006  2.6931565581E+034
  1.0506002775E+006  2.6929956926E+034
  1.0523002880E+006  2.6929956926E+034
  1.0540003090E+006  2.6928335863E+034
  1.0557001728E+006  2.6928335863E+034
  1.0574002086E+006  2.6928335863E+034
  1.0591002515E+006  2.6926702297E+034
  1.0608002966E+006  2.6926702297E+034
  1.0625001805E+006  2.6926702297E+034
  1.0642002311E+006  2.6925056129E+034
  1.0659002841E+006  2.6925056129E+034
  1.0676001776E+006  2.6923397265E+034
  1.0693002416E+006  2.6923397265E+034
  1.0710003160E+006  2.6923397265E+034
  1.0727002353E+006  2.6921725604E+034
  1.0744001659E+006  2.6921725604E+034
  1.0761002754E+006  2.6921725604E+034
  1.0778002314E+006  2.6920041050E+034
  1.0795002015E+006  2.6920041050E+034
  1.0812001848E+006  2.6918343502E+034
  1.0829001789E+006  2.6918343502E+034
  1.0846001852E+006  2.6918343502E+034
  1.0863001978E+006  2.6916632860E+034
  1.0880002161E+006  2.6916632860E+034
  1.0897002392E+006  2.6914909023E+034
  1.0914002635E+006  2.6914909023E+034
  1.0931002929E+006  2.6914909023E+034
  1.0948003249E+006  2.6913171889E+034
  1.0965001969E+006  2.6913171889E+034
  1.0982002395E+006  2.6913171889E+034
  1.0999002871E+006  2.6911421357E+034
  1.1016001785E+006  2.6911421357E+034
  1.1033002454E+006  2.6909657321E+034
  1.1050003253E+006  2.6909657321E+034
  1.1067002548E+006  2.6909657321E+034
  1.1084001969E+006  2.6907879679E+034
  1.1101003177E+006  2.6907879679E+034
  1.1118002840E+006  2.6907879679E+034
  1.1135002599E+006  2.6906088325E+034
  1.1152002466E+006  2.6906088325E+034
  1.1169002399E+006  2.6904283154E+034
  1.1186002406E+006  2.6904283154E+034
  1.1203002448E+006  2.6904283154E+034
  1.1220002506E+006  2.6902464059E+034
  1.1237002596E+006  2.6902464059E+034
  1.1254002711E+006  2.6902464059E+034
  1.1271002880E+006  2.6900630932E+034
  1.1288003120E+006  2.6900630932E+034
  1.1305001779E+006  2.6898783665E+034
  1.1322002186E+006  2.6898783665E+034
  1.1339002692E+006  2.6898783665E+034
  1.1356001658E+006  2.6896922150E+034
  1.1373002430E+006  2.6896922150E+034
  1.1390001670E+006  2.6896922150E+034
  1.1407002713E+006  2.6895046276E+034
  1.1424002214E+006  2.6895046276E+034
  1.1441001802E+006  2.6893155933E+034
  1.1458003135E+006  2.6893155933E+034
  1.1475002865E+006  2.6893155933E+034
  1.1492002655E+006  2.6891251009E+034
  1.1509002488E+006  2.6891251009E+034
  1.1526002349E+006  2.6891251009E+034
  1.1543002255E+006  2.6889331391E+034
  1.1560002183E+006  2.6889331391E+034
  1.1577002152E+006  2.6887396967E+034
  1.1594002187E+006  2.6887396967E+034
  1.1611002286E+006  2.6887396967E+034
  1.1628002506E+006  2.6885447621E+034
  1.1645002839E+006  2.6885447621E+034
  1.1662003300E+006  2.6885447621E+034
  1.1679002243E+006  2.6883483239E+034
  1.1696002946E+006  2.6883483239E+034
  1.1713002134E+006  2.6881503706E+034
  1.1730003072E+006  2.6881503706E+034
  1.1747002459E+006  2.6881503706E+034
  1.1764001939E+006  2.6879508903E+034
  1.1781003125E+006  2.6879508903E+034
  1.1798002704E+006  2.6879508903E+034
  1.1815002309E+006  2.6877498713E+034
  1.1832001936E+006  2.6877498713E+034
  1.1849003266E+006  2.6877498713E+034
  1.1866002979E+006  2.6875473018E+034
  1.1883002756E+006  2.6875473018E+034
  1.1900002599E+006  2.6875473018E+034
  1.1917002505E+006  2.6873431698E+034
  1.1934002524E+006  2.6873431698E+034
  1.1951002646E+006  2.6871374633E+034
  1.1968002910E+006  2.6871374633E+034
  1.1985001661E+006  2.6871374633E+034
  1.2002002186E+006  2.6869301700E+034
  1.2019002830E+006  2.6869301700E+034
  1.2036001905E+006  2.6869301700E+034
  1.2053002723E+006  2.6867212778E+034
  1.2070001966E+006  2.6867212778E+034
  1.2087002921E+006  2.6867212778E+034
  1.2104002279E+006  2.6865107744E+034
  1.2121001673E+006  2.6865107744E+034
  1.2138002737E+006  2.6862986472E+034
  1.2155002184E+006  2.6862986472E+034
  1.2172001660E+006  2.6862986472E+034
  1.2189002860E+006  2.6860848838E+034
  1.2206002485E+006  2.6860848838E+034
  1.2223002199E+006  2.6860848838E+034
  1.2240002030E+006  2.6858694716E+034
  1.2257001962E+006  2.6858694716E+034
  1.2274002021E+006  2.6858694716E+034
  1.2291002210E+006  2.6856523978E+034
  1.2308002514E+006  2.6856523978E+034
  1.2325002944E+006  2.6856523978E+034
  1.2342001819E+006  2.6854336496E+034
  1.2359002429E+006  2.6854336496E+034
  1.2376003115E+006  2.6852132141E+034
  1.2393002181E+006  2.6852132141E+034
  1.2410002952E+006  2.6852132141E+034
  1.2427002100E+006  2.6849910783E+034
  1.2444002931E+006  2.6849910783E+034
  1.2461002166E+006  2.6849910783E+034
  1.2478003087E+006  2.6847672291E+034
  1.2495002416E+006  2.6847672291E+034
  1.2512001815E+006  2.6847672291E+034
  1.2529002957E+006  2.6845416533E+034
  1.2546002567E+006  2.6845416533E+034
  1.2563002297E+006  2.6845416533E+034
  1.2580002164E+006  2.6843143375E+034
  1.2597002154E+006  2.6843143375E+034
  1.2614002242E+006  2.6843143375E+034
  1.2631002447E+006  2.6840852683E+034
  1.2648002736E+006  2.6840852683E+034
  1.2665003112E+006  2.6840852683E+034
  1.2682001917E+006  2.6838544322E+034
  1.2699002414E+006  2.6838544322E+034
  1.2716002958E+006  2.6836218155E+034
  1.2733001858E+006  2.6836218155E+034
  1.2750002445E+006  2.6836218155E+034
  1.2767003082E+006  2.6833874046E+034
  1.2784002112E+006  2.6833874046E+034
  1.2801002883E+006  2.6833874046E+034
  1.2818002077E+006  2.6831511856E+034
  1.2835003010E+006  2.6831511856E+034
  1.2852002400E+006  2.6831511856E+034
  1.2869001902E+006  2.6829131445E+034
  1.2886003190E+006  2.6829131445E+034
  1.2903002956E+006  2.6829131445E+034
  1.2920002828E+006  2.6826732673E+034
  1.2937002818E+006  2.6826732673E+034
  1.2954002879E+006  2.6826732673E+034
  1.2971003016E+006  2.6824315399E+034
  1.2988003215E+006  2.6824315399E+034
  1.3005001796E+006  2.6824315399E+034
  1.3022002083E+006  2.6821879479E+034
  1.3039002401E+006  2.6821879479E+034
  1.3056002754E+006  2.6821879479E+034
  1.3073003150E+006  2.6819424769E+034
  1.3090001934E+006  2.6819424769E+034
  1.3107002448E+006  2.6819424769E+034
  1.3124003050E+006  2.6816951126E+034
  1.3141002094E+006  2.6816951126E+034
  1.3158002925E+006  2.6816951126E+034
  1.3175002208E+006  2.6814458402E+034
  1.3192003268E+006  2.6814458402E+034
  1.3209002790E+006  2.6814458402E+034
  1.3226002412E+006  2.6811946451E+034
  1.3243002148E+006  2.6811946451E+034
  1.3260001965E+006  2.6811946451E+034
  1.3277001865E+006  2.6809415124E+034
  1.3294001818E+006  2.6809415124E+034
  1.3311001798E+006  2.6809415124E+034
  1.3328001815E+006  2.6806864272E+034
  1.3345001862E+006  2.6806864272E+034
  1.3362001948E+006  2.6806864272E+034
  1.3379002102E+006  2.6804293744E+034
  1.3396002311E+006  2.6804293744E+034
  1.3413002593E+006  2.6804293744E+034
  1.3430002956E+006  2.6801703389E+034
  1.3447001753E+006  2.6801703389E+034
  1.3464002336E+006  2.6801703389E+034
  1.3481003032E+006  2.6799093053E+034
  1.3498002212E+006  2.6799093053E+034
  1.3515003166E+006  2.6799093053E+034
  1.3532002554E+006  2.6796462582E+034
  1.3549002042E+006  2.6796462582E+034
  1.3566003254E+006  2.6796462582E+034
  1.3583002881E+006  2.6793811822E+034
  1.3600002568E+006  2.6793811822E+034
  1.3617002292E+006  2.6793811822E+034
  1.3634002060E+006  2.6791140615E+034
  1.3651001852E+006  2.6791140615E+034
  1.3668001675E+006  2.6791140615E+034
  1.3685003216E+006  2.6788448804E+034
  1.3702003149E+006  2.6788448804E+034
  1.3719003176E+006  2.6788448804E+034
  1.3736003294E+006  2.6785736230E+034
  1.3753001857E+006  2.6785736230E+034
  1.3770002200E+006  2.6785736230E+034
  1.3787002644E+006  2.6785736230E+034
  1.3804003219E+006  2.6783002733E+034
  1.3821002247E+006  2.6783002733E+034
  1.3838003034E+006  2.6783002733E+034
  1.3855002270E+006  2.6780248151E+034
  1.3872003231E+006  2.6780248151E+034
  1.3889002595E+006  2.6780248151E+034
  1.3906002006E+006  2.6777472322E+034
  1.3923003102E+006  2.6777472322E+034
  1.3940002587E+006  2.6777472322E+034
  1.3957002112E+006  2.6774675081E+034
  1.3974001687E+006  2.6774675081E+034
  1.3991002979E+006  2.6774675081E+034
  1.4008002660E+006  2.6771856265E+034
  1.4025002426E+006  2.6771856265E+034
  1.4042002279E+006  2.6771856265E+034
  1.4059002242E+006  2.6769015706E+034
  1.4076002335E+006  2.6769015706E+034
  1.4093002546E+006  2.6769015706E+034
  1.4110002876E+006  2.6766153236E+034
  1.4127003307E+006  2.6766153236E+034
  1.4144002168E+006  2.6766153236E+034
  1.4161002778E+006  2.6763268687E+034
  1.4178001803E+006  2.6763268687E+034
  1.4195002549E+006  2.6763268687E+034
  1.4212001698E+006  2.6763268687E+034
  1.4229002525E+006  2.6760361888E+034
  1.4246001735E+006  2.6760361888E+034
  1.4263002631E+006  2.6760361888E+034
  1.4280001915E+006  2.6757432668E+034
  1.4297002925E+006  2.6757432668E+034
  1.4314002341E+006  2.6757432668E+034
  1.4331001853E+006  2.6754480854E+034
  1.4348003111E+006  2.6754480854E+034
  1.4365002810E+006  2.6754480854E+034
  1.4382002634E+006  2.6751506270E+034
  1.4399002567E+006  2.6748508743E+034
  1.4416002620E+006  2.6748508743E+034
  1.4433002788E+006  2.6748508743E+034
  1.4450003039E+006  2.6745488095E+034
  1.4467001728E+006  2.6745488095E+034
  1.4484002123E+006  2.6745488095E+034
  1.4501002575E+006  2.6742444147E+034
  1.4518003075E+006  2.6742444147E+034
  1.4535001948E+006  2.6742444147E+034
  1.4552002533E+006  2.6739376720E+034
  1.4569003151E+006  2.6739376720E+034
  1.4586002159E+006  2.6739376720E+034
  1.4603002881E+006  2.6736285632E+034
  1.4620002006E+006  2.6736285632E+034
  1.4637002881E+006  2.6736285632E+034
  1.4654002202E+006  2.6736285632E+034
  1.4671003294E+006  2.6733170702E+034
  1.4688002860E+006  2.6733170702E+034
  1.4705002524E+006  2.6733170702E+034
  1.4722002298E+006  2.6730031745E+034
  1.4739002171E+006  2.6730031745E+034
  1.4756002125E+006  2.6730031745E+034
  1.4773002177E+006  2.6726868575E+034
  1.4790002290E+006  2.6726868575E+034
  1.4807002465E+006  2.6726868575E+034
  1.4824002674E+006  2.6723681007E+034
  1.4841002907E+006  2.6723681007E+034
  1.4858003181E+006  2.6723681007E+034
  1.4875001839E+006  2.6723681007E+034
  1.4892002209E+006  2.6720468852E+034
  1.4909002652E+006  2.6720468852E+034
  1.4926003163E+006  2.6720468852E+034
  1.4943002106E+006  2.6717231920E+034
  1.4960002804E+006  2.6717231920E+034
  1.4977001950E+006  2.6717231920E+034
  1.4994002882E+006  2.6713970021E+034
  1.5011002264E+006  2.6713970021E+034
  1.5028001765E+006  2.6713970021E+034
  1.5045003021E+006  2.6713970021E+034
  1.5062002697E+006  2.6710682961E+034
  1.5079002454E+006  2.6710682961E+034
  1.5096002265E+006  2.6710682961E+034
  1.5113002129E+006  2.6707370546E+034
  1.5130002042E+006  2.6707370546E+034
  1.5147001990E+006  2.6707370546E+034
  1.5164001983E+006  2.6707370546E+034
  1.5181002015E+006  2.6704032582E+034
  1.5198002088E+006  2.6704032582E+034
  1.5215002238E+006  2.6704032582E+034
  1.5232002454E+006  2.6700668870E+034
  1.5249002774E+006  2.6700668870E+034
  1.5266003205E+006  2.6700668870E+034
  1.5283002083E+006  2.6697279213E+034
  1.5300002738E+006  2.6697279213E+034
  1.5317001829E+006  2.6697279213E+034
  1.5334002685E+006  2.6697279213E+034
  1.5351001982E+006  2.6693863410E+034
  1.5368003021E+006  2.6693863410E+034
  1.5385002489E+006  2.6693863410E+034
  1.5402002011E+006  2.6690421259E+034
  1.5419003228E+006  2.6690421259E+034
  1.5436002828E+006  2.6690421259E+034
  1.5453002454E+006  2.6690421259E+034
  1.5470002131E+006  2.6686952558E+034
  1.5487001859E+006  2.6686952558E+034
  1.5504003300E+006  2.6686952558E+034
  1.5521003163E+006  2.6683457101E+034
  1.5538003085E+006  2.6683457101E+034
  1.5555003107E+006  2.6683457101E+034
  1.5572003232E+006  2.6683457101E+034
  1.5589001809E+006  2.6679934682E+034
  1.5606002171E+006  2.6679934682E+034
  1.5623002636E+006  2.6679934682E+034
  1.5640003203E+006  2.6679934682E+034
  1.5657002202E+006  2.6676385093E+034
  1.5674002926E+006  2.6676385093E+034
  1.5691002072E+006  2.6676385093E+034
  1.5708002926E+006  2.6672808125E+034
  1.5725002171E+006  2.6672808125E+034
  1.5742003124E+006  2.6672808125E+034
  1.5759002442E+006  2.6672808125E+034
  1.5776001808E+006  2.6669203566E+034
  1.5793002871E+006  2.6669203566E+034
  1.5810002334E+006  2.6669203566E+034
  1.5827001877E+006  2.6665571203E+034
  1.5844003156E+006  2.6665571203E+034
  1.5861002887E+006  2.6665571203E+034
  1.5878002720E+006  2.6665571203E+034
  1.5895002656E+006  2.6661910823E+034
  1.5912002703E+006  2.6661910823E+034
  1.5929002851E+006  2.6661910823E+034
  1.5946003099E+006  2.6661910823E+034
  1.5963001791E+006  2.6658222209E+034
  1.5980002216E+006  2.6658222209E+034
  1.5997002712E+006  2.6658222209E+034
  1.6014003249E+006  2.6654505143E+034
  1.6031002164E+006  2.6654505143E+034
