 0001  0.0000000000000000E+000
 0002  0.0000000000000000E+000
 0003  0.0000000000000000E+000
 0004  0.0000000000000000E+000
 0005  0.0000000000000000E+000
 0006  0.0000000000000000E+000
 0007  0.0000000000000000E+000
 0008  0.0000000000000000E+000
 0009  0.0000000000000000E+000
 0010  0.0000000000000000E+000
 0011  0.0000000000000000E+000
 0012  0.0000000000000000E+000
 0013  0.0000000000000000E+000
 0014  0.0000000000000000E+000
 0015  0.0000000000000000E+000
 0016  0.0000000000000000E+000
 0017  0.0000000000000000E+000
 0018  0.0000000000000000E+000
 0019  0.0000000000000000E+000
 0020  0.0000000000000000E+000
 0021  0.0000000000000000E+000
 0022  0.0000000000000000E+000
 0023  0.0000000000000000E+000
 0024  0.0000000000000000E+000
 0025  0.0000000000000000E+000
 0026  0.0000000000000000E+000
 0027  0.0000000000000000E+000
 0028  0.0000000000000000E+000
 0029  0.0000000000000000E+000
 0030  0.0000000000000000E+000
 0031  0.0000000000000000E+000
 0032  0.0000000000000000E+000
 0033  0.0000000000000000E+000
 0034  0.0000000000000000E+000
 0035  0.0000000000000000E+000
 0036  0.0000000000000000E+000
 0037  0.0000000000000000E+000
 0038  0.0000000000000000E+000
 0039  0.0000000000000000E+000
 0040  0.0000000000000000E+000
 0041  0.0000000000000000E+000
 0042  0.0000000000000000E+000
 0043  0.0000000000000000E+000
 0044  0.0000000000000000E+000
 0045  0.0000000000000000E+000
 0046  0.0000000000000000E+000
 0047  0.0000000000000000E+000
 0048  0.0000000000000000E+000
 0049  0.0000000000000000E+000
 0050  0.0000000000000000E+000
 0051  0.0000000000000000E+000
 0052  0.0000000000000000E+000
 0053  0.0000000000000000E+000
 0054  0.0000000000000000E+000
 0055  0.0000000000000000E+000
 0056  0.0000000000000000E+000
 0057  0.0000000000000000E+000
 0058  0.0000000000000000E+000
 0059  0.0000000000000000E+000
 0060  0.0000000000000000E+000
 0061  0.0000000000000000E+000
 0062  0.0000000000000000E+000
 0063  0.0000000000000000E+000
 0064  0.0000000000000000E+000
 0065  0.0000000000000000E+000
 0066  0.0000000000000000E+000
 0067  0.0000000000000000E+000
 0068  0.0000000000000000E+000
 0069  0.0000000000000000E+000
 0070  0.0000000000000000E+000
 0071  0.0000000000000000E+000
 0072  0.0000000000000000E+000
 0073  0.0000000000000000E+000
 0074  0.0000000000000000E+000
 0075  0.0000000000000000E+000
 0076  0.0000000000000000E+000
 0077  0.0000000000000000E+000
 0078  0.0000000000000000E+000
 0079  0.1621853607147381E-022
 0080  0.3101913714026154E-020
 0081  0.4394417454497033E-018
 0082  0.9426559150420740E-016
 0083  0.9426559150420740E-016
 0084  0.1859129207425397E-015
 0085  0.1583190796826943E-013
 0086  0.8435538587937961E-012
 0087  0.3032174322957142E-010
 0088  0.4224933437944268E-009
 0089  0.3175288200194456E-008
 0090  0.3175288200194456E-008
 0091  0.1878450812902437E-007
 0092  0.8358290238169933E-007
 0093  0.3774205410448677E-006
 0094  0.2592627646784496E-005
 0095  0.1951402682123211E-004
 0096  0.1208686454913977E-003
 0097  0.5038171624590836E-003
 0098  0.1451114692240241E-002
 0099  0.3257858864249525E-002
 0100  0.6186875735645780E-002
 0101  0.1054678304008251E-001
 0102  0.1667827092733100E-001
 0103  0.2486591780762071E-001
 0104  0.3529322277024270E-001
 0105  0.4814831446474848E-001
 0106  0.6341436028125641E-001
 0107  0.8093089028181759E-001
 0108  0.1004426567519225E+000
 0109  0.1216378419348412E+000
 0110  0.1447420036861074E+000
 0111  0.1690859444216918E+000
 0112  0.1941260632023860E+000
 0113  0.2194227929744400E+000
 0114  0.2446231016950973E+000
 0115  0.2724007978840612E+000
 0116  0.2984341188291347E+000
 0117  0.3228474779680597E+000
 0118  0.3457444570146808E+000
 0119  0.3672132081928536E+000
 0120  0.4034122725201423E+000
 0121  0.4188400214687372E+000
 0122  0.4335865460973349E+000
 0123  0.4476329313998008E+000
 0124  0.4609682456655755E+000
 0125  0.4735888878455489E+000
 0126  0.4854978256108975E+000
 0127  0.4967468750733435E+000
 0128  0.5073270765912721E+000
 0129  0.5172409833433433E+000
 0130  0.5264999825232854E+000
 0131  0.5351221092271988E+000
 0132  0.5431302698464224E+000
 0133  0.5509663838039832E+000
 0134  0.5580898357853853E+000
 0135  0.5645682056586107E+000
 0136  0.5704622436160689E+000
 0137  0.5758263672359265E+000
 0138  0.5807094362126221E+000
 0139  0.5886841671156758E+000
 0140  0.5919609469599879E+000
 0141  0.5950006527608728E+000
 0142  0.5978217667094418E+000
 0143  0.6004362054358006E+000
 0144  0.6028558729113630E+000
 0145  0.6050925190668387E+000
 0146  0.6071576301664411E+000
 0147  0.6090623455438084E+000
 0148  0.6108173961288970E+000
 0149  0.6124924250385954E+000
 0150  0.6140181101559776E+000
 0151  0.6154081091845421E+000
 0152  0.6166747723971607E+000
 0153  0.6178292764016733E+000
 0154  0.6188817431026363E+000
 0155  0.6198413456245409E+000
 0156  0.6214246074559976E+000
 0157  0.6220800572928491E+000
 0158  0.6226868650664892E+000
 0159  0.6232483126689869E+000
 0160  0.6237675032683451E+000
 0161  0.6242473649276893E+000
 0162  0.6246906552351729E+000
 0163  0.6251112164630344E+000
 0164  0.6254968452589424E+000
 0165  0.6258504944016223E+000
 0166  0.6261748599160930E+000
 0167  0.6264725356437376E+000
 0168  0.6267457206532590E+000
 0169  0.6269964336398325E+000
 0170  0.6272265266165992E+000
 0171  0.6276114507607803E+000
 0172  0.6277728569727247E+000
 0173  0.6279227473771002E+000
 0174  0.6280619015157084E+000
 0175  0.6281939070173368E+000
 0176  0.6283158127577320E+000
 0177  0.6284284348692369E+000
 0178  0.6285324828910336E+000
 0179  0.6286286119210646E+000
 0180  0.6287174268107477E+000
 0181  0.6287994860350299E+000
 0182  0.6288753052630295E+000
 0183  0.6289453606525425E+000
 0184  0.6290642561365835E+000
 0185  0.6291148002908957E+000
 0186  0.6291628400316028E+000
 0187  0.6292075000115152E+000
 0188  0.6292490189161479E+000
 0189  0.6292876185039556E+000
 0190  0.6293235048122566E+000
 0191  0.6293568692768157E+000
 0192  0.6293878897713029E+000
 0193  0.6294167316011375E+000
 0194  0.6294435483599179E+000
 0195  0.6294684827639273E+000
 0196  0.6295116786304533E+000
 0197  0.6295303832468855E+000
 0198  0.6295478706157246E+000
 0199  0.6295642202387322E+000
 0200  0.6295795064028443E+000
 0201  0.6295937985240222E+000
 0202  0.6296071614682831E+000
 0203  0.6296196575850100E+000
 0204  0.6296313430203987E+000
 0205  0.6296422703065371E+000
 0206  0.6296526300653648E+000
 0207  0.6296705881916130E+000
 0208  0.6296783801084986E+000
 0209  0.6296857016554577E+000
 0210  0.6296925820628788E+000
 0211  0.6296990478808174E+000
 0212  0.6297051240670681E+000
 0213  0.6297108340820252E+000
 0214  0.6297162656231979E+000
 0215  0.6297213603392838E+000
 0216  0.6297261399328238E+000
 0217  0.6297345159473381E+000
 0218  0.6297381891888983E+000
 0219  0.6297416561938719E+000
 0220  0.6297449285339101E+000
 0221  0.6297480171330436E+000
 0222  0.6297509645371089E+000
 0223  0.6297537422961985E+000
 0224  0.6297563603204708E+000
 0225  0.6297588279332591E+000
 0226  0.6297631923253346E+000
 0227  0.6297651236880499E+000
 0228  0.6297669720494847E+000
 0229  0.6297687211093043E+000
 0230  0.6297703762751965E+000
 0231  0.6297719426564169E+000
 0232  0.6297734250804718E+000
 0233  0.6297748281872885E+000
 0234  0.6297761562701991E+000
 0235  0.6297785348607179E+000
 0236  0.6297795999530879E+000
 0237  0.6297806115349286E+000
 0238  0.6297815723739665E+000
 0239  0.6297824850428722E+000
 0240  0.6297833519825909E+000
 0241  0.6297841755091491E+000
 0242  0.6297856664163485E+000
 0243  0.6297863352543844E+000
 0244  0.6297869725472870E+000
 0245  0.6297875797977529E+000
 0246  0.6297881584362807E+000
 0247  0.6297887141456064E+000
 0248  0.6297892432555208E+000
 0249  0.6297897470631095E+000
 0250  0.6297906565841455E+000
 0251  0.6297910672933187E+000
 0252  0.6297914597817822E+000
 0253  0.6297918375935060E+000
 0254  0.6297921983892322E+000
 0255  0.6297925429480438E+000
 0256  0.6297928720128331E+000
 0257  0.6297934714767747E+000
 0258  0.6297937445236818E+000
 0259  0.6297940059573953E+000
 0260  0.6297942562795968E+000
 0261  0.6297944959699947E+000
 0262  0.6297947254930046E+000
 0263  0.6297951470131217E+000
 0264  0.6297953392718377E+000
 0265  0.6297955237963280E+000
 0266  0.6297957009020750E+000
 0267  0.6297958719134321E+000
 0268  0.6297960359701323E+000
 0269  0.6297961933606728E+000
 0270  0.6297964817951339E+000
 0271  0.6297966147403847E+000
 0272  0.6297967425556070E+000
 0273  0.6297968654446322E+000
 0274  0.6297969836008416E+000
 0275  0.6297972016347133E+000
 0276  0.6297973022289653E+000
 0277  0.6297973991356604E+000
 0278  0.6297974924923800E+000
 0279  0.6297975824328400E+000
 0280  0.6297976695276908E+000
 0281  0.6297978303715791E+000
 0282  0.6297979046518069E+000
 0283  0.6297979766905200E+000
 0284  0.6297980461931000E+000
 0285  0.6297981132507113E+000
 0286  0.6297982378198462E+000
 0287  0.6297982956762092E+000
 0288  0.6297983515899711E+000
 0289  0.6297984056276557E+000
 0290  0.6297984578540263E+000
 0291  0.6297985553984623E+000
 0292  0.6297986007388292E+000
 0293  0.6297986448111503E+000
 0294  0.6297986874590252E+000
 0295  0.6297987287295268E+000
 0296  0.6297988058363074E+000
 0297  0.6297988418543012E+000
 0298  0.6297988767588101E+000
 0299  0.6297989105852665E+000
 0300  0.6297989434955156E+000
 0301  0.6297990050171547E+000
 0302  0.6297990338816164E+000
 0303  0.6297990618853634E+000
 0304  0.6297990890548470E+000
 0305  0.6297991400695939E+000
 0306  0.6297991640181877E+000
 0307  0.6297991872820750E+000
 0308  0.6297992099597637E+000
 0309  0.6297992525587079E+000
 0310  0.6297992726337394E+000
 0311  0.6297992921538944E+000
 0312  0.6297993111348827E+000
 0313  0.6297993296515551E+000
 0314  0.6297993645071145E+000
 0315  0.6297993809634757E+000
 0316  0.6297993969803750E+000
 0317  0.6297994272400219E+000
 0318  0.6297994415327326E+000
 0319  0.6297994554580527E+000
 0320  0.6297994690653627E+000
 0321  0.6297994947819336E+000
 0322  0.6297995069683434E+000
 0323  0.6297995188514122E+000
 0324  0.6297995304706322E+000
 0325  0.6297995524680278E+000
 0326  0.6297995629082029E+000
 0327  0.6297995730966296E+000
 0328  0.6297995924443994E+000
 0329  0.6297996016301953E+000
 0330  0.6297996106247342E+000
 0331  0.6297996194090638E+000
 0332  0.6297996361349893E+000
 0333  0.6297996440772848E+000
 0334  0.6297996518587859E+000
 0335  0.6297996666781366E+000
 0336  0.6297996737340903E+000
 0337  0.6297996806508929E+000
 0338  0.6297996938408954E+000
 0339  0.6297997001293488E+000
 0340  0.6297997062839176E+000
 0341  0.6297997180495428E+000
 0342  0.6297997236721918E+000
 0343  0.6297997291784925E+000
 0344  0.6297997397168280E+000
 0345  0.6297997447587538E+000
 0346  0.6297997497087705E+000
 0347  0.6297997591824847E+000
 0348  0.6297997637155265E+000
 0349  0.6297997681680583E+000
 0350  0.6297997766990892E+000
 0351  0.6297997807855863E+000
 0352  0.6297997848013571E+000
 0353  0.6297997925037230E+000
 0354  0.6297997962034045E+000
 0355  0.6297998033065471E+000
 0356  0.6297998067215290E+000
 0357  0.6297998100746605E+000
 0358  0.6297998165237372E+000
 0359  0.6297998196245025E+000
 0360  0.6297998226751826E+000
 0361  0.6297998285429330E+000
 0362  0.6297998313686588E+000
 0363  0.6297998368085310E+000
 0364  0.6297998394303717E+000
 0365  0.6297998444854334E+000
 0366  0.6297998469219837E+000
 0367  0.6297998493217463E+000
 0368  0.6297998539519752E+000
 0369  0.6297998561853776E+000
 0370  0.6297998605005271E+000
 0371  0.6297998625847175E+000
 0372  0.6297998666094736E+000
 0373  0.6297998685548158E+000
 0374  0.6297998723183967E+000
 0375  0.6297998741386142E+000
 0376  0.6297998759335007E+000
 0377  0.6297998794060854E+000
 0378  0.6297998810856714E+000
 0379  0.6297998843390001E+000
 0380  0.6297998859143384E+000
 0381  0.6297998889674493E+000
 0382  0.6297998904466655E+000
 0383  0.6297998933150438E+000
 0384  0.6297998960503987E+000
 0385  0.6297998973770741E+000
 0386  0.6297998999523147E+000
 0387  0.6297999012019853E+000
 0388  0.6297999036299116E+000
 0389  0.6297999048091250E+000
 0390  0.6297999071003074E+000
 0391  0.6297999082140083E+000
 0392  0.6297999103788581E+000
 0393  0.6297999114315761E+000
 0394  0.6297999134794365E+000
 0395  0.6297999154403654E+000
 0396  0.6297999163944007E+000
 0397  0.6297999182524109E+000
 0398  0.6297999200337557E+000
 0399  0.6297999209013585E+000
 0400  0.6297999225927359E+000
 0401  0.6297999234165775E+000
 0402  0.6297999250231610E+000
 0403  0.6297999265667836E+000
 0404  0.6297999273195511E+000
 0405  0.6297999287884560E+000
 0406  0.6297999302011938E+000
 0407  0.6297999308905703E+000
 0408  0.6297999322371375E+000
 0409  0.6297999335336635E+000
 0410  0.6297999347830435E+000
 0411  0.6297999353934461E+000
 0412  0.6297999365866794E+000
 0413  0.6297999377374067E+000
 0414  0.6297999388480718E+000
 0415  0.6297999393911790E+000
 0416  0.6297999404540333E+000
 0417  0.6297999414806490E+000
 0418  0.6297999424727058E+000
 0419  0.6297999434317688E+000
 0420  0.6297999439013319E+000
 0421  0.6297999448212906E+000
 0422  0.6297999457114748E+000
 0423  0.6297999465731767E+000
 0424  0.6297999474076562E+000
 0425  0.6297999482160674E+000
 0426  0.6297999489995458E+000
 0427  0.6297999497591712E+000
 0428  0.6297999501317924E+000
 0429  0.6297999508631502E+000
 0430  0.6297999515727036E+000
 0431  0.6297999522613628E+000
 0432  0.6297999529292915E+000
 0433  0.6297999535768378E+000
 0434  0.6297999542048470E+000
 0435  0.6297999548141202E+000
 0436  0.6297999554054178E+000
 0437  0.6297999559794611E+000
 0438  0.6297999568066718E+000
 0439  0.6297999573366728E+000
 0440  0.6297999578518566E+000
 0441  0.6297999583527865E+000
 0442  0.6297999588399987E+000
 0443  0.6297999593140048E+000
 0444  0.6297999597752918E+000
 0445  0.6297999604420941E+000
 0446  0.6297999608706267E+000
 0447  0.6297999612881039E+000
 0448  0.6297999616949140E+000
 0449  0.6297999622839709E+000
 0450  0.6297999626631716E+000
 0451  0.6297999630330392E+000
 0452  0.6297999635692720E+000
 0453  0.6297999639148905E+000
 0454  0.6297999644164053E+000
 0455  0.6297999647399243E+000
 0456  0.6297999652097612E+000
 0457  0.6297999655130923E+000
 0458  0.6297999659539552E+000
 0459  0.6297999662387991E+000
 0460  0.6297999666531012E+000
 0461  0.6297999669209802E+000
 0462  0.6297999673108823E+000
 0463  0.6297999676861767E+000
 0464  0.6297999680476097E+000
 0465  0.6297999682816707E+000
 0466  0.6297999686228661E+000
 0467  0.6297999689518859E+000
 0468  0.6297999692693201E+000
 0469  0.6297999695757223E+000
 0470  0.6297999698716122E+000
 0471  0.6297999701574777E+000
 0472  0.6297999704337786E+000
 0473  0.6297999707009460E+000
 0474  0.6297999709593886E+000
 0475  0.6297999712094889E+000
 0476  0.6297999715300245E+000
 0477  0.6297999717611985E+000
 0478  0.6297999719852010E+000
 0479  0.6297999722727208E+000
 0480  0.6297999725477361E+000
 0481  0.6297999727464858E+000
 0482  0.6297999730019874E+000
 0483  0.6297999732468036E+000
 0484  0.6297999734239843E+000
 0485  0.6297999736520744E+000
 0486  0.6297999738709680E+000
 0487  0.6297999741320661E+000
 0488  0.6297999743314983E+000
 0489  0.6297999745232233E+000
 0490  0.6297999747523511E+000
 0491  0.6297999749276862E+000
 0492  0.6297999751374791E+000
 0493  0.6297999753372289E+000
 0494  0.6297999755275491E+000
 0495  0.6297999757090050E+000
 0496  0.6297999758821198E+000
 0497  0.6297999760793430E+000
 0498  0.6297999762354696E+000
 0499  0.6297999764135894E+000
 0500  0.6297999765821302E+000
 0501  0.6297999767673617E+000
 0502  0.6297999769170343E+000
 0503  0.6297999770818030E+000
 0504  0.6297999772578333E+000
 0505  0.6297999774019395E+000
 0506  0.6297999775746316E+000
 0507  0.6297999777171235E+000
 0508  0.6297999778661075E+000
 0509  0.6297999780186585E+000
 0510  0.6297999781587401E+000
 0511  0.6297999783118936E+000
 0512  0.6297999784503324E+000
 0513  0.6297999785855030E+000
 0514  0.6297999787244414E+000
 0515  0.6297999788625253E+000
 0516  0.6297999789893278E+000
 0517  0.6297999791212482E+000
 0518  0.6297999792499087E+000
 0519  0.6297999793757355E+000
 0520  0.6297999794216642E+000
 0521  0.6297999794216642E+000
 0522  0.6297999794216642E+000
 0523  0.6297999794216642E+000
 0524  0.6297999794216642E+000
 0525  0.6297999794216642E+000
 0526  0.6297999794216642E+000
 0527  0.6297999794216642E+000
 0528  0.6297999794216642E+000
 0529  0.6297999794216642E+000
 0530  0.6297999794216642E+000
 0531  0.6297999794216642E+000
 0532  0.6297999794216642E+000
 0533  0.6297999794216642E+000
 0534  0.6297999794216642E+000
 0535  0.6297999794216642E+000
 0536  0.6297999794216642E+000
 0537  0.6297999794216642E+000
 0538  0.6297999794216642E+000
 0539  0.6297999794216642E+000
 0540  0.6297999794216642E+000
 0541  0.6297999794216642E+000
 0542  0.6297999794216642E+000
 0543  0.6297999794216642E+000
 0544  0.6297999794216642E+000
 0545  0.6297999794216642E+000
 0546  0.6297999794216642E+000
 0547  0.6297999794216642E+000
 0548  0.6297999794216642E+000
 0549  0.6297999794216642E+000
 0550  0.6297999794216642E+000
 0551  0.6297999794216642E+000
 0552  0.6297999794216642E+000
 0553  0.6297999794216642E+000
 0554  0.6297999794216642E+000
 0555  0.6297999794216642E+000
 0556  0.6297999794216642E+000
 0557  0.6297999794216642E+000
 0558  0.6297999794216642E+000
 0559  0.6297999794216642E+000
 0560  0.6297999794216642E+000
 0561  0.6297999794216642E+000
 0562  0.6297999794216642E+000
 0563  0.6297999794216642E+000
 0564  0.6297999794216642E+000
 0565  0.6297999794216642E+000
 0566  0.6297999794216642E+000
 0567  0.6297999794216642E+000
 0568  0.6297999794216642E+000
 0569  0.6297999794216642E+000
 0570  0.6297999794216642E+000
 0571  0.6297999794216642E+000
 0572  0.6297999794216642E+000
 0573  0.6297999794216642E+000
 0574  0.6297999794216642E+000
 0575  0.6297999794216642E+000
 0576  0.6297999794216642E+000
 0577  0.6297999794216642E+000
 0578  0.6297999794216642E+000
 0579  0.6297999794216642E+000
 0580  0.6297999794216642E+000
 0581  0.6297999794216642E+000
 0582  0.6297999794216642E+000
 0583  0.6297999794216642E+000
 0584  0.6297999794216642E+000
 0585  0.6297999794216642E+000
 0586  0.6297999794216642E+000
 0587  0.6297999794216642E+000
 0588  0.6297999794216642E+000
 0589  0.6297999794216642E+000
 0590  0.6297999794216642E+000
 0591  0.6297999794216642E+000
 0592  0.6297999794216642E+000
 0593  0.6297999794216642E+000
 0594  0.6297999794216642E+000
 0595  0.6297999794216642E+000
 0596  0.6297999794216642E+000
 0597  0.6297999794216642E+000
 0598  0.6297999794216642E+000
 0599  0.6297999794216642E+000
 0600  0.6297999794216642E+000
 0601  0.6297999794216642E+000
 0602  0.6297999794216642E+000
 0603  0.6297999794216642E+000
 0604  0.6297999794216642E+000
 0605  0.6297999794216642E+000
 0606  0.6297999794216642E+000
 0607  0.6297999794216642E+000
 0608  0.6297999794216642E+000
 0609  0.6297999794216642E+000
 0610  0.6297999794216642E+000
 0611  0.6297999794216642E+000
 0612  0.6297999794216642E+000
 0613  0.6297999794216642E+000
 0614  0.6297999794216642E+000
 0615  0.6297999794216642E+000
 0616  0.6297999794216642E+000
 0617  0.6297999794216642E+000
 0618  0.6297999794216642E+000
 0619  0.6297999794216642E+000
 0620  0.6297999794216642E+000
 0621  0.6297999794216642E+000
 0622  0.6297999794216642E+000
 0623  0.6297999794216642E+000
 0624  0.6297999794216642E+000
 0625  0.6297999794216642E+000
 0626  0.6297999794216642E+000
 0627  0.6297999794216642E+000
 0628  0.6297999794216642E+000
 0629  0.6297999794216642E+000
 0630  0.6297999794216642E+000
 0631  0.6297999794216642E+000
 0632  0.6297999794216642E+000
 0633  0.6297999794216642E+000
 0634  0.6297999794216642E+000
 0635  0.6297999794216642E+000
 0636  0.6297999794216642E+000
 0637  0.6297999794216642E+000
 0638  0.6297999794216642E+000
 0639  0.6297999794216642E+000
 0640  0.6297999794216642E+000
 0641  0.6297999794216642E+000
 0642  0.6297999794216642E+000
 0643  0.6297999794216642E+000
 0644  0.6297999794216642E+000
 0645  0.6297999794216642E+000
 0646  0.6297999794216642E+000
 0647  0.6297999794216642E+000
 0648  0.6297999794216642E+000
 0649  0.6297999794216642E+000
 0650  0.6297999794216642E+000
 0651  0.6297999794216642E+000
 0652  0.6297999794216642E+000
 0653  0.6297999794216642E+000
 0654  0.6297999794216642E+000
 0655  0.6297999794216642E+000
 0656  0.6297999794216642E+000
 0657  0.6297999794216642E+000
 0658  0.6297999794216642E+000
 0659  0.6297999794216642E+000
 0660  0.6297999794216642E+000
 0661  0.6297999794216642E+000
 0662  0.6297999794216642E+000
 0663  0.6297999794216642E+000
 0664  0.6297999794216642E+000
 0665  0.6297999794216642E+000
 0666  0.6297999794216642E+000
 0667  0.6297999794216642E+000
 0668  0.6297999794216642E+000
 0669  0.6297999794216642E+000
 0670  0.6297999794216642E+000
 0671  0.6297999794216642E+000
 0672  0.6297999794216642E+000
 0673  0.6297999794216642E+000
 0674  0.6297999794216642E+000
 0675  0.6297999794216642E+000
 0676  0.6297999794216642E+000
 0677  0.6297999794216642E+000
 0678  0.6297999794216642E+000
 0679  0.6297999794216642E+000
 0680  0.6297999794216642E+000
 0681  0.6297999794216642E+000
 0682  0.6297999794216642E+000
 0683  0.6297999794216642E+000
 0684  0.6297999794216642E+000
 0685  0.6297999794216642E+000
 0686  0.6297999794216642E+000
 0687  0.6297999794216642E+000
 0688  0.6297999794216642E+000
 0689  0.6297999794216642E+000
 0690  0.6297999794216642E+000
 0691  0.6297999794216642E+000
 0692  0.6297999794216642E+000
 0693  0.6297999794216642E+000
 0694  0.6297999794216642E+000
 0695  0.6297999794216642E+000
 0696  0.6297999794216642E+000
 0697  0.6297999794216642E+000
 0698  0.6297999794216642E+000
 0699  0.6297999794216642E+000
 0700  0.6297999794216642E+000
 0701  0.6297999794216642E+000
 0702  0.6297999794216642E+000
 0703  0.6297999794216642E+000
 0704  0.6297999794216642E+000
 0705  0.6297999794216642E+000
 0706  0.6297999794216642E+000
 0707  0.6297999794216642E+000
 0708  0.6297999794216642E+000
 0709  0.6297999794216642E+000
 0710  0.6297999794216642E+000
 0711  0.6297999794216642E+000
 0712  0.6297999794216642E+000
 0713  0.6297999794216642E+000
 0714  0.6297999794216642E+000
 0715  0.6297999794216642E+000
 0716  0.6297999794216642E+000
 0717  0.6297999794216642E+000
 0718  0.6297999794216642E+000
 0719  0.6297999794216642E+000
 0720  0.6297999794216642E+000
 0721  0.6297999794216642E+000
 0722  0.6297999794216642E+000
 0723  0.6297999794216642E+000
 0724  0.6297999794216642E+000
 0725  0.6297999794216642E+000
 0726  0.6297999794216642E+000
 0727  0.6297999794216642E+000
 0728  0.6297999794216642E+000
 0729  0.6297999794216642E+000
 0730  0.6297999794216642E+000
 0731  0.6297999794216642E+000
 0732  0.6297999794216642E+000
 0733  0.6297999794216642E+000
 0734  0.6297999794216642E+000
 0735  0.6297999794216642E+000
 0736  0.6297999794216642E+000
 0737  0.6297999794216642E+000
 0738  0.6297999794216642E+000
 0739  0.6297999794216642E+000
 0740  0.6297999794216642E+000
 0741  0.6297999794216642E+000
 0742  0.6297999794216642E+000
 0743  0.6297999794216642E+000
 0744  0.6297999794216642E+000
 0745  0.6297999794216642E+000
 0746  0.6297999794216642E+000
 0747  0.6297999794216642E+000
 0748  0.6297999794216642E+000
 0749  0.6297999794216642E+000
 0750  0.6297999794216642E+000
 0751  0.6297999794216642E+000
 0752  0.6297999794216642E+000
 0753  0.6297999794216642E+000
 0754  0.6297999794216642E+000
 0755  0.6297999794216642E+000
 0756  0.6297999794216642E+000
 0757  0.6297999794216642E+000
 0758  0.6297999794216642E+000
 0759  0.6297999794216642E+000
 0760  0.6297999794216642E+000
 0761  0.6297999794216642E+000
 0762  0.6297999794216642E+000
 0763  0.6297999794216642E+000
 0764  0.6297999794216642E+000
 0765  0.6297999794216642E+000
 0766  0.6297999794216642E+000
 0767  0.6297999794216642E+000
 0768  0.6297999794216642E+000
 0769  0.6297999794216642E+000
 0770  0.6297999794216642E+000
 0771  0.6297999794216642E+000
 0772  0.6297999794216642E+000
 0773  0.6297999794216642E+000
 0774  0.6297999794216642E+000
 0775  0.6297999794216642E+000
 0776  0.6297999794216642E+000
 0777  0.6297999794216642E+000
 0778  0.6297999794216642E+000
 0779  0.6297999794216642E+000
 0780  0.6297999794216642E+000
 0781  0.6297999794216642E+000
 0782  0.6297999794216642E+000
 0783  0.6297999794216642E+000
 0784  0.6297999794216642E+000
 0785  0.6297999794216642E+000
 0786  0.6297999794216642E+000
 0787  0.6297999794216642E+000
 0788  0.6297999794216642E+000
 0789  0.6297999794216642E+000
 0790  0.6297999794216642E+000
 0791  0.6297999794216642E+000
 0792  0.6297999794216642E+000
 0793  0.6297999794216642E+000
 0794  0.6297999794216642E+000
 0795  0.6297999794216642E+000
 0796  0.6297999794216642E+000
 0797  0.6297999794216642E+000
 0798  0.6297999794216642E+000
 0799  0.6297999794216642E+000
 0800  0.6297999794216642E+000
 0801  0.6297999794216642E+000
 0802  0.6297999794216642E+000
 0803  0.6297999794216642E+000
 0804  0.6297999794216642E+000
 0805  0.6297999794216642E+000
 0806  0.6297999794216642E+000
 0807  0.6297999794216642E+000
 0808  0.6297999794216642E+000
 0809  0.6297999794216642E+000
 0810  0.6297999794216642E+000
 0811  0.6297999794216642E+000
 0812  0.6297999794216642E+000
 0813  0.6297999794216642E+000
 0814  0.6297999794216642E+000
 0815  0.6297999794216642E+000
 0816  0.6297999794216642E+000
 0817  0.6297999794216642E+000
 0818  0.6297999794216642E+000
 0819  0.6297999794216642E+000
 0820  0.6297999794216642E+000
 0821  0.6297999794216642E+000
 0822  0.6297999794216642E+000
 0823  0.6297999794216642E+000
 0824  0.6297999794216642E+000
 0825  0.6297999794216642E+000
 0826  0.6297999794216642E+000
 0827  0.6297999794216642E+000
 0828  0.6297999794216642E+000
 0829  0.6297999794216642E+000
 0830  0.6297999794216642E+000
 0831  0.6297999794216642E+000
 0832  0.6297999794216642E+000
 0833  0.6297999794216642E+000
 0834  0.6297999794216642E+000
 0835  0.6297999794216642E+000
 0836  0.6297999794216642E+000
 0837  0.6297999794216642E+000
 0838  0.6297999794216642E+000
 0839  0.6297999794216642E+000
 0840  0.6297999794216642E+000
 0841  0.6297999794216642E+000
 0842  0.6297999794216642E+000
 0843  0.6297999794216642E+000
 0844  0.6297999794216642E+000
 0845  0.6297999794216642E+000
 0846  0.6297999794216642E+000
 0847  0.6297999794216642E+000
 0848  0.6297999794216642E+000
 0849  0.6297999794216642E+000
 0850  0.6297999794216642E+000
 0851  0.6297999794216642E+000
 0852  0.6297999794216642E+000
 0853  0.6297999794216642E+000
 0854  0.6297999794216642E+000
 0855  0.6297999794216642E+000
 0856  0.6297999794216642E+000
 0857  0.6297999794216642E+000
 0858  0.6297999794216642E+000
 0859  0.6297999794216642E+000
 0860  0.6297999794216642E+000
 0861  0.6297999794216642E+000
 0862  0.6297999794216642E+000
 0863  0.6297999794216642E+000
 0864  0.6297999794216642E+000
 0865  0.6297999794216642E+000
 0866  0.6297999794216642E+000
 0867  0.6297999794216642E+000
 0868  0.6297999794216642E+000
 0869  0.6297999794216642E+000
 0870  0.6297999794216642E+000
 0871  0.6297999794216642E+000
 0872  0.6297999794216642E+000
 0873  0.6297999794216642E+000
 0874  0.6297999794216642E+000
 0875  0.6297999794216642E+000
 0876  0.6297999794216642E+000
 0877  0.6297999794216642E+000
 0878  0.6297999794216642E+000
 0879  0.6297999794216642E+000
 0880  0.6297999794216642E+000
 0881  0.6297999794216642E+000
 0882  0.6297999794216642E+000
 0883  0.6297999794216642E+000
 0884  0.6297999794216642E+000
 0885  0.6297999794216642E+000
 0886  0.6297999794216642E+000
 0887  0.6297999794216642E+000
 0888  0.6297999794216642E+000
 0889  0.6297999794216642E+000
 0890  0.6297999794216642E+000
 0891  0.6297999794216642E+000
 0892  0.6297999794216642E+000
 0893  0.6297999794216642E+000
 0894  0.6297999794216642E+000
 0895  0.6297999794216642E+000
 0896  0.6297999794216642E+000
 0897  0.6297999794216642E+000
 0898  0.6297999794216642E+000
 0899  0.6297999794216642E+000
 0900  0.6297999794216642E+000
 0901  0.6297999794216642E+000
 0902  0.6297999794216642E+000
 0903  0.6297999794216642E+000
 0904  0.6297999794216642E+000
 0905  0.6297999794216642E+000
 0906  0.6297999794216642E+000
 0907  0.6297999794216642E+000
 0908  0.6297999794216642E+000
 0909  0.6297999794216642E+000
 0910  0.6297999794216642E+000
 0911  0.6297999794216642E+000
 0912  0.6297999794216642E+000
 0913  0.6297999794216642E+000
 0914  0.6297999794216642E+000
 0915  0.6297999794216642E+000
 0916  0.6297999794216642E+000
 0917  0.6297999794216642E+000
 0918  0.6297999794216642E+000
 0919  0.6297999794216642E+000
 0920  0.6297999794216642E+000
 0921  0.6297999794216642E+000
 0922  0.6297999794216642E+000
 0923  0.6297999794216642E+000
 0924  0.6297999794216642E+000
 0925  0.6297999794216642E+000
 0926  0.6297999794216642E+000
 0927  0.6297999794216642E+000
 0928  0.6297999794216642E+000
 0929  0.6297999794216642E+000
 0930  0.6297999794216642E+000
 0931  0.6297999794216642E+000
 0932  0.6297999794216642E+000
 0933  0.6297999794216642E+000
 0934  0.6297999794216642E+000
 0935  0.6297999794216642E+000
 0936  0.6297999794216642E+000
 0937  0.6297999794216642E+000
 0938  0.6297999794216642E+000
 0939  0.6297999794216642E+000
 0940  0.6297999794216642E+000
 0941  0.6297999794216642E+000
 0942  0.6297999794216642E+000
 0943  0.6297999794216642E+000
 0944  0.6297999794216642E+000
 0945  0.6297999794216642E+000
 0946  0.6297999794216642E+000
 0947  0.6297999794216642E+000
 0948  0.6297999794216642E+000
 0949  0.6297999794216642E+000
 0950  0.6297999794216642E+000
 0951  0.6297999794216642E+000
 0952  0.6297999794216642E+000
 0953  0.6297999794216642E+000
 0954  0.6297999794216642E+000
 0955  0.6297999794216642E+000
 0956  0.6297999794216642E+000
 0957  0.6297999794216642E+000
 0958  0.6297999794216642E+000
 0959  0.6297999794216642E+000
 0960  0.6297999794216642E+000
 0961  0.6297999794216642E+000
 0962  0.6297999794216642E+000
 0963  0.6297999794216642E+000
 0964  0.6297999794216642E+000
 0965  0.6297999794216642E+000
 0966  0.6297999794216642E+000
 0967  0.6297999794216642E+000
 0968  0.6297999794216642E+000
 0969  0.6297999794216642E+000
 0970  0.6297999794216642E+000
 0971  0.6297999794216642E+000
 0972  0.6297999794216642E+000
 0973  0.6297999794216642E+000
 0974  0.6297999794216642E+000
 0975  0.6297999794216642E+000
 0976  0.6297999794216642E+000
 0977  0.6297999794216642E+000
 0978  0.6297999794216642E+000
 0979  0.6297999794216642E+000
 0980  0.6297999794216642E+000
 0981  0.6297999794216642E+000
 0982  0.6297999794216642E+000
 0983  0.6297999794216642E+000
 0984  0.6297999794216642E+000
 0985  0.6297999794216642E+000
 0986  0.6297999794216642E+000
 0987  0.6297999794216642E+000
 0988  0.6297999794216642E+000
 0989  0.6297999794216642E+000
 0990  0.6297999794216642E+000
 0991  0.6297999794216642E+000
 0992  0.6297999794216642E+000
 0993  0.6297999794216642E+000
 0994  0.6297999794216642E+000
 0995  0.6297999794216642E+000
 0996  0.6297999794216642E+000
 0997  0.6297999794216642E+000
 0998  0.6297999794216642E+000
 0999  0.6297999794216642E+000
 1000  0.6297999794216642E+000
