 0001  0.9513331424410050E-003
 0002  0.1133199835131033E-002
 0003  0.1133199835131033E-002
 0004  0.1395471016170502E-002
 0005  0.1395471016170502E-002
 0006  0.1771148764633984E-002
 0007  0.1771148764633985E-002
 0008  0.1771148764633985E-002
 0009  0.2144781554676207E-002
 0010  0.2144781554676207E-002
 0011  0.2632955585129792E-002
 0012  0.2632955585129792E-002
 0013  0.3269812833603872E-002
 0014  0.3269812833603872E-002
 0015  0.3891881053165171E-002
 0016  0.3891881053165171E-002
 0017  0.4718751203299139E-002
 0018  0.4718751203299140E-002
 0019  0.5802107889930866E-002
 0020  0.5802107889930868E-002
 0021  0.6860306986851794E-002
 0022  0.6860306986851792E-002
 0023  0.8176500641567495E-002
 0024  0.8176500641567495E-002
 0025  0.9821500094501450E-002
 0026  0.9821500094501450E-002
 0027  0.1142829955123655E-001
 0028  0.1142829955123655E-001
 0029  0.1347704140039718E-001
 0030  0.1347704140039719E-001
 0031  0.1603640486121502E-001
 0032  0.1845787642139068E-001
 0033  0.1845787642139069E-001
 0034  0.2150631127637143E-001
 0035  0.2150631127637143E-001
 0036  0.2513534481358470E-001
 0037  0.2929946246139909E-001
 0038  0.2929946246139909E-001
 0039  0.3336688142762152E-001
 0040  0.3336688142762152E-001
 0041  0.3829240064964345E-001
 0042  0.4396149449475107E-001
 0043  0.4396149449475107E-001
 0044  0.4949894126669516E-001
 0045  0.5574582922285395E-001
 0046  0.5574582922285394E-001
 0047  0.6308687767952911E-001
 0048  0.7126255584121999E-001
 0049  0.7126255584122000E-001
 0050  0.7924837930469630E-001
 0051  0.8825940569776551E-001
 0052  0.8825940569776551E-001
 0053  0.9881565345566330E-001
 0054  0.1101782420542893E+000
 0055  0.1101782420542893E+000
 0056  0.1230750617609486E+000
 0057  0.1349635935317990E+000
 0058  0.1479729019539362E+000
 0059  0.1479729019539362E+000
 0060  0.1629303431360313E+000
 0061  0.1789322806305367E+000
 0062  0.1789322806305367E+000
 0063  0.1945626228941899E+000
 0064  0.2114860508008421E+000
 0065  0.2292921424864972E+000
 0066  0.2292921424864972E+000
 0067  0.2492868291233219E+000
 0068  0.2700223425152505E+000
 0069  0.2887979806929154E+000
 0070  0.3086913254264997E+000
 0071  0.3086913254264997E+000
 0072  0.3311768255522773E+000
 0073  0.3542802093249394E+000
 0074  0.3775838737284531E+000
 0075  0.3775838737284531E+000
 0076  0.4028758399405774E+000
 0077  0.4253629380768288E+000
 0078  0.4477561506812922E+000
 0079  0.4695535368502736E+000
 0080  0.4695535368502735E+000
 0081  0.4923461894827067E+000
 0082  0.5133130509407560E+000
 0083  0.5321669745692024E+000
 0084  0.5487238152059100E+000
 0085  0.5632439216412645E+000
 0086  0.5632439216412646E+000
 0087  0.5769084492592439E+000
 0088  0.5878043813565900E+000
 0089  0.5959897902666822E+000
 0090  0.6015823689069086E+000
 0091  0.6047398968058337E+000
 0092  0.6047398968058338E+000
 0093  0.6057338550834945E+000
 0094  0.6043768989619588E+000
 0095  0.6010394365556619E+000
 0096  0.5960414686437177E+000
 0097  0.5896546523563918E+000
 0098  0.5821106140264297E+000
 0099  0.5734155891612875E+000
 0100  0.5638362297471167E+000
 0101  0.5536183731916836E+000
 0102  0.5429782564298531E+000
 0103  0.5320967506480485E+000
 0104  0.5211241652607901E+000
 0105  0.5089702516770981E+000
 0106  0.4973643288608552E+000
 0107  0.4862950386529991E+000
 0108  0.4757498289000661E+000
 0109  0.4657172289669134E+000
 0110  0.4561861042821744E+000
 0111  0.4396819058226656E+000
 0112  0.4324910128035389E+000
 0113  0.4255845120081788E+000
 0114  0.4189476919616615E+000
 0115  0.4125961400491208E+000
 0116  0.4065394991020122E+000
 0117  0.4007825306519713E+000
 0118  0.3953260189581089E+000
 0119  0.3901675381054414E+000
 0120  0.3853021014224955E+000
 0121  0.3804746356729839E+000
 0122  0.3760044156370977E+000
 0123  0.3718648388305937E+000
 0124  0.3680315962607701E+000
 0125  0.3644823990025396E+000
 0126  0.3611967479591554E+000
 0127  0.3581557393337023E+000
 0128  0.3530288413583805E+000
 0129  0.3508599073725668E+000
 0130  0.3488258037490309E+000
 0131  0.3469206032632151E+000
 0132  0.3451382934940776E+000
 0133  0.3434728440026029E+000
 0134  0.3419182619888954E+000
 0135  0.3404175417963941E+000
 0136  0.3390313452422410E+000
 0137  0.3377510026797698E+000
 0138  0.3365685119272057E+000
 0139  0.3354758971439332E+000
 0140  0.3344665654146188E+000
 0141  0.3335343849134546E+000
 0142  0.3326736535139326E+000
 0143  0.3312216097962470E+000
 0144  0.3306076057435237E+000
 0145  0.3300345257086731E+000
 0146  0.3294999449447832E+000
 0147  0.3289887263781582E+000
 0148  0.3285150116770416E+000
 0149  0.3280759359899696E+000
 0150  0.3276690088700757E+000
 0151  0.3272919152042763E+000
 0152  0.3269425031977739E+000
 0153  0.3266187731527826E+000
 0154  0.3263188669915995E+000
 0155  0.3260410584770367E+000
 0156  0.3255679408846545E+000
 0157  0.3253661268486701E+000
 0158  0.3251736267208650E+000
 0159  0.3249944058264318E+000
 0160  0.3248275572426337E+000
 0161  0.3246722352766319E+000
 0162  0.3245276513867723E+000
 0163  0.3243930703712945E+000
 0164  0.3242678068072566E+000
 0165  0.3241512217640894E+000
 0166  0.3240427196396872E+000
 0167  0.3239417452607359E+000
 0168  0.3237665859989015E+000
 0169  0.3236906520873900E+000
 0170  0.3236196291398757E+000
 0171  0.3235532017855835E+000
 0172  0.3234910747463050E+000
 0173  0.3234329715677230E+000
 0174  0.3233786334300218E+000
 0175  0.3233278129507976E+000
 0176  0.3232802847981525E+000
 0177  0.3232358378711334E+000
 0178  0.3231937001026073E+000
 0179  0.3231206645456074E+000
 0180  0.3230889810035244E+000
 0181  0.3230592152777124E+000
 0182  0.3230312498892862E+000
 0183  0.3230049768815443E+000
 0184  0.3229802946957283E+000
 0185  0.3229571077980101E+000
 0186  0.3229350674684942E+000
 0187  0.3229144016649364E+000
 0188  0.3228950225429286E+000
 0189  0.3228610848908980E+000
 0190  0.3228462132560984E+000
 0191  0.3228321840907564E+000
 0192  0.3228189500111929E+000
 0193  0.3228064662733349E+000
 0194  0.3227945672570991E+000
 0195  0.3227833597890227E+000
 0196  0.3227728033117666E+000
 0197  0.3227628596701438E+000
 0198  0.3227452898261701E+000
 0199  0.3227375229412970E+000
 0200  0.3227301003333345E+000
 0201  0.3227230813108902E+000
 0202  0.3227164437546709E+000
 0203  0.3227101667679346E+000
 0204  0.3227042306083250E+000
 0205  0.3226986164439646E+000
 0206  0.3226933066922279E+000
 0207  0.3226838116803191E+000
 0208  0.3226795667195591E+000
 0209  0.3226755381416690E+000
 0210  0.3226717147384910E+000
 0211  0.3226680859987984E+000
 0212  0.3226646419530099E+000
 0213  0.3226613731451178E+000
 0214  0.3226554673617806E+000
 0215  0.3226528212665989E+000
 0216  0.3226503020677073E+000
 0217  0.3226479036474502E+000
 0218  0.3226456201847198E+000
 0219  0.3226434308925569E+000
 0220  0.3226413480825808E+000
 0221  0.3226393665063332E+000
 0222  0.3226357936268551E+000
 0223  0.3226341823769769E+000
 0224  0.3226326439646198E+000
 0225  0.3226311655913074E+000
 0226  0.3226297549770483E+000
 0227  0.3226284089796632E+000
 0228  0.3226271246043322E+000
 0229  0.3226247887180151E+000
 0230  0.3226237265630744E+000
 0231  0.3226227104233036E+000
 0232  0.3226217382835491E+000
 0233  0.3226208082178468E+000
 0234  0.3226199183743770E+000
 0235  0.3226182875278442E+000
 0236  0.3226175446159551E+000
 0237  0.3226168321846037E+000
 0238  0.3226161489712099E+000
 0239  0.3226154903469914E+000
 0240  0.3226148590109714E+000
 0241  0.3226142538157131E+000
 0242  0.3226131460683644E+000
 0243  0.3226126365258936E+000
 0244  0.3226121470268694E+000
 0245  0.3226116767718010E+000
 0246  0.3226112249898331E+000
 0247  0.3226103926177036E+000
 0248  0.3226100091960458E+000
 0249  0.3226096401153233E+000
 0250  0.3226092848321999E+000
 0251  0.3226089428217874E+000
 0252  0.3226086121418625E+000
 0253  0.3226080021361939E+000
 0254  0.3226077207537206E+000
 0255  0.3226074482702052E+000
 0256  0.3226071855712602E+000
 0257  0.3226069322999762E+000
 0258  0.3226064624929830E+000
 0259  0.3226062446107938E+000
 0260  0.3226060341955399E+000
 0261  0.3226058309875058E+000
 0262  0.3226056347351911E+000
 0263  0.3226052688371925E+000
 0264  0.3226050989433891E+000
 0265  0.3226049346134751E+000
 0266  0.3226047750940531E+000
 0267  0.3226046208321859E+000
 0268  0.3226043330088261E+000
 0269  0.3226041987449181E+000
 0270  0.3226040687187985E+000
 0271  0.3226039427945209E+000
 0272  0.3226038204429584E+000
 0273  0.3226035919424844E+000
 0274  0.3226034849092956E+000
 0275  0.3226033811329240E+000
 0276  0.3226032805121959E+000
 0277  0.3226030918178836E+000
 0278  0.3226030033485384E+000
 0279  0.3226029174620456E+000
 0280  0.3226028338417791E+000
 0281  0.3226026769049818E+000
 0282  0.3226026030584057E+000
 0283  0.3226025312947609E+000
 0284  0.3226024615541973E+000
 0285  0.3226023935981185E+000
 0286  0.3226022657864326E+000
 0287  0.3226022055284344E+000
 0288  0.3226021469121112E+000
 0289  0.3226020898918512E+000
 0290  0.3226019821518691E+000
 0291  0.3226019313859794E+000
 0292  0.3226018818324236E+000
 0293  0.3226017882540168E+000
 0294  0.3226017439680718E+000
 0295  0.3226017008067265E+000
 0296  0.3226016587408456E+000
 0297  0.3226015789730330E+000
 0298  0.3226015411620346E+000
 0299  0.3226015042809143E+000
 0300  0.3226014343118286E+000
 0301  0.3226014011250961E+000
 0302  0.3226013686601938E+000
 0303  0.3226013369688951E+000
 0304  0.3226012767541678E+000
 0305  0.3226012481505586E+000
 0306  0.3226012201516086E+000
 0307  0.3226011668765938E+000
 0308  0.3226011415334798E+000
 0309  0.3226011167117194E+000
 0310  0.3226010694177286E+000
 0311  0.3226010468891752E+000
 0312  0.3226010248496021E+000
 0313  0.3226009827605136E+000
 0314  0.3226009626673495E+000
 0315  0.3226009429979218E+000
 0316  0.3226009053905811E+000
 0317  0.3226008874155859E+000
 0318  0.3226008698090536E+000
 0319  0.3226008360827138E+000
 0320  0.3226008199572808E+000
 0321  0.3226008041298681E+000
 0322  0.3226007738262991E+000
 0323  0.3226007593209471E+000
 0324  0.3226007450767200E+000
 0325  0.3226007177747299E+000
 0326  0.3226007046742995E+000
 0327  0.3226006918217212E+000
 0328  0.3226006671454567E+000
 0329  0.3226006553015968E+000
 0330  0.3226006325404028E+000
 0331  0.3226006216053058E+000
 0332  0.3226006108534561E+000
 0333  0.3226005901855434E+000
 0334  0.3226005802415019E+000
 0335  0.3226005611091012E+000
 0336  0.3226005518959379E+000
 0337  0.3226005428302999E+000
 0338  0.3226005253736438E+000
 0339  0.3226005169610849E+000
 0340  0.3226005007401552E+000
 0341  0.3226004929211065E+000
 0342  0.3226004778254564E+000
 0343  0.3226004705468132E+000
 0344  0.3226004564840303E+000
 0345  0.3226004496918405E+000
 0346  0.3226004365604601E+000
 0347  0.3226004302140102E+000
 0348  0.3226004239586939E+000
 0349  0.3226004118681808E+000
 0350  0.3226004060209772E+000
 0351  0.3226003947022945E+000
 0352  0.3226003892249936E+000
 0353  0.3226003786160512E+000
 0354  0.3226003734791499E+000
 0355  0.3226003635237931E+000
 0356  0.3226003587005707E+000
 0357  0.3226003493415246E+000
 0358  0.3226003404238949E+000
 0359  0.3226003360986940E+000
 0360  0.3226003277002270E+000
 0361  0.3226003236234712E+000
 0362  0.3226003157060595E+000
 0363  0.3226003118598570E+000
 0364  0.3226003043866855E+000
 0365  0.3226003007546922E+000
 0366  0.3226002936926506E+000
 0367  0.3226002869364530E+000
 0368  0.3226002836500088E+000
 0369  0.3226002772541814E+000
 0370  0.3226002741410595E+000
 0371  0.3226002680801683E+000
 0372  0.3226002622679393E+000
 0373  0.3226002594373196E+000
 0374  0.3226002539197815E+000
 0375  0.3226002486215316E+000
 0376  0.3226002460388469E+000
 0377  0.3226002410011448E+000
 0378  0.3226002361585342E+000
 0379  0.3226002337963457E+000
 0380  0.3226002291842143E+000
 0381  0.3226002247456094E+000
 0382  0.3226002204712486E+000
 0383  0.3226002183834035E+000
 0384  0.3226002143039546E+000
 0385  0.3226002103710613E+000
 0386  0.3226002065774316E+000
 0387  0.3226002047227431E+000
 0388  0.3226002010947695E+000
 0389  0.3226001975919885E+000
 0390  0.3226001942088419E+000
 0391  0.3226001925531225E+000
 0392  0.3226001893114071E+000
 0393  0.3226001861772558E+000
 0394  0.3226001831459811E+000
 0395  0.3226001802128166E+000
 0396  0.3226001773733991E+000
 0397  0.3226001746235787E+000
 0398  0.3226001719596677E+000
 0399  0.3226001706535520E+000
 0400  0.3226001680914022E+000
 0401  0.3226001656073504E+000
 0402  0.3226001631981038E+000
 0403  0.3226001608606296E+000
 0404  0.3226001585927428E+000
 0405  0.3226001563940299E+000
 0406  0.3226001542616543E+000
 0407  0.3226001521928949E+000
 0408  0.3226001501851709E+000
 0409  0.3226001482360332E+000
 0410  0.3226001463431569E+000
 0411  0.3226001436143300E+000
 0412  0.3226001418652295E+000
 0413  0.3226001401645222E+000
 0414  0.3226001385103866E+000
 0415  0.3226001369010876E+000
 0416  0.3226001353349717E+000
 0417  0.3226001330711104E+000
 0418  0.3226001316161993E+000
 0419  0.3226001301988218E+000
 0420  0.3226001288176607E+000
 0421  0.3226001268177526E+000
 0422  0.3226001255303278E+000
 0423  0.3226001242745902E+000
 0424  0.3226001224540253E+000
 0425  0.3226001212806164E+000
 0426  0.3226001195779221E+000
 0427  0.3226001184795415E+000
 0428  0.3226001174065672E+000
 0429  0.3226001158479063E+000
 0430  0.3226001148413585E+000
 0431  0.3226001133780654E+000
 0432  0.3226001119716471E+000
 0433  0.3226001110622877E+000
 0434  0.3226001097387011E+000
 0435  0.3226001084647022E+000
 0436  0.3226001076400248E+000
 0437  0.3226001064383738E+000
 0438  0.3226001052801905E+000
 0439  0.3226001041633368E+000
 0440  0.3226001030858101E+000
 0441  0.3226001020457314E+000
 0442  0.3226001010413369E+000
 0443  0.3226001000709696E+000
 0444  0.3226000991330706E+000
 0445  0.3226000982261735E+000
 0446  0.3226000973488956E+000
 0447  0.3226000964999339E+000
 0448  0.3226000954118802E+000
 0449  0.3226000946271628E+000
 0450  0.3226000938667885E+000
 0451  0.3226000928908053E+000
 0452  0.3226000921858860E+000
 0453  0.3226000912801903E+000
 0454  0.3226000904129214E+000
 0455  0.3226000897855794E+000
 0456  0.3226000889783909E+000
 0457  0.3226000882041883E+000
 0458  0.3226000874612011E+000
 0459  0.3226000867477802E+000
 0460  0.3226000858962982E+000
 0461  0.3226000852455453E+000
 0462  0.3226000846196366E+000
 0463  0.3226000838712254E+000
 0464  0.3226000831591617E+000
 0465  0.3226000826136383E+000
 0466  0.3226000819601805E+000
 0467  0.3226000813372596E+000
 0468  0.3226000806281827E+000
 0469  0.3226000800673127E+000
 0470  0.3226000794279213E+000
 0471  0.3226000788234012E+000
 0472  0.3226000782513938E+000
 0473  0.3226000777097405E+000
 0474  0.3226000771139828E+000
 0475  0.3226000765547863E+000
 0476  0.3226000760294326E+000
 0477  0.3226000754676583E+000
 0478  0.3226000749441652E+000
 0479  0.3226000743974385E+000
 0480  0.3226000738918201E+000
 0481  0.3226000734236972E+000
 0482  0.3226000728982665E+000
 0483  0.3226000724196661E+000
 0484  0.3226000719455657E+000
 0485  0.3226000714827176E+000
 0486  0.3226000710070312E+000
 0487  0.3226000705602555E+000
 0488  0.3226000701001021E+000
 0489  0.3226000696486234E+000
 0490  0.3226000692235919E+000
 0491  0.3226000687895371E+000
 0492  0.3226000683634812E+000
 0493  0.3226000683463637E+000
 0494  0.3226000683463637E+000
 0495  0.3226000683463637E+000
 0496  0.3226000683463637E+000
 0497  0.3226000683463637E+000
 0498  0.3226000683463637E+000
 0499  0.3226000683463637E+000
 0500  0.3226000683463637E+000
 0501  0.3226000683463637E+000
 0502  0.3226000683463637E+000
 0503  0.3226000683463637E+000
 0504  0.3226000683463637E+000
 0505  0.3226000683463637E+000
 0506  0.3226000683463637E+000
 0507  0.3226000683463637E+000
 0508  0.3226000683463637E+000
 0509  0.3226000683463637E+000
 0510  0.3226000683463637E+000
 0511  0.3226000683463637E+000
 0512  0.3226000683463637E+000
 0513  0.3226000683463637E+000
 0514  0.3226000683463637E+000
 0515  0.3226000683463637E+000
 0516  0.3226000683463637E+000
 0517  0.3226000683463637E+000
 0518  0.3226000683463637E+000
 0519  0.3226000683463637E+000
 0520  0.3226000683463637E+000
 0521  0.3226000683463637E+000
 0522  0.3226000683463637E+000
 0523  0.3226000683463637E+000
 0524  0.3226000683463637E+000
 0525  0.3226000683463637E+000
 0526  0.3226000683463637E+000
 0527  0.3226000683463637E+000
 0528  0.3226000683463637E+000
 0529  0.3226000683463637E+000
 0530  0.3226000683463637E+000
 0531  0.3226000683463637E+000
 0532  0.3226000683463637E+000
 0533  0.3226000683463637E+000
 0534  0.3226000683463637E+000
 0535  0.3226000683463637E+000
 0536  0.3226000683463637E+000
 0537  0.3226000683463637E+000
 0538  0.3226000683463637E+000
 0539  0.3226000683463637E+000
 0540  0.3226000683463637E+000
 0541  0.3226000683463637E+000
 0542  0.3226000683463637E+000
 0543  0.3226000683463637E+000
 0544  0.3226000683463637E+000
 0545  0.3226000683463637E+000
 0546  0.3226000683463637E+000
 0547  0.3226000683463637E+000
 0548  0.3226000683463637E+000
 0549  0.3226000683463637E+000
 0550  0.3226000683463637E+000
 0551  0.3226000683463637E+000
 0552  0.3226000683463637E+000
 0553  0.3226000683463637E+000
 0554  0.3226000683463637E+000
 0555  0.3226000683463637E+000
 0556  0.3226000683463637E+000
 0557  0.3226000683463637E+000
 0558  0.3226000683463637E+000
 0559  0.3226000683463637E+000
 0560  0.3226000683463637E+000
 0561  0.3226000683463637E+000
 0562  0.3226000683463637E+000
 0563  0.3226000683463637E+000
 0564  0.3226000683463637E+000
 0565  0.3226000683463637E+000
 0566  0.3226000683463637E+000
 0567  0.3226000683463637E+000
 0568  0.3226000683463637E+000
 0569  0.3226000683463637E+000
 0570  0.3226000683463637E+000
 0571  0.3226000683463637E+000
 0572  0.3226000683463637E+000
 0573  0.3226000683463637E+000
 0574  0.3226000683463637E+000
 0575  0.3226000683463637E+000
 0576  0.3226000683463637E+000
 0577  0.3226000683463637E+000
 0578  0.3226000683463637E+000
 0579  0.3226000683463637E+000
 0580  0.3226000683463637E+000
 0581  0.3226000683463637E+000
 0582  0.3226000683463637E+000
 0583  0.3226000683463637E+000
 0584  0.3226000683463637E+000
 0585  0.3226000683463637E+000
 0586  0.3226000683463637E+000
 0587  0.3226000683463637E+000
 0588  0.3226000683463637E+000
 0589  0.3226000683463637E+000
 0590  0.3226000683463637E+000
 0591  0.3226000683463637E+000
 0592  0.3226000683463637E+000
 0593  0.3226000683463637E+000
 0594  0.3226000683463637E+000
 0595  0.3226000683463637E+000
 0596  0.3226000683463637E+000
 0597  0.3226000683463637E+000
 0598  0.3226000683463637E+000
 0599  0.3226000683463637E+000
 0600  0.3226000683463637E+000
 0601  0.3226000683463637E+000
 0602  0.3226000683463637E+000
 0603  0.3226000683463637E+000
 0604  0.3226000683463637E+000
 0605  0.3226000683463637E+000
 0606  0.3226000683463637E+000
 0607  0.3226000683463637E+000
 0608  0.3226000683463637E+000
 0609  0.3226000683463637E+000
 0610  0.3226000683463637E+000
 0611  0.3226000683463637E+000
 0612  0.3226000683463637E+000
 0613  0.3226000683463637E+000
 0614  0.3226000683463637E+000
 0615  0.3226000683463637E+000
 0616  0.3226000683463637E+000
 0617  0.3226000683463637E+000
 0618  0.3226000683463637E+000
 0619  0.3226000683463637E+000
 0620  0.3226000683463637E+000
 0621  0.3226000683463637E+000
 0622  0.3226000683463637E+000
 0623  0.3226000683463637E+000
 0624  0.3226000683463637E+000
 0625  0.3226000683463637E+000
 0626  0.3226000683463637E+000
 0627  0.3226000683463637E+000
 0628  0.3226000683463637E+000
 0629  0.3226000683463637E+000
 0630  0.3226000683463637E+000
 0631  0.3226000683463637E+000
 0632  0.3226000683463637E+000
 0633  0.3226000683463637E+000
 0634  0.3226000683463637E+000
 0635  0.3226000683463637E+000
 0636  0.3226000683463637E+000
 0637  0.3226000683463637E+000
 0638  0.3226000683463637E+000
 0639  0.3226000683463637E+000
 0640  0.3226000683463637E+000
 0641  0.3226000683463637E+000
 0642  0.3226000683463637E+000
 0643  0.3226000683463637E+000
 0644  0.3226000683463637E+000
 0645  0.3226000683463637E+000
 0646  0.3226000683463637E+000
 0647  0.3226000683463637E+000
 0648  0.3226000683463637E+000
 0649  0.3226000683463637E+000
 0650  0.3226000683463637E+000
 0651  0.3226000683463637E+000
 0652  0.3226000683463637E+000
 0653  0.3226000683463637E+000
 0654  0.3226000683463637E+000
 0655  0.3226000683463637E+000
 0656  0.3226000683463637E+000
 0657  0.3226000683463637E+000
 0658  0.3226000683463637E+000
 0659  0.3226000683463637E+000
 0660  0.3226000683463637E+000
 0661  0.3226000683463637E+000
 0662  0.3226000683463637E+000
 0663  0.3226000683463637E+000
 0664  0.3226000683463637E+000
 0665  0.3226000683463637E+000
 0666  0.3226000683463637E+000
 0667  0.3226000683463637E+000
 0668  0.3226000683463637E+000
 0669  0.3226000683463637E+000
 0670  0.3226000683463637E+000
 0671  0.3226000683463637E+000
 0672  0.3226000683463637E+000
 0673  0.3226000683463637E+000
 0674  0.3226000683463637E+000
 0675  0.3226000683463637E+000
 0676  0.3226000683463637E+000
 0677  0.3226000683463637E+000
 0678  0.3226000683463637E+000
 0679  0.3226000683463637E+000
 0680  0.3226000683463637E+000
 0681  0.3226000683463637E+000
 0682  0.3226000683463637E+000
 0683  0.3226000683463637E+000
 0684  0.3226000683463637E+000
 0685  0.3226000683463637E+000
 0686  0.3226000683463637E+000
 0687  0.3226000683463637E+000
 0688  0.3226000683463637E+000
 0689  0.3226000683463637E+000
 0690  0.3226000683463637E+000
 0691  0.3226000683463637E+000
 0692  0.3226000683463637E+000
 0693  0.3226000683463637E+000
 0694  0.3226000683463637E+000
 0695  0.3226000683463637E+000
 0696  0.3226000683463637E+000
 0697  0.3226000683463637E+000
 0698  0.3226000683463637E+000
 0699  0.3226000683463637E+000
 0700  0.3226000683463637E+000
 0701  0.3226000683463637E+000
 0702  0.3226000683463637E+000
 0703  0.3226000683463637E+000
 0704  0.3226000683463637E+000
 0705  0.3226000683463637E+000
 0706  0.3226000683463637E+000
 0707  0.3226000683463637E+000
 0708  0.3226000683463637E+000
 0709  0.3226000683463637E+000
 0710  0.3226000683463637E+000
 0711  0.3226000683463637E+000
 0712  0.3226000683463637E+000
 0713  0.3226000683463637E+000
 0714  0.3226000683463637E+000
 0715  0.3226000683463637E+000
 0716  0.3226000683463637E+000
 0717  0.3226000683463637E+000
 0718  0.3226000683463637E+000
 0719  0.3226000683463637E+000
 0720  0.3226000683463637E+000
 0721  0.3226000683463637E+000
 0722  0.3226000683463637E+000
 0723  0.3226000683463637E+000
 0724  0.3226000683463637E+000
 0725  0.3226000683463637E+000
 0726  0.3226000683463637E+000
 0727  0.3226000683463637E+000
 0728  0.3226000683463637E+000
 0729  0.3226000683463637E+000
 0730  0.3226000683463637E+000
 0731  0.3226000683463637E+000
 0732  0.3226000683463637E+000
 0733  0.3226000683463637E+000
 0734  0.3226000683463637E+000
 0735  0.3226000683463637E+000
 0736  0.3226000683463637E+000
 0737  0.3226000683463637E+000
 0738  0.3226000683463637E+000
 0739  0.3226000683463637E+000
 0740  0.3226000683463637E+000
 0741  0.3226000683463637E+000
 0742  0.3226000683463637E+000
 0743  0.3226000683463637E+000
 0744  0.3226000683463637E+000
 0745  0.3226000683463637E+000
 0746  0.3226000683463637E+000
 0747  0.3226000683463637E+000
 0748  0.3226000683463637E+000
 0749  0.3226000683463637E+000
 0750  0.3226000683463637E+000
 0751  0.3226000683463637E+000
 0752  0.3226000683463637E+000
 0753  0.3226000683463637E+000
 0754  0.3226000683463637E+000
 0755  0.3226000683463637E+000
 0756  0.3226000683463637E+000
 0757  0.3226000683463637E+000
 0758  0.3226000683463637E+000
 0759  0.3226000683463637E+000
 0760  0.3226000683463637E+000
 0761  0.3226000683463637E+000
 0762  0.3226000683463637E+000
 0763  0.3226000683463637E+000
 0764  0.3226000683463637E+000
 0765  0.3226000683463637E+000
 0766  0.3226000683463637E+000
 0767  0.3226000683463637E+000
 0768  0.3226000683463637E+000
 0769  0.3226000683463637E+000
 0770  0.3226000683463637E+000
 0771  0.3226000683463637E+000
 0772  0.3226000683463637E+000
 0773  0.3226000683463637E+000
 0774  0.3226000683463637E+000
 0775  0.3226000683463637E+000
 0776  0.3226000683463637E+000
 0777  0.3226000683463637E+000
 0778  0.3226000683463637E+000
 0779  0.3226000683463637E+000
 0780  0.3226000683463637E+000
 0781  0.3226000683463637E+000
 0782  0.3226000683463637E+000
 0783  0.3226000683463637E+000
 0784  0.3226000683463637E+000
 0785  0.3226000683463637E+000
 0786  0.3226000683463637E+000
 0787  0.3226000683463637E+000
 0788  0.3226000683463637E+000
 0789  0.3226000683463637E+000
 0790  0.3226000683463637E+000
 0791  0.3226000683463637E+000
 0792  0.3226000683463637E+000
 0793  0.3226000683463637E+000
 0794  0.3226000683463637E+000
 0795  0.3226000683463637E+000
 0796  0.3226000683463637E+000
 0797  0.3226000683463637E+000
 0798  0.3226000683463637E+000
 0799  0.3226000683463637E+000
 0800  0.3226000683463637E+000
 0801  0.3226000683463637E+000
 0802  0.3226000683463637E+000
 0803  0.3226000683463637E+000
 0804  0.3226000683463637E+000
 0805  0.3226000683463637E+000
 0806  0.3226000683463637E+000
 0807  0.3226000683463637E+000
 0808  0.3226000683463637E+000
 0809  0.3226000683463637E+000
 0810  0.3226000683463637E+000
 0811  0.3226000683463637E+000
 0812  0.3226000683463637E+000
 0813  0.3226000683463637E+000
 0814  0.3226000683463637E+000
 0815  0.3226000683463637E+000
 0816  0.3226000683463637E+000
 0817  0.3226000683463637E+000
 0818  0.3226000683463637E+000
 0819  0.3226000683463637E+000
 0820  0.3226000683463637E+000
 0821  0.3226000683463637E+000
 0822  0.3226000683463637E+000
 0823  0.3226000683463637E+000
 0824  0.3226000683463637E+000
 0825  0.3226000683463637E+000
 0826  0.3226000683463637E+000
 0827  0.3226000683463637E+000
 0828  0.3226000683463637E+000
 0829  0.3226000683463637E+000
 0830  0.3226000683463637E+000
 0831  0.3226000683463637E+000
 0832  0.3226000683463637E+000
 0833  0.3226000683463637E+000
 0834  0.3226000683463637E+000
 0835  0.3226000683463637E+000
 0836  0.3226000683463637E+000
 0837  0.3226000683463637E+000
 0838  0.3226000683463637E+000
 0839  0.3226000683463637E+000
 0840  0.3226000683463637E+000
 0841  0.3226000683463637E+000
 0842  0.3226000683463637E+000
 0843  0.3226000683463637E+000
 0844  0.3226000683463637E+000
 0845  0.3226000683463637E+000
 0846  0.3226000683463637E+000
 0847  0.3226000683463637E+000
 0848  0.3226000683463637E+000
 0849  0.3226000683463637E+000
 0850  0.3226000683463637E+000
 0851  0.3226000683463637E+000
 0852  0.3226000683463637E+000
 0853  0.3226000683463637E+000
 0854  0.3226000683463637E+000
 0855  0.3226000683463637E+000
 0856  0.3226000683463637E+000
 0857  0.3226000683463637E+000
 0858  0.3226000683463637E+000
 0859  0.3226000683463637E+000
 0860  0.3226000683463637E+000
 0861  0.3226000683463637E+000
 0862  0.3226000683463637E+000
 0863  0.3226000683463637E+000
 0864  0.3226000683463637E+000
 0865  0.3226000683463637E+000
 0866  0.3226000683463637E+000
 0867  0.3226000683463637E+000
 0868  0.3226000683463637E+000
 0869  0.3226000683463637E+000
 0870  0.3226000683463637E+000
 0871  0.3226000683463637E+000
 0872  0.3226000683463637E+000
 0873  0.3226000683463637E+000
 0874  0.3226000683463637E+000
 0875  0.3226000683463637E+000
 0876  0.3226000683463637E+000
 0877  0.3226000683463637E+000
 0878  0.3226000683463637E+000
 0879  0.3226000683463637E+000
 0880  0.3226000683463637E+000
 0881  0.3226000683463637E+000
 0882  0.3226000683463637E+000
 0883  0.3226000683463637E+000
 0884  0.3226000683463637E+000
 0885  0.3226000683463637E+000
 0886  0.3226000683463637E+000
 0887  0.3226000683463637E+000
 0888  0.3226000683463637E+000
 0889  0.3226000683463637E+000
 0890  0.3226000683463637E+000
 0891  0.3226000683463637E+000
 0892  0.3226000683463637E+000
 0893  0.3226000683463637E+000
 0894  0.3226000683463637E+000
 0895  0.3226000683463637E+000
 0896  0.3226000683463637E+000
 0897  0.3226000683463637E+000
 0898  0.3226000683463637E+000
 0899  0.3226000683463637E+000
 0900  0.3226000683463637E+000
 0901  0.3226000683463637E+000
 0902  0.3226000683463637E+000
 0903  0.3226000683463637E+000
 0904  0.3226000683463637E+000
 0905  0.3226000683463637E+000
 0906  0.3226000683463637E+000
 0907  0.3226000683463637E+000
 0908  0.3226000683463637E+000
 0909  0.3226000683463637E+000
 0910  0.3226000683463637E+000
 0911  0.3226000683463637E+000
 0912  0.3226000683463637E+000
 0913  0.3226000683463637E+000
 0914  0.3226000683463637E+000
 0915  0.3226000683463637E+000
 0916  0.3226000683463637E+000
 0917  0.3226000683463637E+000
 0918  0.3226000683463637E+000
 0919  0.3226000683463637E+000
 0920  0.3226000683463637E+000
 0921  0.3226000683463637E+000
 0922  0.3226000683463637E+000
 0923  0.3226000683463637E+000
 0924  0.3226000683463637E+000
 0925  0.3226000683463637E+000
 0926  0.3226000683463637E+000
 0927  0.3226000683463637E+000
 0928  0.3226000683463637E+000
 0929  0.3226000683463637E+000
 0930  0.3226000683463637E+000
 0931  0.3226000683463637E+000
 0932  0.3226000683463637E+000
 0933  0.3226000683463637E+000
 0934  0.3226000683463637E+000
 0935  0.3226000683463637E+000
 0936  0.3226000683463637E+000
 0937  0.3226000683463637E+000
 0938  0.3226000683463637E+000
 0939  0.3226000683463637E+000
 0940  0.3226000683463637E+000
 0941  0.3226000683463637E+000
 0942  0.3226000683463637E+000
 0943  0.3226000683463637E+000
 0944  0.3226000683463637E+000
 0945  0.3226000683463637E+000
 0946  0.3226000683463637E+000
 0947  0.3226000683463637E+000
 0948  0.3226000683463637E+000
 0949  0.3226000683463637E+000
 0950  0.3226000683463637E+000
 0951  0.3226000683463637E+000
 0952  0.3226000683463637E+000
 0953  0.3226000683463637E+000
 0954  0.3226000683463637E+000
 0955  0.3226000683463637E+000
 0956  0.3226000683463637E+000
 0957  0.3226000683463637E+000
 0958  0.3226000683463637E+000
 0959  0.3226000683463637E+000
 0960  0.3226000683463637E+000
 0961  0.3226000683463637E+000
 0962  0.3226000683463637E+000
 0963  0.3226000683463637E+000
 0964  0.3226000683463637E+000
 0965  0.3226000683463637E+000
 0966  0.3226000683463637E+000
 0967  0.3226000683463637E+000
 0968  0.3226000683463637E+000
 0969  0.3226000683463637E+000
 0970  0.3226000683463637E+000
 0971  0.3226000683463637E+000
 0972  0.3226000683463637E+000
 0973  0.3226000683463637E+000
 0974  0.3226000683463637E+000
 0975  0.3226000683463637E+000
 0976  0.3226000683463637E+000
 0977  0.3226000683463637E+000
 0978  0.3226000683463637E+000
 0979  0.3226000683463637E+000
 0980  0.3226000683463637E+000
 0981  0.3226000683463637E+000
 0982  0.3226000683463637E+000
 0983  0.3226000683463637E+000
 0984  0.3226000683463637E+000
 0985  0.3226000683463637E+000
 0986  0.3226000683463637E+000
 0987  0.3226000683463637E+000
 0988  0.3226000683463637E+000
 0989  0.3226000683463637E+000
 0990  0.3226000683463637E+000
 0991  0.3226000683463637E+000
 0992  0.3226000683463637E+000
 0993  0.3226000683463637E+000
 0994  0.3226000683463637E+000
 0995  0.3226000683463637E+000
 0996  0.3226000683463637E+000
 0997  0.3226000683463637E+000
 0998  0.3226000683463637E+000
 0999  0.3226000683463637E+000
 1000  0.3226000683463637E+000
