  0.0000000000E+000  0.0000000000E+000
  1.7002013782E+003  2.6573978477E+036
  3.4002261870E+003  3.9381582040E+038
  5.1001757629E+003  2.9887703105E+038
  6.8002266217E+003  2.4510733959E+038
  8.5002001009E+003  2.1096436784E+038
  1.0200176635E+004  1.8737720836E+038
  1.1900227396E+004  1.7002640739E+038
  1.3600185243E+004  1.5664775451E+038
  1.5300219272E+004  1.4595407210E+038
  1.7000184502E+004  1.3716622191E+038
  1.8700156496E+004  1.2978340609E+038
  2.0400183648E+004  1.2340266026E+038
  2.2100219698E+004  1.1772748828E+038
  2.3800158891E+004  1.1276724168E+038
  2.5500189981E+004  1.0839808704E+038
  2.7200157998E+004  1.0446476480E+038
  2.8900128829E+004  1.0090634383E+038
  3.0600227806E+004  9.7675001120E+037
  3.2300139264E+004  9.4748124755E+037
  3.4000124203E+004  9.2078798756E+037
  3.5700236009E+004  8.9616443094E+037
  3.7400164231E+004  8.7301318036E+037
  3.9100125661E+004  8.5163623549E+037
  4.0800220656E+004  8.3178259677E+037
  4.2500213659E+004  8.1340856135E+037
  4.4200199873E+004  7.7884394938E+037
  4.5900204434E+004  7.5453708735E+037
  4.7600122271E+004  7.3922580515E+037
  4.9300158292E+004  7.2480084588E+037
  5.1000147614E+004  7.1146758739E+037
  5.2700196192E+004  6.9884279332E+037
  5.4400238000E+004  6.8704854055E+037
  5.6100173085E+004  6.7597153001E+037
  5.7800222779E+004  6.6543099767E+037
  5.9500156811E+004  6.5551745960E+037
  6.1200171956E+004  6.4597392832E+037
  6.2900201969E+004  6.3677419046E+037
  6.4600149712E+004  6.2809292861E+037
  6.6300202204E+004  6.1989772298E+037
  6.8000188221E+004  6.0869555763E+037
  6.9700237239E+004  5.9930389368E+037
  7.1400210230E+004  5.9115899285E+037
  7.3100223360E+004  5.8370425519E+037
  7.4800180618E+004  5.7678642293E+037
  7.6500235474E+004  5.7015364784E+037
  7.8200122269E+004  5.6326849755E+037
  7.9900143950E+004  5.5590053571E+037
  8.1600219455E+004  5.4879186503E+037
  8.3300239713E+004  5.4245534666E+037
  8.5000157049E+004  5.3646932805E+037
  8.6700208570E+004  5.3073541683E+037
  8.8400175033E+004  5.2521749684E+037
  9.0100195895E+004  5.1985573271E+037
  9.1800170621E+004  5.1462510066E+037
  9.3500136652E+004  5.0952622886E+037
  9.5200151062E+004  5.0455509362E+037
  9.6900178267E+004  4.9969130628E+037
  9.8600173932E+004  4.9501116183E+037
  1.0030012677E+005  4.9045192171E+037
  1.0200017263E+005  4.8601544812E+037
  1.0370020356E+005  4.8169509947E+037
  1.0540013880E+005  4.7748345660E+037
  1.0710016365E+005  4.7338411958E+037
  1.0880013040E+005  4.6940150222E+037
  1.1050018857E+005  4.6552457611E+037
  1.1220012949E+005  4.6173957500E+037
  1.1390014660E+005  4.5804374971E+037
  1.1560021727E+005  4.5443467727E+037
  1.1730022153E+005  4.5092578763E+037
  1.1900021821E+005  4.4751230952E+037
  1.2070019808E+005  4.4419203693E+037
  1.2240015484E+005  4.4096735063E+037
  1.2410023007E+005  4.3782913620E+037
  1.2580021513E+005  4.3475086611E+037
  1.2750012877E+005  4.3174440072E+037
  1.2920018869E+005  4.2882001187E+037
  1.3090014907E+005  4.2598534798E+037
  1.3260023136E+005  4.2052517465E+037
  1.3430017266E+005  4.1785140633E+037
  1.3600012132E+005  4.1522905379E+037
  1.3770020110E+005  4.1142578067E+037
  1.3940017808E+005  4.0824790655E+037
  1.4110018281E+005  4.0536486518E+037
  1.4280020378E+005  4.0262750157E+037
  1.4450021597E+005  3.9999497970E+037
  1.4620024035E+005  3.9745408560E+037
  1.4790013096E+005  3.9499877466E+037
  1.4960015380E+005  3.9262514244E+037
  1.5130018034E+005  3.9032249263E+037
  1.5300022111E+005  3.8807375782E+037
  1.5470014605E+005  3.8584735693E+037
  1.5640019555E+005  3.8368625912E+037
  1.5810012334E+005  3.8159048723E+037
  1.5980016849E+005  3.7955533007E+037
  1.6150021043E+005  3.7757042107E+037
  1.6320013592E+005  3.7563033094E+037
  1.6490018405E+005  3.7373462199E+037
  1.6660022551E+005  3.7188491920E+037
  1.6830015608E+005  3.7008552251E+037
  1.7000019386E+005  3.6833590963E+037
  1.7170023477E+005  3.6663141154E+037
  1.7340015412E+005  3.6496615968E+037
  1.7510019790E+005  3.6333835161E+037
  1.7680012658E+005  3.6174831097E+037
  1.7850019677E+005  3.6019586007E+037
  1.8020014479E+005  3.5868111632E+037
  1.8190024184E+005  3.5720368386E+037
  1.8360023107E+005  3.5576179546E+037
  1.8530012959E+005  3.5435185522E+037
  1.8700018063E+005  3.5297320343E+037
  1.8870013704E+005  3.5162896375E+037
  1.9040023721E+005  3.5032876448E+037
  1.9210022727E+005  3.4906883893E+037
  1.9380024069E+005  3.4784751439E+037
  1.9550014298E+005  3.4666184577E+037
  1.9720019012E+005  3.4549656862E+037
  1.9890013178E+005  3.4436272582E+037
  2.0060021401E+005  3.4326161401E+037
  2.0230017677E+005  3.4219320915E+037
  2.0400015232E+005  3.4115759388E+037
  2.0570013090E+005  3.4015486049E+037
  2.0740023291E+005  3.3918486769E+037
  2.0910023384E+005  3.3824751994E+037
  2.1080023752E+005  3.3734242985E+037
  2.1250012665E+005  3.3646927627E+037
  2.1420014122E+005  3.3562751668E+037
  2.1590014894E+005  3.3481649365E+037
  2.1760014836E+005  3.3403443146E+037
  2.1930014613E+005  3.3327996092E+037
  2.2100014008E+005  3.3255274864E+037
  2.2270012469E+005  3.3185288870E+037
  2.2440022931E+005  3.3118048331E+037
  2.2610019826E+005  3.3053572971E+037
  2.2780015864E+005  3.2991859817E+037
  2.2950022099E+005  3.2932900773E+037
  2.3120015808E+005  3.2876694573E+037
  2.3290020466E+005  3.2823220995E+037
  2.3460024323E+005  3.2772468924E+037
  2.3630016120E+005  3.2724424622E+037
  2.3800018692E+005  3.2662999794E+037
  2.3970020886E+005  3.2614039788E+037
  2.4140022596E+005  3.2569987317E+037
  2.4310024080E+005  3.2529792037E+037
  2.4480013022E+005  3.2493058938E+037
  2.4650015487E+005  3.2459576538E+037
  2.4820017660E+005  3.2429187106E+037
  2.4990020576E+005  3.2401783981E+037
  2.5160012467E+005  3.2377287881E+037
  2.5330016664E+005  3.2355629969E+037
  2.5500022484E+005  3.2336757137E+037
  2.5670016782E+005  3.2320623305E+037
  2.5840012265E+005  3.2307185351E+037
  2.6010020354E+005  3.2296405428E+037
  2.6180016741E+005  3.2288251310E+037
  2.6350013697E+005  3.2282691264E+037
  2.6520022256E+005  3.2279696701E+037
  2.6690019576E+005  3.2279241550E+037
  2.6860016924E+005  3.2281300786E+037
  2.7030014098E+005  3.2285851180E+037
  2.7200023144E+005  3.2292871351E+037
  2.7370019842E+005  3.2302339551E+037
  2.7540015753E+005  3.2314236424E+037
  2.7710023062E+005  3.2328544264E+037
  2.7880018544E+005  3.2345243121E+037
  2.8050012587E+005  3.2364316480E+037
  2.8220018593E+005  3.2385749466E+037
  2.8390024212E+005  3.2409524856E+037
  2.8560015878E+005  3.2435625127E+037
  2.8730019213E+005  3.2464039373E+037
  2.8900021204E+005  3.2494751339E+037
  2.9070022579E+005  3.2527747326E+037
  2.9240022478E+005  3.2563013998E+037
  2.9410020835E+005  3.2600557393E+037
  2.9580018261E+005  3.2640328681E+037
  2.9750013398E+005  3.2682305997E+037
  2.9920019528E+005  3.2726484991E+037
  3.0090024398E+005  3.2763992251E+037
  3.0260015565E+005  3.2803940015E+037
  3.0430017997E+005  3.2848244720E+037
  3.0600019622E+005  3.2895423519E+037
  3.0770020009E+005  3.2944968724E+037
  3.0940019131E+005  3.2996686245E+037
  3.1110018035E+005  3.3050507856E+037
  3.1280015501E+005  3.3106410816E+037
  3.1450012540E+005  3.3164392429E+037
  3.1620021892E+005  3.3224456149E+037
  3.1790017983E+005  3.3286594454E+037
  3.1960014303E+005  3.3350813214E+037
  3.2130022176E+005  3.3417111472E+037
  3.2300017435E+005  3.3485479567E+037
  3.2470024373E+005  3.3555926377E+037
  3.2640018374E+005  3.3628432635E+037
  3.2810012484E+005  3.3702955177E+037
  3.2980017638E+005  3.3779280056E+037
  3.3150022356E+005  3.3857236228E+037
  3.3320014750E+005  3.3936808131E+037
  3.3490017929E+005  3.4018048957E+037
  3.3660021036E+005  3.4101005232E+037
  3.3830023580E+005  3.4185723760E+037
  3.4000012882E+005  3.4272227709E+037
  3.4170013572E+005  3.4360557433E+037
  3.4340013204E+005  3.4450721439E+037
  3.4510023707E+005  3.4542734264E+037
  3.4680020244E+005  3.4636025538E+037
  3.4850015721E+005  3.4729813561E+037
  3.5020021879E+005  3.4824846981E+037
  3.5190014108E+005  3.4921179380E+037
  3.5360017368E+005  3.5018884945E+037
  3.5530018822E+005  3.5118014127E+037
  3.5700018681E+005  3.5218614181E+037
  3.5870016712E+005  3.5320712763E+037
  3.6040013184E+005  3.5424128085E+037
  3.6210020045E+005  3.5528527876E+037
  3.6380024071E+005  3.5634206534E+037
  3.6550014377E+005  3.5741164974E+037
  3.6720014422E+005  3.5849073494E+037
  3.6890024069E+005  3.5957742359E+037
  3.7060020195E+005  3.6067247256E+037
  3.7230013871E+005  3.6177749844E+037
  3.7400017940E+005  3.6289412484E+037
  3.7570020789E+005  3.6402341951E+037
  3.7740021617E+005  3.6516623907E+037
  3.7910021134E+005  3.6632322519E+037
  3.8080018860E+005  3.6749470306E+037
  3.8250015204E+005  3.6868031746E+037
  3.8420022372E+005  3.6987556466E+037
  3.8590015642E+005  3.7107659581E+037
  3.8760020240E+005  3.7228388242E+037
  3.8930023347E+005  3.7349854915E+037
  3.9100012506E+005  3.7472142081E+037
  3.9270013372E+005  3.7595320793E+037
  3.9440012775E+005  3.7719360786E+037
  3.9610023102E+005  3.7844381967E+037
  3.9780020515E+005  3.7970415718E+037
  3.9950016672E+005  3.8097458029E+037
  4.0120023462E+005  3.8225039907E+037
  4.0290016339E+005  3.8352672917E+037
  4.0460019400E+005  3.8480462711E+037
  4.0630020397E+005  3.8608627994E+037
  4.0800019250E+005  3.8737250300E+037
  4.0970016281E+005  3.8864373385E+037
  4.1140023525E+005  3.8991902567E+037
  4.1310016199E+005  3.9120291890E+037
  4.1480019283E+005  3.9249801855E+037
  4.1650020209E+005  3.9380388137E+037
  4.1820018550E+005  3.9511702117E+037
  4.1990014848E+005  3.9642973473E+037
  4.2160021217E+005  3.9774070210E+037
  4.2330012850E+005  3.9905055744E+037
  4.2500014436E+005  4.0036237803E+037
  4.2670013807E+005  4.0167784913E+037
  4.2840022908E+005  4.0299825132E+037
  4.3010017001E+005  4.0432409169E+037
  4.3180021279E+005  4.0565601154E+037
  4.3350022728E+005  4.0699408879E+037
  4.3520021265E+005  4.0833807541E+037
  4.3690017538E+005  4.0968221539E+037
  4.3860023364E+005  4.1101951763E+037
  4.4030014211E+005  4.1235161351E+037
  4.4200014801E+005  4.1368211747E+037
  4.4370012809E+005  4.1475142264E+037
  4.4540020587E+005  4.1567552970E+037
  4.4710013445E+005  4.1677048833E+037
  4.4880016428E+005  4.1792662099E+037
  4.5050017100E+005  4.1911976500E+037
  4.5220015034E+005  4.2034039463E+037
  4.5390023328E+005  4.2158340917E+037
  4.5560017125E+005  4.2284341291E+037
  4.5730020636E+005  4.2411065279E+037
  4.5900022314E+005  4.2538127805E+037
  4.6070021846E+005  4.2665606249E+037
  4.6240018712E+005  4.2793611505E+037
  4.6410013549E+005  4.2922214826E+037
  4.6580018463E+005  4.3051456579E+037
  4.6750020881E+005  4.3181333435E+037
  4.6920021002E+005  4.3311836413E+037
  4.7090018808E+005  4.3442949219E+037
  4.7260014313E+005  4.3573581212E+037
  4.7430019524E+005  4.3702813978E+037
  4.7600022088E+005  4.3832336235E+037
  4.7770022512E+005  4.3961416344E+037
  4.7940020135E+005  4.4089891635E+037
  4.8110014939E+005  4.4218062227E+037
  4.8280019797E+005  4.4346183332E+037
  4.8450021465E+005  4.4474404903E+037
  4.8620020010E+005  4.4602820510E+037
  4.8790015951E+005  4.4731482157E+037
  4.8960020940E+005  4.4860421663E+037
  4.9130022639E+005  4.4989636152E+037
  4.9300020973E+005  4.5119113681E+037
  4.9470015652E+005  4.5248826592E+037
  4.9640018891E+005  4.5378750613E+037
  4.9810018420E+005  4.5508581808E+037
  4.9980014417E+005  4.5637240525E+037
  5.0150019089E+005  4.5764706281E+037
  5.0320020172E+005  4.5891415469E+037
  5.0490018116E+005  4.6017724003E+037
  5.0660012840E+005  4.6143849544E+037
  5.0830016302E+005  4.6269922017E+037
  5.1000016556E+005  4.6396000532E+037
  5.1170013870E+005  4.6522118790E+037
  5.1340019892E+005  4.6648299703E+037
  5.1510022814E+005  4.6774523828E+037
  5.1680022957E+005  4.6900779471E+037
  5.1850019927E+005  4.7027051937E+037
  5.2020013811E+005  4.7153320191E+037
  5.2190017184E+005  4.7279263232E+037
  5.2360017575E+005  4.7403669170E+037
  5.2530014783E+005  4.7526621585E+037
  5.2700021431E+005  4.7648669502E+037
  5.2870013054E+005  4.7770157534E+037
  5.3040013767E+005  4.7891316955E+037
  5.3210023975E+005  4.8012265740E+037
  5.3380019343E+005  4.8133062108E+037
  5.3550023885E+005  4.8253791258E+037
  5.3720013283E+005  4.8374662654E+037
  5.3890024473E+005  4.8497424309E+037
  5.4060020394E+005  4.8640077503E+037
  5.4230013126E+005  4.9072303025E+037
  5.4400014762E+005  5.6726256775E+037
  5.4570013225E+005  2.9668793246E+039
  5.4740020576E+005  3.6318485182E+039
  5.4910024160E+005  5.0428100099E+039
  5.5080024580E+005  8.1196595359E+039
  5.5250021924E+005  1.2846773427E+040
  5.5420015481E+005  2.0116603567E+040
  5.5590018270E+005  3.5442198287E+040
  5.5760017970E+005  4.5155279868E+040
  5.5930013778E+005  1.7844293856E+041
  5.6100018519E+005  5.6635347939E+041
  5.6270020050E+005  1.2825817831E+042
  5.6440017559E+005  2.4664308260E+042
  5.6610023844E+005  4.1578974708E+042
  5.6780014366E+005  6.5521845860E+042
  5.6950013386E+005  9.4088074252E+042
  5.7120021172E+005  1.3013938528E+043
  5.7290012646E+005  1.6754393665E+043
  5.7460012712E+005  2.0511077251E+043
  5.7630021556E+005  2.3934461202E+043
  5.7800013974E+005  2.6816620919E+043
  5.7970015268E+005  2.8046795262E+043
  5.8140013151E+005  2.9548155667E+043
  5.8310019410E+005  3.1226561555E+043
  5.8480022411E+005  3.1020649522E+043
  5.8650022273E+005  3.0078008400E+043
  5.8820018432E+005  2.8577076540E+043
  5.8990023724E+005  2.6671019379E+043
  5.9160013569E+005  2.4499739493E+043
  5.9330024337E+005  2.2193636231E+043
  5.9500019131E+005  2.0104976837E+043
  5.9670022958E+005  1.7798722928E+043
  5.9840023299E+005  1.5688515721E+043
  6.0010019880E+005  1.3811110837E+043
  6.0180013132E+005  1.2175574867E+043
  6.0350015555E+005  1.0753803135E+043
  6.0520014398E+005  9.5357248221E+042
  6.0690021954E+005  8.4839422002E+042
  6.0860014082E+005  7.5837337304E+042
  6.1030014916E+005  6.8268467970E+042
  6.1200024182E+005  6.2997548628E+042
  6.1370017709E+005  5.7020990697E+042
  6.1540019677E+005  5.2038484005E+042
  6.1710017756E+005  4.7855522876E+042
  6.1880024352E+005  4.4290678918E+042
  6.2050014597E+005  4.1173823662E+042
  6.2220013296E+005  3.8405753110E+042
  6.2390020229E+005  3.6147890589E+042
  6.2560022847E+005  3.4301255280E+042
  6.2730021713E+005  3.2714148246E+042
  6.2900016328E+005  3.1294695193E+042
  6.3070018761E+005  2.9972097303E+042
  6.3240017424E+005  2.8700189743E+042
  6.3410024176E+005  2.7452339521E+042
  6.3580014114E+005  2.6395289283E+042
  6.3750012462E+005  2.5557275414E+042
  6.3920019099E+005  2.4788742998E+042
  6.4090021329E+005  2.4065699736E+042
  6.4260019478E+005  2.3386834040E+042
  6.4430013728E+005  2.2723162399E+042
  6.4600016080E+005  2.2075397731E+042
  6.4770014260E+005  2.1434568015E+042
  6.4940020922E+005  2.0796119588E+042
  6.5110023757E+005  2.0165033514E+042
  6.5280022259E+005  1.9523477749E+042
  6.5450016811E+005  1.8964939112E+042
  6.5620020140E+005  1.8590681303E+042
  6.5790019122E+005  1.8262239062E+042
  6.5960014226E+005  1.7923266600E+042
  6.6130018197E+005  1.7598032019E+042
  6.6300017816E+005  1.7271300587E+042
  6.6470013308E+005  1.6956823841E+042
  6.6640017342E+005  1.6640443796E+042
  6.6810017173E+005  1.6317878144E+042
  6.6980012968E+005  1.5999563616E+042
  6.7150017066E+005  1.5703495001E+042
  6.7320017026E+005  1.5417871383E+042
  6.7490013064E+005  1.5129322925E+042
  6.7660017137E+005  1.4850904352E+042
  6.7830017043E+005  1.4584193633E+042
  6.8000013014E+005  1.4317816913E+042
  6.8170016949E+005  1.4043332160E+042
  6.8340016603E+005  1.3764811450E+042
  6.8510024571E+005  1.3488935150E+042
  6.8680015969E+005  1.3204178155E+042
  6.8850015333E+005  1.2925933700E+042
  6.9020022764E+005  1.2753031139E+042
  6.9190013448E+005  1.2685455734E+042
  6.9360024309E+005  1.2611227894E+042
  6.9530018033E+005  1.2517051097E+042
  6.9700019538E+005  1.2400900080E+042
  6.9870016764E+005  1.2280652349E+042
  7.0040021399E+005  1.2169990726E+042
  7.0210021286E+005  1.2049724574E+042
  7.0380016955E+005  1.1915168500E+042
  7.0550020012E+005  1.1784401736E+042
  7.0720018217E+005  1.1661399906E+042
  7.0890024493E+005  1.1532881643E+042
  7.1060013646E+005  1.1398251487E+042
  7.1230022682E+005  1.1265829914E+042
  7.1400014852E+005  1.1136970742E+042
  7.1570014803E+005  1.1013981621E+042
  7.1740022459E+005  1.0905083587E+042
  7.1910012995E+005  1.0810135953E+042
  7.2080023858E+005  1.0714818090E+042
  7.2250017841E+005  1.0609155303E+042
  7.2420019174E+005  1.0496748453E+042
  7.2590016054E+005  1.0386193006E+042
  7.2760021006E+005  1.0282050953E+042
  7.2930020976E+005  1.0185420300E+042
  7.3100016399E+005  1.0096311392E+042
  7.3270019985E+005  1.0012168237E+042
  7.3440018810E+005  9.9274074536E+041
  7.3610012960E+005  9.8379256815E+041
  7.3780015233E+005  9.7452637497E+041
  7.3950012946E+005  9.6542645231E+041
  7.4120018367E+005  9.5678519584E+041
  7.4290019251E+005  9.4847650818E+041
  7.4460015721E+005  9.4027249842E+041
  7.4630020140E+005  9.3220588832E+041
  7.4800019733E+005  9.2443609775E+041
  7.4970014902E+005  9.1705819120E+041
  7.5140018056E+005  9.1000508838E+041
  7.5310016047E+005  9.0312974586E+041
  7.5480021687E+005  8.9627601674E+041
  7.5650022836E+005  8.8933110970E+041
  7.5820018926E+005  8.8222674899E+041
  7.5990022535E+005  8.7494185261E+041
  7.6160021364E+005  8.6754517950E+041
  7.6330015095E+005  8.6014968177E+041
  7.6500016195E+005  8.5288652687E+041
  7.6670024492E+005  8.4585505119E+041
  7.6840015361E+005  8.3905387712E+041
  7.7010013675E+005  8.3235556371E+041
  7.7180018911E+005  8.2556416620E+041
  7.7350018857E+005  8.1881720431E+041
  7.7520013713E+005  8.1270604857E+041
  7.7690015377E+005  8.0823905449E+041
  7.7860024027E+005  8.0639914685E+041
  7.8030015079E+005  8.0706512245E+041
  7.8200013184E+005  8.0835835913E+041
  7.8370018443E+005  8.0883860907E+041
  7.8540018572E+005  8.0822256856E+041
  7.8710013526E+005  8.0653500297E+041
  7.8880015755E+005  8.0401454333E+041
  7.9050012762E+005  8.0106356393E+041
  7.9220016945E+005  7.9803565231E+041
  7.9390016232E+005  7.9508091714E+041
  7.9560022728E+005  7.9215177323E+041
  7.9730024054E+005  7.8912381634E+041
  7.9900020629E+005  7.8595335071E+041
  8.0070024427E+005  7.8268217137E+041
  8.0240022929E+005  7.7936158031E+041
  8.0410016378E+005  7.7603370250E+041
  8.0580016893E+005  7.7275585060E+041
  8.0750024673E+005  7.6958386329E+041
  8.0920014873E+005  7.6655935377E+041
  8.1090024586E+005  7.6366180430E+041
  8.1260017014E+005  7.6082145945E+041
  8.1430016657E+005  7.5797267728E+041
  8.1600023517E+005  7.5505777800E+041
  8.1770013139E+005  7.5206307551E+041
  8.1940022375E+005  7.4900892669E+041
  8.2110013993E+005  7.4592700719E+041
  8.2280013050E+005  7.4285790907E+041
  8.2450019277E+005  7.3983073636E+041
  8.2620020272E+005  7.3686834387E+041
  8.2790016117E+005  7.3399482459E+041
  8.2960019056E+005  7.3122850871E+041
  8.3130016770E+005  7.2858200759E+041
  8.3300021424E+005  7.2604243005E+041
  8.3470020481E+005  7.2357473710E+041
  8.3640014206E+005  7.2113568596E+041
  8.3810014764E+005  7.1869386752E+041
  8.3980021999E+005  7.1623221530E+041
  8.4150023806E+005  7.1374125629E+041
  8.4320019960E+005  7.1121894258E+041
  8.4490022713E+005  7.0867556377E+041
  8.4660019973E+005  7.0612691560E+041
  8.4830023966E+005  7.0358055965E+041
  8.5000022174E+005  7.0104341927E+041
  8.5170014950E+005  6.9852649385E+041
  8.5340014624E+005  6.9603721226E+041
  8.5510021337E+005  6.9358125984E+041
  8.5680022733E+005  6.9116790622E+041
  8.5850018557E+005  6.8880687239E+041
  8.6020021603E+005  6.8650235919E+041
  8.6190019206E+005  6.8425304296E+041
  8.6360023514E+005  6.8205402817E+041
  8.6530022606E+005  6.7989901179E+041
  8.6700016249E+005  6.7777831729E+041
  8.6870016746E+005  6.7568240285E+041
  8.7040024435E+005  6.7360620729E+041
  8.7210014205E+005  6.7154484717E+041
  8.7380023332E+005  6.6949261085E+041
  8.7550014611E+005  6.6744897290E+041
  8.7720012859E+005  6.6541472917E+041
  8.7890018227E+005  6.6338990056E+041
  8.8060018192E+005  6.6137637199E+041
  8.8230012598E+005  6.5937607465E+041
  8.8400014145E+005  6.5738909000E+041
  8.8570022697E+005  6.5541543172E+041
  8.8740013132E+005  6.5345875190E+041
  8.8910023097E+005  6.5152045092E+041
  8.9080015306E+005  6.4960161983E+041
  8.9250014247E+005  6.4770526581E+041
  8.9420020214E+005  6.4583314770E+041
  8.9590020793E+005  6.4398664023E+041
  8.9760015784E+005  6.4216761213E+041
  8.9930017697E+005  6.4037546852E+041
  9.0100013865E+005  6.3860969713E+041
  9.0270016838E+005  6.3686981180E+041
  9.0440014125E+005  6.3515352939E+041
  9.0610017729E+005  6.3345724085E+041
  9.0780015658E+005  6.3178004925E+041
  9.0950020408E+005  6.3011918999E+041
  9.1120018971E+005  6.2847293106E+041
  9.1290024076E+005  6.2684080954E+041
  9.1460023473E+005  6.2522168174E+041
  9.1630016886E+005  6.2361491224E+041
  9.1800016801E+005  6.2202028910E+041
  9.1970023166E+005  6.2043751540E+041
  9.2140023755E+005  6.1886734387E+041
  9.2310018611E+005  6.1730989409E+041
  9.2480019758E+005  6.1576529161E+041
  9.2650015057E+005  6.1423389890E+041
  9.2820017265E+005  6.1271563460E+041
  9.2990013409E+005  6.1121029355E+041
  9.3160015897E+005  6.0971833785E+041
  9.3330012548E+005  6.0824036352E+041
  9.3500015599E+005  6.0677686129E+041
  9.3670024871E+005  6.0532761343E+041
  9.3840015665E+005  6.0389305963E+041
  9.4010012938E+005  6.0247356517E+041
  9.4180016818E+005  6.0106898949E+041
  9.4350014630E+005  5.9967819282E+041
  9.4520018909E+005  5.9830115936E+041
  9.4690017689E+005  5.9693785591E+041
  9.4860022995E+005  5.9558854637E+041
  9.5030022210E+005  5.9425290777E+041
  9.5200015774E+005  5.9293139272E+041
  9.5370015839E+005  5.9162316691E+041
  9.5540022180E+005  5.9032707510E+041
  9.5710022630E+005  5.8904265942E+041
  9.5880017156E+005  5.8776914071E+041
  9.6050018237E+005  5.8650560883E+041
  9.6220013430E+005  5.8525124386E+041
  9.6390015028E+005  5.8400517481E+041
  9.6560023391E+005  5.8276697292E+041
  9.6730013484E+005  5.8153643159E+041
  9.6900022312E+005  5.8031255914E+041
  9.7070012963E+005  5.7909387720E+041
  9.7240022513E+005  5.7787999747E+041
  9.7410013297E+005  5.7667117317E+041
  9.7580022936E+005  5.7546714269E+041
  9.7750013944E+005  5.7426837009E+041
  9.7920023600E+005  5.7307461877E+041
  9.8090014698E+005  5.7188621109E+041
  9.8260024413E+005  5.7070310521E+041
  9.8430015534E+005  5.6952590514E+041
  9.8600012947E+005  5.6835445695E+041
  9.8770016397E+005  5.6718871388E+041
  9.8940013665E+005  5.6602918470E+041
  9.9110017214E+005  5.6487546080E+041
  9.9280014228E+005  5.6372720936E+041
  9.9450017380E+005  5.6258488177E+041
  9.9620014404E+005  5.6144898723E+041
  9.9790017378E+005  5.6031977267E+041
  9.9960013922E+005  5.5919767569E+041
  1.0013001668E+006  5.5808276246E+041
  1.0030001309E+006  5.5697545624E+041
  1.0047001565E+006  5.5588267802E+041
  1.0064002423E+006  5.5479995890E+041
  1.0081001403E+006  5.5372538308E+041
  1.0098002274E+006  5.5265839069E+041
  1.0115001248E+006  5.5159874200E+041
  1.0132002068E+006  5.5054672935E+041
  1.0149002297E+006  5.4950270076E+041
  1.0166001895E+006  5.4846689106E+041
  1.0183002099E+006  5.4743944924E+041
  1.0200001693E+006  5.4642139718E+041
  1.0217001918E+006  5.4541264953E+041
  1.0234001539E+006  5.4441315301E+041
  1.0251001782E+006  5.4342277926E+041
  1.0268001403E+006  5.4244097189E+041
  1.0285001689E+006  5.4146709776E+041
  1.0302001360E+006  5.4050139827E+041
  1.0319001632E+006  5.3954389551E+041
  1.0336001295E+006  5.3859499381E+041
  1.0353001581E+006  5.3765462271E+041
  1.0370002470E+006  5.3672263717E+041
  1.0387001487E+006  5.3579885555E+041
  1.0404002366E+006  5.3488288265E+041
  1.0421001376E+006  5.3397427201E+041
  1.0438002259E+006  5.3307241750E+041
  1.0455001266E+006  5.3217755571E+041
  1.0472002149E+006  5.3128943093E+041
  1.0489002414E+006  5.3040814779E+041
  1.0506002031E+006  5.2953363013E+041
  1.0523002249E+006  5.2866572479E+041
  1.0540001821E+006  5.2780446802E+041
  1.0557001956E+006  5.2694939984E+041
  1.0574001430E+006  5.2610005648E+041
  1.0591001508E+006  5.2525652601E+041
  1.0608002153E+006  5.2441889031E+041
  1.0625002136E+006  5.2358707904E+041
  1.0642001464E+006  5.2276100409E+041
  1.0659001385E+006  5.2194061564E+041
  1.0676001907E+006  5.2112587566E+041
  1.0693001747E+006  5.2031634372E+041
  1.0710002170E+006  5.1951185384E+041
  1.0727001961E+006  5.1871256692E+041
  1.0744002305E+006  5.1791848934E+041
  1.0761001957E+006  5.1712974331E+041
  1.0778002207E+006  5.1634631448E+041
  1.0795001790E+006  5.1556825795E+041
  1.0812001943E+006  5.1479528651E+041
  1.0829001420E+006  5.1402723191E+041
  1.0846001475E+006  5.1326402506E+041
  1.0863002123E+006  5.1250577661E+041
  1.0880002091E+006  5.1175261205E+041
  1.0897001374E+006  5.1100457396E+041
  1.0914001262E+006  5.1026165270E+041
  1.0931001729E+006  5.0952358519E+041
  1.0948001507E+006  5.0879027708E+041
  1.0965001878E+006  5.0806179806E+041
  1.0982001589E+006  5.0733829935E+041
  1.0999001865E+006  5.0661978801E+041
  1.1016001475E+006  5.0590627088E+041
  1.1033001658E+006  5.0519749551E+041
  1.1050002408E+006  5.0449316809E+041
  1.1067002475E+006  5.0379328932E+041
  1.1084001854E+006  5.0309772281E+041
  1.1101001810E+006  5.0240660735E+041
  1.1118002349E+006  5.0172003927E+041
  1.1135002186E+006  5.0103810847E+041
  1.1152001357E+006  5.0036055782E+041
  1.1169002383E+006  4.9968755672E+041
  1.1186001466E+006  4.9902010507E+041
  1.1203002360E+006  4.9835753566E+041
  1.1220001343E+006  4.9769979579E+041
  1.1237002146E+006  4.9704661052E+041
  1.1254002276E+006  4.9639773847E+041
  1.1271001715E+006  4.9575305848E+041
  1.1288001718E+006  4.9511250203E+041
  1.1305002314E+006  4.9447604123E+041
  1.1322002211E+006  4.9384370512E+041
  1.1339001399E+006  4.9321541182E+041
  1.1356002418E+006  4.9259063097E+041
