 0001  0.1849302248202503E-002
 0002  0.1849302248202503E-002
 0003  0.1837641308878889E-002
 0004  0.1837641308878889E-002
 0005  0.1837641308878888E-002
 0006  0.1837641308878888E-002
 0007  0.1826032683480803E-002
 0008  0.1826032683480803E-002
 0009  0.1826032683480803E-002
 0010  0.1813286821424463E-002
 0011  0.1813286821424463E-002
 0012  0.1813286821424463E-002
 0013  0.1800698535782899E-002
 0014  0.1800698535782899E-002
 0015  0.1800698535782900E-002
 0016  0.1786846263481806E-002
 0017  0.1786846263481806E-002
 0018  0.1786846263481806E-002
 0019  0.1771689879327011E-002
 0020  0.1771689879327011E-002
 0021  0.1771689879327010E-002
 0022  0.1756681147949080E-002
 0023  0.1756681147949080E-002
 0024  0.1740542725563592E-002
 0025  0.1740542725563592E-002
 0026  0.1740542725563592E-002
 0027  0.1724535044520622E-002
 0028  0.1724535044520622E-002
 0029  0.1707280491185738E-002
 0030  0.1707280491185738E-002
 0031  0.1707280491185738E-002
 0032  0.1688457506054986E-002
 0033  0.1688457506054986E-002
 0034  0.1670071626212726E-002
 0035  0.1670071626212726E-002
 0036  0.1650415355102831E-002
 0037  0.1650415355102830E-002
 0038  0.1629483415873687E-002
 0039  0.1629483415873687E-002
 0040  0.1609037555832937E-002
 0041  0.1609037555832937E-002
 0042  0.1587189817385257E-002
 0043  0.1587189817385257E-002
 0044  0.1563953907283200E-002
 0045  0.1563953907283200E-002
 0046  0.1541257578927504E-002
 0047  0.1541257578927504E-002
 0048  0.1517036194185937E-002
 0049  0.1517036194185937E-002
 0050  0.1491419881670966E-002
 0051  0.1491419881670966E-002
 0052  0.1466398428345132E-002
 0053  0.1466398428345132E-002
 0054  0.1439812896836010E-002
 0055  0.1439812896836010E-002
 0056  0.1411680663793014E-002
 0057  0.1385064122891051E-002
 0058  0.1385064122891051E-002
 0059  0.1356765623318760E-002
 0060  0.1356765623318760E-002
 0061  0.1326818418382751E-002
 0062  0.1296363578072136E-002
 0063  0.1296363578072136E-002
 0064  0.1266615956710456E-002
 0065  0.1266615956710456E-002
 0066  0.1235101976922539E-002
 0067  0.1203181733975402E-002
 0068  0.1203181733975402E-002
 0069  0.1172002739395900E-002
 0070  0.1140380682116156E-002
 0071  0.1140380682116156E-002
 0072  0.1107111950132741E-002
 0073  0.1073859892393733E-002
 0074  0.1073859892393733E-002
 0075  0.1039119855875275E-002
 0076  0.1006829676714094E-002
 0077  0.1006829676714094E-002
 0078  0.9729067754865937E-003
 0079  0.9392760843773697E-003
 0080  0.9392760843773698E-003
 0081  0.9042326864236392E-003
 0082  0.8698689727472792E-003
 0083  0.8362512329308025E-003
 0084  0.8362512329308025E-003
 0085  0.8014713931455617E-003
 0086  0.7677315070250109E-003
 0087  0.7677315070250107E-003
 0088  0.7336506629769668E-003
 0089  0.7016396426967427E-003
 0090  0.6714076017471966E-003
 0091  0.6414690164137722E-003
 0092  0.6414690164137722E-003
 0093  0.6111632200861812E-003
 0094  0.5826444464961196E-003
 0095  0.5557089356514961E-003
 0096  0.5301831661938047E-003
 0097  0.5059181647481041E-003
 0098  0.4827850095807097E-003
 0099  0.4606512749955050E-003
 0100  0.4394237316733492E-003
 0101  0.4190615642814152E-003
 0102  0.3988510287326830E-003
 0103  0.3627356339155481E-003
 0104  0.3465639189735898E-003
 0105  0.3310491836518977E-003
 0106  0.3161699434282604E-003
 0107  0.3019049506515615E-003
 0108  0.2882332437598215E-003
 0109  0.2751341896117156E-003
 0110  0.2622261015034336E-003
 0111  0.2499209357306789E-003
 0112  0.2381848671980349E-003
 0113  0.2171192635643616E-003
 0114  0.2076499957725879E-003
 0115  0.1985697494192368E-003
 0116  0.1898642784248343E-003
 0117  0.1813149570941639E-003
 0118  0.1731476946652382E-003
 0119  0.1653456019549087E-003
 0120  0.1578925097402914E-003
 0121  0.1507729562706303E-003
 0122  0.1379327327902226E-003
 0123  0.1321351003006469E-003
 0124  0.1264481814793242E-003
 0125  0.1210050658114686E-003
 0126  0.1157953506682297E-003
 0127  0.1108090750758246E-003
 0128  0.1060367010374114E-003
 0129  0.1014679935059850E-003
 0130  0.9318488174060644E-004
 0131  0.8935475126945445E-004
 0132  0.8568186798873577E-004
 0133  0.8215909827521479E-004
 0134  0.7878039338708690E-004
 0135  0.7553993878954907E-004
 0136  0.7243214864010391E-004
 0137  0.6945165722182249E-004
 0138  0.6393555439150630E-004
 0139  0.6142865738326735E-004
 0140  0.5901976073477668E-004
 0141  0.5670506700302256E-004
 0142  0.5448092199089135E-004
 0143  0.5231060931494039E-004
 0144  0.5022862839885078E-004
 0145  0.4823129723471007E-004
 0146  0.4458536411407182E-004
 0147  0.4291989956014352E-004
 0148  0.4129382455693547E-004
 0149  0.3973059911208920E-004
 0150  0.3822758012746917E-004
 0151  0.3678241192192843E-004
 0152  0.3539283186096120E-004
 0153  0.3282842875091287E-004
 0154  0.3164521223719883E-004
 0155  0.3050534213376392E-004
 0156  0.2940720622136389E-004
 0157  0.2834925283019619E-004
 0158  0.2732990038299953E-004
 0159  0.2543071627036655E-004
 0160  0.2455704073979032E-004
 0161  0.2371378812966267E-004
 0162  0.2289988869071569E-004
 0163  0.2210552187049952E-004
 0164  0.2133953677179232E-004
 0165  0.1992516751472991E-004
 0166  0.1927185746388811E-004
 0167  0.1863363330665742E-004
 0168  0.1801714641263242E-004
 0169  0.1742160297715738E-004
 0170  0.1684627442111072E-004
 0171  0.1577489456093589E-004
 0172  0.1527606421115222E-004
 0173  0.1479341145085950E-004
 0174  0.1432639950841867E-004
 0175  0.1387448810797715E-004
 0176  0.1343315639568532E-004
 0177  0.1261317184326624E-004
 0178  0.1223212409576030E-004
 0179  0.1185964660127959E-004
 0180  0.1149891178277148E-004
 0181  0.1114953765332606E-004
 0182  0.1049569914489698E-004
 0183  0.1018975980148436E-004
 0184  0.9893029858843667E-005
 0185  0.9605224190519385E-005
 0186  0.9323881293296437E-005
 0187  0.8798284378477124E-005
 0188  0.8552712662979671E-005
 0189  0.8312432603800353E-005
 0190  0.8079176329895321E-005
 0191  0.7852731336525165E-005
 0192  0.7427016434032446E-005
 0193  0.7226911192477224E-005
 0194  0.7032403587555838E-005
 0195  0.6843327507056919E-005
 0196  0.6658282734456788E-005
 0197  0.6310885843271668E-005
 0198  0.6146735156158861E-005
 0199  0.5987045288456271E-005
 0200  0.5831687453826969E-005
 0201  0.5538417791558333E-005
 0202  0.5400003456496221E-005
 0203  0.5265194324525182E-005
 0204  0.5133111139764237E-005
 0205  0.4884082841869486E-005
 0206  0.4766002018267089E-005
 0207  0.4650912572690484E-005
 0208  0.4538734187441687E-005
 0209  0.4325638339339706E-005
 0210  0.4224999458972202E-005
 0211  0.4126290197990651E-005
 0212  0.4030007994304635E-005
 0213  0.3847331709554259E-005
 0214  0.3760676562690021E-005
 0215  0.3676071429055051E-005
 0216  0.3593058423091353E-005
 0217  0.3435702380560866E-005
 0218  0.3360761732436370E-005
 0219  0.3287544827390178E-005
 0220  0.3215681639836371E-005
 0221  0.3079253735048701E-005
 0222  0.3014203434462369E-005
 0223  0.2950607535250776E-005
 0224  0.2829411825087212E-005
 0225  0.2771666149785695E-005
 0226  0.2714929509330069E-005
 0227  0.2659425828770962E-005
 0228  0.2553310836699340E-005
 0229  0.2502798015783801E-005
 0230  0.2453149159430370E-005
 0231  0.2358304385853183E-005
 0232  0.2313005103852320E-005
 0233  0.2268466052183416E-005
 0234  0.2183286495328089E-005
 0235  0.2142557687983041E-005
 0236  0.2102498391483117E-005
 0237  0.2025930112446496E-005
 0238  0.1989212103252429E-005
 0239  0.1953205176332983E-005
 0240  0.1884064120317550E-005
 0241  0.1850876091122494E-005
 0242  0.1818211077860996E-005
 0243  0.1755541985167520E-005
 0244  0.1725481891075595E-005
 0245  0.1695885242670050E-005
 0246  0.1639046926443787E-005
 0247  0.1611756796088607E-005
 0248  0.1584878116911492E-005
 0249  0.1533139349292567E-005
 0250  0.1508242993032731E-005
 0251  0.1460343471166893E-005
 0252  0.1437242799502444E-005
 0253  0.1414537554290936E-005
 0254  0.1370759793787326E-005
 0255  0.1349659104499356E-005
 0256  0.1328859553557736E-005
 0257  0.1288778622442279E-005
 0258  0.1269423129085815E-005
 0259  0.1232094925068842E-005
 0260  0.1214055976421814E-005
 0261  0.1179201997694546E-005
 0262  0.1162366833726686E-005
 0263  0.1145758652792191E-005
 0264  0.1113650103647041E-005
 0265  0.1098131752299907E-005
 0266  0.1068080321616931E-005
 0267  0.1053533036006383E-005
 0268  0.1025400255537845E-005
 0269  0.1011772935529731E-005
 0270  0.9853540658300877E-006
 0271  0.9725507537840723E-006
 0272  0.9477175429725644E-006
 0273  0.9356969685084466E-006
 0274  0.9238247430135646E-006
 0275  0.9007857196350279E-006
 0276  0.8896091829802638E-006
 0277  0.8679101945324379E-006
 0278  0.8573789285174752E-006
 0279  0.8369093301929338E-006
 0280  0.8173516545299116E-006
 0281  0.8078514009230279E-006
 0282  0.7893830467725256E-006
 0283  0.7804079733832040E-006
 0284  0.7629424765345840E-006
 0285  0.7544462046123132E-006
 0286  0.7379166643966296E-006
 0287  0.7298682997914946E-006
 0288  0.7142045908385934E-006
 0289  0.6991852815292530E-006
 0290  0.6918675061191270E-006
 0291  0.6776080272551158E-006
 0292  0.6706618686081592E-006
 0293  0.6571157693197138E-006
 0294  0.6441074360646719E-006
 0295  0.6377637559364034E-006
 0296  0.6253802522475490E-006
 0297  0.6193422830232341E-006
 0298  0.6075528244051001E-006
 0299  0.5962072363897974E-006
 0300  0.5906680319437024E-006
 0301  0.5798473529274490E-006
 0302  0.5694258253085414E-006
 0303  0.5643321069945336E-006
 0304  0.5543771451315468E-006
 0305  0.5447767739645593E-006
 0306  0.5355149535856152E-006
 0307  0.5309854372055447E-006
 0308  0.5221205740411224E-006
 0309  0.5135592871287399E-006
 0310  0.5052885912560068E-006
 0311  0.5012407896000674E-006
 0312  0.4933118291338099E-006
 0313  0.4856440253660523E-006
 0314  0.4782257010677014E-006
 0315  0.4710460360616714E-006
 0316  0.4675270199710947E-006
 0317  0.4606280225754544E-006
 0318  0.4539450562358090E-006
 0319  0.4474690963770666E-006
 0320  0.4411912555880549E-006
 0321  0.4351035141412608E-006
 0322  0.4291977013540207E-006
 0323  0.4234663733637211E-006
 0324  0.4206526983047946E-006
 0325  0.4151265288749997E-006
 0326  0.4097600957142340E-006
 0327  0.4045469449161465E-006
 0328  0.3994810218561560E-006
 0329  0.3945657302174666E-006
 0330  0.3897987375758289E-006
 0331  0.3851739605686718E-006
 0332  0.3806856299799790E-006
 0333  0.3742206076219468E-006
 0334  0.3700801502609684E-006
 0335  0.3660566746909813E-006
 0336  0.3621456847985322E-006
 0337  0.3583429023420166E-006
 0338  0.3546442542826894E-006
 0339  0.3510458609717012E-006
 0340  0.3475440251274336E-006
 0341  0.3424820303831318E-006
 0342  0.3392288485189073E-006
 0343  0.3360595917125160E-006
 0344  0.3329713143379668E-006
 0345  0.3284995187349721E-006
 0346  0.3256208363629115E-006
 0347  0.3228130065947524E-006
 0348  0.3187422224718364E-006
 0349  0.3161184798173862E-006
 0350  0.3123112544373226E-006
 0351  0.3098552747087425E-006
 0352  0.3062885331262440E-006
 0353  0.3039858146034077E-006
 0354  0.3006390263732829E-006
 0355  0.2984766467831171E-006
 0356  0.2953314906927076E-006
 0357  0.2932979015832294E-006
 0358  0.2903379813778680E-006
 0359  0.2874889534359113E-006
 0360  0.2847451553852223E-006
 0361  0.2829682950661199E-006
 0362  0.2803781274574449E-006
 0363  0.2778803899945875E-006
 0364  0.2754706030673023E-006
 0365  0.2731445652010290E-006
 0366  0.2708983320912096E-006
 0367  0.2687281974869441E-006
 0368  0.2666306757378494E-006
 0369  0.2646024858390068E-006
 0370  0.2626405368272074E-006
 0371  0.2601271969768759E-006
 0372  0.2583153519410005E-006
 0373  0.2565603398490750E-006
 0374  0.2543086169475882E-006
 0375  0.2526829289934110E-006
 0376  0.2505950160440837E-006
 0377  0.2490861073959763E-006
 0378  0.2471463420098813E-006
 0379  0.2452877027984723E-006
 0380  0.2435057151434913E-006
 0381  0.2417962202650915E-006
 0382  0.2401553480517779E-006
 0383  0.2385794926309218E-006
 0384  0.2370652903642335E-006
 0385  0.2356095999932909E-006
 0386  0.2338699233476382E-006
 0387  0.2325386769966795E-006
 0388  0.2309458041087708E-006
 0389  0.2294291844484622E-006
 0390  0.2279841624017449E-006
 0391  0.2266064429602766E-006
 0392  0.2252920576421831E-006
 0393  0.2237946190211736E-006
 0394  0.2223797975420691E-006
 0395  0.2212589373436513E-006
 0396  0.2197738118861971E-006
 0397  0.2185747221544434E-006
 0398  0.2172556595002605E-006
 0399  0.2160173550027928E-006
 0400  0.2148538244602845E-006
 0401  0.2136094490413633E-006
 0402  0.2124496991615258E-006
 0403  0.2113677491060681E-006
 0404  0.2101167092783521E-006
 0405  0.2090791963442798E-006
 0406  0.2079145094655080E-006
 0407  0.2068534809353479E-006
 0408  0.2058022909127314E-006
 0409  0.2047017736937436E-006
 0410  0.2036560240762401E-006
 0411  0.2026735773673545E-006
 0412  0.2016614544046312E-006
 0413  0.2006681554808785E-006
 0414  0.1996992719511128E-006
 0415  0.1987258003618059E-006
 0416  0.1977843208758979E-006
 0417  0.1968464044955760E-006
 0418  0.1967600765680445E-006
 0419  0.1967600765680445E-006
 0420  0.1967600765680445E-006
 0421  0.1967600765680445E-006
 0422  0.1967600765680445E-006
 0423  0.1967600765680445E-006
 0424  0.1967600765680445E-006
 0425  0.1967600765680445E-006
 0426  0.1967600765680445E-006
 0427  0.1967600765680445E-006
 0428  0.1967600765680445E-006
 0429  0.1967600765680445E-006
 0430  0.1967600765680445E-006
 0431  0.1967600765680445E-006
 0432  0.1967600765680445E-006
 0433  0.1967600765680445E-006
 0434  0.1967600765680445E-006
 0435  0.1967600765680445E-006
 0436  0.1967600765680445E-006
 0437  0.1967600765680445E-006
 0438  0.1967600765680445E-006
 0439  0.1967600765680445E-006
 0440  0.1967600765680445E-006
 0441  0.1967600765680445E-006
 0442  0.1967600765680445E-006
 0443  0.1967600765680445E-006
 0444  0.1967600765680445E-006
 0445  0.1967600765680445E-006
 0446  0.1967600765680445E-006
 0447  0.1967600765680445E-006
 0448  0.1967600765680445E-006
 0449  0.1967600765680445E-006
 0450  0.1967600765680445E-006
 0451  0.1967600765680445E-006
 0452  0.1967600765680445E-006
 0453  0.1967600765680445E-006
 0454  0.1967600765680445E-006
 0455  0.1967600765680445E-006
 0456  0.1967600765680445E-006
 0457  0.1967600765680445E-006
 0458  0.1967600765680445E-006
 0459  0.1967600765680445E-006
 0460  0.1967600765680445E-006
 0461  0.1967600765680445E-006
 0462  0.1967600765680445E-006
 0463  0.1967600765680445E-006
 0464  0.1967600765680445E-006
 0465  0.1967600765680445E-006
 0466  0.1967600765680445E-006
 0467  0.1967600765680445E-006
 0468  0.1967600765680445E-006
 0469  0.1967600765680445E-006
 0470  0.1967600765680445E-006
 0471  0.1967600765680445E-006
 0472  0.1967600765680445E-006
 0473  0.1967600765680445E-006
 0474  0.1967600765680445E-006
 0475  0.1967600765680445E-006
 0476  0.1967600765680445E-006
 0477  0.1967600765680445E-006
 0478  0.1967600765680445E-006
 0479  0.1967600765680445E-006
 0480  0.1967600765680445E-006
 0481  0.1967600765680445E-006
 0482  0.1967600765680445E-006
 0483  0.1967600765680445E-006
 0484  0.1967600765680445E-006
 0485  0.1967600765680445E-006
 0486  0.1967600765680445E-006
 0487  0.1967600765680445E-006
 0488  0.1967600765680445E-006
 0489  0.1967600765680445E-006
 0490  0.1967600765680445E-006
 0491  0.1967600765680445E-006
 0492  0.1967600765680445E-006
 0493  0.1967600765680445E-006
 0494  0.1967600765680445E-006
 0495  0.1967600765680445E-006
 0496  0.1967600765680445E-006
 0497  0.1967600765680445E-006
 0498  0.1967600765680445E-006
 0499  0.1967600765680445E-006
 0500  0.1967600765680445E-006
 0501  0.1967600765680445E-006
 0502  0.1967600765680445E-006
 0503  0.1967600765680445E-006
 0504  0.1967600765680445E-006
 0505  0.1967600765680445E-006
 0506  0.1967600765680445E-006
 0507  0.1967600765680445E-006
 0508  0.1967600765680445E-006
 0509  0.1967600765680445E-006
 0510  0.1967600765680445E-006
 0511  0.1967600765680445E-006
 0512  0.1967600765680445E-006
 0513  0.1967600765680445E-006
 0514  0.1967600765680445E-006
 0515  0.1967600765680445E-006
 0516  0.1967600765680445E-006
 0517  0.1967600765680445E-006
 0518  0.1967600765680445E-006
 0519  0.1967600765680445E-006
 0520  0.1967600765680445E-006
 0521  0.1967600765680445E-006
 0522  0.1967600765680445E-006
 0523  0.1967600765680445E-006
 0524  0.1967600765680445E-006
 0525  0.1967600765680445E-006
 0526  0.1967600765680445E-006
 0527  0.1967600765680445E-006
 0528  0.1967600765680445E-006
 0529  0.1967600765680445E-006
 0530  0.1967600765680445E-006
 0531  0.1967600765680445E-006
 0532  0.1967600765680445E-006
 0533  0.1967600765680445E-006
 0534  0.1967600765680445E-006
 0535  0.1967600765680445E-006
 0536  0.1967600765680445E-006
 0537  0.1967600765680445E-006
 0538  0.1967600765680445E-006
 0539  0.1967600765680445E-006
 0540  0.1967600765680445E-006
 0541  0.1967600765680445E-006
 0542  0.1967600765680445E-006
 0543  0.1967600765680445E-006
 0544  0.1967600765680445E-006
 0545  0.1967600765680445E-006
 0546  0.1967600765680445E-006
 0547  0.1967600765680445E-006
 0548  0.1967600765680445E-006
 0549  0.1967600765680445E-006
 0550  0.1967600765680445E-006
 0551  0.1967600765680445E-006
 0552  0.1967600765680445E-006
 0553  0.1967600765680445E-006
 0554  0.1967600765680445E-006
 0555  0.1967600765680445E-006
 0556  0.1967600765680445E-006
 0557  0.1967600765680445E-006
 0558  0.1967600765680445E-006
 0559  0.1967600765680445E-006
 0560  0.1967600765680445E-006
 0561  0.1967600765680445E-006
 0562  0.1967600765680445E-006
 0563  0.1967600765680445E-006
 0564  0.1967600765680445E-006
 0565  0.1967600765680445E-006
 0566  0.1967600765680445E-006
 0567  0.1967600765680445E-006
 0568  0.1967600765680445E-006
 0569  0.1967600765680445E-006
 0570  0.1967600765680445E-006
 0571  0.1967600765680445E-006
 0572  0.1967600765680445E-006
 0573  0.1967600765680445E-006
 0574  0.1967600765680445E-006
 0575  0.1967600765680445E-006
 0576  0.1967600765680445E-006
 0577  0.1967600765680445E-006
 0578  0.1967600765680445E-006
 0579  0.1967600765680445E-006
 0580  0.1967600765680445E-006
 0581  0.1967600765680445E-006
 0582  0.1967600765680445E-006
 0583  0.1967600765680445E-006
 0584  0.1967600765680445E-006
 0585  0.1967600765680445E-006
 0586  0.1967600765680445E-006
 0587  0.1967600765680445E-006
 0588  0.1967600765680445E-006
 0589  0.1967600765680445E-006
 0590  0.1967600765680445E-006
 0591  0.1967600765680445E-006
 0592  0.1967600765680445E-006
 0593  0.1967600765680445E-006
 0594  0.1967600765680445E-006
 0595  0.1967600765680445E-006
 0596  0.1967600765680445E-006
 0597  0.1967600765680445E-006
 0598  0.1967600765680445E-006
 0599  0.1967600765680445E-006
 0600  0.1967600765680445E-006
 0601  0.1967600765680445E-006
 0602  0.1967600765680445E-006
 0603  0.1967600765680445E-006
 0604  0.1967600765680445E-006
 0605  0.1967600765680445E-006
 0606  0.1967600765680445E-006
 0607  0.1967600765680445E-006
 0608  0.1967600765680445E-006
 0609  0.1967600765680445E-006
 0610  0.1967600765680445E-006
 0611  0.1967600765680445E-006
 0612  0.1967600765680445E-006
 0613  0.1967600765680445E-006
 0614  0.1967600765680445E-006
 0615  0.1967600765680445E-006
 0616  0.1967600765680445E-006
 0617  0.1967600765680445E-006
 0618  0.1967600765680445E-006
 0619  0.1967600765680445E-006
 0620  0.1967600765680445E-006
 0621  0.1967600765680445E-006
 0622  0.1967600765680445E-006
 0623  0.1967600765680445E-006
 0624  0.1967600765680445E-006
 0625  0.1967600765680445E-006
 0626  0.1967600765680445E-006
 0627  0.1967600765680445E-006
 0628  0.1967600765680445E-006
 0629  0.1967600765680445E-006
 0630  0.1967600765680445E-006
 0631  0.1967600765680445E-006
 0632  0.1967600765680445E-006
 0633  0.1967600765680445E-006
 0634  0.1967600765680445E-006
 0635  0.1967600765680445E-006
 0636  0.1967600765680445E-006
 0637  0.1967600765680445E-006
 0638  0.1967600765680445E-006
 0639  0.1967600765680445E-006
 0640  0.1967600765680445E-006
 0641  0.1967600765680445E-006
 0642  0.1967600765680445E-006
 0643  0.1967600765680445E-006
 0644  0.1967600765680445E-006
 0645  0.1967600765680445E-006
 0646  0.1967600765680445E-006
 0647  0.1967600765680445E-006
 0648  0.1967600765680445E-006
 0649  0.1967600765680445E-006
 0650  0.1967600765680445E-006
 0651  0.1967600765680445E-006
 0652  0.1967600765680445E-006
 0653  0.1967600765680445E-006
 0654  0.1967600765680445E-006
 0655  0.1967600765680445E-006
 0656  0.1967600765680445E-006
 0657  0.1967600765680445E-006
 0658  0.1967600765680445E-006
 0659  0.1967600765680445E-006
 0660  0.1967600765680445E-006
 0661  0.1967600765680445E-006
 0662  0.1967600765680445E-006
 0663  0.1967600765680445E-006
 0664  0.1967600765680445E-006
 0665  0.1967600765680445E-006
 0666  0.1967600765680445E-006
 0667  0.1967600765680445E-006
 0668  0.1967600765680445E-006
 0669  0.1967600765680445E-006
 0670  0.1967600765680445E-006
 0671  0.1967600765680445E-006
 0672  0.1967600765680445E-006
 0673  0.1967600765680445E-006
 0674  0.1967600765680445E-006
 0675  0.1967600765680445E-006
 0676  0.1967600765680445E-006
 0677  0.1967600765680445E-006
 0678  0.1967600765680445E-006
 0679  0.1967600765680445E-006
 0680  0.1967600765680445E-006
 0681  0.1967600765680445E-006
 0682  0.1967600765680445E-006
 0683  0.1967600765680445E-006
 0684  0.1967600765680445E-006
 0685  0.1967600765680445E-006
 0686  0.1967600765680445E-006
 0687  0.1967600765680445E-006
 0688  0.1967600765680445E-006
 0689  0.1967600765680445E-006
 0690  0.1967600765680445E-006
 0691  0.1967600765680445E-006
 0692  0.1967600765680445E-006
 0693  0.1967600765680445E-006
 0694  0.1967600765680445E-006
 0695  0.1967600765680445E-006
 0696  0.1967600765680445E-006
 0697  0.1967600765680445E-006
 0698  0.1967600765680445E-006
 0699  0.1967600765680445E-006
 0700  0.1967600765680445E-006
 0701  0.1967600765680445E-006
 0702  0.1967600765680445E-006
 0703  0.1967600765680445E-006
 0704  0.1967600765680445E-006
 0705  0.1967600765680445E-006
 0706  0.1967600765680445E-006
 0707  0.1967600765680445E-006
 0708  0.1967600765680445E-006
 0709  0.1967600765680445E-006
 0710  0.1967600765680445E-006
 0711  0.1967600765680445E-006
 0712  0.1967600765680445E-006
 0713  0.1967600765680445E-006
 0714  0.1967600765680445E-006
 0715  0.1967600765680445E-006
 0716  0.1967600765680445E-006
 0717  0.1967600765680445E-006
 0718  0.1967600765680445E-006
 0719  0.1967600765680445E-006
 0720  0.1967600765680445E-006
 0721  0.1967600765680445E-006
 0722  0.1967600765680445E-006
 0723  0.1967600765680445E-006
 0724  0.1967600765680445E-006
 0725  0.1967600765680445E-006
 0726  0.1967600765680445E-006
 0727  0.1967600765680445E-006
 0728  0.1967600765680445E-006
 0729  0.1967600765680445E-006
 0730  0.1967600765680445E-006
 0731  0.1967600765680445E-006
 0732  0.1967600765680445E-006
 0733  0.1967600765680445E-006
 0734  0.1967600765680445E-006
 0735  0.1967600765680445E-006
 0736  0.1967600765680445E-006
 0737  0.1967600765680445E-006
 0738  0.1967600765680445E-006
 0739  0.1967600765680445E-006
 0740  0.1967600765680445E-006
 0741  0.1967600765680445E-006
 0742  0.1967600765680445E-006
 0743  0.1967600765680445E-006
 0744  0.1967600765680445E-006
 0745  0.1967600765680445E-006
 0746  0.1967600765680445E-006
 0747  0.1967600765680445E-006
 0748  0.1967600765680445E-006
 0749  0.1967600765680445E-006
 0750  0.1967600765680445E-006
 0751  0.1967600765680445E-006
 0752  0.1967600765680445E-006
 0753  0.1967600765680445E-006
 0754  0.1967600765680445E-006
 0755  0.1967600765680445E-006
 0756  0.1967600765680445E-006
 0757  0.1967600765680445E-006
 0758  0.1967600765680445E-006
 0759  0.1967600765680445E-006
 0760  0.1967600765680445E-006
 0761  0.1967600765680445E-006
 0762  0.1967600765680445E-006
 0763  0.1967600765680445E-006
 0764  0.1967600765680445E-006
 0765  0.1967600765680445E-006
 0766  0.1967600765680445E-006
 0767  0.1967600765680445E-006
 0768  0.1967600765680445E-006
 0769  0.1967600765680445E-006
 0770  0.1967600765680445E-006
 0771  0.1967600765680445E-006
 0772  0.1967600765680445E-006
 0773  0.1967600765680445E-006
 0774  0.1967600765680445E-006
 0775  0.1967600765680445E-006
 0776  0.1967600765680445E-006
 0777  0.1967600765680445E-006
 0778  0.1967600765680445E-006
 0779  0.1967600765680445E-006
 0780  0.1967600765680445E-006
 0781  0.1967600765680445E-006
 0782  0.1967600765680445E-006
 0783  0.1967600765680445E-006
 0784  0.1967600765680445E-006
 0785  0.1967600765680445E-006
 0786  0.1967600765680445E-006
 0787  0.1967600765680445E-006
 0788  0.1967600765680445E-006
 0789  0.1967600765680445E-006
 0790  0.1967600765680445E-006
 0791  0.1967600765680445E-006
 0792  0.1967600765680445E-006
 0793  0.1967600765680445E-006
 0794  0.1967600765680445E-006
 0795  0.1967600765680445E-006
 0796  0.1967600765680445E-006
 0797  0.1967600765680445E-006
 0798  0.1967600765680445E-006
 0799  0.1967600765680445E-006
 0800  0.1967600765680445E-006
 0801  0.1967600765680445E-006
 0802  0.1967600765680445E-006
 0803  0.1967600765680445E-006
 0804  0.1967600765680445E-006
 0805  0.1967600765680445E-006
 0806  0.1967600765680445E-006
 0807  0.1967600765680445E-006
 0808  0.1967600765680445E-006
 0809  0.1967600765680445E-006
 0810  0.1967600765680445E-006
 0811  0.1967600765680445E-006
 0812  0.1967600765680445E-006
 0813  0.1967600765680445E-006
 0814  0.1967600765680445E-006
 0815  0.1967600765680445E-006
 0816  0.1967600765680445E-006
 0817  0.1967600765680445E-006
 0818  0.1967600765680445E-006
 0819  0.1967600765680445E-006
 0820  0.1967600765680445E-006
 0821  0.1967600765680445E-006
 0822  0.1967600765680445E-006
 0823  0.1967600765680445E-006
 0824  0.1967600765680445E-006
 0825  0.1967600765680445E-006
 0826  0.1967600765680445E-006
 0827  0.1967600765680445E-006
 0828  0.1967600765680445E-006
 0829  0.1967600765680445E-006
 0830  0.1967600765680445E-006
 0831  0.1967600765680445E-006
 0832  0.1967600765680445E-006
 0833  0.1967600765680445E-006
 0834  0.1967600765680445E-006
 0835  0.1967600765680445E-006
 0836  0.1967600765680445E-006
 0837  0.1967600765680445E-006
 0838  0.1967600765680445E-006
 0839  0.1967600765680445E-006
 0840  0.1967600765680445E-006
 0841  0.1967600765680445E-006
 0842  0.1967600765680445E-006
 0843  0.1967600765680445E-006
 0844  0.1967600765680445E-006
 0845  0.1967600765680445E-006
 0846  0.1967600765680445E-006
 0847  0.1967600765680445E-006
 0848  0.1967600765680445E-006
 0849  0.1967600765680445E-006
 0850  0.1967600765680445E-006
 0851  0.1967600765680445E-006
 0852  0.1967600765680445E-006
 0853  0.1967600765680445E-006
 0854  0.1967600765680445E-006
 0855  0.1967600765680445E-006
 0856  0.1967600765680445E-006
 0857  0.1967600765680445E-006
 0858  0.1967600765680445E-006
 0859  0.1967600765680445E-006
 0860  0.1967600765680445E-006
 0861  0.1967600765680445E-006
 0862  0.1967600765680445E-006
 0863  0.1967600765680445E-006
 0864  0.1967600765680445E-006
 0865  0.1967600765680445E-006
 0866  0.1967600765680445E-006
 0867  0.1967600765680445E-006
 0868  0.1967600765680445E-006
 0869  0.1967600765680445E-006
 0870  0.1967600765680445E-006
 0871  0.1967600765680445E-006
 0872  0.1967600765680445E-006
 0873  0.1967600765680445E-006
 0874  0.1967600765680445E-006
 0875  0.1967600765680445E-006
 0876  0.1967600765680445E-006
 0877  0.1967600765680445E-006
 0878  0.1967600765680445E-006
 0879  0.1967600765680445E-006
 0880  0.1967600765680445E-006
 0881  0.1967600765680445E-006
 0882  0.1967600765680445E-006
 0883  0.1967600765680445E-006
 0884  0.1967600765680445E-006
 0885  0.1967600765680445E-006
 0886  0.1967600765680445E-006
 0887  0.1967600765680445E-006
 0888  0.1967600765680445E-006
 0889  0.1967600765680445E-006
 0890  0.1967600765680445E-006
 0891  0.1967600765680445E-006
 0892  0.1967600765680445E-006
 0893  0.1967600765680445E-006
 0894  0.1967600765680445E-006
 0895  0.1967600765680445E-006
 0896  0.1967600765680445E-006
 0897  0.1967600765680445E-006
 0898  0.1967600765680445E-006
 0899  0.1967600765680445E-006
 0900  0.1967600765680445E-006
 0901  0.1967600765680445E-006
 0902  0.1967600765680445E-006
 0903  0.1967600765680445E-006
 0904  0.1967600765680445E-006
 0905  0.1967600765680445E-006
 0906  0.1967600765680445E-006
 0907  0.1967600765680445E-006
 0908  0.1967600765680445E-006
 0909  0.1967600765680445E-006
 0910  0.1967600765680445E-006
 0911  0.1967600765680445E-006
 0912  0.1967600765680445E-006
 0913  0.1967600765680445E-006
 0914  0.1967600765680445E-006
 0915  0.1967600765680445E-006
 0916  0.1967600765680445E-006
 0917  0.1967600765680445E-006
 0918  0.1967600765680445E-006
 0919  0.1967600765680445E-006
 0920  0.1967600765680445E-006
 0921  0.1967600765680445E-006
 0922  0.1967600765680445E-006
 0923  0.1967600765680445E-006
 0924  0.1967600765680445E-006
 0925  0.1967600765680445E-006
 0926  0.1967600765680445E-006
 0927  0.1967600765680445E-006
 0928  0.1967600765680445E-006
 0929  0.1967600765680445E-006
 0930  0.1967600765680445E-006
 0931  0.1967600765680445E-006
 0932  0.1967600765680445E-006
 0933  0.1967600765680445E-006
 0934  0.1967600765680445E-006
 0935  0.1967600765680445E-006
 0936  0.1967600765680445E-006
 0937  0.1967600765680445E-006
 0938  0.1967600765680445E-006
 0939  0.1967600765680445E-006
 0940  0.1967600765680445E-006
 0941  0.1967600765680445E-006
 0942  0.1967600765680445E-006
 0943  0.1967600765680445E-006
 0944  0.1967600765680445E-006
 0945  0.1967600765680445E-006
 0946  0.1967600765680445E-006
 0947  0.1967600765680445E-006
 0948  0.1967600765680445E-006
 0949  0.1967600765680445E-006
 0950  0.1967600765680445E-006
 0951  0.1967600765680445E-006
 0952  0.1967600765680445E-006
 0953  0.1967600765680445E-006
 0954  0.1967600765680445E-006
 0955  0.1967600765680445E-006
 0956  0.1967600765680445E-006
 0957  0.1967600765680445E-006
 0958  0.1967600765680445E-006
 0959  0.1967600765680445E-006
 0960  0.1967600765680445E-006
 0961  0.1967600765680445E-006
 0962  0.1967600765680445E-006
 0963  0.1967600765680445E-006
 0964  0.1967600765680445E-006
 0965  0.1967600765680445E-006
 0966  0.1967600765680445E-006
 0967  0.1967600765680445E-006
 0968  0.1967600765680445E-006
 0969  0.1967600765680445E-006
 0970  0.1967600765680445E-006
 0971  0.1967600765680445E-006
 0972  0.1967600765680445E-006
 0973  0.1967600765680445E-006
 0974  0.1967600765680445E-006
 0975  0.1967600765680445E-006
 0976  0.1967600765680445E-006
 0977  0.1967600765680445E-006
 0978  0.1967600765680445E-006
 0979  0.1967600765680445E-006
 0980  0.1967600765680445E-006
 0981  0.1967600765680445E-006
 0982  0.1967600765680445E-006
 0983  0.1967600765680445E-006
 0984  0.1967600765680445E-006
 0985  0.1967600765680445E-006
 0986  0.1967600765680445E-006
 0987  0.1967600765680445E-006
 0988  0.1967600765680445E-006
 0989  0.1967600765680445E-006
 0990  0.1967600765680445E-006
 0991  0.1967600765680445E-006
 0992  0.1967600765680445E-006
 0993  0.1967600765680445E-006
 0994  0.1967600765680445E-006
 0995  0.1967600765680445E-006
 0996  0.1967600765680445E-006
 0997  0.1967600765680445E-006
 0998  0.1967600765680445E-006
 0999  0.1967600765680445E-006
 1000  0.1967600765680445E-006
