  0.0000000000E+000  0.0000000000E+000
  1.7001656603E+003  2.9545867822E+003
  3.4003009738E+003  2.6895715143E+003
  5.1001971707E+003  2.5052175481E+003
  6.8002379007E+003  2.3721603915E+003
  8.5002163930E+003  2.2726648507E+003
  1.0200263187E+004  2.1957164203E+003
  1.1900290465E+004  2.1343825729E+003
  1.3600280067E+004  2.0842016175E+003
  1.5300261151E+004  2.0422006783E+003
  1.7000270262E+004  2.0063455569E+003
  1.8700252937E+004  1.9752220182E+003
  2.0400192271E+004  1.9478227498E+003
  2.2100191401E+004  1.9234128853E+003
  2.3800298032E+004  1.9014370113E+003
  2.5500281104E+004  1.8813430589E+003
  2.7200206209E+004  1.8629307258E+003
  2.8900225569E+004  1.8455507064E+003
  3.0600161779E+004  1.8294675036E+003
  3.2300239702E+004  1.8147197343E+003
  3.4000171044E+004  1.8007491019E+003
  3.5700284902E+004  1.7875825430E+003
  3.7400299670E+004  1.7753460983E+003
  3.9100241784E+004  1.7464276562E+003
  4.0800159230E+004  1.7263656557E+003
  4.2500264366E+004  1.7165586219E+003
  4.4200228031E+004  1.7073227986E+003
  4.5900272204E+004  1.6985311193E+003
  4.7600218602E+004  1.6899992132E+003
  4.9300194671E+004  1.6815348477E+003
  5.1000299876E+004  1.6731645089E+003
  5.2700156621E+004  1.6652657797E+003
  5.4400231259E+004  1.6578811333E+003
  5.6100175810E+004  1.6508796123E+003
  5.7800274265E+004  1.6439668713E+003
  5.9500239372E+004  1.6372641758E+003
  6.1200208765E+004  1.6308744013E+003
  6.2900160507E+004  1.6248103602E+003
  6.4600202076E+004  1.6190578898E+003
  6.6300175572E+004  1.6135680808E+003
  6.8000218012E+004  1.6081827111E+003
  6.9700217072E+004  1.6029310179E+003
  7.1400195165E+004  1.5978568511E+003
  7.3100280864E+004  1.5929955849E+003
  7.4800203501E+004  1.5883549532E+003
  7.6500227083E+004  1.5839306347E+003
  7.8200257477E+004  1.5796784843E+003
  7.9900246046E+004  1.5754492613E+003
  8.1600248808E+004  1.5713015593E+003
  8.3300244042E+004  1.5673462540E+003
  8.5000188388E+004  1.5636268455E+003
  8.6700229840E+004  1.5601620992E+003
  8.8400219113E+004  1.5569602013E+003
  9.0100262512E+004  1.5540012491E+003
  9.1800287637E+004  1.5512497323E+003
  9.3500196966E+004  1.5486617231E+003
  9.5200260720E+004  1.5461264191E+003
  9.6900288497E+004  1.5434503164E+003
  9.8600225060E+004  1.5390411285E+003
  1.0030026767E+005  1.5321326743E+003
  1.0200026084E+005  1.5264204546E+003
  1.0370016629E+005  1.5217089739E+003
  1.0540015832E+005  1.5175567626E+003
  1.0710017595E+005  1.5137456416E+003
  1.0880025551E+005  1.5101521063E+003
  1.1050021721E+005  1.5066977655E+003
  1.1220024586E+005  1.5033288598E+003
  1.1390030202E+005  1.5000088074E+003
  1.1560015939E+005  1.4967166657E+003
  1.1730023480E+005  1.4935198196E+003
  1.1900022375E+005  1.4904131985E+003
  1.2070018948E+005  1.4873881689E+003
  1.2240019044E+005  1.4844414194E+003
  1.2410026929E+005  1.4815710980E+003
  1.2580025525E+005  1.4787756697E+003
  1.2750028870E+005  1.4760527644E+003
  1.2920016176E+005  1.4733962181E+003
  1.3090027489E+005  1.4707898913E+003
  1.3260029315E+005  1.4682227258E+003
  1.3430022801E+005  1.4656658358E+003
  1.3600016183E+005  1.5877374932E+003
  1.3770029409E+005  1.5856718731E+003
  1.3940022491E+005  1.5837211048E+003
  1.4110022488E+005  1.5819092022E+003
  1.4280024288E+005  1.5802601248E+003
  1.4450023978E+005  1.5787963252E+003
  1.4620017101E+005  1.5775304412E+003
  1.4790028568E+005  1.5765013073E+003
  1.4960016117E+005  1.5757731090E+003
  1.5130021499E+005  1.5745358178E+003
  1.5300018177E+005  1.5728619369E+003
  1.5470025772E+005  1.5713125333E+003
  1.5640025199E+005  1.5698599311E+003
  1.5810025758E+005  1.5685236886E+003
  1.5980023363E+005  1.5673152343E+003
  1.6150027950E+005  1.5662398666E+003
  1.6320018511E+005  1.5652917755E+003
  1.6490016622E+005  1.5645486466E+003
  1.6660018762E+005  1.5641879180E+003
  1.6830028576E+005  1.5641699063E+003
  1.7000020458E+005  1.5643242257E+003
  1.7170019834E+005  1.5643113010E+003
  1.7340018611E+005  1.5636884851E+003
  1.7510027971E+005  1.5623097374E+003
  1.7680029069E+005  1.5604940361E+003
  1.7850015254E+005  1.5584843272E+003
  1.8020023144E+005  1.5564138944E+003
  1.8190021518E+005  1.5543417067E+003
  1.8360029390E+005  1.5522953501E+003
  1.8530020506E+005  1.5502897932E+003
  1.8700018585E+005  1.5483333248E+003
  1.8870029832E+005  1.5464315344E+003
  1.9040020966E+005  1.5445889607E+003
  1.9210017949E+005  1.5428091026E+003
  1.9380029918E+005  1.5410889976E+003
  1.9550018320E+005  1.5394154151E+003
  1.9720028559E+005  1.5377842566E+003
  1.9890018380E+005  1.5361885242E+003
  2.0060022587E+005  1.5346184200E+003
  2.0230019932E+005  1.5330686929E+003
  2.0400029284E+005  1.5315368270E+003
  2.0570016614E+005  1.5300215375E+003
  2.0740024613E+005  1.5285207151E+003
  2.0910016981E+005  1.5270327223E+003
  2.1080016417E+005  1.5255552488E+003
  2.1250022941E+005  1.5240861381E+003
  2.1420024951E+005  1.5226234300E+003
  2.1590027492E+005  1.5211652562E+003
  2.1760023229E+005  1.5197100038E+003
  2.1930029839E+005  1.5182540546E+003
  2.2100029058E+005  1.5167931492E+003
  2.2270017765E+005  1.5153254176E+003
  2.2440020426E+005  1.5138510423E+003
  2.2610015456E+005  1.5124028680E+003
  2.2780018927E+005  1.5110351824E+003
  2.2950018119E+005  1.5097281819E+003
  2.3120018177E+005  1.5084709042E+003
  2.3290027184E+005  1.5072519678E+003
  2.3460015960E+005  1.5060438899E+003
  2.3630026765E+005  1.5048430585E+003
  2.3800026039E+005  1.5036478829E+003
  2.3970023932E+005  1.5023695419E+003
  2.4140015253E+005  1.4999092514E+003
  2.4310030377E+005  1.4979534633E+003
  2.4480026331E+005  1.4961351387E+003
  2.4650024248E+005  1.4943510826E+003
  2.4820015769E+005  1.4925834290E+003
  2.4990016685E+005  1.4908388846E+003
  2.5160023980E+005  1.4891290220E+003
  2.5330019414E+005  1.4874646801E+003
  2.5500027954E+005  1.4858471862E+003
  2.5670030066E+005  1.4842736574E+003
  2.5840026528E+005  1.4827405010E+003
  2.6010019766E+005  1.4812441782E+003
  2.6180030357E+005  1.4797816079E+003
  2.6350018962E+005  1.4783508817E+003
  2.6520016641E+005  1.4769493303E+003
  2.6690020587E+005  1.4755730207E+003
  2.6860026787E+005  1.4742182005E+003
  2.7030030479E+005  1.4728830467E+003
  2.7200028532E+005  1.4715673692E+003
  2.7370021222E+005  1.4702705628E+003
  2.7540026705E+005  1.4689925733E+003
  2.7710019489E+005  1.4677363989E+003
  2.7880020581E+005  1.4665026235E+003
  2.8050030036E+005  1.4652913533E+003
  2.8220029705E+005  1.4641027183E+003
  2.8390016603E+005  1.4629366856E+003
  2.8560015883E+005  1.4617929875E+003
  2.8730024490E+005  1.4606715003E+003
  2.8900028628E+005  1.4595721257E+003
  2.9070015761E+005  1.4584947361E+003
  2.9240021165E+005  1.4574389157E+003
  2.9410018832E+005  1.4564046321E+003
  2.9580024453E+005  1.4553913135E+003
  2.9750020448E+005  1.4543975028E+003
  2.9920018280E+005  1.4534210789E+003
  3.0090028245E+005  1.4524607683E+003
  3.0260017365E+005  1.4515165579E+003
  3.0430017741E+005  1.4505886293E+003
  3.0600016774E+005  1.4496775818E+003
  3.0770019122E+005  1.4487838811E+003
  3.0940028933E+005  1.4479078981E+003
  3.1110015574E+005  1.4470500850E+003
  3.1280022479E+005  1.4462104246E+003
  3.1450015976E+005  1.4453892163E+003
  3.1620021555E+005  1.4445864170E+003
  3.1790021468E+005  1.4438021556E+003
  3.1960017610E+005  1.4430364422E+003
  3.2130028378E+005  1.4422891978E+003
  3.2300027800E+005  1.4415604945E+003
  3.2470018971E+005  1.4408501630E+003
  3.2640016839E+005  1.4401581155E+003
  3.2810019574E+005  1.4394842462E+003
  3.2980023795E+005  1.4388263072E+003
  3.3150024659E+005  1.4381866680E+003
  3.3320020189E+005  1.4375659015E+003
  3.3490027694E+005  1.4369632895E+003
  3.3660019548E+005  1.4363785674E+003
  3.3830015413E+005  1.4358115207E+003
  3.4000018283E+005  1.4352620391E+003
  3.4170027509E+005  1.4347300295E+003
  3.4340025767E+005  1.4342154230E+003
  3.4510025168E+005  1.4337180705E+003
  3.4680021416E+005  1.4332377821E+003
  3.4850028106E+005  1.4327739990E+003
  3.5020016318E+005  1.4323261328E+003
  3.5190019642E+005  1.4318936770E+003
  3.5360027330E+005  1.4314765422E+003
  3.5530026547E+005  1.4310747060E+003
  3.5700016437E+005  1.4306848665E+003
  3.5870025549E+005  1.4303058481E+003
  3.6040020402E+005  1.4299412920E+003
  3.6210027231E+005  1.4295932997E+003
  3.6380029459E+005  1.4292624680E+003
  3.6550028880E+005  1.4289488343E+003
  3.6720028462E+005  1.4286523540E+003
  3.6890017067E+005  1.4283730033E+003
  3.7060027733E+005  1.4281106834E+003
  3.7230028904E+005  1.4278653901E+003
  3.7400018393E+005  1.4276370534E+003
  3.7570023521E+005  1.4274255716E+003
  3.7740025570E+005  1.4272309026E+003
  3.7910023655E+005  1.4270529773E+003
  3.8080018935E+005  1.4268917285E+003
  3.8250029613E+005  1.4267470709E+003
  3.8420029638E+005  1.4266189500E+003
  3.8590021110E+005  1.4265072939E+003
  3.8760018052E+005  1.4264120259E+003
  3.8930018074E+005  1.4263330814E+003
  3.9100018301E+005  1.4262704007E+003
  3.9270015572E+005  1.4262239164E+003
  3.9440024272E+005  1.4261935558E+003
  3.9610015504E+005  1.4261792604E+003
  3.9780022347E+005  1.4261809652E+003
  3.9950018321E+005  1.4261986089E+003
  4.0120020784E+005  1.4262321398E+003
  4.0290028604E+005  1.4262814916E+003
  4.0460024217E+005  1.4263465953E+003
  4.0630019483E+005  1.4264273972E+003
  4.0800027058E+005  1.4265238481E+003
  4.0970016102E+005  1.4266358728E+003
  4.1140018296E+005  1.4267634413E+003
  4.1310020903E+005  1.4269064849E+003
  4.1480027991E+005  1.4270649499E+003
  4.1650026229E+005  1.4272387700E+003
  4.1820029638E+005  1.4274279057E+003
  4.1990020405E+005  1.4276322824E+003
  4.2160026147E+005  1.4278518526E+003
  4.2330028955E+005  1.4280862272E+003
  4.2500028490E+005  1.4283347370E+003
  4.2670026250E+005  1.4285967742E+003
  4.2840024759E+005  1.4288720171E+003
  4.3010027681E+005  1.4291603871E+003
  4.3180021440E+005  1.4294619054E+003
  4.3350020189E+005  1.4297766684E+003
  4.3520021579E+005  1.4301047602E+003
  4.3690022337E+005  1.4304458907E+003
  4.3860019996E+005  1.4307962485E+003
  4.4030030129E+005  1.4311555386E+003
  4.4200023416E+005  1.4315266458E+003
  4.4370017677E+005  1.4319111234E+003
  4.4540016282E+005  1.4323093209E+003
  4.4710020806E+005  1.4327212372E+003
  4.4880030171E+005  1.4331468264E+003
  4.5050026520E+005  1.4335860064E+003
  4.5220022271E+005  1.4340387698E+003
  4.5390030380E+005  1.4345050948E+003
  4.5560020354E+005  1.4349848514E+003
  4.5730024250E+005  1.4354780815E+003
  4.5900029373E+005  1.4359847001E+003
  4.6070023648E+005  1.4365046224E+003
  4.6240023531E+005  1.4370378446E+003
  4.6410027884E+005  1.4375843004E+003
  4.6580019456E+005  1.4381438754E+003
  4.6750025563E+005  1.4387166006E+003
  4.6920028632E+005  1.4393023585E+003
  4.7090029109E+005  1.4399010950E+003
  4.7260028412E+005  1.4405127508E+003
  4.7430029134E+005  1.4411372583E+003
  4.7600018870E+005  1.4417744878E+003
  4.7770029267E+005  1.4424244689E+003
  4.7940028901E+005  1.4430869954E+003
  4.8110015422E+005  1.4437619420E+003
  4.8280016407E+005  1.4444487610E+003
  4.8450029792E+005  1.4451457838E+003
  4.8620025325E+005  1.4458512480E+003
  4.8790019843E+005  1.4465644650E+003
  4.8960015998E+005  1.4472854455E+003
  4.9130016554E+005  1.4480145580E+003
  4.9300022200E+005  1.4487522256E+003
  4.9470016706E+005  1.4494987721E+003
  4.9640028651E+005  1.4502546568E+003
  4.9810024585E+005  1.4510199929E+003
  4.9980017543E+005  1.4517950401E+003
  5.0150023212E+005  1.4525800290E+003
  5.0320028145E+005  1.4533749877E+003
  5.0490019718E+005  1.4541798963E+003
  5.0660015495E+005  1.4549948421E+003
  5.0830016204E+005  1.4558198132E+003
  5.1000020946E+005  1.4566547702E+003
  5.1170027650E+005  1.4574995289E+003
  5.1340018284E+005  1.4583539007E+003
  5.1510021432E+005  1.4592181392E+003
  5.1680022185E+005  1.4600920478E+003
  5.1850022239E+005  1.4609754934E+003
  5.2020024219E+005  1.4618683608E+003
  5.2190030484E+005  1.4627705334E+003
  5.2360026261E+005  1.4636815613E+003
  5.2530025782E+005  1.4645997220E+003
  5.2700027293E+005  1.4655221011E+003
  5.2870028068E+005  1.4664468074E+003
  5.3040026055E+005  1.4673734612E+003
  5.3210021664E+005  1.4683025186E+003
  5.3380016853E+005  1.4692346371E+003
  5.3550029346E+005  1.4701704994E+003
  5.3720015458E+005  1.4711102860E+003
  5.3890021436E+005  1.4720544883E+003
  5.4060015833E+005  1.4730039658E+003
  5.4230027403E+005  1.4739594860E+003
  5.4400022811E+005  1.4749202585E+003
  5.4570015536E+005  1.4758862705E+003
  5.4740021333E+005  1.4768575872E+003
  5.4910026676E+005  1.4778340585E+003
  5.5080018873E+005  1.4788154860E+003
  5.5250015337E+005  1.4798017716E+003
  5.5420016328E+005  1.4807926547E+003
  5.5590020712E+005  1.4817878431E+003
  5.5760026800E+005  1.4827870276E+003
  5.5930016906E+005  1.4837897911E+003
  5.6100019644E+005  1.4847959322E+003
  5.6270020171E+005  1.4858038495E+003
  5.6440020406E+005  1.4868098701E+003
  5.6610022847E+005  1.4878110402E+003
  5.6780029504E+005  1.4888064960E+003
  5.6950025168E+005  1.4897956147E+003
  5.7120024197E+005  1.4907793864E+003
  5.7290024925E+005  1.4917588409E+003
  5.7460024713E+005  1.4927345158E+003
  5.7630022095E+005  1.4937066936E+003
  5.7800017448E+005  1.4946754753E+003
  5.7970027844E+005  1.4956409089E+003
  5.8140025103E+005  1.4966026760E+003
  5.8310026507E+005  1.4975606232E+003
  5.8480016985E+005  1.4985143637E+003
  5.8650025871E+005  1.4994637329E+003
  5.8820020994E+005  1.5004082249E+003
  5.8990015349E+005  1.5013476232E+003
  5.9160022619E+005  1.5022817957E+003
  5.9330027891E+005  1.5032105624E+003
  5.9500017706E+005  1.5037094802E+003
  5.9670025031E+005  1.5042445317E+003
  5.9840021283E+005  1.5048618893E+003
  6.0010021620E+005  1.5055239575E+003
  6.0180025108E+005  1.5062028206E+003
  6.0350030065E+005  1.5068878347E+003
  6.0520018818E+005  1.5075807954E+003
  6.0690020569E+005  1.5082828897E+003
  6.0860020527E+005  1.5089951804E+003
  6.1030020336E+005  1.5097192064E+003
  6.1200022386E+005  1.5104568929E+003
  6.1370028494E+005  1.5112104284E+003
  6.1540023505E+005  1.5119821111E+003
  6.1710021527E+005  1.5127744237E+003
  6.1880020799E+005  1.5135896700E+003
  6.2050019261E+005  1.5144298533E+003
  6.2220015584E+005  1.5152965073E+003
  6.2390025404E+005  1.5161906775E+003
  6.2560019832E+005  1.5171125243E+003
  6.2730016581E+005  1.5180377246E+003
  6.2900017366E+005  1.5189538180E+003
  6.3070022091E+005  1.5198653924E+003
  6.3240029709E+005  1.5207741019E+003
  6.3410023361E+005  1.5216807734E+003
  6.3580016216E+005  1.5225860697E+003
  6.3750022181E+005  1.5234903980E+003
  6.3920026556E+005  1.5243921657E+003
  6.4090015626E+005  1.5252882742E+003
  6.4260022133E+005  1.5261789555E+003
  6.4430017388E+005  1.5270713073E+003
  6.4600016585E+005  1.5280032634E+003
  6.4770018610E+005  1.5292171467E+003
  6.4940021769E+005  1.5326842604E+003
  6.5110024075E+005  1.5597040375E+003
  6.5280024483E+005  1.8930234879E+003
  6.5450023289E+005  4.8254196549E+003
  6.5620022009E+005  4.9449301085E+003
  6.5790023020E+005  5.1393827229E+003
  6.5960027967E+005  5.3666212817E+003
  6.6130021559E+005  5.6882036349E+003
  6.6300017841E+005  6.0891084835E+003
  6.6470015303E+005  6.4930754861E+003
  6.6640027221E+005  6.9254050495E+003
  6.6810021859E+005  7.5219671020E+003
  6.6980030282E+005  7.8419178588E+003
  6.7150023511E+005  8.1830127534E+003
  6.7320018958E+005  8.7853543848E+003
  6.7490018288E+005  7.1042280348E+003
  6.7660021452E+005  8.6775880611E+003
  6.7830027309E+005  1.0490313970E+004
  6.8000018952E+005  1.2203521956E+004
  6.8170025014E+005  1.3999287983E+004
  6.8340029309E+005  1.6431387206E+004
  6.8510016887E+005  1.8329195894E+004
  6.8680019714E+005  2.0156207248E+004
  6.8850024837E+005  2.1786317003E+004
  6.9020018549E+005  2.3367558704E+004
  6.9190015983E+005  2.4992709110E+004
  6.9360015946E+005  2.6527410241E+004
  6.9530016935E+005  2.7974108412E+004
  6.9700017233E+005  2.9282800711E+004
  6.9870015752E+005  3.0611928092E+004
  7.0040028143E+005  3.1822383790E+004
  7.0210025358E+005  3.2914685817E+004
  7.0380024794E+005  3.3889312715E+004
  7.0550027958E+005  3.4747823870E+004
  7.0720019544E+005  3.5267148651E+004
  7.0890028969E+005  3.5878852706E+004
  7.1060024080E+005  3.6391607909E+004
  7.1230018457E+005  3.6807454057E+004
  7.1400026383E+005  3.7129301411E+004
  7.1570017772E+005  3.7360605201E+004
  7.1740024432E+005  3.7505447951E+004
  7.1910018067E+005  3.7568315047E+004
  7.2080015483E+005  3.7554146976E+004
  7.2250016435E+005  3.7637899547E+004
  7.2420019896E+005  3.7450856222E+004
  7.2590024335E+005  3.7206374353E+004
  7.2760028087E+005  3.6911596900E+004
  7.2930030164E+005  3.6571505557E+004
  7.3100015615E+005  3.6191481206E+004
  7.3270016453E+005  3.5776734872E+004
  7.3440019588E+005  3.5332392934E+004
  7.3610026313E+005  3.4863834082E+004
  7.3780021364E+005  3.4376018950E+004
  7.3950018856E+005  3.3872765898E+004
  7.4120017277E+005  3.3358548320E+004
  7.4290030274E+005  3.2838535380E+004
  7.4460026380E+005  3.2316906993E+004
  7.4630021295E+005  3.1796190043E+004
  7.4800016297E+005  3.1277877382E+004
  7.4970028750E+005  3.0764351541E+004
  7.5140029596E+005  3.0258868285E+004
  7.5310018624E+005  2.9763378616E+004
  7.5480025267E+005  2.9278554067E+004
  7.5650017609E+005  2.8804350458E+004
  7.5820024612E+005  2.8339671160E+004
  7.5990030065E+005  2.7883410493E+004
  7.6160018960E+005  2.7633230165E+004
  7.6330023343E+005  2.7167847596E+004
  7.6500029940E+005  2.6731271677E+004
  7.6670024767E+005  2.6318959718E+004
  7.6840022988E+005  2.5927055329E+004
  7.7010023545E+005  2.5552420008E+004
  7.7180025079E+005  2.5191948984E+004
  7.7350026010E+005  2.4843020312E+004
  7.7520025422E+005  2.4503168125E+004
  7.7690023654E+005  2.4171003419E+004
  7.7860022032E+005  2.3846820948E+004
  7.8030022561E+005  2.3534553898E+004
  7.8200026622E+005  2.3239668791E+004
  7.8370018764E+005  2.2963917966E+004
  7.8540028452E+005  2.2706614641E+004
  7.8710023832E+005  2.2466391554E+004
  7.8880018679E+005  2.2242409946E+004
  7.9050027285E+005  2.2033981891E+004
  7.9220019408E+005  2.1838906851E+004
  7.9390027010E+005  2.1654795833E+004
  7.9560021546E+005  2.1480180993E+004
  7.9730019483E+005  2.1313395595E+004
  7.9900020652E+005  2.1152313257E+004
  8.0070024175E+005  2.0995225103E+004
  8.0240028738E+005  2.0841076468E+004
  8.0410017380E+005  2.0688759074E+004
  8.0580019812E+005  2.0536949319E+004
  8.0750021121E+005  2.0385211782E+004
  8.0920022681E+005  2.0235328352E+004
  8.1090026393E+005  2.0092310955E+004
  8.1260018128E+005  1.9960800551E+004
  8.1430028387E+005  1.9840266054E+004
  8.1600025622E+005  1.9728438563E+004
  8.1770023874E+005  1.9622996113E+004
  8.1940021645E+005  1.9521678450E+004
  8.2110017976E+005  1.9423448908E+004
  8.2280028414E+005  1.9328098649E+004
  8.2450023821E+005  1.9235121578E+004
  8.2620021360E+005  1.9143261314E+004
  8.2790022177E+005  1.9051888138E+004
  8.2960026100E+005  1.8961785254E+004
  8.3130017029E+005  1.8874178195E+004
  8.3300024296E+005  1.8789407508E+004
  8.3470015744E+005  1.8706712035E+004
  8.3640021073E+005  1.8625249678E+004
  8.3810025317E+005  1.8544733435E+004
  8.3980029853E+005  1.8465193102E+004
  8.4150021130E+005  1.8386551482E+004
  8.4320015592E+005  1.8308708270E+004
  8.4490028451E+005  1.8231840700E+004
  8.4660028337E+005  1.8156228099E+004
  8.4830029265E+005  1.8081905628E+004
  8.5000029715E+005  1.8008273613E+004
  8.5170028775E+005  1.7934362013E+004
  8.5340026731E+005  1.7859501074E+004
  8.5510024971E+005  1.7783534572E+004
  8.5680025328E+005  1.7706575807E+004
  8.5850028762E+005  1.7628894599E+004
  8.6020019934E+005  1.7550939533E+004
  8.6190028735E+005  1.7473930119E+004
  8.6360023350E+005  1.7400595820E+004
  8.6530017469E+005  1.7335758242E+004
  8.6700025443E+005  1.7283226078E+004
  8.6870017112E+005  1.7240088631E+004
  8.7040024415E+005  1.7201119218E+004
  8.7210018392E+005  1.7162872901E+004
  8.7380015411E+005  1.7124223370E+004
  8.7550015492E+005  1.7085214591E+004
  8.7720017853E+005  1.7045093496E+004
  8.7890021327E+005  1.7002840628E+004
  8.8060024289E+005  1.6958647773E+004
  8.8230025936E+005  1.6913844405E+004
  8.8400026585E+005  1.6869949611E+004
  8.8570027563E+005  1.6827719796E+004
  8.8740030465E+005  1.6786428547E+004
  8.8910021058E+005  1.6744494546E+004
  8.9080029840E+005  1.6700881698E+004
  8.9250025719E+005  1.6655552684E+004
  8.9420022776E+005  1.6609282006E+004
  8.9590019337E+005  1.6563158176E+004
  8.9760029851E+005  1.6518008495E+004
  8.9930024150E+005  1.6474011626E+004
  9.0100018810E+005  1.6430786113E+004
  9.0270030561E+005  1.6387890808E+004
  9.0440029893E+005  1.6345089405E+004
  9.0610016904E+005  1.6302348301E+004
  9.0780021566E+005  1.6259741000E+004
  9.0950027358E+005  1.6217256253E+004
  9.1120017456E+005  1.6174581517E+004
  9.1290021531E+005  1.6131225864E+004
  9.1460024706E+005  1.6086887076E+004
  9.1630028175E+005  1.6041646698E+004
  9.1800018137E+005  1.5996039247E+004
  9.1970026255E+005  1.5950876232E+004
  9.2140021982E+005  1.5906961879E+004
  9.2310020096E+005  1.5864786670E+004
  9.2480019391E+005  1.5824363045E+004
  9.2650018225E+005  1.5785270901E+004
  9.2820015746E+005  1.5746948695E+004
  9.2990027740E+005  1.5709014365E+004
  9.3160024820E+005  1.5671243853E+004
  9.3330023552E+005  1.5633568305E+004
  9.3500025013E+005  1.5596024706E+004
  9.3670029445E+005  1.5558643125E+004
  9.3840021015E+005  1.5521397679E+004
  9.4010028981E+005  1.5484233841E+004
  9.4180021225E+005  1.5447184122E+004
  9.4350027542E+005  1.5410419891E+004
  9.4520017767E+005  1.5374239177E+004
  9.4690023556E+005  1.5338950377E+004
  9.4860015712E+005  1.5304815177E+004
  9.5030025849E+005  1.5271836479E+004
  9.5200023595E+005  1.5239772538E+004
  9.5370023754E+005  1.5208195071E+004
  9.5540025054E+005  1.5176643880E+004
  9.5710026000E+005  1.5144743252E+004
  9.5880025743E+005  1.5112282657E+004
  9.6050024715E+005  1.5079230198E+004
  9.6220023977E+005  1.5045683925E+004
  9.6390024746E+005  1.5011815540E+004
  9.6560028122E+005  1.4977801708E+004
  9.6730019205E+005  1.4943798160E+004
  9.6900027990E+005  1.4909876603E+004
  9.7070022593E+005  1.4876033786E+004
  9.7240016837E+005  1.4842200979E+004
  9.7410025277E+005  1.4808306915E+004
  9.7580017743E+005  1.4774349249E+004
  9.7750025650E+005  1.4740268523E+004
  9.7920019741E+005  1.4706018786E+004
  9.8090016428E+005  1.4671555517E+004
  9.8260016047E+005  1.4636843761E+004
  9.8430018097E+005  1.4601851550E+004
  9.8600021306E+005  1.4566555061E+004
  9.8770024168E+005  1.4530934658E+004
  9.8940025971E+005  1.4494978684E+004
  9.9110027057E+005  1.4458693265E+004
  9.9280028334E+005  1.4422057600E+004
  9.9450015753E+005  1.4385155604E+004
  9.9620020930E+005  1.4348315455E+004
  9.9790029088E+005  1.4312082488E+004
  9.9960024391E+005  1.4277228961E+004
  1.0013002079E+006  1.4244767833E+004
  1.0030001689E+006  1.4215906500E+004
  1.0047002732E+006  1.4191855661E+004
  1.0064002178E+006  1.4173504333E+004
  1.0081001633E+006  1.4160936753E+004
  1.0098002750E+006  1.4152794037E+004
  1.0115002595E+006  1.4146792221E+004
  1.0132002734E+006  1.4140877433E+004
  1.0149001578E+006  1.4133661748E+004
  1.0166002064E+006  1.4124372326E+004
  1.0183002527E+006  1.4112716854E+004
  1.0200002900E+006  1.4098677825E+004
  1.0217001677E+006  1.4082429230E+004
  1.0234001990E+006  1.4064317352E+004
  1.0251002430E+006  1.4044849434E+004
  1.0268001589E+006  1.4024519852E+004
  1.0285002571E+006  1.4003750512E+004
  1.0302002260E+006  1.3982878226E+004
  1.0319002063E+006  1.3962112157E+004
  1.0336001846E+006  1.3941518931E+004
  1.0353001549E+006  1.3921042208E+004
  1.0370002712E+006  1.3900558656E+004
  1.0387002343E+006  1.3879930965E+004
  1.0404002095E+006  1.3859045178E+004
  1.0421002100E+006  1.3837870572E+004
  1.0438002393E+006  1.3816453439E+004
  1.0455002916E+006  1.3794848116E+004
  1.0472002030E+006  1.3773127681E+004
  1.0489002667E+006  1.3751340865E+004
  1.0506001696E+006  1.3729539084E+004
  1.0523002176E+006  1.3707776428E+004
  1.0540002657E+006  1.3686119261E+004
  1.0557001722E+006  1.3664640557E+004
  1.0574002562E+006  1.3643406015E+004
  1.0591002163E+006  1.3622485229E+004
  1.0608001996E+006  1.3601947269E+004
  1.0625001945E+006  1.3581809728E+004
  1.0642001893E+006  1.3562038238E+004
  1.0659001769E+006  1.3542555576E+004
  1.0676001571E+006  1.3523255874E+004
  1.0693002890E+006  1.3504020168E+004
  1.0710002794E+006  1.3484741503E+004
  1.0727002942E+006  1.3465337191E+004
  1.0744001847E+006  1.3445765852E+004
  1.0761002501E+006  1.3426029410E+004
  1.0778001752E+006  1.3406138800E+004
  1.0795002544E+006  1.3386097919E+004
  1.0812001734E+006  1.3365935536E+004
  1.0829002373E+006  1.3345679410E+004
  1.0846003002E+006  1.3325363972E+004
  1.0863002217E+006  1.3305023442E+004
  1.0880001670E+006  1.3284690806E+004
  1.0897002926E+006  1.3264419396E+004
  1.0914002878E+006  1.3244261687E+004
  1.0931002959E+006  1.3224256117E+004
  1.0948001529E+006  1.3204440537E+004
  1.0965001562E+006  1.3184843216E+004
  1.0982003043E+006  1.3165489871E+004
  1.0999002977E+006  1.3146401055E+004
  1.1016003026E+006  1.3127584533E+004
  1.1033001777E+006  1.3109042832E+004
  1.1050002330E+006  1.3090754161E+004
  1.1067001573E+006  1.3072687536E+004
  1.1084002479E+006  1.3054794814E+004
  1.1101001887E+006  1.3037029328E+004
  1.1118002753E+006  1.3019338638E+004
  1.1135002007E+006  1.3001688339E+004
  1.1152002776E+006  1.2984045174E+004
  1.1169002125E+006  1.2966384845E+004
  1.1186001696E+006  1.2948687714E+004
  1.1203001533E+006  1.2930942731E+004
  1.1220001594E+006  1.2913140673E+004
  1.1237001800E+006  1.2895284507E+004
  1.1254002036E+006  1.2877388923E+004
  1.1271002202E+006  1.2859465617E+004
  1.1288002286E+006  1.2841524519E+004
  1.1305002356E+006  1.2823574965E+004
  1.1322002530E+006  1.2805626210E+004
  1.1339002924E+006  1.2787690872E+004
  1.1356002046E+006  1.2769787294E+004
  1.1373002922E+006  1.2751922851E+004
  1.1390002422E+006  1.2734102200E+004
  1.1407001958E+006  1.2716332645E+004
  1.1424002953E+006  1.2698624481E+004
  1.1441002333E+006  1.2680996758E+004
  1.1458001703E+006  1.2663462085E+004
  1.1475002705E+006  1.2646028383E+004
  1.1492002382E+006  1.2628706823E+004
  1.1509002312E+006  1.2611501623E+004
  1.1526002476E+006  1.2594417823E+004
  1.1543002796E+006  1.2577460640E+004
  1.1560001619E+006  1.2560630692E+004
  1.1577001908E+006  1.2543921660E+004
  1.1594002118E+006  1.2527329211E+004
  1.1611002316E+006  1.2510845547E+004
  1.1628002608E+006  1.2494464170E+004
  1.1645001564E+006  1.2478179129E+004
  1.1662002301E+006  1.2461977764E+004
  1.1679001746E+006  1.2445852583E+004
  1.1696002879E+006  1.2429789349E+004
  1.1713002524E+006  1.2413782934E+004
  1.1730002103E+006  1.2397826178E+004
  1.1747001606E+006  1.2381913291E+004
  1.1764002630E+006  1.2366038353E+004
  1.1781002208E+006  1.2350200663E+004
  1.1798001970E+006  1.2334397674E+004
  1.1815001980E+006  1.2318630273E+004
  1.1832002234E+006  1.2302898074E+004
  1.1849002651E+006  1.2287200344E+004
  1.1866001577E+006  1.2271538708E+004
  1.1883001973E+006  1.2255911898E+004
  1.1900002304E+006  1.2240319653E+004
  1.1917002618E+006  1.2224762444E+004
  1.1934003004E+006  1.2209241255E+004
  1.1951002040E+006  1.2193759124E+004
  1.1968002857E+006  1.2178315255E+004
  1.1985002386E+006  1.2162916117E+004
  1.2002002080E+006  1.2147565427E+004
  1.2019001816E+006  1.2132264481E+004
  1.2036003029E+006  1.2117013508E+004
  1.2053002648E+006  1.2101818328E+004
  1.2070002250E+006  1.2086680513E+004
  1.2087001917E+006  1.2071602623E+004
  1.2104001754E+006  1.2056586476E+004
  1.2121001843E+006  1.2041634027E+004
  1.2138002180E+006  1.2026747537E+004
  1.2155002676E+006  1.2011927821E+004
  1.2172001684E+006  1.1997175665E+004
  1.2189002182E+006  1.1982487564E+004
  1.2206002620E+006  1.1967861692E+004
  1.2223003034E+006  1.1953298032E+004
  1.2240001972E+006  1.1938797144E+004
  1.2257002610E+006  1.1924354459E+004
  1.2274001972E+006  1.1909968175E+004
  1.2291001573E+006  1.1895635273E+004
  1.2308002861E+006  1.1881353615E+004
  1.2325002674E+006  1.1867124143E+004
  1.2342002457E+006  1.1852950514E+004
  1.2359002176E+006  1.1838827229E+004
  1.2376001867E+006  1.1824748587E+004
  1.2393001608E+006  1.1810711482E+004
  1.2410003045E+006  1.1796712598E+004
  1.2427001672E+006  1.1782754022E+004
  1.2444002067E+006  1.1768830676E+004
  1.2461002623E+006  1.1754942487E+004
  1.2478001706E+006  1.1741089458E+004
  1.2495002300E+006  1.1727268279E+004
  1.2512002836E+006  1.1713479259E+004
  1.2529001801E+006  1.1699723361E+004
  1.2546002337E+006  1.1685997860E+004
  1.2563003042E+006  1.1672303064E+004
  1.2580002462E+006  1.1658639506E+004
  1.2597002116E+006  1.1645007180E+004
  1.2614001930E+006  1.1631407461E+004
  1.2631001819E+006  1.1617841535E+004
  1.2648001690E+006  1.1604310346E+004
  1.2665003027E+006  1.1590812723E+004
  1.2682002790E+006  1.1577351748E+004
  1.2699002598E+006  1.1563927514E+004
  1.2716002567E+006  1.1550541293E+004
  1.2733002771E+006  1.1537194145E+004
  1.2750001678E+006  1.1523888206E+004
  1.2767002284E+006  1.1510620420E+004
  1.2784002971E+006  1.1497390293E+004
  1.2801002117E+006  1.1484200896E+004
  1.2818002725E+006  1.1471051974E+004
  1.2835001755E+006  1.1457945824E+004
  1.2852002360E+006  1.1444880811E+004
  1.2869001592E+006  1.1431860171E+004
  1.2886002585E+006  1.1418882673E+004
  1.2903002272E+006  1.1405951656E+004
  1.2920002131E+006  1.1393066844E+004
  1.2937002088E+006  1.1380228536E+004
  1.2954002032E+006  1.1367436830E+004
  1.2971001906E+006  1.1354692507E+004
  1.2988001736E+006  1.1341996242E+004
  1.3005001610E+006  1.1329348330E+004
  1.3022001629E+006  1.1316749040E+004
  1.3039001867E+006  1.1304198253E+004
  1.3056002332E+006  1.1291695501E+004
  1.3073002983E+006  1.1279240228E+004
  1.3090002197E+006  1.1266833206E+004
  1.3107002933E+006  1.1254471956E+004
  1.3124002073E+006  1.1242158559E+004
  1.3141002702E+006  1.1229890266E+004
  1.3158001838E+006  1.1217668504E+004
  1.3175002642E+006  1.1205489875E+004
  1.3192002125E+006  1.1193351760E+004
  1.3209001835E+006  1.1181250693E+004
  1.3226001739E+006  1.1169186210E+004
  1.3243001743E+006  1.1157157490E+004
  1.3260001741E+006  1.1145163229E+004
  1.3277001672E+006  1.1133202384E+004
  1.3294001567E+006  1.1121273836E+004
  1.3311003026E+006  1.1109375105E+004
  1.3328001547E+006  1.1097508184E+004
  1.3345001799E+006  1.1085668794E+004
  1.3362002289E+006  1.1073857034E+004
  1.3379002976E+006  1.1062072157E+004
  1.3396002231E+006  1.1050314641E+004
  1.3413003011E+006  1.1038585362E+004
  1.3430002208E+006  1.1026887117E+004
  1.3447002899E+006  1.1015214317E+004
  1.3464002081E+006  1.1003568310E+004
  1.3481002907E+006  1.0991946673E+004
  1.3498002406E+006  1.0980351262E+004
  1.3515002143E+006  1.0968779403E+004
  1.3532002075E+006  1.0957228300E+004
  1.3549002110E+006  1.0945698555E+004
  1.3566002146E+006  1.0934190871E+004
  1.3583002132E+006  1.0922705780E+004
  1.3600002084E+006  1.0911243647E+004
  1.3617002050E+006  1.0899804737E+004
  1.3634002120E+006  1.0888389315E+004
  1.3651002389E+006  1.0876997653E+004
  1.3668002899E+006  1.0865630167E+004
  1.3685002073E+006  1.0854288424E+004
  1.3702002879E+006  1.0842971018E+004
  1.3719002165E+006  1.0831680595E+004
  1.3736002944E+006  1.0820415519E+004
  1.3753002151E+006  1.0809178357E+004
  1.3770002892E+006  1.0797967372E+004
  1.3787002204E+006  1.0786784793E+004
  1.3804001719E+006  1.0775629003E+004
  1.3821002998E+006  1.0764501717E+004
  1.3838002936E+006  1.0753404944E+004
  1.3855002982E+006  1.0742337670E+004
  1.3872003054E+006  1.0731300196E+004
  1.3889001561E+006  1.0720293888E+004
  1.3906001551E+006  1.0709317148E+004
  1.3923001539E+006  1.0698371272E+004
  1.3940001625E+006  1.0687456369E+004
  1.3957001908E+006  1.0676572650E+004
  1.3974002422E+006  1.0665720443E+004
  1.3991001595E+006  1.0654901144E+004
  1.4008002413E+006  1.0644113259E+004
  1.4025001735E+006  1.0633359132E+004
  1.4042002558E+006  1.0622637107E+004
  1.4059001795E+006  1.0611948263E+004
  1.4076002556E+006  1.0601289438E+004
  1.4093001883E+006  1.0590663106E+004
  1.4110002933E+006  1.0580067896E+004
  1.4127002674E+006  1.0569506130E+004
  1.4144002605E+006  1.0558977162E+004
  1.4161002665E+006  1.0548481477E+004
  1.4178002770E+006  1.0538019398E+004
  1.4195002835E+006  1.0527591246E+004
  1.4212002846E+006  1.0517197156E+004
  1.4229002853E+006  1.0506837064E+004
  1.4246002953E+006  1.0496510750E+004
  1.4263001702E+006  1.0486219062E+004
  1.4280002199E+006  1.0475960082E+004
  1.4297002893E+006  1.0465733407E+004
  1.4314002194E+006  1.0455539155E+004
  1.4331001541E+006  1.0445376605E+004
  1.4348002383E+006  1.0435244912E+004
  1.4365001637E+006  1.0425145858E+004
  1.4382002419E+006  1.0415077543E+004
  1.4399001757E+006  1.0405041630E+004
  1.4416002797E+006  1.0395036106E+004
  1.4433002516E+006  1.0385062569E+004
  1.4450002438E+006  1.0375119934E+004
  1.4467002507E+006  1.0365207997E+004
  1.4484002622E+006  1.0355326544E+004
