 0001  0.9999654623004391E+000
 0002  0.9999654623004391E+000
 0003  0.9999574832079765E+000
 0004  0.9999574832079765E+000
 0005  0.9999496894051205E+000
 0006  0.9999496894051205E+000
 0007  0.9999390706288187E+000
 0008  0.9999390706288187E+000
 0009  0.9999242576773911E+000
 0010  0.9999242576773911E+000
 0011  0.9999097887106909E+000
 0012  0.9999097887106909E+000
 0013  0.9998911041563525E+000
 0014  0.9998911041563525E+000
 0015  0.9998652291313128E+000
 0016  0.9998652291313128E+000
 0017  0.9998399549732561E+000
 0018  0.9998399549732561E+000
 0019  0.9997997684267944E+000
 0020  0.9997404282983562E+000
 0021  0.9997404282983562E+000
 0022  0.9996824661598478E+000
 0023  0.9996824661598478E+000
 0024  0.9995819134413843E+000
 0025  0.9995819134413843E+000
 0026  0.9994418045937733E+000
 0027  0.9992154673036281E+000
 0028  0.9992154673036281E+000
 0029  0.9989943859931173E+000
 0030  0.9989943859931173E+000
 0031  0.9985883661108020E+000
 0032  0.9979217274681678E+000
 0033  0.9979217274681678E+000
 0034  0.9969976615834445E+000
 0035  0.9961331887674916E+000
 0036  0.9961331887674916E+000
 0037  0.9948514737796533E+000
 0038  0.9931159738837572E+000
 0039  0.9931159738837572E+000
 0040  0.9914207755753833E+000
 0041  0.9891154899147543E+000
 0042  0.9891154899147543E+000
 0043  0.9859711125493202E+000
 0044  0.9822515034707863E+000
 0045  0.9822515034707863E+000
 0046  0.9776089066834733E+000
 0047  0.9733292733583118E+000
 0048  0.9681428230000072E+000
 0049  0.9681428230000072E+000
 0050  0.9616296574207374E+000
 0051  0.9541229883794530E+000
 0052  0.9472381892366419E+000
 0053  0.9472381892366419E+000
 0054  0.9386491074484652E+000
 0055  0.9291603931514520E+000
 0056  0.9291603931514520E+000
 0057  0.9179993146239085E+000
 0058  0.9059115908774530E+000
 0059  0.8949663722486556E+000
 0060  0.8828109607331932E+000
 0061  0.8828109607331932E+000
 0062  0.8684998123256873E+000
 0063  0.8532177354979591E+000
 0064  0.8373597983415356E+000
 0065  0.8373597983415356E+000
 0066  0.8195246151077206E+000
 0067  0.8036673459538277E+000
 0068  0.7869617574744139E+000
 0069  0.7695657837146660E+000
 0070  0.7695657837146659E+000
 0071  0.7498692589278486E+000
 0072  0.7299726780466154E+000
 0073  0.7100168539846206E+000
 0074  0.6924923638424140E+000
 0075  0.6746772932240857E+000
 0076  0.6746772932240857E+000
 0077  0.6546840068522863E+000
 0078  0.6349370210196981E+000
 0079  0.6155445892495394E+000
 0080  0.5966037583365562E+000
 0081  0.5781913698852126E+000
 0082  0.5781913698852126E+000
 0083  0.5602065518914745E+000
 0084  0.5424794453884304E+000
 0085  0.5251552329165605E+000
 0086  0.5082968974714123E+000
 0087  0.4918942058734016E+000
 0088  0.4758752085626761E+000
 0089  0.4758752085626761E+000
 0090  0.4577506086921219E+000
 0091  0.4402678438656976E+000
 0092  0.4231862573757776E+000
 0093  0.4062992040581727E+000
 0094  0.3894493489570803E+000
 0095  0.3728554855048003E+000
 0096  0.3564533087101601E+000
 0097  0.3401128553356149E+000
 0098  0.3237675338783631E+000
 0099  0.3073936714369963E+000
 0100  0.2909957206640854E+000
 0101  0.2746624382536206E+000
 0102  0.2585061438430356E+000
 0103  0.2426327319501705E+000
 0104  0.2271384449495877E+000
 0105  0.2121077773996863E+000
 0106  0.1976123214402882E+000
 0107  0.1837041415001861E+000
 0108  0.1704271708983098E+000
 0109  0.1578154143366670E+000
 0110  0.1458923341642127E+000
 0111  0.1346710980997824E+000
 0112  0.1240920218254160E+000
 0113  0.1141886951917894E+000
 0114  0.1049728083132199E+000
 0115  0.9643976861235670E-001
 0116  0.8857312515108262E-001
 0117  0.8086123044567317E-001
 0118  0.7396779855697966E-001
 0119  0.6780003819843206E-001
 0120  0.6227701302098665E-001
 0121  0.5732789724348653E-001
 0122  0.4949194949373031E-001
 0123  0.4636109148313022E-001
 0124  0.4348093248093077E-001
 0125  0.4083505165527856E-001
 0126  0.3840765305853705E-001
 0127  0.3618359564975604E-001
 0128  0.3414841721362710E-001
 0129  0.3228835148002634E-001
 0130  0.3058741671036519E-001
 0131  0.2903481868676738E-001
 0132  0.2761995424481772E-001
 0133  0.2633253922320133E-001
 0134  0.2516269991754339E-001
 0135  0.2410103544675762E-001
 0136  0.2310082659479740E-001
 0137  0.2220597561953230E-001
 0138  0.2140502651797682E-001
 0139  0.2068781682848309E-001
 0140  0.2004533653848534E-001
 0141  0.1946958928698478E-001
 0142  0.1855008473058439E-001
 0143  0.1818103730066445E-001
 0144  0.1784358914422940E-001
 0145  0.1753494967542923E-001
 0146  0.1725287951405635E-001
 0147  0.1699527958070951E-001
 0148  0.1676018800645063E-001
 0149  0.1654577591657358E-001
 0150  0.1635034238969679E-001
 0151  0.1617230764993144E-001
 0152  0.1600565968596412E-001
 0153  0.1585514011795575E-001
 0154  0.1571915459589623E-001
 0155  0.1559627096942556E-001
 0156  0.1548520219180471E-001
 0157  0.1538479109837482E-001
 0158  0.1529395503981262E-001
 0159  0.1514594022113303E-001
 0160  0.1508545334761485E-001
 0161  0.1502990103191226E-001
 0162  0.1497889861058310E-001
 0163  0.1493208914567112E-001
 0164  0.1488914172416550E-001
 0165  0.1484887862947848E-001
 0166  0.1481215278810410E-001
 0167  0.1477864849189858E-001
 0168  0.1474807880588319E-001
 0169  0.1472018287745719E-001
 0170  0.1469471609768203E-001
 0171  0.1467146560188537E-001
 0172  0.1465023725531733E-001
 0173  0.1461498632674496E-001
 0174  0.1460031920455090E-001
 0175  0.1458676477054860E-001
 0176  0.1457424122790030E-001
 0177  0.1456267250246879E-001
 0178  0.1455179452950306E-001
 0179  0.1454178832439229E-001
 0180  0.1453258131803731E-001
 0181  0.1452410925464537E-001
 0182  0.1451631308040441E-001
 0183  0.1450913851931568E-001
 0184  0.1450253568386978E-001
 0185  0.1449645871768163E-001
 0186  0.1449086546744061E-001
 0187  0.1448142578941986E-001
 0188  0.1447743627059028E-001
 0189  0.1447366967218272E-001
 0190  0.1447017900808523E-001
 0191  0.1446694393985309E-001
 0192  0.1446394563780284E-001
 0193  0.1446116666833452E-001
 0194  0.1445859088972812E-001
 0195  0.1445620335435294E-001
 0196  0.1445399022149207E-001
 0197  0.1445193867477906E-001
 0198  0.1445003659682265E-001
 0199  0.1444673991812750E-001
 0200  0.1444533210605597E-001
 0201  0.1444401904450504E-001
 0202  0.1444279432373713E-001
 0203  0.1444165197003600E-001
 0204  0.1444058641586776E-001
 0205  0.1443959237175563E-001
 0206  0.1443866503004609E-001
 0207  0.1443779990634320E-001
 0208  0.1443694456717387E-001
 0209  0.1443529504759156E-001
 0210  0.1443443937725331E-001
 0211  0.1443350027986534E-001
 0212  0.1443239960600501E-001
 0213  0.1443111323162610E-001
 0214  0.1442961970923429E-001
 0215  0.1442790033900276E-001
 0216  0.1442556825078650E-001
 0217  0.1442300749587572E-001
 0218  0.1442020463006149E-001
 0219  0.1441394889142439E-001
 0220  0.1441050990277160E-001
 0221  0.1440678743539181E-001
 0222  0.1440278840907955E-001
 0223  0.1439851915741291E-001
 0224  0.1439342548454414E-001
 0225  0.1438811217764302E-001
 0226  0.1438259149311860E-001
 0227  0.1437687486979822E-001
 0228  0.1436532818183162E-001
 0229  0.1435950661386159E-001
 0230  0.1435349419805226E-001
 0231  0.1434679565327462E-001
 0232  0.1434001132966661E-001
 0233  0.1433315120845885E-001
 0234  0.1432622508426135E-001
 0235  0.1431924213512842E-001
 0236  0.1431219138357315E-001
 0237  0.1429798685867073E-001
 0238  0.1429088895461389E-001
 0239  0.1428379842620375E-001
 0240  0.1427670777735196E-001
 0241  0.1426962555245220E-001
 0242  0.1426255956998901E-001
 0243  0.1425551716093981E-001
 0244  0.1424814980719036E-001
 0245  0.1423409620689614E-001
 0246  0.1422738641601945E-001
 0247  0.1422073301761206E-001
 0248  0.1421413991354958E-001
 0249  0.1420760319414227E-001
 0250  0.1420085070096994E-001
 0251  0.1419420089826201E-001
 0252  0.1418159314731687E-001
 0253  0.1417560463057654E-001
 0254  0.1416969115360034E-001
 0255  0.1416364193402897E-001
 0256  0.1415769929792754E-001
 0257  0.1415185854326678E-001
 0258  0.1414611960729334E-001
 0259  0.1413525821420830E-001
 0260  0.1412994761855418E-001
 0261  0.1412473531720992E-001
 0262  0.1411962051913956E-001
 0263  0.1411460236312473E-001
 0264  0.1410967749409492E-001
 0265  0.1410470717872619E-001
 0266  0.1409534715683108E-001
 0267  0.1409093400037664E-001
 0268  0.1408660564204323E-001
 0269  0.1408236120624123E-001
 0270  0.1407809220509532E-001
 0271  0.1407391651868872E-001
 0272  0.1406604333894113E-001
 0273  0.1406232767084492E-001
 0274  0.1405859970679640E-001
 0275  0.1405495312002103E-001
 0276  0.1405138534159900E-001
 0277  0.1404789493192865E-001
 0278  0.1404123673487601E-001
 0279  0.1403806234619426E-001
 0280  0.1403495598476795E-001
 0281  0.1403191568477463E-001
 0282  0.1402888181979856E-001
 0283  0.1402315870554216E-001
 0284  0.1402045719156531E-001
 0285  0.1401781233338523E-001
 0286  0.1401517537870001E-001
 0287  0.1401259749497674E-001
 0288  0.1401007697690831E-001
 0289  0.1400527377658256E-001
 0290  0.1400298566626268E-001
 0291  0.1400074720520550E-001
 0292  0.1399855734796579E-001
 0293  0.1399638079634086E-001
 0294  0.1399226629511635E-001
 0295  0.1399032043424359E-001
 0296  0.1398838703130550E-001
 0297  0.1398649620344306E-001
 0298  0.1398464680189032E-001
 0299  0.1398111953093706E-001
 0300  0.1397943768643573E-001
 0301  0.1397779159738349E-001
 0302  0.1397615900703342E-001
 0303  0.1397306452203306E-001
 0304  0.1397159747187632E-001
 0305  0.1397014236428046E-001
 0306  0.1396871813356082E-001
 0307  0.1396732410460311E-001
 0308  0.1396464613958448E-001
 0309  0.1396337550941001E-001
 0310  0.1396211670592790E-001
 0311  0.1396088445889265E-001
 0312  0.1395854247606115E-001
 0313  0.1395741708404086E-001
 0314  0.1395631458551455E-001
 0315  0.1395523443762220E-001
 0316  0.1395315708915906E-001
 0317  0.1395216874620403E-001
 0318  0.1395119011795160E-001
 0319  0.1395023114902327E-001
 0320  0.1394839521484004E-001
 0321  0.1394751643613173E-001
 0322  0.1394664679855634E-001
 0323  0.1394579437416160E-001
 0324  0.1394416146361172E-001
 0325  0.1394337939685897E-001
 0326  0.1394261223769061E-001
 0327  0.1394113453601664E-001
 0328  0.1394042326745254E-001
 0329  0.1393972535392762E-001
 0330  0.1393904052854567E-001
 0331  0.1393772095736379E-001
 0332  0.1393708554077866E-001
 0333  0.1393646182610503E-001
 0334  0.1393526381251819E-001
 0335  0.1393468846724566E-001
 0336  0.1393411934894123E-001
 0337  0.1393302547159997E-001
 0338  0.1393249979794664E-001
 0339  0.1393198329933509E-001
 0340  0.1393147241514142E-001
 0341  0.1393048972028488E-001
 0342  0.1393001711926684E-001
 0343  0.1392954969067839E-001
 0344  0.1392864994266640E-001
 0345  0.1392821692022045E-001
 0346  0.1392778863886490E-001
 0347  0.1392696365035789E-001
 0348  0.1392656632364575E-001
 0349  0.1392617333749574E-001
 0350  0.1392541579244538E-001
 0351  0.1392505068382011E-001
 0352  0.1392434254945696E-001
 0353  0.1392400103399188E-001
 0354  0.1392366321430866E-001
 0355  0.1392301112100996E-001
 0356  0.1392269641060739E-001
 0357  0.1392238507263421E-001
 0358  0.1392178230988944E-001
 0359  0.1392149060143288E-001
 0360  0.1392092554317975E-001
 0361  0.1392065193367298E-001
 0362  0.1392038240446541E-001
 0363  0.1391985894547304E-001
 0364  0.1391960587697316E-001
 0365  0.1391911417167829E-001
 0366  0.1391887538911113E-001
 0367  0.1391864004284599E-001
 0368  0.1391818269652134E-001
 0369  0.1391796055582101E-001
 0370  0.1391753027830933E-001
 0371  0.1391732118405337E-001
 0372  0.1391691525560418E-001
 0373  0.1391671825194013E-001
 0374  0.1391652328575738E-001
 0375  0.1391614406626540E-001
 0376  0.1391595969408221E-001
 0377  0.1391560204276743E-001
 0378  0.1391542807083784E-001
 0379  0.1391508943912090E-001
 0380  0.1391492467588273E-001
 0381  0.1391460388267868E-001
 0382  0.1391444775579426E-001
 0383  0.1391414370363397E-001
 0384  0.1391399569025226E-001
 0385  0.1391370737121250E-001
 0386  0.1391356698172141E-001
 0387  0.1391329344362330E-001
 0388  0.1391316021564748E-001
 0389  0.1391290001804824E-001
 0390  0.1391277327031359E-001
 0391  0.1391252620894989E-001
 0392  0.1391228868333144E-001
 0393  0.1391217291204577E-001
 0394  0.1391194671811519E-001
 0395  0.1391183644742289E-001
 0396  0.1391162097952708E-001
 0397  0.1391151591415329E-001
 0398  0.1391131059114892E-001
 0399  0.1391111281033169E-001
 0400  0.1391101624991897E-001
 0401  0.1391082749329259E-001
 0402  0.1391064556714522E-001
 0403  0.1391055659705687E-001
 0404  0.1391038273730433E-001
 0405  0.1391029770496099E-001
 0406  0.1391013132354563E-001
 0407  0.1390997075797334E-001
 0408  0.1390989221101374E-001
 0409  0.1390973840882970E-001
 0410  0.1390958984561597E-001
 0411  0.1390944624182722E-001
 0412  0.1390937590651248E-001
 0413  0.1390923814704431E-001
 0414  0.1390910494622111E-001
 0415  0.1390897602815339E-001
 0416  0.1390891284930934E-001
 0417  0.1390878894847608E-001
 0418  0.1390866894241488E-001
 0419  0.1390855269491020E-001
 0420  0.1390849567408731E-001
 0421  0.1390838379133863E-001
 0422  0.1390827530691718E-001
 0423  0.1390817009272416E-001
 0424  0.1390806799020150E-001
 0425  0.1390796889618956E-001
 0426  0.1390792023279797E-001
 0427  0.1390782463575191E-001
 0428  0.1390773179608812E-001
 0429  0.1390764158431107E-001
 0430  0.1390755392179494E-001
 0431  0.1390746869759019E-001
 0432  0.1390738581375850E-001
 0433  0.1390730518757821E-001
 0434  0.1390722686048601E-001
 0435  0.1390715092364020E-001
 0436  0.1390707727788032E-001
 0437  0.1390700582922483E-001
 0438  0.1390693648854413E-001
 0439  0.1390686917126166E-001
 0440  0.1390680379707510E-001
 0441  0.1390674028969818E-001
 0442  0.1390667857661715E-001
 0443  0.1390661858886938E-001
 0444  0.1390653200441394E-001
 0445  0.1390647644069037E-001
 0446  0.1390642236793560E-001
 0447  0.1390636973171600E-001
 0448  0.1390631848010659E-001
 0449  0.1390624434255766E-001
 0450  0.1390619666394571E-001
 0451  0.1390615019208141E-001
 0452  0.1390608287967821E-001
 0453  0.1390603953422137E-001
 0454  0.1390599724592484E-001
 0455  0.1390593591824163E-001
 0456  0.1390589637917727E-001
 0457  0.1390585777066672E-001
 0458  0.1390580171593736E-001
 0459  0.1390576553615702E-001
 0460  0.1390571296569060E-001
 0461  0.1390566246980268E-001
 0462  0.1390562983602622E-001
 0463  0.1390558235921585E-001
 0464  0.1390555165452700E-001
 0465  0.1390550695321879E-001
 0466  0.1390546391470138E-001
 0467  0.1390542245471477E-001
 0468  0.1390539559996296E-001
 0469  0.1390535644528346E-001
 0470  0.1390531867850719E-001
 0471  0.1390528223285559E-001
 0472  0.1390524704566476E-001
 0473  0.1390521305808096E-001
 0474  0.1390518021477821E-001
 0475  0.1390514846369945E-001
 0476  0.1390511775582437E-001
 0477  0.1390507842693434E-001
 0478  0.1390505008151688E-001
 0479  0.1390502263023508E-001
 0480  0.1390498741702501E-001
 0481  0.1390496199918928E-001
 0482  0.1390492936084381E-001
 0483  0.1390490577804371E-001
 0484  0.1390487546694846E-001
 0485  0.1390485354524101E-001
 0486  0.1390482534387738E-001
 0487  0.1390479830022634E-001
 0488  0.1390477235181498E-001
 0489  0.1390474744048337E-001
 0490  0.1390472351201999E-001
 0491  0.1390469494187857E-001
 0492  0.1390467309874999E-001
 0493  0.1390464698505223E-001
 0494  0.1390462699532863E-001
 0495  0.1390460306927466E-001
 0496  0.1390458028057656E-001
 0497  0.1390455856040546E-001
 0498  0.1390453784521539E-001
 0499  0.1390451425285721E-001
 0500  0.1390449558250939E-001
 0501  0.1390447428847547E-001
 0502  0.1390445414602454E-001
 0503  0.1390443201600483E-001
 0504  0.1390441413979460E-001
 0505  0.1390439446628694E-001
 0506  0.1390437598888294E-001
 0507  0.1390435623639452E-001
 0508  0.1390433783540523E-001
 0509  0.1390432067595443E-001
 0510  0.1390430274212112E-001
 0511  0.1390428614499717E-001
 0512  0.1390426752381918E-001
 0513  0.1390425056952521E-001
 0514  0.1390423511167904E-001
 0515  0.1390421858100743E-001
 0516  0.1390420266436548E-001
 0517  0.1390418658523296E-001
 0518  0.1390417084102008E-001
 0519  0.1390415515597598E-001
 0520  0.1390414019370223E-001
 0521  0.1390412554994519E-001
 0522  0.1390411534902164E-001
 0523  0.1390411534902164E-001
 0524  0.1390411534902164E-001
 0525  0.1390411534902164E-001
 0526  0.1390411534902164E-001
 0527  0.1390411534902164E-001
 0528  0.1390411534902164E-001
 0529  0.1390411534902164E-001
 0530  0.1390411534902164E-001
 0531  0.1390411534902164E-001
 0532  0.1390411534902164E-001
 0533  0.1390411534902164E-001
 0534  0.1390411534902164E-001
 0535  0.1390411534902164E-001
 0536  0.1390411534902164E-001
 0537  0.1390411534902164E-001
 0538  0.1390411534902164E-001
 0539  0.1390411534902164E-001
 0540  0.1390411534902164E-001
 0541  0.1390411534902164E-001
 0542  0.1390411534902164E-001
 0543  0.1390411534902164E-001
 0544  0.1390411534902164E-001
 0545  0.1390411534902164E-001
 0546  0.1390411534902164E-001
 0547  0.1390411534902164E-001
 0548  0.1390411534902164E-001
 0549  0.1390411534902164E-001
 0550  0.1390411534902164E-001
 0551  0.1390411534902164E-001
 0552  0.1390411534902164E-001
 0553  0.1390411534902164E-001
 0554  0.1390411534902164E-001
 0555  0.1390411534902164E-001
 0556  0.1390411534902164E-001
 0557  0.1390411534902164E-001
 0558  0.1390411534902164E-001
 0559  0.1390411534902164E-001
 0560  0.1390411534902164E-001
 0561  0.1390411534902164E-001
 0562  0.1390411534902164E-001
 0563  0.1390411534902164E-001
 0564  0.1390411534902164E-001
 0565  0.1390411534902164E-001
 0566  0.1390411534902164E-001
 0567  0.1390411534902164E-001
 0568  0.1390411534902164E-001
 0569  0.1390411534902164E-001
 0570  0.1390411534902164E-001
 0571  0.1390411534902164E-001
 0572  0.1390411534902164E-001
 0573  0.1390411534902164E-001
 0574  0.1390411534902164E-001
 0575  0.1390411534902164E-001
 0576  0.1390411534902164E-001
 0577  0.1390411534902164E-001
 0578  0.1390411534902164E-001
 0579  0.1390411534902164E-001
 0580  0.1390411534902164E-001
 0581  0.1390411534902164E-001
 0582  0.1390411534902164E-001
 0583  0.1390411534902164E-001
 0584  0.1390411534902164E-001
 0585  0.1390411534902164E-001
 0586  0.1390411534902164E-001
 0587  0.1390411534902164E-001
 0588  0.1390411534902164E-001
 0589  0.1390411534902164E-001
 0590  0.1390411534902164E-001
 0591  0.1390411534902164E-001
 0592  0.1390411534902164E-001
 0593  0.1390411534902164E-001
 0594  0.1390411534902164E-001
 0595  0.1390411534902164E-001
 0596  0.1390411534902164E-001
 0597  0.1390411534902164E-001
 0598  0.1390411534902164E-001
 0599  0.1390411534902164E-001
 0600  0.1390411534902164E-001
 0601  0.1390411534902164E-001
 0602  0.1390411534902164E-001
 0603  0.1390411534902164E-001
 0604  0.1390411534902164E-001
 0605  0.1390411534902164E-001
 0606  0.1390411534902164E-001
 0607  0.1390411534902164E-001
 0608  0.1390411534902164E-001
 0609  0.1390411534902164E-001
 0610  0.1390411534902164E-001
 0611  0.1390411534902164E-001
 0612  0.1390411534902164E-001
 0613  0.1390411534902164E-001
 0614  0.1390411534902164E-001
 0615  0.1390411534902164E-001
 0616  0.1390411534902164E-001
 0617  0.1390411534902164E-001
 0618  0.1390411534902164E-001
 0619  0.1390411534902164E-001
 0620  0.1390411534902164E-001
 0621  0.1390411534902164E-001
 0622  0.1390411534902164E-001
 0623  0.1390411534902164E-001
 0624  0.1390411534902164E-001
 0625  0.1390411534902164E-001
 0626  0.1390411534902164E-001
 0627  0.1390411534902164E-001
 0628  0.1390411534902164E-001
 0629  0.1390411534902164E-001
 0630  0.1390411534902164E-001
 0631  0.1390411534902164E-001
 0632  0.1390411534902164E-001
 0633  0.1390411534902164E-001
 0634  0.1390411534902164E-001
 0635  0.1390411534902164E-001
 0636  0.1390411534902164E-001
 0637  0.1390411534902164E-001
 0638  0.1390411534902164E-001
 0639  0.1390411534902164E-001
 0640  0.1390411534902164E-001
 0641  0.1390411534902164E-001
 0642  0.1390411534902164E-001
 0643  0.1390411534902164E-001
 0644  0.1390411534902164E-001
 0645  0.1390411534902164E-001
 0646  0.1390411534902164E-001
 0647  0.1390411534902164E-001
 0648  0.1390411534902164E-001
 0649  0.1390411534902164E-001
 0650  0.1390411534902164E-001
 0651  0.1390411534902164E-001
 0652  0.1390411534902164E-001
 0653  0.1390411534902164E-001
 0654  0.1390411534902164E-001
 0655  0.1390411534902164E-001
 0656  0.1390411534902164E-001
 0657  0.1390411534902164E-001
 0658  0.1390411534902164E-001
 0659  0.1390411534902164E-001
 0660  0.1390411534902164E-001
 0661  0.1390411534902164E-001
 0662  0.1390411534902164E-001
 0663  0.1390411534902164E-001
 0664  0.1390411534902164E-001
 0665  0.1390411534902164E-001
 0666  0.1390411534902164E-001
 0667  0.1390411534902164E-001
 0668  0.1390411534902164E-001
 0669  0.1390411534902164E-001
 0670  0.1390411534902164E-001
 0671  0.1390411534902164E-001
 0672  0.1390411534902164E-001
 0673  0.1390411534902164E-001
 0674  0.1390411534902164E-001
 0675  0.1390411534902164E-001
 0676  0.1390411534902164E-001
 0677  0.1390411534902164E-001
 0678  0.1390411534902164E-001
 0679  0.1390411534902164E-001
 0680  0.1390411534902164E-001
 0681  0.1390411534902164E-001
 0682  0.1390411534902164E-001
 0683  0.1390411534902164E-001
 0684  0.1390411534902164E-001
 0685  0.1390411534902164E-001
 0686  0.1390411534902164E-001
 0687  0.1390411534902164E-001
 0688  0.1390411534902164E-001
 0689  0.1390411534902164E-001
 0690  0.1390411534902164E-001
 0691  0.1390411534902164E-001
 0692  0.1390411534902164E-001
 0693  0.1390411534902164E-001
 0694  0.1390411534902164E-001
 0695  0.1390411534902164E-001
 0696  0.1390411534902164E-001
 0697  0.1390411534902164E-001
 0698  0.1390411534902164E-001
 0699  0.1390411534902164E-001
 0700  0.1390411534902164E-001
 0701  0.1390411534902164E-001
 0702  0.1390411534902164E-001
 0703  0.1390411534902164E-001
 0704  0.1390411534902164E-001
 0705  0.1390411534902164E-001
 0706  0.1390411534902164E-001
 0707  0.1390411534902164E-001
 0708  0.1390411534902164E-001
 0709  0.1390411534902164E-001
 0710  0.1390411534902164E-001
 0711  0.1390411534902164E-001
 0712  0.1390411534902164E-001
 0713  0.1390411534902164E-001
 0714  0.1390411534902164E-001
 0715  0.1390411534902164E-001
 0716  0.1390411534902164E-001
 0717  0.1390411534902164E-001
 0718  0.1390411534902164E-001
 0719  0.1390411534902164E-001
 0720  0.1390411534902164E-001
 0721  0.1390411534902164E-001
 0722  0.1390411534902164E-001
 0723  0.1390411534902164E-001
 0724  0.1390411534902164E-001
 0725  0.1390411534902164E-001
 0726  0.1390411534902164E-001
 0727  0.1390411534902164E-001
 0728  0.1390411534902164E-001
 0729  0.1390411534902164E-001
 0730  0.1390411534902164E-001
 0731  0.1390411534902164E-001
 0732  0.1390411534902164E-001
 0733  0.1390411534902164E-001
 0734  0.1390411534902164E-001
 0735  0.1390411534902164E-001
 0736  0.1390411534902164E-001
 0737  0.1390411534902164E-001
 0738  0.1390411534902164E-001
 0739  0.1390411534902164E-001
 0740  0.1390411534902164E-001
 0741  0.1390411534902164E-001
 0742  0.1390411534902164E-001
 0743  0.1390411534902164E-001
 0744  0.1390411534902164E-001
 0745  0.1390411534902164E-001
 0746  0.1390411534902164E-001
 0747  0.1390411534902164E-001
 0748  0.1390411534902164E-001
 0749  0.1390411534902164E-001
 0750  0.1390411534902164E-001
 0751  0.1390411534902164E-001
 0752  0.1390411534902164E-001
 0753  0.1390411534902164E-001
 0754  0.1390411534902164E-001
 0755  0.1390411534902164E-001
 0756  0.1390411534902164E-001
 0757  0.1390411534902164E-001
 0758  0.1390411534902164E-001
 0759  0.1390411534902164E-001
 0760  0.1390411534902164E-001
 0761  0.1390411534902164E-001
 0762  0.1390411534902164E-001
 0763  0.1390411534902164E-001
 0764  0.1390411534902164E-001
 0765  0.1390411534902164E-001
 0766  0.1390411534902164E-001
 0767  0.1390411534902164E-001
 0768  0.1390411534902164E-001
 0769  0.1390411534902164E-001
 0770  0.1390411534902164E-001
 0771  0.1390411534902164E-001
 0772  0.1390411534902164E-001
 0773  0.1390411534902164E-001
 0774  0.1390411534902164E-001
 0775  0.1390411534902164E-001
 0776  0.1390411534902164E-001
 0777  0.1390411534902164E-001
 0778  0.1390411534902164E-001
 0779  0.1390411534902164E-001
 0780  0.1390411534902164E-001
 0781  0.1390411534902164E-001
 0782  0.1390411534902164E-001
 0783  0.1390411534902164E-001
 0784  0.1390411534902164E-001
 0785  0.1390411534902164E-001
 0786  0.1390411534902164E-001
 0787  0.1390411534902164E-001
 0788  0.1390411534902164E-001
 0789  0.1390411534902164E-001
 0790  0.1390411534902164E-001
 0791  0.1390411534902164E-001
 0792  0.1390411534902164E-001
 0793  0.1390411534902164E-001
 0794  0.1390411534902164E-001
 0795  0.1390411534902164E-001
 0796  0.1390411534902164E-001
 0797  0.1390411534902164E-001
 0798  0.1390411534902164E-001
 0799  0.1390411534902164E-001
 0800  0.1390411534902164E-001
 0801  0.1390411534902164E-001
 0802  0.1390411534902164E-001
 0803  0.1390411534902164E-001
 0804  0.1390411534902164E-001
 0805  0.1390411534902164E-001
 0806  0.1390411534902164E-001
 0807  0.1390411534902164E-001
 0808  0.1390411534902164E-001
 0809  0.1390411534902164E-001
 0810  0.1390411534902164E-001
 0811  0.1390411534902164E-001
 0812  0.1390411534902164E-001
 0813  0.1390411534902164E-001
 0814  0.1390411534902164E-001
 0815  0.1390411534902164E-001
 0816  0.1390411534902164E-001
 0817  0.1390411534902164E-001
 0818  0.1390411534902164E-001
 0819  0.1390411534902164E-001
 0820  0.1390411534902164E-001
 0821  0.1390411534902164E-001
 0822  0.1390411534902164E-001
 0823  0.1390411534902164E-001
 0824  0.1390411534902164E-001
 0825  0.1390411534902164E-001
 0826  0.1390411534902164E-001
 0827  0.1390411534902164E-001
 0828  0.1390411534902164E-001
 0829  0.1390411534902164E-001
 0830  0.1390411534902164E-001
 0831  0.1390411534902164E-001
 0832  0.1390411534902164E-001
 0833  0.1390411534902164E-001
 0834  0.1390411534902164E-001
 0835  0.1390411534902164E-001
 0836  0.1390411534902164E-001
 0837  0.1390411534902164E-001
 0838  0.1390411534902164E-001
 0839  0.1390411534902164E-001
 0840  0.1390411534902164E-001
 0841  0.1390411534902164E-001
 0842  0.1390411534902164E-001
 0843  0.1390411534902164E-001
 0844  0.1390411534902164E-001
 0845  0.1390411534902164E-001
 0846  0.1390411534902164E-001
 0847  0.1390411534902164E-001
 0848  0.1390411534902164E-001
 0849  0.1390411534902164E-001
 0850  0.1390411534902164E-001
 0851  0.1390411534902164E-001
 0852  0.1390411534902164E-001
 0853  0.1390411534902164E-001
 0854  0.1390411534902164E-001
 0855  0.1390411534902164E-001
 0856  0.1390411534902164E-001
 0857  0.1390411534902164E-001
 0858  0.1390411534902164E-001
 0859  0.1390411534902164E-001
 0860  0.1390411534902164E-001
 0861  0.1390411534902164E-001
 0862  0.1390411534902164E-001
 0863  0.1390411534902164E-001
 0864  0.1390411534902164E-001
 0865  0.1390411534902164E-001
 0866  0.1390411534902164E-001
 0867  0.1390411534902164E-001
 0868  0.1390411534902164E-001
 0869  0.1390411534902164E-001
 0870  0.1390411534902164E-001
 0871  0.1390411534902164E-001
 0872  0.1390411534902164E-001
 0873  0.1390411534902164E-001
 0874  0.1390411534902164E-001
 0875  0.1390411534902164E-001
 0876  0.1390411534902164E-001
 0877  0.1390411534902164E-001
 0878  0.1390411534902164E-001
 0879  0.1390411534902164E-001
 0880  0.1390411534902164E-001
 0881  0.1390411534902164E-001
 0882  0.1390411534902164E-001
 0883  0.1390411534902164E-001
 0884  0.1390411534902164E-001
 0885  0.1390411534902164E-001
 0886  0.1390411534902164E-001
 0887  0.1390411534902164E-001
 0888  0.1390411534902164E-001
 0889  0.1390411534902164E-001
 0890  0.1390411534902164E-001
 0891  0.1390411534902164E-001
 0892  0.1390411534902164E-001
 0893  0.1390411534902164E-001
 0894  0.1390411534902164E-001
 0895  0.1390411534902164E-001
 0896  0.1390411534902164E-001
 0897  0.1390411534902164E-001
 0898  0.1390411534902164E-001
 0899  0.1390411534902164E-001
 0900  0.1390411534902164E-001
 0901  0.1390411534902164E-001
 0902  0.1390411534902164E-001
 0903  0.1390411534902164E-001
 0904  0.1390411534902164E-001
 0905  0.1390411534902164E-001
 0906  0.1390411534902164E-001
 0907  0.1390411534902164E-001
 0908  0.1390411534902164E-001
 0909  0.1390411534902164E-001
 0910  0.1390411534902164E-001
 0911  0.1390411534902164E-001
 0912  0.1390411534902164E-001
 0913  0.1390411534902164E-001
 0914  0.1390411534902164E-001
 0915  0.1390411534902164E-001
 0916  0.1390411534902164E-001
 0917  0.1390411534902164E-001
 0918  0.1390411534902164E-001
 0919  0.1390411534902164E-001
 0920  0.1390411534902164E-001
 0921  0.1390411534902164E-001
 0922  0.1390411534902164E-001
 0923  0.1390411534902164E-001
 0924  0.1390411534902164E-001
 0925  0.1390411534902164E-001
 0926  0.1390411534902164E-001
 0927  0.1390411534902164E-001
 0928  0.1390411534902164E-001
 0929  0.1390411534902164E-001
 0930  0.1390411534902164E-001
 0931  0.1390411534902164E-001
 0932  0.1390411534902164E-001
 0933  0.1390411534902164E-001
 0934  0.1390411534902164E-001
 0935  0.1390411534902164E-001
 0936  0.1390411534902164E-001
 0937  0.1390411534902164E-001
 0938  0.1390411534902164E-001
 0939  0.1390411534902164E-001
 0940  0.1390411534902164E-001
 0941  0.1390411534902164E-001
 0942  0.1390411534902164E-001
 0943  0.1390411534902164E-001
 0944  0.1390411534902164E-001
 0945  0.1390411534902164E-001
 0946  0.1390411534902164E-001
 0947  0.1390411534902164E-001
 0948  0.1390411534902164E-001
 0949  0.1390411534902164E-001
 0950  0.1390411534902164E-001
 0951  0.1390411534902164E-001
 0952  0.1390411534902164E-001
 0953  0.1390411534902164E-001
 0954  0.1390411534902164E-001
 0955  0.1390411534902164E-001
 0956  0.1390411534902164E-001
 0957  0.1390411534902164E-001
 0958  0.1390411534902164E-001
 0959  0.1390411534902164E-001
 0960  0.1390411534902164E-001
 0961  0.1390411534902164E-001
 0962  0.1390411534902164E-001
 0963  0.1390411534902164E-001
 0964  0.1390411534902164E-001
 0965  0.1390411534902164E-001
 0966  0.1390411534902164E-001
 0967  0.1390411534902164E-001
 0968  0.1390411534902164E-001
 0969  0.1390411534902164E-001
 0970  0.1390411534902164E-001
 0971  0.1390411534902164E-001
 0972  0.1390411534902164E-001
 0973  0.1390411534902164E-001
 0974  0.1390411534902164E-001
 0975  0.1390411534902164E-001
 0976  0.1390411534902164E-001
 0977  0.1390411534902164E-001
 0978  0.1390411534902164E-001
 0979  0.1390411534902164E-001
 0980  0.1390411534902164E-001
 0981  0.1390411534902164E-001
 0982  0.1390411534902164E-001
 0983  0.1390411534902164E-001
 0984  0.1390411534902164E-001
 0985  0.1390411534902164E-001
 0986  0.1390411534902164E-001
 0987  0.1390411534902164E-001
 0988  0.1390411534902164E-001
 0989  0.1390411534902164E-001
 0990  0.1390411534902164E-001
 0991  0.1390411534902164E-001
 0992  0.1390411534902164E-001
 0993  0.1390411534902164E-001
 0994  0.1390411534902164E-001
 0995  0.1390411534902164E-001
 0996  0.1390411534902164E-001
 0997  0.1390411534902164E-001
 0998  0.1390411534902164E-001
 0999  0.1390411534902164E-001
 1000  0.1390411534902164E-001
