 0001  0.0000000000000000E+000
 0002  0.0000000000000000E+000
 0003  0.0000000000000000E+000
 0004  0.0000000000000000E+000
 0005  0.0000000000000000E+000
 0006  0.0000000000000000E+000
 0007  0.0000000000000000E+000
 0008  0.0000000000000000E+000
 0009  0.0000000000000000E+000
 0010  0.0000000000000000E+000
 0011  0.0000000000000000E+000
 0012  0.0000000000000000E+000
 0013  0.0000000000000000E+000
 0014  0.0000000000000000E+000
 0015  0.0000000000000000E+000
 0016  0.0000000000000000E+000
 0017  0.0000000000000000E+000
 0018  0.0000000000000000E+000
 0019  0.0000000000000000E+000
 0020  0.0000000000000000E+000
 0021  0.0000000000000000E+000
 0022  0.0000000000000000E+000
 0023  0.0000000000000000E+000
 0024  0.0000000000000000E+000
 0025  0.0000000000000000E+000
 0026  0.0000000000000000E+000
 0027  0.0000000000000000E+000
 0028  0.0000000000000000E+000
 0029  0.0000000000000000E+000
 0030  0.0000000000000000E+000
 0031  0.0000000000000000E+000
 0032  0.0000000000000000E+000
 0033  0.0000000000000000E+000
 0034  0.0000000000000000E+000
 0035  0.0000000000000000E+000
 0036  0.0000000000000000E+000
 0037  0.0000000000000000E+000
 0038  0.0000000000000000E+000
 0039  0.0000000000000000E+000
 0040  0.0000000000000000E+000
 0041  0.0000000000000000E+000
 0042  0.0000000000000000E+000
 0043  0.0000000000000000E+000
 0044  0.0000000000000000E+000
 0045  0.0000000000000000E+000
 0046  0.0000000000000000E+000
 0047  0.0000000000000000E+000
 0048  0.0000000000000000E+000
 0049  0.0000000000000000E+000
 0050  0.0000000000000000E+000
 0051  0.0000000000000000E+000
 0052  0.0000000000000000E+000
 0053  0.0000000000000000E+000
 0054  0.0000000000000000E+000
 0055  0.0000000000000000E+000
 0056  0.0000000000000000E+000
 0057  0.0000000000000000E+000
 0058  0.0000000000000000E+000
 0059  0.0000000000000000E+000
 0060  0.0000000000000000E+000
 0061  0.0000000000000000E+000
 0062  0.0000000000000000E+000
 0063  0.0000000000000000E+000
 0064  0.0000000000000000E+000
 0065  0.0000000000000000E+000
 0066  0.0000000000000000E+000
 0067  0.0000000000000000E+000
 0068  0.0000000000000000E+000
 0069  0.0000000000000000E+000
 0070  0.0000000000000000E+000
 0071  0.0000000000000000E+000
 0072  0.0000000000000000E+000
 0073  0.0000000000000000E+000
 0074  0.0000000000000000E+000
 0075  0.0000000000000000E+000
 0076  0.0000000000000000E+000
 0077  0.0000000000000000E+000
 0078  0.0000000000000000E+000
 0079  0.1621856731492597E-022
 0080  0.3101919689565025E-020
 0081  0.4394425919920232E-018
 0082  0.9426577309781644E-016
 0083  0.9426577309781643E-016
 0084  0.1859132788859270E-015
 0085  0.1583193846691968E-013
 0086  0.8435554838192927E-012
 0087  0.3032180164149774E-010
 0088  0.4224941576872785E-009
 0089  0.3175294317082228E-008
 0090  0.3175294317082228E-008
 0091  0.1878454431557527E-007
 0092  0.8358306339613369E-007
 0093  0.3774212681092936E-006
 0094  0.2592632641232669E-005
 0095  0.1951406441313070E-004
 0096  0.1208688783332353E-003
 0097  0.5038181330144617E-003
 0098  0.1451117487673334E-002
 0099  0.3257865140201750E-002
 0100  0.6186887654067713E-002
 0101  0.1054680335744716E-001
 0102  0.1667830305641820E-001
 0103  0.2486596570942331E-001
 0104  0.3529329075924689E-001
 0105  0.4814840721785225E-001
 0106  0.6341448244293134E-001
 0107  0.8093104618740531E-001
 0108  0.1004428502450545E+000
 0109  0.1216380762584619E+000
 0110  0.1447422825176769E+000
 0111  0.1690862701495251E+000
 0112  0.1941264371676035E+000
 0113  0.2194232156713779E+000
 0114  0.2446235729380098E+000
 0115  0.2724013226380377E+000
 0116  0.2984346937338039E+000
 0117  0.3228480999027206E+000
 0118  0.3457451230581730E+000
 0119  0.3672139155938331E+000
 0120  0.4034130496551427E+000
 0121  0.4188408283238143E+000
 0122  0.4335873813601755E+000
 0123  0.4476337937216536E+000
 0124  0.4609691004134229E+000
 0125  0.4735896518291250E+000
 0126  0.4854983637086829E+000
 0127  0.4967469215802949E+000
 0128  0.5073263565480844E+000
 0129  0.5172392176725100E+000
 0130  0.5264968938503533E+000
 0131  0.5351174276629616E+000
 0132  0.5431237382712769E+000
 0133  0.5509573173266078E+000
 0134  0.5580781291630019E+000
 0135  0.5645537596426914E+000
 0136  0.5704449657212214E+000
 0137  0.5758061765934361E+000
 0138  0.5806862667479680E+000
 0139  0.5886553021231240E+000
 0140  0.5919293543496277E+000
 0141  0.5949662926356547E+000
 0142  0.5977845933724508E+000
 0143  0.6003962020791446E+000
 0144  0.6028130469728363E+000
 0145  0.6050468981896316E+000
 0146  0.6071092586854167E+000
 0147  0.6090112814323737E+000
 0148  0.6107637083493805E+000
 0149  0.6124359908226890E+000
 0150  0.6139590742288031E+000
 0151  0.6153466091066065E+000
 0152  0.6166109391736558E+000
 0153  0.6177632349733158E+000
 0154  0.6188136127430917E+000
 0155  0.6197712402648426E+000
 0156  0.6213510632888806E+000
 0157  0.6220050105279992E+000
 0158  0.6226103812137068E+000
 0159  0.6231704571904895E+000
 0160  0.6236883411043176E+000
 0161  0.6241669601023726E+000
 0162  0.6246090705334082E+000
 0163  0.6250284585451079E+000
 0164  0.6254129893547817E+000
 0165  0.6257656109171876E+000
 0166  0.6260890147729614E+000
 0167  0.6263857894268255E+000
 0168  0.6266581304986115E+000
 0169  0.6269080533758354E+000
 0170  0.6271374069221973E+000
 0171  0.6275210593632550E+000
 0172  0.6276819169318255E+000
 0173  0.6278312887586950E+000
 0174  0.6279699531335753E+000
 0175  0.6281014798588118E+000
 0176  0.6282229375323153E+000
 0177  0.6283351399933191E+000
 0178  0.6284387950430153E+000
 0179  0.6285345561419184E+000
 0180  0.6286230265992944E+000
 0181  0.6287047634381517E+000
 0182  0.6287802809610470E+000
 0183  0.6288500540399664E+000
 0184  0.6289684616551044E+000
 0185  0.6290187944947844E+000
 0186  0.6290666289888451E+000
 0187  0.6291110962790386E+000
 0188  0.6291524342963273E+000
 0189  0.6291908640888900E+000
 0190  0.6292265910255331E+000
 0191  0.6292598059128953E+000
 0192  0.6292906860326568E+000
 0193  0.6293193961328230E+000
 0194  0.6293460892827439E+000
 0195  0.6293709077056832E+000
 0196  0.6294138992140443E+000
 0197  0.6294325138783171E+000
 0198  0.6294499165218065E+000
 0199  0.6294661863456114E+000
 0200  0.6294813973531181E+000
 0201  0.6294956186928863E+000
 0202  0.6295089149787690E+000
 0203  0.6295213483042005E+000
 0204  0.6295329745963553E+000
 0205  0.6295438461800904E+000
 0206  0.6295541524368410E+000
 0207  0.6295720170060194E+000
 0208  0.6295797679558489E+000
 0209  0.6295870507809145E+000
 0210  0.6295938945814463E+000
 0211  0.6296003257940639E+000
 0212  0.6296063692690245E+000
 0213  0.6296120483647931E+000
 0214  0.6296174501785441E+000
 0215  0.6296225168727269E+000
 0216  0.6296272700452145E+000
 0217  0.6296355994169146E+000
 0218  0.6296392520467409E+000
 0219  0.6296426995011836E+000
 0220  0.6296459532979900E+000
 0221  0.6296490243099663E+000
 0222  0.6296519547782927E+000
 0223  0.6296547165087879E+000
 0224  0.6296573193622601E+000
 0225  0.6296597726154137E+000
 0226  0.6296641114526449E+000
 0227  0.6296660314338364E+000
 0228  0.6296678688166674E+000
 0229  0.6296696074495083E+000
 0230  0.6296712527119349E+000
 0231  0.6296728096865443E+000
 0232  0.6296742831755630E+000
 0233  0.6296756777940677E+000
 0234  0.6296769978128421E+000
 0235  0.6296793623985845E+000
 0236  0.6296804229828518E+000
 0237  0.6296814331891636E+000
 0238  0.6296823994923854E+000
 0239  0.6296833265724173E+000
 0240  0.6296842189694649E+000
 0241  0.6296850810608147E+000
 0242  0.6296867397758329E+000
 0243  0.6296875213303439E+000
 0244  0.6296882939729269E+000
 0245  0.6296890603466171E+000
 0246  0.6296898230847539E+000
 0247  0.6296906325285079E+000
 0248  0.6296914430782221E+000
 0249  0.6296922563793965E+000
 0250  0.6296938515900906E+000
 0251  0.6296946410793305E+000
 0252  0.6296954427332908E+000
 0253  0.6296963089659736E+000
 0254  0.6296971862354492E+000
 0255  0.6296980744863034E+000
 0256  0.6296989736668409E+000
 0257  0.6297008071509280E+000
 0258  0.6297017402135024E+000
 0259  0.6297026824653835E+000
 0260  0.6297036335003586E+000
 0261  0.6297045929279808E+000
 0262  0.6297055624956542E+000
 0263  0.6297075759949882E+000
 0264  0.6297085634789371E+000
 0265  0.6297095572530428E+000
 0266  0.6297105566318681E+000
 0267  0.6297116110798368E+000
 0268  0.6297126662355548E+000
 0269  0.6297137216105640E+000
 0270  0.6297157769757931E+000
 0271  0.6297168237398794E+000
 0272  0.6297178679239078E+000
 0273  0.6297189102250544E+000
 0274  0.6297199501572199E+000
 0275  0.6297220091685077E+000
 0276  0.6297230267235253E+000
 0277  0.6297240395847267E+000
 0278  0.6297250474379703E+000
 0279  0.6297260507367112E+000
 0280  0.6297270841321300E+000
 0281  0.6297290784239266E+000
 0282  0.6297300412613839E+000
 0283  0.6297310285333422E+000
 0284  0.6297320067685253E+000
 0285  0.6297329758675903E+000
 0286  0.6297348710352443E+000
 0287  0.6297357968287890E+000
 0288  0.6297367135211096E+000
 0289  0.6297376210386174E+000
 0290  0.6297385196829477E+000
 0291  0.6297402963735530E+000
 0292  0.6297411504770122E+000
 0293  0.6297420167201316E+000
 0294  0.6297428722566449E+000
 0295  0.6297437171406856E+000
 0296  0.6297453593026727E+000
 0297  0.6297461569237270E+000
 0298  0.6297469445914621E+000
 0299  0.6297477225552043E+000
 0300  0.6297485074424358E+000
 0301  0.6297500135026249E+000
 0302  0.6297507510759520E+000
 0303  0.6297514784414088E+000
 0304  0.6297521958469612E+000
 0305  0.6297535865262747E+000
 0306  0.6297542603317051E+000
 0307  0.6297549250162161E+000
 0308  0.6297555925113396E+000
 0309  0.6297568735090777E+000
 0310  0.6297574990024863E+000
 0311  0.6297581155178024E+000
 0312  0.6297587231704372E+000
 0313  0.6297593317966468E+000
 0314  0.6297604995216149E+000
 0315  0.6297610685338033E+000
 0316  0.6297616291358601E+000
 0317  0.6297627138085139E+000
 0318  0.6297632384425867E+000
 0319  0.6297637555587207E+000
 0320  0.6297642723940744E+000
 0321  0.6297652652441267E+000
 0322  0.6297657486633053E+000
 0323  0.6297662250262633E+000
 0324  0.6297667004364422E+000
 0325  0.6297676139853067E+000
 0326  0.6297680584150276E+000
 0327  0.6297684962956196E+000
 0328  0.6297693435775907E+000
 0329  0.6297697534652671E+000
 0330  0.6297701620727413E+000
 0331  0.6297705646526862E+000
 0332  0.6297713477004488E+000
 0333  0.6297717243148243E+000
 0334  0.6297720994692632E+000
 0335  0.6297728253780016E+000
 0336  0.6297731765689611E+000
 0337  0.6297735261401902E+000
 0338  0.6297742026519223E+000
 0339  0.6297745299952389E+000
 0340  0.6297748527114480E+000
 0341  0.6297754806644701E+000
 0342  0.6297757860105916E+000
 0343  0.6297760870686409E+000
 0344  0.6297766728408933E+000
 0345  0.6297769576770312E+000
 0346  0.6297772408201601E+000
 0347  0.6297777892685590E+000
 0348  0.6297780548795000E+000
 0349  0.6297783188356686E+000
 0350  0.6297788303194415E+000
 0351  0.6297790781278276E+000
 0352  0.6297793243392701E+000
 0353  0.6297798016422403E+000
 0354  0.6297800345581384E+000
 0355  0.6297804862534260E+000
 0356  0.6297807066743841E+000
 0357  0.6297809241481072E+000
 0358  0.6297813473866685E+000
 0359  0.6297815532721996E+000
 0360  0.6297817576651743E+000
 0361  0.6297821542602049E+000
 0362  0.6297823477529952E+000
 0363  0.6297827233638617E+000
 0364  0.6297829066523221E+000
 0365  0.6297832635367179E+000
 0366  0.6297834372408300E+000
 0367  0.6297836096187024E+000
 0368  0.6297839452720425E+000
 0369  0.6297841086523205E+000
 0370  0.6297844276274310E+000
 0371  0.6297845832735738E+000
 0372  0.6297848858214828E+000
 0373  0.6297850334978597E+000
 0374  0.6297853218823978E+000
 0375  0.6297854626424216E+000
 0376  0.6297856022662652E+000
 0377  0.6297858743493986E+000
 0378  0.6297860068943131E+000
 0379  0.6297862657658505E+000
 0380  0.6297863921418025E+000
 0381  0.6297866389666036E+000
 0382  0.6297867594601257E+000
 0383  0.6297869947983751E+000
 0384  0.6297872218095777E+000
 0385  0.6297873326388247E+000
 0386  0.6297875491268820E+000
 0387  0.6297876548310758E+000
 0388  0.6297878616064243E+000
 0389  0.6297879627071892E+000
 0390  0.6297881602145352E+000
 0391  0.6297882569000423E+000
 0392  0.6297884457886089E+000
 0393  0.6297885382445573E+000
 0394  0.6297887190763117E+000
 0395  0.6297888935291103E+000
 0396  0.6297889788333443E+000
 0397  0.6297891458762229E+000
 0398  0.6297893070820066E+000
 0399  0.6297893859950560E+000
 0400  0.6297895406624280E+000
 0401  0.6297896163059915E+000
 0402  0.6297897645544818E+000
 0403  0.6297899078980387E+000
 0404  0.6297899781194979E+000
 0405  0.6297901157342767E+000
 0406  0.6297902488150816E+000
 0407  0.6297903140117487E+000
 0408  0.6297904419410529E+000
 0409  0.6297905657463109E+000
 0410  0.6297906857115734E+000
 0411  0.6297907445476876E+000
 0412  0.6297908599781959E+000
 0413  0.6297909718183775E+000
 0414  0.6297910803293378E+000
 0415  0.6297911335643925E+000
 0416  0.6297912381164261E+000
 0417  0.6297913395614212E+000
 0418  0.6297914380219735E+000
 0419  0.6297915336096094E+000
 0420  0.6297915805504763E+000
 0421  0.6297916728006379E+000
 0422  0.6297917624322684E+000
 0423  0.6297918495388745E+000
 0424  0.6297919342208089E+000
 0425  0.6297920165634191E+000
 0426  0.6297920966607844E+000
 0427  0.6297921746041157E+000
 0428  0.6297922129368606E+000
 0429  0.6297922883722873E+000
 0430  0.6297923618043509E+000
 0431  0.6297924333115433E+000
 0432  0.6297925027650261E+000
 0433  0.6297925700990513E+000
 0434  0.6297926354015456E+000
 0435  0.6297926987558438E+000
 0436  0.6297927602409783E+000
 0437  0.6297928199319435E+000
 0438  0.6297929059481109E+000
 0439  0.6297929610594056E+000
 0440  0.6297930146299352E+000
 0441  0.6297930667183007E+000
 0442  0.6297931173802916E+000
 0443  0.6297931666690497E+000
 0444  0.6297932146352186E+000
 0445  0.6297932839715624E+000
 0446  0.6297933285318090E+000
 0447  0.6297933719424976E+000
 0448  0.6297934142439759E+000
 0449  0.6297934754961051E+000
 0450  0.6297935149266695E+000
 0451  0.6297935533867349E+000
 0452  0.6297936091460357E+000
 0453  0.6297936450845804E+000
 0454  0.6297936972338021E+000
 0455  0.6297937308744245E+000
 0456  0.6297937797296350E+000
 0457  0.6297938112709719E+000
 0458  0.6297938571133859E+000
 0459  0.6297938867324395E+000
 0460  0.6297939298130106E+000
 0461  0.6297939576679652E+000
 0462  0.6297939982112798E+000
 0463  0.6297940372356550E+000
 0464  0.6297940748186505E+000
 0465  0.6297940991570791E+000
 0466  0.6297941346357313E+000
 0467  0.6297941688483280E+000
 0468  0.6297942018562275E+000
 0469  0.6297942337169802E+000
 0470  0.6297942644846120E+000
 0471  0.6297942942098897E+000
 0472  0.6297943229405577E+000
 0473  0.6297943507215569E+000
 0474  0.6297943775952254E+000
 0475  0.6297944036014823E+000
 0476  0.6297944369318507E+000
 0477  0.6297944609701112E+000
 0478  0.6297944842626777E+000
 0479  0.6297945141599807E+000
 0480  0.6297945427569854E+000
 0481  0.6297945634236840E+000
 0482  0.6297945899915925E+000
 0483  0.6297946154483598E+000
 0484  0.6297946338722519E+000
 0485  0.6297946575898467E+000
 0486  0.6297946803511625E+000
 0487  0.6297947075009989E+000
 0488  0.6297947282385586E+000
 0489  0.6297947481747767E+000
 0490  0.6297947720002913E+000
 0491  0.6297947902322030E+000
 0492  0.6297948120471862E+000
 0493  0.6297948328178535E+000
 0494  0.6297948526079645E+000
 0495  0.6297948714763417E+000
 0496  0.6297948894773341E+000
 0497  0.6297949099853101E+000
 0498  0.6297949262199060E+000
 0499  0.6297949447414541E+000
 0500  0.6297949622668625E+000
 0501  0.6297949815278276E+000
 0502  0.6297949970912418E+000
 0503  0.6297950142243564E+000
 0504  0.6297950325285624E+000
 0505  0.6297950475131560E+000
 0506  0.6297950654702701E+000
 0507  0.6297950802870727E+000
 0508  0.6297950957789270E+000
 0509  0.6297951116417821E+000
 0510  0.6297951262079268E+000
 0511  0.6297951421333414E+000
 0512  0.6297951565286923E+000
 0513  0.6297951705842262E+000
 0514  0.6297951850315371E+000
 0515  0.6297951993899809E+000
 0516  0.6297952125753266E+000
 0517  0.6297952262927876E+000
 0518  0.6297952396713817E+000
 0519  0.6297952527552633E+000
 0520  0.6297952575311204E+000
 0521  0.6297952575311204E+000
 0522  0.6297952575311204E+000
 0523  0.6297952575311204E+000
 0524  0.6297952575311204E+000
 0525  0.6297952575311204E+000
 0526  0.6297952575311204E+000
 0527  0.6297952575311204E+000
 0528  0.6297952575311204E+000
 0529  0.6297952575311204E+000
 0530  0.6297952575311204E+000
 0531  0.6297952575311204E+000
 0532  0.6297952575311204E+000
 0533  0.6297952575311204E+000
 0534  0.6297952575311204E+000
 0535  0.6297952575311204E+000
 0536  0.6297952575311204E+000
 0537  0.6297952575311204E+000
 0538  0.6297952575311204E+000
 0539  0.6297952575311204E+000
 0540  0.6297952575311204E+000
 0541  0.6297952575311204E+000
 0542  0.6297952575311204E+000
 0543  0.6297952575311204E+000
 0544  0.6297952575311204E+000
 0545  0.6297952575311204E+000
 0546  0.6297952575311204E+000
 0547  0.6297952575311204E+000
 0548  0.6297952575311204E+000
 0549  0.6297952575311204E+000
 0550  0.6297952575311204E+000
 0551  0.6297952575311204E+000
 0552  0.6297952575311204E+000
 0553  0.6297952575311204E+000
 0554  0.6297952575311204E+000
 0555  0.6297952575311204E+000
 0556  0.6297952575311204E+000
 0557  0.6297952575311204E+000
 0558  0.6297952575311204E+000
 0559  0.6297952575311204E+000
 0560  0.6297952575311204E+000
 0561  0.6297952575311204E+000
 0562  0.6297952575311204E+000
 0563  0.6297952575311204E+000
 0564  0.6297952575311204E+000
 0565  0.6297952575311204E+000
 0566  0.6297952575311204E+000
 0567  0.6297952575311204E+000
 0568  0.6297952575311204E+000
 0569  0.6297952575311204E+000
 0570  0.6297952575311204E+000
 0571  0.6297952575311204E+000
 0572  0.6297952575311204E+000
 0573  0.6297952575311204E+000
 0574  0.6297952575311204E+000
 0575  0.6297952575311204E+000
 0576  0.6297952575311204E+000
 0577  0.6297952575311204E+000
 0578  0.6297952575311204E+000
 0579  0.6297952575311204E+000
 0580  0.6297952575311204E+000
 0581  0.6297952575311204E+000
 0582  0.6297952575311204E+000
 0583  0.6297952575311204E+000
 0584  0.6297952575311204E+000
 0585  0.6297952575311204E+000
 0586  0.6297952575311204E+000
 0587  0.6297952575311204E+000
 0588  0.6297952575311204E+000
 0589  0.6297952575311204E+000
 0590  0.6297952575311204E+000
 0591  0.6297952575311204E+000
 0592  0.6297952575311204E+000
 0593  0.6297952575311204E+000
 0594  0.6297952575311204E+000
 0595  0.6297952575311204E+000
 0596  0.6297952575311204E+000
 0597  0.6297952575311204E+000
 0598  0.6297952575311204E+000
 0599  0.6297952575311204E+000
 0600  0.6297952575311204E+000
 0601  0.6297952575311204E+000
 0602  0.6297952575311204E+000
 0603  0.6297952575311204E+000
 0604  0.6297952575311204E+000
 0605  0.6297952575311204E+000
 0606  0.6297952575311204E+000
 0607  0.6297952575311204E+000
 0608  0.6297952575311204E+000
 0609  0.6297952575311204E+000
 0610  0.6297952575311204E+000
 0611  0.6297952575311204E+000
 0612  0.6297952575311204E+000
 0613  0.6297952575311204E+000
 0614  0.6297952575311204E+000
 0615  0.6297952575311204E+000
 0616  0.6297952575311204E+000
 0617  0.6297952575311204E+000
 0618  0.6297952575311204E+000
 0619  0.6297952575311204E+000
 0620  0.6297952575311204E+000
 0621  0.6297952575311204E+000
 0622  0.6297952575311204E+000
 0623  0.6297952575311204E+000
 0624  0.6297952575311204E+000
 0625  0.6297952575311204E+000
 0626  0.6297952575311204E+000
 0627  0.6297952575311204E+000
 0628  0.6297952575311204E+000
 0629  0.6297952575311204E+000
 0630  0.6297952575311204E+000
 0631  0.6297952575311204E+000
 0632  0.6297952575311204E+000
 0633  0.6297952575311204E+000
 0634  0.6297952575311204E+000
 0635  0.6297952575311204E+000
 0636  0.6297952575311204E+000
 0637  0.6297952575311204E+000
 0638  0.6297952575311204E+000
 0639  0.6297952575311204E+000
 0640  0.6297952575311204E+000
 0641  0.6297952575311204E+000
 0642  0.6297952575311204E+000
 0643  0.6297952575311204E+000
 0644  0.6297952575311204E+000
 0645  0.6297952575311204E+000
 0646  0.6297952575311204E+000
 0647  0.6297952575311204E+000
 0648  0.6297952575311204E+000
 0649  0.6297952575311204E+000
 0650  0.6297952575311204E+000
 0651  0.6297952575311204E+000
 0652  0.6297952575311204E+000
 0653  0.6297952575311204E+000
 0654  0.6297952575311204E+000
 0655  0.6297952575311204E+000
 0656  0.6297952575311204E+000
 0657  0.6297952575311204E+000
 0658  0.6297952575311204E+000
 0659  0.6297952575311204E+000
 0660  0.6297952575311204E+000
 0661  0.6297952575311204E+000
 0662  0.6297952575311204E+000
 0663  0.6297952575311204E+000
 0664  0.6297952575311204E+000
 0665  0.6297952575311204E+000
 0666  0.6297952575311204E+000
 0667  0.6297952575311204E+000
 0668  0.6297952575311204E+000
 0669  0.6297952575311204E+000
 0670  0.6297952575311204E+000
 0671  0.6297952575311204E+000
 0672  0.6297952575311204E+000
 0673  0.6297952575311204E+000
 0674  0.6297952575311204E+000
 0675  0.6297952575311204E+000
 0676  0.6297952575311204E+000
 0677  0.6297952575311204E+000
 0678  0.6297952575311204E+000
 0679  0.6297952575311204E+000
 0680  0.6297952575311204E+000
 0681  0.6297952575311204E+000
 0682  0.6297952575311204E+000
 0683  0.6297952575311204E+000
 0684  0.6297952575311204E+000
 0685  0.6297952575311204E+000
 0686  0.6297952575311204E+000
 0687  0.6297952575311204E+000
 0688  0.6297952575311204E+000
 0689  0.6297952575311204E+000
 0690  0.6297952575311204E+000
 0691  0.6297952575311204E+000
 0692  0.6297952575311204E+000
 0693  0.6297952575311204E+000
 0694  0.6297952575311204E+000
 0695  0.6297952575311204E+000
 0696  0.6297952575311204E+000
 0697  0.6297952575311204E+000
 0698  0.6297952575311204E+000
 0699  0.6297952575311204E+000
 0700  0.6297952575311204E+000
 0701  0.6297952575311204E+000
 0702  0.6297952575311204E+000
 0703  0.6297952575311204E+000
 0704  0.6297952575311204E+000
 0705  0.6297952575311204E+000
 0706  0.6297952575311204E+000
 0707  0.6297952575311204E+000
 0708  0.6297952575311204E+000
 0709  0.6297952575311204E+000
 0710  0.6297952575311204E+000
 0711  0.6297952575311204E+000
 0712  0.6297952575311204E+000
 0713  0.6297952575311204E+000
 0714  0.6297952575311204E+000
 0715  0.6297952575311204E+000
 0716  0.6297952575311204E+000
 0717  0.6297952575311204E+000
 0718  0.6297952575311204E+000
 0719  0.6297952575311204E+000
 0720  0.6297952575311204E+000
 0721  0.6297952575311204E+000
 0722  0.6297952575311204E+000
 0723  0.6297952575311204E+000
 0724  0.6297952575311204E+000
 0725  0.6297952575311204E+000
 0726  0.6297952575311204E+000
 0727  0.6297952575311204E+000
 0728  0.6297952575311204E+000
 0729  0.6297952575311204E+000
 0730  0.6297952575311204E+000
 0731  0.6297952575311204E+000
 0732  0.6297952575311204E+000
 0733  0.6297952575311204E+000
 0734  0.6297952575311204E+000
 0735  0.6297952575311204E+000
 0736  0.6297952575311204E+000
 0737  0.6297952575311204E+000
 0738  0.6297952575311204E+000
 0739  0.6297952575311204E+000
 0740  0.6297952575311204E+000
 0741  0.6297952575311204E+000
 0742  0.6297952575311204E+000
 0743  0.6297952575311204E+000
 0744  0.6297952575311204E+000
 0745  0.6297952575311204E+000
 0746  0.6297952575311204E+000
 0747  0.6297952575311204E+000
 0748  0.6297952575311204E+000
 0749  0.6297952575311204E+000
 0750  0.6297952575311204E+000
 0751  0.6297952575311204E+000
 0752  0.6297952575311204E+000
 0753  0.6297952575311204E+000
 0754  0.6297952575311204E+000
 0755  0.6297952575311204E+000
 0756  0.6297952575311204E+000
 0757  0.6297952575311204E+000
 0758  0.6297952575311204E+000
 0759  0.6297952575311204E+000
 0760  0.6297952575311204E+000
 0761  0.6297952575311204E+000
 0762  0.6297952575311204E+000
 0763  0.6297952575311204E+000
 0764  0.6297952575311204E+000
 0765  0.6297952575311204E+000
 0766  0.6297952575311204E+000
 0767  0.6297952575311204E+000
 0768  0.6297952575311204E+000
 0769  0.6297952575311204E+000
 0770  0.6297952575311204E+000
 0771  0.6297952575311204E+000
 0772  0.6297952575311204E+000
 0773  0.6297952575311204E+000
 0774  0.6297952575311204E+000
 0775  0.6297952575311204E+000
 0776  0.6297952575311204E+000
 0777  0.6297952575311204E+000
 0778  0.6297952575311204E+000
 0779  0.6297952575311204E+000
 0780  0.6297952575311204E+000
 0781  0.6297952575311204E+000
 0782  0.6297952575311204E+000
 0783  0.6297952575311204E+000
 0784  0.6297952575311204E+000
 0785  0.6297952575311204E+000
 0786  0.6297952575311204E+000
 0787  0.6297952575311204E+000
 0788  0.6297952575311204E+000
 0789  0.6297952575311204E+000
 0790  0.6297952575311204E+000
 0791  0.6297952575311204E+000
 0792  0.6297952575311204E+000
 0793  0.6297952575311204E+000
 0794  0.6297952575311204E+000
 0795  0.6297952575311204E+000
 0796  0.6297952575311204E+000
 0797  0.6297952575311204E+000
 0798  0.6297952575311204E+000
 0799  0.6297952575311204E+000
 0800  0.6297952575311204E+000
 0801  0.6297952575311204E+000
 0802  0.6297952575311204E+000
 0803  0.6297952575311204E+000
 0804  0.6297952575311204E+000
 0805  0.6297952575311204E+000
 0806  0.6297952575311204E+000
 0807  0.6297952575311204E+000
 0808  0.6297952575311204E+000
 0809  0.6297952575311204E+000
 0810  0.6297952575311204E+000
 0811  0.6297952575311204E+000
 0812  0.6297952575311204E+000
 0813  0.6297952575311204E+000
 0814  0.6297952575311204E+000
 0815  0.6297952575311204E+000
 0816  0.6297952575311204E+000
 0817  0.6297952575311204E+000
 0818  0.6297952575311204E+000
 0819  0.6297952575311204E+000
 0820  0.6297952575311204E+000
 0821  0.6297952575311204E+000
 0822  0.6297952575311204E+000
 0823  0.6297952575311204E+000
 0824  0.6297952575311204E+000
 0825  0.6297952575311204E+000
 0826  0.6297952575311204E+000
 0827  0.6297952575311204E+000
 0828  0.6297952575311204E+000
 0829  0.6297952575311204E+000
 0830  0.6297952575311204E+000
 0831  0.6297952575311204E+000
 0832  0.6297952575311204E+000
 0833  0.6297952575311204E+000
 0834  0.6297952575311204E+000
 0835  0.6297952575311204E+000
 0836  0.6297952575311204E+000
 0837  0.6297952575311204E+000
 0838  0.6297952575311204E+000
 0839  0.6297952575311204E+000
 0840  0.6297952575311204E+000
 0841  0.6297952575311204E+000
 0842  0.6297952575311204E+000
 0843  0.6297952575311204E+000
 0844  0.6297952575311204E+000
 0845  0.6297952575311204E+000
 0846  0.6297952575311204E+000
 0847  0.6297952575311204E+000
 0848  0.6297952575311204E+000
 0849  0.6297952575311204E+000
 0850  0.6297952575311204E+000
 0851  0.6297952575311204E+000
 0852  0.6297952575311204E+000
 0853  0.6297952575311204E+000
 0854  0.6297952575311204E+000
 0855  0.6297952575311204E+000
 0856  0.6297952575311204E+000
 0857  0.6297952575311204E+000
 0858  0.6297952575311204E+000
 0859  0.6297952575311204E+000
 0860  0.6297952575311204E+000
 0861  0.6297952575311204E+000
 0862  0.6297952575311204E+000
 0863  0.6297952575311204E+000
 0864  0.6297952575311204E+000
 0865  0.6297952575311204E+000
 0866  0.6297952575311204E+000
 0867  0.6297952575311204E+000
 0868  0.6297952575311204E+000
 0869  0.6297952575311204E+000
 0870  0.6297952575311204E+000
 0871  0.6297952575311204E+000
 0872  0.6297952575311204E+000
 0873  0.6297952575311204E+000
 0874  0.6297952575311204E+000
 0875  0.6297952575311204E+000
 0876  0.6297952575311204E+000
 0877  0.6297952575311204E+000
 0878  0.6297952575311204E+000
 0879  0.6297952575311204E+000
 0880  0.6297952575311204E+000
 0881  0.6297952575311204E+000
 0882  0.6297952575311204E+000
 0883  0.6297952575311204E+000
 0884  0.6297952575311204E+000
 0885  0.6297952575311204E+000
 0886  0.6297952575311204E+000
 0887  0.6297952575311204E+000
 0888  0.6297952575311204E+000
 0889  0.6297952575311204E+000
 0890  0.6297952575311204E+000
 0891  0.6297952575311204E+000
 0892  0.6297952575311204E+000
 0893  0.6297952575311204E+000
 0894  0.6297952575311204E+000
 0895  0.6297952575311204E+000
 0896  0.6297952575311204E+000
 0897  0.6297952575311204E+000
 0898  0.6297952575311204E+000
 0899  0.6297952575311204E+000
 0900  0.6297952575311204E+000
 0901  0.6297952575311204E+000
 0902  0.6297952575311204E+000
 0903  0.6297952575311204E+000
 0904  0.6297952575311204E+000
 0905  0.6297952575311204E+000
 0906  0.6297952575311204E+000
 0907  0.6297952575311204E+000
 0908  0.6297952575311204E+000
 0909  0.6297952575311204E+000
 0910  0.6297952575311204E+000
 0911  0.6297952575311204E+000
 0912  0.6297952575311204E+000
 0913  0.6297952575311204E+000
 0914  0.6297952575311204E+000
 0915  0.6297952575311204E+000
 0916  0.6297952575311204E+000
 0917  0.6297952575311204E+000
 0918  0.6297952575311204E+000
 0919  0.6297952575311204E+000
 0920  0.6297952575311204E+000
 0921  0.6297952575311204E+000
 0922  0.6297952575311204E+000
 0923  0.6297952575311204E+000
 0924  0.6297952575311204E+000
 0925  0.6297952575311204E+000
 0926  0.6297952575311204E+000
 0927  0.6297952575311204E+000
 0928  0.6297952575311204E+000
 0929  0.6297952575311204E+000
 0930  0.6297952575311204E+000
 0931  0.6297952575311204E+000
 0932  0.6297952575311204E+000
 0933  0.6297952575311204E+000
 0934  0.6297952575311204E+000
 0935  0.6297952575311204E+000
 0936  0.6297952575311204E+000
 0937  0.6297952575311204E+000
 0938  0.6297952575311204E+000
 0939  0.6297952575311204E+000
 0940  0.6297952575311204E+000
 0941  0.6297952575311204E+000
 0942  0.6297952575311204E+000
 0943  0.6297952575311204E+000
 0944  0.6297952575311204E+000
 0945  0.6297952575311204E+000
 0946  0.6297952575311204E+000
 0947  0.6297952575311204E+000
 0948  0.6297952575311204E+000
 0949  0.6297952575311204E+000
 0950  0.6297952575311204E+000
 0951  0.6297952575311204E+000
 0952  0.6297952575311204E+000
 0953  0.6297952575311204E+000
 0954  0.6297952575311204E+000
 0955  0.6297952575311204E+000
 0956  0.6297952575311204E+000
 0957  0.6297952575311204E+000
 0958  0.6297952575311204E+000
 0959  0.6297952575311204E+000
 0960  0.6297952575311204E+000
 0961  0.6297952575311204E+000
 0962  0.6297952575311204E+000
 0963  0.6297952575311204E+000
 0964  0.6297952575311204E+000
 0965  0.6297952575311204E+000
 0966  0.6297952575311204E+000
 0967  0.6297952575311204E+000
 0968  0.6297952575311204E+000
 0969  0.6297952575311204E+000
 0970  0.6297952575311204E+000
 0971  0.6297952575311204E+000
 0972  0.6297952575311204E+000
 0973  0.6297952575311204E+000
 0974  0.6297952575311204E+000
 0975  0.6297952575311204E+000
 0976  0.6297952575311204E+000
 0977  0.6297952575311204E+000
 0978  0.6297952575311204E+000
 0979  0.6297952575311204E+000
 0980  0.6297952575311204E+000
 0981  0.6297952575311204E+000
 0982  0.6297952575311204E+000
 0983  0.6297952575311204E+000
 0984  0.6297952575311204E+000
 0985  0.6297952575311204E+000
 0986  0.6297952575311204E+000
 0987  0.6297952575311204E+000
 0988  0.6297952575311204E+000
 0989  0.6297952575311204E+000
 0990  0.6297952575311204E+000
 0991  0.6297952575311204E+000
 0992  0.6297952575311204E+000
 0993  0.6297952575311204E+000
 0994  0.6297952575311204E+000
 0995  0.6297952575311204E+000
 0996  0.6297952575311204E+000
 0997  0.6297952575311204E+000
 0998  0.6297952575311204E+000
 0999  0.6297952575311204E+000
 1000  0.6297952575311204E+000
