  0.0000000000E+000  0.0000000000E+000
  1.7001637654E+003  2.4039150690E+034
  3.4002447880E+003  2.4039501603E+034
  5.1002008689E+003  2.4040008783E+034
  6.8001572781E+003  2.4040819705E+034
  8.5002307286E+003  2.4042008533E+034
  1.0200205584E+004  2.4043544244E+034
  1.1900169028E+004  2.4045336438E+034
  1.3600196981E+004  2.4047197828E+034
  1.5300192660E+004  2.4048994492E+034
  1.7000229337E+004  2.4050672160E+034
  1.8700157332E+004  2.4052193817E+034
  2.0400211171E+004  2.4053549661E+034
  2.2100236635E+004  2.4054754533E+034
  2.3800242344E+004  2.4055829149E+034
  2.5500147841E+004  2.4056778525E+034
  2.7200141266E+004  2.4098665175E+034
  2.8900250574E+004  2.4098665107E+034
  3.0600222819E+004  2.4098665012E+034
  3.2300159776E+004  2.4098664893E+034
  3.4000158453E+004  2.4098664754E+034
  3.5700235414E+004  2.4098664595E+034
  3.7400146130E+004  2.4098664417E+034
  3.9100156592E+004  2.4098664223E+034
  4.0800186526E+004  2.4098663988E+034
  4.2500238223E+004  2.4098663703E+034
  4.4200189560E+004  2.4098663375E+034
  4.5900231897E+004  2.4098663008E+034
  4.7600243394E+004  2.4098662607E+034
  4.9300156989E+004  2.4098662177E+034
  5.1000128712E+004  2.4098661724E+034
  5.2700232889E+004  2.4098661253E+034
  5.4400240110E+004  2.4098660768E+034
  5.6100244012E+004  2.4098660275E+034
  5.7800200830E+004  2.4098659780E+034
  5.9500175280E+004  2.4098659289E+034
  6.1200180817E+004  2.4098658806E+034
  6.2900220927E+004  2.4098658338E+034
  6.4600235894E+004  2.4098657891E+034
  6.6300152712E+004  2.4098657469E+034
  6.8000132048E+004  2.4098657079E+034
  6.9700157440E+004  2.4098656709E+034
  7.1400191216E+004  2.4098656359E+034
  7.3100152308E+004  2.4098656024E+034
  7.4800212714E+004  2.4098655700E+034
  7.6500187816E+004  2.4098655386E+034
  7.8200221931E+004  2.4098655077E+034
  7.9900203477E+004  2.4098654771E+034
  8.1600150150E+004  2.4098654465E+034
  8.3300192739E+004  2.4098654158E+034
  8.5000227714E+004  2.4098653843E+034
  8.6700233345E+004  2.4098653519E+034
  8.8400199803E+004  2.4098653183E+034
  9.0100208458E+004  2.4098652833E+034
  9.1800136115E+004  2.4098652471E+034
  9.3500214643E+004  2.4098652084E+034
  9.5200167492E+004  2.4098651675E+034
  9.6900129944E+004  2.4098651239E+034
  9.8600232033E+004  2.4098650777E+034
  1.0030016012E+005  2.4098650290E+034
  1.0200022616E+005  2.4098649783E+034
  1.0370018325E+005  2.4098649260E+034
  1.0540014941E+005  2.4098648722E+034
  1.0710013228E+005  2.4098648174E+034
  1.0880015044E+005  2.4098647617E+034
  1.1050023462E+005  2.4098647057E+034
  1.1220019890E+005  2.4098646496E+034
  1.1390021434E+005  2.4098645938E+034
  1.1560019460E+005  2.4098645387E+034
  1.1730017058E+005  2.4098644845E+034
  1.1900021576E+005  2.4098644315E+034
  1.2070014989E+005  2.4098643801E+034
  1.2240018376E+005  2.4098643305E+034
  1.2410013834E+005  2.4098642831E+034
  1.2580013082E+005  2.4098642380E+034
  1.2750022343E+005  2.4058179555E+034
  1.2920014135E+005  2.4058275515E+034
  1.3090017787E+005  2.4058373640E+034
  1.3260019033E+005  2.4058472323E+034
  1.3430017222E+005  2.4058570695E+034
  1.3600019469E+005  2.4058668438E+034
  1.3770016165E+005  2.4058765457E+034
  1.3940016619E+005  2.4058861594E+034
  1.4110020250E+005  2.4058959226E+034
  1.4280018642E+005  2.4059054332E+034
  1.4450013316E+005  2.4059147432E+034
  1.4620021853E+005  2.4059238878E+034
  1.4790014983E+005  2.4059328629E+034
  1.4960018741E+005  2.4059416550E+034
  1.5130016423E+005  2.4059500445E+034
  1.5300019535E+005  2.4059581591E+034
  1.5470023837E+005  2.4059660881E+034
  1.5640019945E+005  2.4059738034E+034
  1.5810020899E+005  2.4059813011E+034
  1.5980017023E+005  2.4059885831E+034
  1.6150017102E+005  2.4059949711E+034
  1.6320015215E+005  2.4060012995E+034
  1.6490023890E+005  2.4060075035E+034
  1.6660015694E+005  2.4060135296E+034
  1.6830013514E+005  2.4060193784E+034
  1.7000022921E+005  2.4060250871E+034
  1.7170023427E+005  2.4060310256E+034
  1.7340015305E+005  2.4060366191E+034
  1.7510013223E+005  2.4060419970E+034
  1.7680016275E+005  2.4060471902E+034
  1.7850018665E+005  2.4060522069E+034
  1.8020019160E+005  2.4060569540E+034
  1.8190016270E+005  2.4060609334E+034
  1.8360021223E+005  2.4060648999E+034
  1.8530023987E+005  2.4060687910E+034
  1.8700016039E+005  2.4060725892E+034
  1.8870024748E+005  2.4060762952E+034
  1.9040025256E+005  2.4060798527E+034
  1.9210018070E+005  2.4060832374E+034
  1.9380024327E+005  2.4060865349E+034
  1.9550016061E+005  2.4060897086E+034
  1.9720018225E+005  2.4060927696E+034
  1.9890016855E+005  2.4060957234E+034
  2.0060025221E+005  2.4060985083E+034
  2.0230022213E+005  2.4061010150E+034
  2.0400022822E+005  2.4061034808E+034
  2.0570013995E+005  2.4061058929E+034
  2.0740021846E+005  2.4061082353E+034
  2.0910018868E+005  2.4061105023E+034
  2.1080014731E+005  2.4061126337E+034
  2.1250021108E+005  2.4061147411E+034
  2.1420025199E+005  2.4061167876E+034
  2.1590014050E+005  2.4061187571E+034
  2.1760016131E+005  2.4061206572E+034
  2.1930020649E+005  2.4061224956E+034
  2.2100015861E+005  2.4061241801E+034
  2.2270014106E+005  2.4061256760E+034
  2.2440014168E+005  2.4061271267E+034
  2.2610014131E+005  2.4061285573E+034
  2.2780024850E+005  2.4061299666E+034
  2.2950021207E+005  2.4061313490E+034
  2.3120015581E+005  2.4061324476E+034
  2.3290022854E+005  2.4061335931E+034
  2.3460018968E+005  2.4061347451E+034
  2.3630018015E+005  2.4061358714E+034
  2.3800019488E+005  2.4061369714E+034
  2.3970022693E+005  2.4061380480E+034
  2.4140013660E+005  2.4061391477E+034
  2.4310015959E+005  2.4061400411E+034
  2.4480017023E+005  2.4061408841E+034
  2.4650016777E+005  2.4061417149E+034
  2.4820016462E+005  2.4061425377E+034
  2.4990017296E+005  2.4061433509E+034
  2.5160020425E+005  2.4061441084E+034
  2.5330012760E+005  2.4061448420E+034
  2.5500019408E+005  2.4061455695E+034
  2.5670013787E+005  2.4061462858E+034
  2.5840020425E+005  2.4061469904E+034
  2.6010012993E+005  2.4061476645E+034
  2.6180017845E+005  2.4061480177E+034
  2.6350022556E+005  2.4061484014E+034
  2.6520015272E+005  2.4061488200E+034
  2.6690022660E+005  2.4061492648E+034
  2.6860018878E+005  2.4061497269E+034
  2.7030016570E+005  2.4061501725E+034
  2.7200014360E+005  2.4061506822E+034
  2.7370024941E+005  2.4061512160E+034
  2.7540022116E+005  2.4061516917E+034
  2.7710018859E+005  2.4061521190E+034
  2.7880015621E+005  2.4061525144E+034
  2.8050013231E+005  2.4061529767E+034
  2.8220024838E+005  2.4061535804E+034
  2.8390025037E+005  2.4061540963E+034
  2.8560013819E+005  2.4061545845E+034
  2.8730015613E+005  2.4061550607E+034
  2.8900017514E+005  2.4061555267E+034
  2.9070019053E+005  2.4061558125E+034
  2.9240020233E+005  2.4061556934E+034
  2.9410021561E+005  2.4061556088E+034
  2.9580023748E+005  2.4061555677E+034
  2.9750014079E+005  2.4061555530E+034
  2.9920018440E+005  2.4061555558E+034
  3.0090023633E+005  2.4061553781E+034
  3.0260016709E+005  2.4061552788E+034
  3.0430022767E+005  2.4061552686E+034
  3.0600015915E+005  2.4061552912E+034
  3.0770021610E+005  2.4061553368E+034
  3.0940015013E+005  2.4061554032E+034
  3.1110021664E+005  2.4061551777E+034
  3.1280016109E+005  2.4061550190E+034
  3.1450024430E+005  2.4061549907E+034
  3.1620020947E+005  2.4061550261E+034
  3.1790017890E+005  2.4061550993E+034
  3.1960015164E+005  2.4061551974E+034
  3.2130025149E+005  2.4061555816E+034
  3.2300022863E+005  2.4061558682E+034
  3.2470020608E+005  2.4061560409E+034
  3.2640018878E+005  2.4061561536E+034
  3.2810017927E+005  2.4061562309E+034
  3.2980017598E+005  2.4061562853E+034
  3.3150018048E+005  2.4061561210E+034
  3.3320018943E+005  2.4061559484E+034
  3.3490020249E+005  2.4061558000E+034
  3.3660021879E+005  2.4061556733E+034
  3.3830023713E+005  2.4061555660E+034
  3.4000013138E+005  2.4061554759E+034
  3.4170015854E+005  2.4061555081E+034
  3.4340019218E+005  2.4061554230E+034
  3.4510022992E+005  2.4061553131E+034
  3.4680014811E+005  2.4061551969E+034
  3.4850019883E+005  2.4061550796E+034
  3.5020025105E+005  2.4061549330E+034
  3.5190018174E+005  2.4061545732E+034
  3.5360024186E+005  2.4061542410E+034
  3.5530017758E+005  2.4061539246E+034
  3.5700024660E+005  2.4061536265E+034
  3.5870019443E+005  2.4061533485E+034
  3.6040014810E+005  2.4061530012E+034
  3.6210023214E+005  2.4061524633E+034
  3.6380019775E+005  2.4061520517E+034
  3.6550016603E+005  2.4061517300E+034
  3.6720013502E+005  2.4061514691E+034
  3.6890023754E+005  2.4061512509E+034
  3.7060021557E+005  2.4061511240E+034
  3.7230019816E+005  2.4061511343E+034
  3.7400018456E+005  2.4061511253E+034
  3.7570017898E+005  2.4061510844E+034
  3.7740017711E+005  2.4061510204E+034
  3.7910018062E+005  2.4061509427E+034
  3.8080018834E+005  2.4061507421E+034
  3.8250020007E+005  2.4061504002E+034
  3.8420021550E+005  2.4061500530E+034
  3.8590023528E+005  2.4061497273E+034
  3.8760013192E+005  2.4061494310E+034
  3.8930015968E+005  2.4061491645E+034
  3.9100019375E+005  2.4061488358E+034
  3.9270023032E+005  2.4061484461E+034
  3.9440014607E+005  2.4061480913E+034
  3.9610019289E+005  2.4061477673E+034
  3.9780024454E+005  2.4061474691E+034
  3.9950017071E+005  2.4061471920E+034
  4.0120023134E+005  2.4061469794E+034
  4.0290016755E+005  2.4061467731E+034
  4.0460023361E+005  2.4061465614E+034
  4.0630018036E+005  2.4061463465E+034
  4.0800012853E+005  2.4061461304E+034
  4.0970020828E+005  2.4061459147E+034
  4.1140016526E+005  2.4061453186E+034
  4.1310012814E+005  2.4061447746E+034
  4.1480021815E+005  2.4061443077E+034
  4.1650018889E+005  2.4061438920E+034
  4.1820016330E+005  2.4061435142E+034
  4.1990014201E+005  2.4061431671E+034
  4.2160025038E+005  2.4061431287E+034
  4.2330023712E+005  2.4061430973E+034
  4.2500022829E+005  2.4061430428E+034
  4.2670022149E+005  2.4061429707E+034
  4.2840021955E+005  2.4061428870E+034
  4.3010022168E+005  2.4061427706E+034
  4.3180022797E+005  2.4061422411E+034
  4.3350023807E+005  2.4061417380E+034
  4.3520012794E+005  2.4061412605E+034
  4.3690014652E+005  2.4061408030E+034
  4.3860017293E+005  2.4061403629E+034
  4.4030020148E+005  2.4061399643E+034
  4.4200023449E+005  2.4061396196E+034
  4.4370014736E+005  2.4061392276E+034
  4.4540018914E+005  2.4061388346E+034
  4.4710023634E+005  2.4061384509E+034
  4.4880016212E+005  2.4061380790E+034
  4.5050022108E+005  2.4061376454E+034
  4.5220015707E+005  2.4061371854E+034
  4.5390022890E+005  2.4061368180E+034
  4.5560017879E+005  2.4061364978E+034
  4.5730013450E+005  2.4061362124E+034
  4.5900022356E+005  2.4061359559E+034
  4.6070019065E+005  2.4061357258E+034
  4.6240016412E+005  2.4061354240E+034
  4.6410014282E+005  2.4061350816E+034
  4.6580012790E+005  2.4061347343E+034
  4.6750024527E+005  2.4061343897E+034
  4.6920024257E+005  2.4061340502E+034
  4.7090024609E+005  2.4061337143E+034
  4.7260012986E+005  2.4061333937E+034
  4.7430014482E+005  2.4061330478E+034
  4.7600016647E+005  2.4061328423E+034
  4.7770019234E+005  2.4061338151E+034
  4.7940022453E+005  2.4061574659E+034
  4.8110013620E+005  2.4064058785E+034
  4.8280017857E+005  2.4070028916E+034
  4.8450022702E+005  2.4077113559E+034
  4.8620015460E+005  2.4083723558E+034
  4.8790021374E+005  2.4089094776E+034
  4.8960015027E+005  2.4093373925E+034
  4.9130022063E+005  2.4096563963E+034
  4.9300016845E+005  2.4098300207E+034
  4.9470024707E+005  2.4098695751E+034
  4.9640020681E+005  2.4098651411E+034
  4.9810017078E+005  2.4098648997E+034
  4.9980013966E+005  2.4098659360E+034
  5.0150023985E+005  2.4098663129E+034
  5.0320021957E+005  2.4098664683E+034
  5.0490020168E+005  2.4098663509E+034
  5.0660018862E+005  2.4098663942E+034
  5.0830018180E+005  2.4098663933E+034
  5.1000017785E+005  2.4098663910E+034
  5.1170017946E+005  2.4098663748E+034
  5.1340018672E+005  2.4098663461E+034
  5.1510019893E+005  2.4098663152E+034
  5.1680021570E+005  2.4098663002E+034
  5.1850023710E+005  2.4098661658E+034
  5.2020013605E+005  2.4098661826E+034
  5.2190016560E+005  2.4098662113E+034
  5.2360019955E+005  2.4098662350E+034
  5.2530023737E+005  2.4098662286E+034
  5.2700015342E+005  2.4098661987E+034
  5.2870020025E+005  2.4098661642E+034
  5.3040025192E+005  2.4098658501E+034
  5.3210018066E+005  2.4098657277E+034
  5.3380024064E+005  2.4098655680E+034
  5.3550017832E+005  2.4098654262E+034
  5.3720024606E+005  2.4098653194E+034
  5.3890018989E+005  2.4098652244E+034
  5.4060014012E+005  2.4098651302E+034
  5.4230021754E+005  2.4098650306E+034
  5.4400017447E+005  2.4098649165E+034
  5.4570013541E+005  2.4098647783E+034
  5.4740022446E+005  2.4098646353E+034
  5.4910019263E+005  2.4098644904E+034
  5.5080016472E+005  2.4098643382E+034
  5.5250013988E+005  2.4098641733E+034
  5.5420024424E+005  2.4098639996E+034
  5.5590022932E+005  2.4098638532E+034
  5.5760021620E+005  2.4098637247E+034
  5.5930020687E+005  2.4098635989E+034
  5.6100020185E+005  2.4098634722E+034
  5.6270020096E+005  2.4098633439E+034
  5.6440020236E+005  2.4098632168E+034
  5.6610020730E+005  2.4098630902E+034
  5.6780021697E+005  2.4098629706E+034
  5.6950023039E+005  2.4098628684E+034
  5.7120024720E+005  2.4098627713E+034
  5.7290014251E+005  2.4098626747E+034
  5.7460016864E+005  2.4098625790E+034
  5.7630019773E+005  2.4098624855E+034
  5.7800023330E+005  2.4098623934E+034
  5.7970014330E+005  2.4098623035E+034
  5.8140018527E+005  2.4098622162E+034
  5.8310023103E+005  2.4098621309E+034
  5.8480015387E+005  2.4098620466E+034
  5.8650020654E+005  2.4098619636E+034
  5.8820013862E+005  2.4098618811E+034
  5.8990020102E+005  2.4098617985E+034
  5.9160014003E+005  2.4098617162E+034
  5.9330021244E+005  2.4098616286E+034
  5.9500016050E+005  2.4098615345E+034
  5.9670024078E+005  2.4098614407E+034
  5.9840019855E+005  2.4098613472E+034
  6.0010016095E+005  2.4098612524E+034
  6.0180012644E+005  2.4098611564E+034
  6.0350022454E+005  2.4098610595E+034
  6.0520020070E+005  2.4098609605E+034
  6.0690018040E+005  2.4098608596E+034
  6.0860016586E+005  2.4098607576E+034
  6.1030015736E+005  2.4098606542E+034
  6.1200015301E+005  2.4098605498E+034
  6.1370015302E+005  2.4098604441E+034
  6.1540016041E+005  2.4098603372E+034
  6.1710017136E+005  2.4098602303E+034
  6.1880018786E+005  2.4098601226E+034
  6.2050020888E+005  2.4098600133E+034
  6.2220023601E+005  2.4098599025E+034
  6.2390014026E+005  2.4098597911E+034
  6.2560017730E+005  2.4098596798E+034
  6.2730021879E+005  2.4098595685E+034
  6.2900013875E+005  2.4098594568E+034
  6.3070019199E+005  2.4098593439E+034
  6.3240024899E+005  2.4098592298E+034
  6.3410018556E+005  2.4098591150E+034
  6.3580012678E+005  2.4098589997E+034
  6.3750020074E+005  2.4098588835E+034
  6.3920015104E+005  2.4098587667E+034
  6.4090023397E+005  2.4098586495E+034
  6.4260019540E+005  2.4098585319E+034
  6.4430016007E+005  2.4098584138E+034
  6.4600013052E+005  2.4098582953E+034
  6.4770023283E+005  2.4098581776E+034
  6.4940021232E+005  2.4098580605E+034
  6.5110019776E+005  2.4098579437E+034
  6.5280018893E+005  2.4098578254E+034
  6.5450018363E+005  2.4098577026E+034
  6.5620018353E+005  2.4098575734E+034
  6.5790018848E+005  2.4098574419E+034
  6.5960019790E+005  2.4098573120E+034
  6.6130021066E+005  2.4098571840E+034
  6.6300022924E+005  2.4098570570E+034
  6.6470025202E+005  2.4098569296E+034
  6.6640015248E+005  2.4098568009E+034
  6.6810018407E+005  2.4098566709E+034
  6.6980022122E+005  2.4098565397E+034
  6.7150013594E+005  2.4098564073E+034
  6.7320018079E+005  2.4098562733E+034
  6.7490023214E+005  2.4098561376E+034
  6.7660015937E+005  2.4098560000E+034
  6.7830021781E+005  2.4098558602E+034
  6.8000015525E+005  2.4098557181E+034
  6.8170022165E+005  2.4098555737E+034
  6.8340016669E+005  2.4098554270E+034
  6.8510024233E+005  2.4098552780E+034
  6.8680019511E+005  2.4098551263E+034
  6.8850015209E+005  2.4098549719E+034
  6.9020024045E+005  2.4098548145E+034
  6.9190020544E+005  2.4098546540E+034
  6.9360017543E+005  2.4098544905E+034
  6.9530014998E+005  2.4098543243E+034
  6.9700012734E+005  2.4098541555E+034
  6.9870023554E+005  2.4098539840E+034
  7.0040022129E+005  2.4098538099E+034
  7.0210021086E+005  2.4098536332E+034
  7.0380020318E+005  2.4098534541E+034
  7.0550020006E+005  2.4098532725E+034
  7.0720020148E+005  2.4098530885E+034
  7.0890020577E+005  2.4098529021E+034
  7.1060021437E+005  2.4098527136E+034
  7.1230022869E+005  2.4098525230E+034
  7.1400024539E+005  2.4098523304E+034
  7.1570013996E+005  2.4098521360E+034
  7.1740016532E+005  2.4098519399E+034
  7.1910019356E+005  2.4098517422E+034
  7.2080022567E+005  2.4098515432E+034
  7.2250013532E+005  2.4098513429E+034
  7.2420017523E+005  2.4098511414E+034
  7.2590021784E+005  2.4098509388E+034
  7.2760014050E+005  2.4098507353E+034
  7.2930019171E+005  2.4098505310E+034
  7.3100024781E+005  2.4098503258E+034
  7.3270018177E+005  2.4098501201E+034
  7.3440024626E+005  2.4098499134E+034
  7.3610018831E+005  2.4098497059E+034
  7.3780013416E+005  2.4098494976E+034
  7.3950021122E+005  2.4098492886E+034
  7.4120016498E+005  2.4098490790E+034
  7.4290025019E+005  2.4098488690E+034
  7.4460021219E+005  2.4098486584E+034
  7.4630017854E+005  2.4098484472E+034
  7.4800014971E+005  2.4098482353E+034
  7.4970025178E+005  2.4098480227E+034
  7.5140023036E+005  2.4098478094E+034
  7.5310021525E+005  2.4098475954E+034
  7.5480020429E+005  2.4098473806E+034
  7.5650019713E+005  2.4098471651E+034
  7.5820019424E+005  2.4098469487E+034
  7.5990019659E+005  2.4098467315E+034
  7.6160020309E+005  2.4098465134E+034
  7.6330021287E+005  2.4098462944E+034
  7.6500022892E+005  2.4098460744E+034
  7.6670024871E+005  2.4098458534E+034
  7.6840014739E+005  2.4098456315E+034
  7.7010017653E+005  2.4098454084E+034
  7.7180021196E+005  2.4098451843E+034
  7.7350025090E+005  2.4098449590E+034
  7.7520016902E+005  2.4098447325E+034
  7.7690021844E+005  2.4098445049E+034
  7.7860014462E+005  2.4098442760E+034
  7.8030020360E+005  2.4098440459E+034
  7.8200014001E+005  2.4098438144E+034
  7.8370020745E+005  2.4098435816E+034
  7.8540015328E+005  2.4098433475E+034
  7.8710023120E+005  2.4098431120E+034
  7.8880018643E+005  2.4098429924E+034
  7.9050014790E+005  2.4098428779E+034
  7.9220023966E+005  2.4098427624E+034
  7.9390020995E+005  2.4098426461E+034
  7.9560018536E+005  2.4098425289E+034
  7.9730016534E+005  2.4098424109E+034
  7.9900014900E+005  2.4098422919E+034
  8.0070013817E+005  2.4098421720E+034
  8.0240013153E+005  2.4098420511E+034
  8.0410012866E+005  2.4098419290E+034
  8.0580013079E+005  2.4098418051E+034
  8.0750013758E+005  2.4098416794E+034
  8.0920015031E+005  2.4098415520E+034
  8.1090016519E+005  2.4098414228E+034
  8.1260018710E+005  2.4098412920E+034
  8.1430021305E+005  2.4098411596E+034
  8.1600024246E+005  2.4098410255E+034
  8.1770015066E+005  2.4098408900E+034
  8.1940018977E+005  2.4098407531E+034
  8.2110023224E+005  2.4098406148E+034
  8.2280015275E+005  2.4098404753E+034
  8.2450020463E+005  2.4098403348E+034
  8.2620013322E+005  2.4098401933E+034
  8.2790019338E+005  2.4098400511E+034
  8.2960013144E+005  2.4098399083E+034
  8.3130019992E+005  2.4098397650E+034
  8.3300014658E+005  2.4098396214E+034
  8.3470022405E+005  2.4098394777E+034
  8.3640017885E+005  2.4098393341E+034
  8.3810013779E+005  2.4098391907E+034
  8.3980022700E+005  2.4098390477E+034
  8.4150019379E+005  2.4098389053E+034
  8.4320016417E+005  2.4098387636E+034
  8.4490013898E+005  2.4098386227E+034
  8.4660024410E+005  2.4098384826E+034
  8.4830022618E+005  2.4098383435E+034
  8.5000021347E+005  2.4098382052E+034
  8.5170020404E+005  2.4098380681E+034
  8.5340019855E+005  2.4098379320E+034
  8.5510019730E+005  2.4098377972E+034
  8.5680020010E+005  2.4098376637E+034
  8.5850020586E+005  2.4098375316E+034
  8.6020021574E+005  2.4098374008E+034
  8.6190022998E+005  2.4098372715E+034
  8.6360024666E+005  2.4098371436E+034
  8.6530014174E+005  2.4098370172E+034
  8.6700016711E+005  2.4098368922E+034
  8.6870019614E+005  2.4098367687E+034
  8.7040022887E+005  2.4098366467E+034
  8.7210013995E+005  2.4098365261E+034
  8.7380018126E+005  2.4098364070E+034
  8.7550022514E+005  2.4098362893E+034
  8.7720014822E+005  2.4098361728E+034
  8.7890020071E+005  2.4098360574E+034
  8.8060012996E+005  2.4098359429E+034
  8.8230019017E+005  2.4098358292E+034
  8.8400012759E+005  2.4098357164E+034
  8.8570019509E+005  2.4098356043E+034
  8.8740014052E+005  2.4098354929E+034
  8.8910021625E+005  2.4098353822E+034
  8.9080016985E+005  2.4098352721E+034
  8.9250012804E+005  2.4098351626E+034
  8.9420021613E+005  2.4098350535E+034
  8.9590018213E+005  2.4098349448E+034
  8.9760015228E+005  2.4098348363E+034
  8.9930012655E+005  2.4098347283E+034
  9.0100023002E+005  2.4098346206E+034
  9.0270021212E+005  2.4098345132E+034
  9.0440019783E+005  2.4098344063E+034
  9.0610018819E+005  2.4098342998E+034
  9.0780018174E+005  2.4098341937E+034
  9.0950018118E+005  2.4098340881E+034
  9.1120018469E+005  2.4098339831E+034
  9.1290019150E+005  2.4098338786E+034
  9.1460020456E+005  2.4098337748E+034
  9.1630022037E+005  2.4098336717E+034
  9.1800024095E+005  2.4098335693E+034
  9.1970013975E+005  2.4098334678E+034
  9.2140016936E+005  2.4098333671E+034
  9.2310020191E+005  2.4098332672E+034
  9.2480024095E+005  2.4098331682E+034
  9.2650015731E+005  2.4098330701E+034
  9.2820020393E+005  2.4098329729E+034
  9.2990012967E+005  2.4098328766E+034
  9.3160018643E+005  2.4098327812E+034
  9.3330024741E+005  2.4098326868E+034
  9.3500018642E+005  2.4098325934E+034
  9.3670013050E+005  2.4098325009E+034
  9.3840020528E+005  2.4098324094E+034
  9.4010015810E+005  2.4098323189E+034
  9.4180024118E+005  2.4098322294E+034
  9.4350020307E+005  2.4098321409E+034
  9.4520016846E+005  2.4098320533E+034
  9.4690013962E+005  2.4098319668E+034
  9.4860024056E+005  2.4098318812E+034
  9.5030022033E+005  2.4098317966E+034
  9.5200020533E+005  2.4098317129E+034
  9.5370019394E+005  2.4098316301E+034
  9.5540018686E+005  2.4098315483E+034
  9.5710018462E+005  2.4098314673E+034
  9.5880018704E+005  2.4098313872E+034
  9.6050019162E+005  2.4098313080E+034
  9.6220020265E+005  2.4098312296E+034
  9.6390021687E+005  2.4098311521E+034
  9.6560023556E+005  2.4098310752E+034
  9.6730013234E+005  2.4098309992E+034
  9.6900016053E+005  2.4098309238E+034
  9.7070019240E+005  2.4098308492E+034
  9.7240022895E+005  2.4098307751E+034
  9.7410014362E+005  2.4098307017E+034
  9.7580018813E+005  2.4098306288E+034
  9.7750023670E+005  2.4098305567E+034
  9.7920016375E+005  2.4098304858E+034
  9.8090022042E+005  2.4098304162E+034
  9.8260015408E+005  2.4098303477E+034
  9.8430021983E+005  2.4098302803E+034
  9.8600016182E+005  2.4098302140E+034
  9.8770023491E+005  2.4098301487E+034
  9.8940018550E+005  2.4098300845E+034
  9.9110014084E+005  2.4098300212E+034
  9.9280022588E+005  2.4098299589E+034
  9.9450018922E+005  2.4098298974E+034
  9.9620015611E+005  2.4098298367E+034
  9.9790012687E+005  2.4098297769E+034
  9.9960022820E+005  2.4098297178E+034
  1.0013002063E+006  2.4098296594E+034
  1.0030001885E+006  2.4098296017E+034
  1.0047001740E+006  2.4098295447E+034
  1.0064001644E+006  2.4098294883E+034
  1.0081001575E+006  2.4098294324E+034
  1.0098001553E+006  2.4098293771E+034
  1.0115001578E+006  2.4098293227E+034
  1.0132001630E+006  2.4098292693E+034
  1.0149001725E+006  2.4098292168E+034
  1.0166001868E+006  2.4098291651E+034
  1.0183002036E+006  2.4098291144E+034
  1.0200002242E+006  2.4098290644E+034
  1.0217002498E+006  2.4098290152E+034
  1.0234001516E+006  2.4098289668E+034
  1.0251001836E+006  2.4098289191E+034
  1.0268002206E+006  2.4098288721E+034
  1.0285001348E+006  2.4098288258E+034
  1.0302001789E+006  2.4098287801E+034
  1.0319002280E+006  2.4098287351E+034
  1.0336001540E+006  2.4098286906E+034
  1.0353002106E+006  2.4098286468E+034
  1.0370001444E+006  2.4098286034E+034
  1.0387002088E+006  2.4098285607E+034
  1.0404001508E+006  2.4098285184E+034
  1.0421002226E+006  2.4098284766E+034
  1.0438001730E+006  2.4098284354E+034
  1.0455002529E+006  2.4098283945E+034
  1.0472002107E+006  2.4098283542E+034
  1.0489001735E+006  2.4098283143E+034
  1.0506001397E+006  2.4098282748E+034
  1.0523002367E+006  2.4098282357E+034
  1.0540002121E+006  2.4098281970E+034
  1.0557001913E+006  2.4098281587E+034
  1.0574001740E+006  2.4098281208E+034
  1.0591001621E+006  2.4098280833E+034
  1.0608001533E+006  2.4098280461E+034
  1.0625001486E+006  2.4098280092E+034
  1.0642001492E+006  2.4098279727E+034
  1.0659001529E+006  2.4098279365E+034
  1.0676001613E+006  2.4098279006E+034
  1.0693001748E+006  2.4098278650E+034
  1.0710001926E+006  2.4098278296E+034
  1.0727002139E+006  2.4098277945E+034
  1.0744002407E+006  2.4098277597E+034
  1.0761001454E+006  2.4098277250E+034
  1.0778001797E+006  2.4098276905E+034
  1.0795002185E+006  2.4098276561E+034
  1.0812001361E+006  2.4098276219E+034
  1.0829001833E+006  2.4098275878E+034
  1.0846002348E+006  2.4098275539E+034
  1.0863001650E+006  2.4098275200E+034
  1.0880002257E+006  2.4098274861E+034
  1.0897001643E+006  2.4098274523E+034
  1.0914002341E+006  2.4098274185E+034
  1.0931001819E+006  2.4098273847E+034
  1.0948001334E+006  2.4098273508E+034
  1.0965002167E+006  2.4098273168E+034
  1.0982001764E+006  2.4098272826E+034
  1.0999001410E+006  2.4098272483E+034
  1.1016002361E+006  2.4098272138E+034
  1.1033002092E+006  2.4098271790E+034
  1.1050001856E+006  2.4098271439E+034
  1.1067001669E+006  2.4098271085E+034
  1.1084001531E+006  2.4098270727E+034
  1.1101001422E+006  2.4098270364E+034
  1.1118001366E+006  2.4098269996E+034
  1.1135001352E+006  2.4098269623E+034
  1.1152001375E+006  2.4098269253E+034
  1.1169001440E+006  2.4098268893E+034
  1.1186001553E+006  2.4098268542E+034
  1.1203001691E+006  2.4098268199E+034
  1.1220001881E+006  2.4098267865E+034
  1.1237002111E+006  2.4098267537E+034
  1.1254002373E+006  2.4098267217E+034
  1.1271001413E+006  2.4098266902E+034
  1.1288001768E+006  2.4098266593E+034
  1.1305002154E+006  2.4098266289E+034
  1.1322001316E+006  2.4098265989E+034
  1.1339001791E+006  2.4098265692E+034
  1.1356002300E+006  2.4098265401E+034
  1.1373001584E+006  2.4098265119E+034
  1.1390002164E+006  2.4098264843E+034
  1.1407001533E+006  2.4098264572E+034
  1.1424002187E+006  2.4098264307E+034
  1.1441001625E+006  2.4098264045E+034
  1.1458002368E+006  2.4098263787E+034
  1.1475001883E+006  2.4098263530E+034
  1.1492001438E+006  2.4098263274E+034
  1.1509002305E+006  2.4098263018E+034
  1.1526001939E+006  2.4098262761E+034
  1.1543001613E+006  2.4098262502E+034
  1.1560001336E+006  2.4098262238E+034
  1.1577002344E+006  2.4098261970E+034
  1.1594002137E+006  2.4098261697E+034
  1.1611001969E+006  2.4098261416E+034
  1.1628001831E+006  2.4098261126E+034
  1.1645001734E+006  2.4098260827E+034
  1.1662001685E+006  2.4098260516E+034
  1.1679001665E+006  2.4098260193E+034
  1.1696001691E+006  2.4098259856E+034
  1.1713001760E+006  2.4098259503E+034
  1.1730001869E+006  2.4098259132E+034
  1.1747002010E+006  2.4098258743E+034
  1.1764002198E+006  2.4098258333E+034
