  0.0000000000E+000 0000
  0.1700246114E+004 0809
  0.3400414331E+004 0806
  0.5100480638E+004 0805
  0.6800399285E+004 0806
  0.8500391835E+004 0810
  0.1020033940E+005 0817
  0.1190032391E+005 0830
  0.1360045112E+005 0863
  0.1530029169E+005 0893
  0.1700044953E+005 0896
  0.1870028714E+005 0898
  0.2040036149E+005 0899
  0.2210039490E+005 0900
  0.2380038477E+005 0901
  0.2550039691E+005 0903
  0.2720028631E+005 0904
  0.2890030678E+005 0904
  0.3060047627E+005 0903
  0.3230040439E+005 0904
  0.3400040110E+005 0908
  0.3570030595E+005 0909
  0.3740032677E+005 0909
  0.3910044976E+005 0909
  0.4080037135E+005 0909
  0.4250032030E+005 0909
  0.4420043567E+005 0909
  0.4590036868E+005 0909
  0.4760029633E+005 0909
  0.4930026918E+005 0909
  0.5100038813E+005 0909
  0.5270027188E+005 0909
  0.5440041219E+005 0909
  0.5610030181E+005 0909
  0.5780030165E+005 0909
  0.5950031155E+005 0909
  0.6120025020E+005 0909
  0.6290047239E+005 0909
  0.6460047166E+005 0909
  0.6630026580E+005 0909
  0.6800034946E+005 0909
  0.6970040284E+005 0909
  0.7140026226E+005 0909
  0.7310028877E+005 0909
  0.7480034468E+005 0909
  0.7650032792E+005 0909
  0.7820037248E+005 0909
  0.7990044241E+005 0909
  0.8160035367E+005 0909
  0.8330030437E+005 0909
  0.8500029867E+005 0909
  0.8670039737E+005 0909
  0.8840025744E+005 0909
  0.9010041499E+005 0909
  0.9180030155E+005 0909
  0.9350025710E+005 0909
  0.9520025463E+005 0909
  0.9690045711E+005 0909
  0.9860047073E+005 0909
  0.1003002450E+006 0909
  0.1020003201E+006 0909
  0.1037003638E+006 0903
  0.1054003944E+006 0903
  0.1071004600E+006 0903
  0.1088004814E+006 0903
  0.1105002772E+006 0903
  0.1122002586E+006 0904
  0.1139002689E+006 0904
  0.1156002779E+006 0904
  0.1173002840E+006 0904
  0.1190002849E+006 0904
  0.1207002775E+006 0904
  0.1224003199E+006 0904
  0.1241003407E+006 0904
  0.1258003992E+006 0904
  0.1275004702E+006 0904
  0.1292003745E+006 0904
  0.1309003116E+006 0904
  0.1326002707E+006 0904
  0.1343002897E+006 0904
  0.1360003084E+006 0904
  0.1377003717E+006 0904
  0.1394004167E+006 0904
  0.1411002512E+006 0904
  0.1428003472E+006 0904
  0.1445004530E+006 0904
  0.1462003549E+006 0904
  0.1479004804E+006 0904
  0.1496004014E+006 0904
  0.1513003088E+006 0904
  0.1530004438E+006 0904
  0.1547003250E+006 0904
  0.1564004378E+006 0903
  0.1581003292E+006 0903
  0.1598004372E+006 0903
  0.1615003269E+006 0903
  0.1632004598E+006 0903
  0.1649003600E+006 0903
  0.1666002639E+006 0903
  0.1683004158E+006 0903
  0.1700003529E+006 0903
  0.1717002925E+006 0902
  0.1734002966E+006 0902
  0.1751003187E+006 0902
  0.1768003854E+006 0902
  0.1785004689E+006 0902
  0.1802003327E+006 0902
  0.1819004661E+006 0902
  0.1836003408E+006 0902
  0.1853002577E+006 0901
  0.1870004218E+006 0901
  0.1887003676E+006 0901
  0.1904003314E+006 0901
  0.1921002986E+006 0901
  0.1938002875E+006 0901
  0.1955002533E+006 0901
  0.1972004768E+006 0901
  0.1989004344E+006 0900
  0.2006003936E+006 0900
  0.2023003645E+006 0900
  0.2040003268E+006 0900
  0.2057003093E+006 0900
  0.2074002827E+006 0900
  0.2091002848E+006 0900
  0.2108002684E+006 0899
  0.2125002702E+006 0899
  0.2142002898E+006 0899
  0.2159003330E+006 0899
  0.2176004111E+006 0899
  0.2193002577E+006 0899
  0.2210003983E+006 0899
  0.2227003013E+006 0899
  0.2244004760E+006 0899
  0.2261004149E+006 0898
  0.2278003612E+006 0898
  0.2295003430E+006 0898
  0.2312003245E+006 0898
  0.2329003351E+006 0898
  0.2346003455E+006 0898
  0.2363003830E+006 0898
  0.2380004230E+006 0898
  0.2397004438E+006 0898
  0.2414004819E+006 0897
  0.2431002606E+006 0897
  0.2448002991E+006 0897
  0.2465003230E+006 0897
  0.2482003657E+006 0897
  0.2499004168E+006 0897
  0.2516004641E+006 0897
  0.2533002798E+006 0897
  0.2550003349E+006 0897
  0.2567004173E+006 0897
  0.2584002597E+006 0897
  0.2601003697E+006 0897
  0.2618002603E+006 0897
  0.2635004191E+006 0897
  0.2652003720E+006 0897
  0.2669003175E+006 0897
  0.2686002991E+006 0897
  0.2703002867E+006 0896
  0.2720002999E+006 0896
  0.2737003159E+006 0896
  0.2754003482E+006 0896
  0.2771004132E+006 0896
  0.2788004721E+006 0896
  0.2805003045E+006 0897
  0.2822003791E+006 0897
  0.2839004620E+006 0897
  0.2856003009E+006 0897
  0.2873003756E+006 0897
  0.2890004661E+006 0897
  0.2907003043E+006 0897
  0.2924004071E+006 0897
  0.2941002583E+006 0897
  0.2958003607E+006 0897
  0.2975004768E+006 0897
  0.2992003488E+006 0897
  0.3009004827E+006 0897
  0.3026003707E+006 0897
  0.3043002998E+006 0897
  0.3060004829E+006 0897
  0.3077004426E+006 0897
  0.3094004228E+006 0897
  0.3111004219E+006 0897
  0.3128004454E+006 0897
  0.3145004668E+006 0897
  0.3162002735E+006 0897
  0.3179003330E+006 0897
  0.3196004121E+006 0897
  0.3213002586E+006 0897
  0.3230003526E+006 0897
  0.3247004684E+006 0897
  0.3264003367E+006 0897
  0.3281004575E+006 0897
  0.3298003301E+006 0897
  0.3315004526E+006 0897
  0.3332003439E+006 0897
  0.3349004652E+006 0897
  0.3366003614E+006 0897
  0.3383002545E+006 0897
  0.3400004083E+006 0897
  0.3417003110E+006 0897
  0.3434004708E+006 0897
  0.3451004037E+006 0897
  0.3468003405E+006 0897
  0.3485003009E+006 0897
  0.3502002700E+006 0897
  0.3519002696E+006 0897
  0.3536002812E+006 0897
  0.3553003098E+006 0897
  0.3570003587E+006 0897
  0.3587004162E+006 0897
  0.3604002571E+006 0897
  0.3621003414E+006 0897
  0.3638004467E+006 0897
  0.3655003204E+006 0897
  0.3672004473E+006 0897
  0.3689003412E+006 0897
  0.3706004771E+006 0897
  0.3723003895E+006 0897
  0.3740002915E+006 0897
  0.3757004463E+006 0897
  0.3774003616E+006 0897
  0.3791002771E+006 0898
  0.3808004479E+006 0898
  0.3825003683E+006 0898
  0.3842003081E+006 0898
  0.3859004882E+006 0898
  0.3876004391E+006 0898
  0.3893003968E+006 0898
  0.3910003645E+006 0898
  0.3927003525E+006 0898
  0.3944003489E+006 0898
  0.3961003693E+006 0898
  0.3978004004E+006 0898
  0.3995004553E+006 0898
  0.4012002810E+006 0898
  0.4029003586E+006 0898
  0.4046004620E+006 0898
  0.4063003238E+006 0898
  0.4080004505E+006 0898
  0.4097003362E+006 0898
  0.4114004843E+006 0898
  0.4131003972E+006 0898
  0.4148003079E+006 0898
  0.4165004839E+006 0898
  0.4182004074E+006 0898
  0.4199003427E+006 0898
  0.4216002742E+006 0898
  0.4233004588E+006 0868
  0.4250004045E+006 0882
  0.4267003490E+006 0896
  0.4284003078E+006 0909
  0.4301002656E+006 0909
  0.4318004838E+006 0909
  0.4335004624E+006 0909
  0.4352004486E+006 0909
  0.4369004532E+006 0909
  0.4386004663E+006 0909
  0.4403002589E+006 0909
  0.4420002998E+006 0909
  0.4437003700E+006 0909
  0.4454004523E+006 0909
  0.4471002993E+006 0909
  0.4488004094E+006 0909
  0.4505002835E+006 0909
  0.4522004236E+006 0909
  0.4539003162E+006 0909
  0.4556004744E+006 0909
  0.4573003974E+006 0909
  0.4590003249E+006 0909
  0.4607002624E+006 0909
  0.4624004433E+006 0909
  0.4641003931E+006 0909
  0.4658003394E+006 0909
  0.4675002901E+006 0909
  0.4692002465E+006 0909
  0.4709004524E+006 0909
  0.4726004266E+006 0909
  0.4743003941E+006 0909
  0.4760003787E+006 0909
  0.4777003701E+006 0909
  0.4794003704E+006 0909
  0.4811003795E+006 0909
  0.4828003996E+006 0909
  0.4845004466E+006 0909
  0.4862002500E+006 0909
  0.4879003210E+006 0909
  0.4896004049E+006 0909
  0.4913002612E+006 0909
  0.4930003737E+006 0909
  0.4947002474E+006 0909
  0.4964003891E+006 0909
  0.4981002882E+006 0909
  0.4998004504E+006 0909
  0.5015003709E+006 0909
  0.5032003023E+006 0909
  0.5049002464E+006 0909
  0.5066004323E+006 0909
  0.5083003828E+006 0909
  0.5100003334E+006 0909
  0.5117002943E+006 0909
  0.5134002554E+006 0909
  0.5151004631E+006 0909
  0.5168004420E+006 0909
  0.5185004185E+006 0909
  0.5202004063E+006 0909
  0.5219003968E+006 0909
  0.5236004015E+006 0909
  0.5253004144E+006 0909
  0.5270004343E+006 0909
  0.5287004765E+006 0909
  0.5304002790E+006 0909
  0.5321003499E+006 0909
  0.5338004275E+006 0909
  0.5355002781E+006 0909
  0.5372003860E+006 0909
  0.5389002582E+006 0909
  0.5406003931E+006 0909
  0.5423002868E+006 0909
  0.5440004445E+006 0909
  0.5457003617E+006 0909
  0.5474002881E+006 0909
  0.5491004718E+006 0909
  0.5508004103E+006 0909
  0.5525003584E+006 0909
  0.5542003065E+006 0909
  0.5559002652E+006 0909
  0.5576004694E+006 0909
  0.5593004296E+006 0909
  0.5610004061E+006 0909
  0.5627003795E+006 0909
  0.5644003639E+006 0909
  0.5661003491E+006 0909
  0.5678003506E+006 0909
  0.5695003570E+006 0909
  0.5712003703E+006 0909
  0.5729004028E+006 0909
  0.5746004429E+006 0909
  0.5763002577E+006 0909
  0.5780003228E+006 0909
  0.5797004068E+006 0909
  0.5814002595E+006 0909
  0.5831003658E+006 0909
  0.5848004867E+006 0909
  0.5865003689E+006 0909
  0.5882002706E+006 0909
  0.5899004219E+006 0909
  0.5916003338E+006 0909
  0.5933002613E+006 0909
  0.5950004361E+006 0909
  0.5967003751E+006 0909
  0.5984003110E+006 0909
  0.6001002608E+006 0909
  0.6018004575E+006 0909
  0.6035004093E+006 0909
  0.6052003729E+006 0909
  0.6069003361E+006 0909
  0.6086003125E+006 0909
  0.6103002867E+006 0909
  0.6120002746E+006 0909
  0.6137002686E+006 0909
  0.6154002712E+006 0909
  0.6171002878E+006 0909
  0.6188003103E+006 0909
  0.6205003523E+006 0909
  0.6222004026E+006 0909
  0.6239004672E+006 0909
  0.6256003001E+006 0909
  0.6273003885E+006 0909
  0.6290002477E+006 0909
  0.6307003560E+006 0909
  0.6324004822E+006 0909
  0.6341003702E+006 0909
  0.6358002644E+006 0909
  0.6375004188E+006 0909
  0.6392003296E+006 0909
  0.6409002523E+006 0909
  0.6426004181E+006 0909
  0.6443003522E+006 0909
  0.6460002872E+006 0909
  0.6477004681E+006 0909
  0.6494004152E+006 0909
  0.6511003625E+006 0909
  0.6528003211E+006 0909
  0.6545002777E+006 0909
  0.6562002476E+006 0909
  0.6579004694E+006 0909
  0.6596004519E+006 0909
  0.6613004465E+006 0909
  0.6630004473E+006 0909
  0.6647004665E+006 0909
  0.6664002478E+006 0909
  0.6681002856E+006 0909
  0.6698003401E+006 0909
  0.6715004044E+006 0909
  0.6732004831E+006 0909
  0.6749003201E+006 0909
  0.6766004218E+006 0909
  0.6783002859E+006 0909
  0.6800003994E+006 0909
  0.6817002831E+006 0909
  0.6834004155E+006 0909
  0.6851003157E+006 0908
  0.6868004588E+006 0908
  0.6885003692E+006 0908
  0.6902002827E+006 0908
  0.6919004424E+006 0908
  0.6936003669E+006 0908
  0.6953002907E+006 0908
  0.6970004709E+006 0908
  0.6987004061E+006 0908
  0.7004003514E+006 0908
  0.7021003030E+006 0908
  0.7038002595E+006 0908
  0.7055004737E+006 0908
  0.7072004472E+006 0908
  0.7089004360E+006 0908
  0.7106004331E+006 0908
  0.7123004410E+006 0908
  0.7140004654E+006 0908
  0.7157002519E+006 0908
  0.7174002990E+006 0908
  0.7191003519E+006 0908
  0.7208004220E+006 0908
  0.7225002538E+006 0908
  0.7242003358E+006 0908
  0.7259004358E+006 0908
  0.7276002929E+006 0908
  0.7293004067E+006 0908
  0.7310002766E+006 0908
  0.7327004036E+006 0908
  0.7344002896E+006 0908
  0.7361004197E+006 0908
  0.7378003161E+006 0908
  0.7395004574E+006 0908
  0.7412003634E+006 0908
  0.7429002700E+006 0908
  0.7446004296E+006 0908
  0.7463003525E+006 0908
  0.7480002781E+006 0908
  0.7497004598E+006 0908
  0.7514004003E+006 0908
  0.7531003552E+006 0908
  0.7548003182E+006 0908
  0.7565002891E+006 0908
  0.7582002773E+006 0908
  0.7599002727E+006 0908
  0.7616002828E+006 0908
  0.7633002995E+006 0908
  0.7650003311E+006 0908
  0.7667003721E+006 0908
  0.7684004181E+006 0908
  0.7701004815E+006 0908
  0.7718003014E+006 0908
  0.7735003785E+006 0908
  0.7752004609E+006 0908
  0.7769003064E+006 0908
  0.7786004029E+006 0908
  0.7803002540E+006 0908
  0.7820003633E+006 0908
  0.7837004707E+006 0908
  0.7854003407E+006 0908
  0.7871004592E+006 0908
  0.7888003389E+006 0908
  0.7905004724E+006 0908
  0.7922003603E+006 0908
  0.7939002605E+006 0908
  0.7956004106E+006 0908
  0.7973003260E+006 0909
  0.7990002486E+006 0909
  0.8007004243E+006 0909
  0.8024003727E+006 0909
  0.8041003254E+006 0909
  0.8058002913E+006 0909
  0.8075002677E+006 0909
  0.8092002564E+006 0909
  0.8109002549E+006 0909
  0.8126002582E+006 0909
  0.8143002798E+006 0909
  0.8160003035E+006 0909
  0.8177003380E+006 0909
  0.8194003810E+006 0909
  0.8211004292E+006 0909
  0.8228004863E+006 0909
  0.8245002990E+006 0909
  0.8262003688E+006 0909
  0.8279004369E+006 0909
  0.8296002667E+006 0909
  0.8313003489E+006 0909
  0.8330004326E+006 0909
  0.8347002797E+006 0909
  0.8364003731E+006 0909
  0.8381004780E+006 0909
  0.8398003415E+006 0909
  0.8415004562E+006 0909
  0.8432003365E+006 0909
  0.8449004684E+006 0909
  0.8466003695E+006 0909
  0.8483002741E+006 0909
  0.8500004385E+006 0909
  0.8517003702E+006 0909
  0.8534003082E+006 0909
  0.8551002591E+006 0909
  0.8568004619E+006 0909
  0.8585004359E+006 0909
  0.8602004117E+006 0909
  0.8619003986E+006 0909
  0.8636003970E+006 0909
  0.8653003978E+006 0909
  0.8670004095E+006 0909
  0.8687004236E+006 0909
  0.8704004478E+006 0909
  0.8721004729E+006 0909
  0.8738002588E+006 0909
  0.8755002971E+006 0909
  0.8772003351E+006 0909
  0.8789003825E+006 0909
  0.8806004327E+006 0909
  0.8823004897E+006 0909
  0.8840003073E+006 0909
  0.8857003745E+006 0909
  0.8874004536E+006 0909
  0.8891002906E+006 0909
  0.8908003847E+006 0909
  0.8925004857E+006 0909
  0.8942003527E+006 0909
  0.8959004775E+006 0909
  0.8976003605E+006 0909
  0.8993002610E+006 0909
  0.9010004128E+006 0909
  0.9027003307E+006 0909
  0.9044002550E+006 0909
  0.9061004351E+006 0909
  0.9078003822E+006 0909
  0.9095003288E+006 0909
  0.9112002897E+006 0909
  0.9129002546E+006 0909
  0.9146004717E+006 0909
  0.9163004480E+006 0909
  0.9180004288E+006 0909
  0.9197004183E+006 0909
  0.9214004062E+006 0909
  0.9231004042E+006 0909
  0.9248004049E+006 0909
  0.9265004103E+006 0909
  0.9282004236E+006 0909
  0.9299004401E+006 0909
  0.9316004666E+006 0909
  0.9333002508E+006 0909
  0.9350002908E+006 0909
  0.9367003390E+006 0909
  0.9384003938E+006 0909
  0.9401004611E+006 0909
  0.9418002889E+006 0909
  0.9435003773E+006 0909
  0.9452004714E+006 0909
  0.9469003288E+006 0909
  0.9486004448E+006 0909
  0.9503003209E+006 0909
  0.9520004533E+006 0909
  0.9537003436E+006 0909
  0.9554002485E+006 0909
  0.9571004027E+006 0909
  0.9588003151E+006 0909
  0.9605004846E+006 0909
  0.9622004101E+006 0909
  0.9639003434E+006 0909
  0.9656002783E+006 0909
  0.9673004667E+006 0909
  0.9690004136E+006 0909
  0.9707003630E+006 0909
  0.9724003229E+006 0909
  0.9741002837E+006 0909
  0.9758002527E+006 0909
  0.9775004730E+006 0909
  0.9792004547E+006 0909
  0.9809004451E+006 0909
  0.9826004393E+006 0909
  0.9843004482E+006 0909
  0.9860004619E+006 0909
  0.9877004861E+006 0909
  0.9894002745E+006 0909
  0.9911003161E+006 0909
  0.9928003712E+006 0909
  0.9945004279E+006 0909
  0.9962002534E+006 0909
  0.9979003304E+006 0909
  0.9996004159E+006 0909
  0.1001300263E+007 0909
  0.1003000361E+007 0909
  0.1004700471E+007 0909
  0.1006400334E+007 0909
  0.1008100452E+007 0909
  0.1009800331E+007 0909
  0.1011500458E+007 0909
  0.1013200345E+007 0908
  0.1014900482E+007 0908
  0.1016600382E+007 0908
  0.1018300283E+007 0908
  0.1020000438E+007 0908
  0.1021700354E+007 0908
  0.1023400273E+007 0908
  0.1025100447E+007 0908
  0.1026800382E+007 0908
  0.1028500326E+007 0908
  0.1030200276E+007 0908
  0.1031900481E+007 0908
  0.1033600452E+007 0908
  0.1035300427E+007 0908
  0.1037000415E+007 0908
  0.1038700408E+007 0908
  0.1040400412E+007 0908
  0.1042100424E+007 0908
  0.1043800441E+007 0908
  0.1045500470E+007 0908
  0.1047200258E+007 0908
  0.1048900300E+007 0908
  0.1050600345E+007 0908
  0.1052300399E+007 0908
  0.1054000460E+007 0908
  0.1055700275E+007 0908
  0.1057400347E+007 0908
  0.1059100421E+007 0908
  0.1060800255E+007 0908
  0.1062500340E+007 0908
  0.1064200431E+007 0908
  0.1065900283E+007 0908
  0.1067600382E+007 0908
  0.1069300248E+007 0908
  0.1071000363E+007 0908
  0.1072700483E+007 0908
  0.1074400370E+007 0907
  0.1076100262E+007 0907
  0.1077800409E+007 0907
  0.1079500315E+007 0907
  0.1081200480E+007 0907
  0.1082900407E+007 0907
  0.1084600338E+007 0907
  0.1086300282E+007 0907
  0.1088000476E+007 0907
  0.1089700436E+007 0907
  0.1091400399E+007 0907
  0.1093100371E+007 0907
  0.1094800351E+007 0907
  0.1096500333E+007 0907
  0.1098200326E+007 0907
  0.1099900320E+007 0907
  0.1101600324E+007 0907
  0.1103300330E+007 0907
  0.1105000342E+007 0907
  0.1106700361E+007 0907
  0.1108400382E+007 0907
  0.1110100412E+007 0906
  0.1111800446E+007 0906
  0.1113500488E+007 0906
  0.1115200288E+007 0906
  0.1116900341E+007 0906
  0.1118600404E+007 0906
  0.1120300469E+007 0906
  0.1122000300E+007 0906
  0.1123700384E+007 0906
  0.1125400475E+007 0906
  0.1127100329E+007 0906
  0.1128800435E+007 0906
  0.1130500307E+007 0906
  0.1132200427E+007 0906
  0.1133900313E+007 0906
  0.1135600452E+007 0906
  0.1137300349E+007 0906
  0.1139000257E+007 0906
  0.1140700413E+007 0905
  0.1142400334E+007 0905
  0.1144100257E+007 0905
  0.1145800433E+007 0905
  0.1147500370E+007 0905
  0.1149200309E+007 0905
  0.1150900258E+007 0905
  0.1152600454E+007 0905
  0.1154300414E+007 0905
  0.1156000376E+007 0905
  0.1157700344E+007 0905
  0.1159400322E+007 0905
  0.1161100302E+007 0905
  0.1162800290E+007 0905
  0.1164500284E+007 0905
  0.1166200287E+007 0905
  0.1167900297E+007 0904
  0.1169600311E+007 0904
  0.1171300339E+007 0904
  0.1173000370E+007 0904
  0.1174700409E+007 0904
  0.1176400457E+007 0904
  0.1178100266E+007 0904
  0.1179800329E+007 0904
  0.1181500396E+007 0904
  0.1183200475E+007 0904
  0.1184900310E+007 0904
  0.1186600398E+007 0904
  0.1188300250E+007 0904
  0.1190000349E+007 0904
  0.1191700457E+007 0903
  0.1193400322E+007 0903
  0.1195100442E+007 0903
  0.1196800319E+007 0903
  0.1198500446E+007 0903
  0.1200200338E+007 0903
  0.1201900476E+007 0903
  0.1203600378E+007 0903
  0.1205300283E+007 0903
  0.1207000443E+007 0903
  0.1208700362E+007 0903
  0.1210400286E+007 0903
  0.1212100466E+007 0903
  0.1213800405E+007 0902
  0.1215500353E+007 0902
  0.1217200307E+007 0902
  0.1218900268E+007 0902
  0.1220600484E+007 0902
  0.1222300459E+007 0902
  0.1224000444E+007 0902
  0.1225700433E+007 0902
  0.1227400431E+007 0902
  0.1229100435E+007 0902
  0.1230800445E+007 0902
  0.1232500464E+007 0901
  0.1234200484E+007 0901
  0.1235900269E+007 0901
  0.1237600304E+007 0901
  0.1239300342E+007 0901
  0.1241000390E+007 0901
  0.1242700440E+007 0901
  0.1244400253E+007 0901
  0.1246100313E+007 0901
  0.1247800383E+007 0901
  0.1249500458E+007 0901
  0.1251200290E+007 0900
  0.1252900379E+007 0900
  0.1254600470E+007 0900
  0.1256300325E+007 0900
  0.1258000429E+007 0900
  0.1259700297E+007 0900
  0.1261400418E+007 0900
  0.1263100297E+007 0900
  0.1264800433E+007 0900
  0.1266500327E+007 0900
  0.1268200475E+007 0899
  0.1269900385E+007 0899
  0.1271600300E+007 0899
  0.1273300470E+007 0899
  0.1275000396E+007 0899
  0.1276700334E+007 0899
  0.1278400276E+007 0899
  0.1280100468E+007 0899
  0.1281800423E+007 0899
  0.1283500381E+007 0899
  0.1285200349E+007 0898
  0.1286900317E+007 0898
  0.1288600294E+007 0898
  0.1290300277E+007 0898
  0.1292000263E+007 0898
  0.1293700258E+007 0898
  0.1295400256E+007 0898
  0.1297100263E+007 0898
  0.1298800272E+007 0898
  0.1300500291E+007 0897
  0.1302200316E+007 0897
  0.1303900343E+007 0897
  0.1305600382E+007 0897
  0.1307300426E+007 0897
  0.1309000477E+007 0897
  0.1310700287E+007 0897
  0.1312400352E+007 0897
  0.1314100425E+007 0896
  0.1315800254E+007 0896
  0.1317500340E+007 0896
  0.1319200431E+007 0896
  0.1320900282E+007 0896
  0.1322600386E+007 0896
  0.1324300249E+007 0896
  0.1326000366E+007 0896
  0.1327700486E+007 0895
  0.1329400369E+007 0895
  0.1331100256E+007 0895
  0.1332800393E+007 0895
  0.1334500294E+007 0895
  0.1336200442E+007 0895
  0.1337900353E+007 0895
  0.1339600268E+007 0894
  0.1341300435E+007 0894
  0.1343000364E+007 0894
  0.1344700295E+007 0894
  0.1346400481E+007 0894
  0.1348100426E+007 0894
  0.1349800380E+007 0894
  0.1351500337E+007 0893
  0.1353200301E+007 0893
  0.1354900276E+007 0893
  0.1356600251E+007 0893
  0.1358300483E+007 0893
  0.1360000474E+007 0893
  0.1361700472E+007 0893
  0.1363400476E+007 0892
  0.1365100486E+007 0892
  0.1366800260E+007 0892
  0.1368500280E+007 0892
  0.1370200311E+007 0892
  0.1371900347E+007 0892
  0.1373600386E+007 0891
  0.1375300434E+007 0891
  0.1377000486E+007 0891
  0.1378700300E+007 0891
  0.1380400361E+007 0891
  0.1382100432E+007 0891
  0.1383800262E+007 0890
  0.1385500340E+007 0890
  0.1387200429E+007 0890
  0.1388900274E+007 0890
  0.1390600373E+007 0890
  0.1392300477E+007 0890
  0.1394000341E+007 0889
  0.1395700459E+007 0889
  0.1397400334E+007 0889
  0.1399100466E+007 0889
  0.1400800355E+007 0889
  0.1402500251E+007 0888
  0.1404200400E+007 0888
  0.1405900308E+007 0888
  0.1407600471E+007 0888
  0.1409300391E+007 0888
  0.1411000320E+007 0887
  0.1412700255E+007 0887
  0.1414400440E+007 0887
  0.1416100387E+007 0887
  0.1417800338E+007 0887
  0.1419500298E+007 0886
  0.1421200260E+007 0886
  0.1422900475E+007 0886
  0.1424600452E+007 0886
  0.1426300431E+007 0886
  0.1428000419E+007 0885
  0.1429700410E+007 0885
  0.1431400408E+007 0885
  0.1433100411E+007 0885
  0.1434800419E+007 0885
  0.1436500436E+007 0884
  0.1438200454E+007 0884
  0.1439900483E+007 0884
  0.1441600270E+007 0884
  0.1443300307E+007 0883
  0.1445000353E+007 0883
  0.1446700404E+007 0883
  0.1448400463E+007 0883
  0.1450100279E+007 0882
  0.1451800351E+007 0882
  0.1453500428E+007 0882
  0.1455200263E+007 0882
  0.1456900354E+007 0882
  0.1458600447E+007 0881
  0.1460300303E+007 0881
  0.1462000409E+007 0881
  0.1463700276E+007 0881
  0.1465400395E+007 0880
  0.1467100272E+007 0880
  0.1468800403E+007 0880
  0.1470500291E+007 0880
  0.1472200433E+007 0879
  0.1473900334E+007 0879
  0.1475600485E+007 0879
  0.1477300399E+007 0879
  0.1479000314E+007 0878
  0.1480700484E+007 0878
  0.1482400414E+007 0878
  0.1484100348E+007 0877
  0.1485800289E+007 0877
  0.1487500480E+007 0877
  0.1489200435E+007 0877
  0.1490900391E+007 0876
  0.1492600356E+007 0876
  0.1494300329E+007 0876
  0.1496000304E+007 0876
  0.1497700289E+007 0875
  0.1499400277E+007 0875
  0.1501100272E+007 0875
  0.1502800273E+007 0874
  0.1504500281E+007 0874
  0.1506200295E+007 0874
  0.1507900311E+007 0873
  0.1509600339E+007 0873
  0.1511300369E+007 0873
  0.1513000404E+007 0873
  0.1514700447E+007 0872
  0.1516400248E+007 0872
  0.1518100302E+007 0872
  0.1519800358E+007 0871
  0.1521500424E+007 0871
  0.1523200248E+007 0871
  0.1524900322E+007 0870
  0.1526600405E+007 0870
  0.1528300490E+007 0870
  0.1530000337E+007 0869
  0.1531700435E+007 0869
  0.1533400293E+007 0869
  0.1535100403E+007 0869
  0.1536800271E+007 0868
  0.1538500395E+007 0868
  0.1540200275E+007 0868
  0.1541900409E+007 0867
  0.1543600303E+007 0867
  0.1545300448E+007 0867
  0.1547000355E+007 0866
  0.1548700264E+007 0866
  0.1550400429E+007 0866
  0.1552100352E+007 0865
  0.1553800281E+007 0865
  0.1555500462E+007 0864
  0.1557200402E+007 0864
  0.1558900349E+007 0864
  0.1560600300E+007 0863
  0.1562300258E+007 0863
  0.1564000466E+007 0863
  0.1565700433E+007 0862
  0.1567400409E+007 0862
  0.1569100387E+007 0862
  0.1570800372E+007 0861
  0.1572500362E+007 0861
  0.1574200359E+007 0861
  0.1575900361E+007 0860
  0.1577600366E+007 0860
  0.1579300382E+007 0859
  0.1581000399E+007 0859
  0.1582700423E+007 0859
  0.1584400454E+007 0858
  0.1586100490E+007 0858
  0.1587800287E+007 0858
  0.1589500334E+007 0857
  0.1591200389E+007 0857
  0.1592900447E+007 0856
  0.1594600267E+007 0856
  0.1596300340E+007 0856
  0.1598000415E+007 0855
  0.1599700253E+007 0855
  0.1601400341E+007 0854
  0.1603100435E+007 0854
  0.1604800290E+007 0854
  0.1606500394E+007 0853
  0.1608200261E+007 0853
  0.1609900375E+007 0852
  0.1611600252E+007 0852
  0.1613300379E+007 0852
  0.1615000265E+007 0851
  0.1616700405E+007 0851
  0.1618400301E+007 0850
  0.1620100451E+007 0850
  0.1621800359E+007 0850
  0.1623500273E+007 0849
  0.1625200440E+007 0849
  0.1626900364E+007 0848
  0.1628600297E+007 0848
  0.1630300478E+007 0847
  0.1632000422E+007 0847
  0.1633700370E+007 0847
  0.1635400323E+007 0846
  0.1637100286E+007 0846
  0.1638800249E+007 0845
  0.1640500467E+007 0845
  0.1642200444E+007 0844
  0.1643900427E+007 0844
  0.1645600416E+007 0844
  0.1647300409E+007 0843
  0.1649000411E+007 0843
  0.1650700415E+007 0842
  0.1652400426E+007 0842
  0.1654100444E+007 0841
  0.1655800463E+007 0841
  0.1657500247E+007 0840
  0.1659200279E+007 0840
  0.1660900317E+007 0840
  0.1662600360E+007 0839
  0.1664300409E+007 0839
  0.1666000465E+007 0838
  0.1667700276E+007 0838
  0.1669400343E+007 0837
  0.1671100413E+007 0837
  0.1672800489E+007 0836
  0.1674500326E+007 0836
  0.1676200412E+007 0835
  0.1677900260E+007 0835
  0.1679600357E+007 0835
  0.1681300463E+007 0834
  0.1683000327E+007 0834
  0.1684700441E+007 0833
  0.1686400319E+007 0833
  0.1688100445E+007 0832
  0.1689800332E+007 0832
  0.1691500470E+007 0831
  0.1693200368E+007 0831
  0.1694900273E+007 0830
  0.1696600426E+007 0830
  0.1698300342E+007 0829
  0.1700000261E+007 0829
  0.1701700433E+007 0828
  0.1703400363E+007 0828
  0.1705100299E+007 0827
  0.1706800487E+007 0827
  0.1708500432E+007 0826
  0.1710200386E+007 0826
  0.1711900343E+007 0825
  0.1713600305E+007 0825
  0.1715300274E+007 0824
  0.1717000247E+007 0824
  0.1718700472E+007 0823
  0.1720400456E+007 0823
  0.1722100447E+007 0822
  0.1723800443E+007 0822
  0.1725500442E+007 0821
  0.1727200451E+007 0821
  0.1728900462E+007 0820
  0.1730600480E+007 0820
  0.1732300258E+007 0819
  0.1734000287E+007 0819
  0.1735700322E+007 0818
  0.1737400361E+007 0818
  0.1739100408E+007 0817
  0.1740800458E+007 0817
  0.1742500269E+007 0816
  0.1744200333E+007 0816
  0.1745900398E+007 0815
  0.1747600472E+007 0815
  0.1749300304E+007 0814
  0.1751000388E+007 0814
  0.1752700477E+007 0813
  0.1754400324E+007 0813
  0.1756100425E+007 0812
  0.1757800282E+007 0812
  0.1759500393E+007 0811
  0.1761200262E+007 0811
  0.1762900382E+007 0810
  0.1764600263E+007 0810
  0.1766300394E+007 0809
  0.1768000285E+007 0809
  0.1769700426E+007 0808
  0.1771400329E+007 0807
  0.1773100483E+007 0807
  0.1774800394E+007 0806
  0.1776500313E+007 0806
  0.1778200482E+007 0805
  0.1779900412E+007 0805
  0.1781600346E+007 0804
  0.1783300286E+007 0804
  0.1785000479E+007 0803
  0.1786700428E+007 0803
  0.1788400386E+007 0802
  0.1790100348E+007 0802
  0.1791800315E+007 0801
  0.1793500289E+007 0800
  0.1795200265E+007 0800
  0.1796900250E+007 0799
  0.1798600482E+007 0799
  0.1800300477E+007 0798
  0.1802000477E+007 0798
  0.1803700479E+007 0797
  0.1805400490E+007 0797
  0.1807100258E+007 0796
  0.1808800279E+007 0796
  0.1810500303E+007 0795
  0.1812200333E+007 0794
  0.1813900370E+007 0794
  0.1815600409E+007 0793
  0.1817300458E+007 0793
  0.1819000263E+007 0792
  0.1820700320E+007 0792
  0.1822400384E+007 0791
  0.1824100451E+007 0791
  0.1825800279E+007 0790
  0.1827500357E+007 0789
  0.1829200443E+007 0789
  0.1830900286E+007 0788
  0.1832600381E+007 0788
  0.1834300483E+007 0787
  0.1836000342E+007 0787
  0.1837700454E+007 0786
  0.1839400325E+007 0786
  0.1841100446E+007 0785
  0.1842800328E+007 0785
  0.1844500460E+007 0784
  0.1846200353E+007 0783
  0.1847900248E+007 0783
  0.1849600397E+007 0782
  0.1851300305E+007 0782
  0.1853000461E+007 0781
  0.1854700380E+007 0781
  0.1856400301E+007 0780
  0.1858100476E+007 0780
  0.1859800409E+007 0779
  0.1861500346E+007 0779
  0.1863200292E+007 0778
  0.1864900484E+007 0778
  0.1866600440E+007 0777
  0.1868300399E+007 0776
  0.1870000364E+007 0776
  0.1871700335E+007 0775
  0.1873400310E+007 0775
  0.1875100292E+007 0774
  0.1876800277E+007 0774
  0.1878500270E+007 0773
  0.1880200268E+007 0773
  0.1881900269E+007 0772
  0.1883600278E+007 0772
  0.1885300290E+007 0771
  0.1887000309E+007 0771
  0.1888700332E+007 0770
  0.1890400360E+007 0770
  0.1892100396E+007 0769
  0.1893800433E+007 0768
  0.1895500478E+007 0768
  0.1897200281E+007 0767
  0.1898900335E+007 0767
  0.1900600395E+007 0766
  0.1902300459E+007 0766
  0.1904000283E+007 0765
  0.1905700357E+007 0765
  0.1907400438E+007 0764
  0.1909100277E+007 0764
  0.1910800365E+007 0763
  0.1912500463E+007 0763
  0.1914200317E+007 0762
  0.1915900424E+007 0762
  0.1917600289E+007 0761
  0.1919300406E+007 0761
  0.1921000283E+007 0760
  0.1922700409E+007 0760
  0.1924400297E+007 0759
  0.1926100434E+007 0759
  0.1927800332E+007 0758
  0.1929500481E+007 0758
  0.1931200387E+007 0757
  0.1932900302E+007 0757
  0.1934600465E+007 0756
  0.1936300390E+007 0756
  0.1938000317E+007 0755
  0.1939700251E+007 0755
  0.1941400437E+007 0754
  0.1943100379E+007 0753
  0.1944800329E+007 0753
  0.1946500282E+007 0752
  0.1948200487E+007 0752
  0.1949900452E+007 0751
  0.1951600420E+007 0751
  0.1953300395E+007 0750
  0.1955000373E+007 0750
  0.1956700358E+007 0750
  0.1958400348E+007 0749
  0.1960100341E+007 0749
  0.1961800343E+007 0748
  0.1963500347E+007 0748
  0.1965200359E+007 0747
  0.1966900374E+007 0747
  0.1968600394E+007 0746
  0.1970300422E+007 0746
  0.1972000452E+007 0745
  0.1973700490E+007 0745
  0.1975400286E+007 0744
  0.1977100333E+007 0744
  0.1978800386E+007 0743
  0.1980500443E+007 0743
  0.1982200261E+007 0742
  0.1983900327E+007 0742
  0.1985600401E+007 0741
  0.1987300479E+007 0741
  0.1989000314E+007 0740
  0.1990700404E+007 0740
  0.1992400250E+007 0739
  0.1994100349E+007 0739
  0.1995800451E+007 0738
  0.1997500313E+007 0738
  0.1999200427E+007 0737
  0.2000900298E+007 0737
  0.2002600423E+007 0736
  0.2004300303E+007 0736
  0.2006000437E+007 0736
  0.2007700331E+007 0735
  0.2009400472E+007 0735
  0.2011100376E+007 0734
  0.2012800284E+007 0734
  0.2014500444E+007 0733
  0.2016200361E+007 0733
  0.2017900285E+007 0732
  0.2019600461E+007 0732
  0.2021300393E+007 0731
  0.2023000334E+007 0731
  0.2024700278E+007 0730
  0.2026400473E+007 0730
  0.2028100429E+007 0730
  0.2029800388E+007 0729
  0.2031500353E+007 0729
  0.2033200322E+007 0728
  0.2034900298E+007 0728
  0.2036600278E+007 0727
  0.2038300261E+007 0727
  0.2040000252E+007 0726
  0.2041700246E+007 0726
  0.2043400246E+007 0725
  0.2045100251E+007 0725
  0.2046800259E+007 0725
  0.2048500275E+007 0724
  0.2050200293E+007 0724
  0.2051900319E+007 0723
  0.2053600348E+007 0723
  0.2055300383E+007 0722
  0.2057000424E+007 0722
  0.2058700467E+007 0721
  0.2060400273E+007 0721
  0.2062100327E+007 0721
  0.2063800388E+007 0720
  0.2065500454E+007 0720
  0.2067200277E+007 0719
  0.2068900355E+007 0719
  0.2070600435E+007 0718
  0.2072300276E+007 0718
  0.2074000367E+007 0717
  0.2075700463E+007 0717
  0.2077400319E+007 0717
  0.2079100425E+007 0716
  0.2080800291E+007 0716
  0.2082500407E+007 0715
  0.2084200282E+007 0715
  0.2085900410E+007 0714
  0.2087600293E+007 0714
  0.2089300429E+007 0714
  0.2091000324E+007 0713
  0.2092700470E+007 0713
  0.2094400375E+007 0712
  0.2096100284E+007 0712
  0.2097800446E+007 0711
  0.2099500364E+007 0711
  0.2101200290E+007 0711
  0.2102900465E+007 0710
  0.2104600398E+007 0710
  0.2106300340E+007 0709
  0.2108000284E+007 0709
  0.2109700480E+007 0709
  0.2111400435E+007 0708
  0.2113100396E+007 0708
  0.2114800362E+007 0707
  0.2116500331E+007 0707
  0.2118200309E+007 0706
  0.2119900288E+007 0706
  0.2121600274E+007 0706
  0.2123300265E+007 0705
  0.2125000260E+007 0705
  0.2126700262E+007 0704
  0.2128400267E+007 0704
  0.2130100278E+007 0704
  0.2131800293E+007 0703
  0.2133500313E+007 0703
  0.2135200339E+007 0702
  0.2136900367E+007 0702
  0.2138600403E+007 0702
  0.2140300443E+007 0701
  0.2142000488E+007 0701
  0.2143700292E+007 0700
  0.2145400345E+007 0700
  0.2147100406E+007 0700
  0.2148800469E+007 0699
  0.2150500293E+007 0699
  0.2152200367E+007 0698
  0.2153900446E+007 0698
  0.2155600286E+007 0698
  0.2157300374E+007 0697
  0.2159000469E+007 0697
  0.2160700323E+007 0696
  0.2162400427E+007 0696
  0.2164100293E+007 0696
  0.2165800406E+007 0695
  0.2167500280E+007 0695
  0.2169200406E+007 0694
  0.2170900289E+007 0694
  0.2172600425E+007 0694
  0.2174300317E+007 0693
  0.2176000463E+007 0693
  0.2177700366E+007 0692
  0.2179400274E+007 0692
  0.2181100434E+007 0692
  0.2182800350E+007 0691
  0.2184500275E+007 0691
  0.2186200448E+007 0691
  0.2187900380E+007 0690
  0.2189600318E+007 0690
  0.2191300260E+007 0689
  0.2193000454E+007 0689
  0.2194700404E+007 0689
  0.2196400362E+007 0688
  0.2198100323E+007 0688
  0.2199800290E+007 0687
  0.2201500263E+007 0687
  0.2203200484E+007 0687
  0.2204900467E+007 0686
  0.2206600454E+007 0686
  0.2208300445E+007 0686
  0.2210000442E+007 0685
  0.2211700444E+007 0685
  0.2213400452E+007 0684
  0.2215100462E+007 0684
  0.2216800480E+007 0684
  0.2218500257E+007 0683
  0.2220200282E+007 0683
  0.2221900315E+007 0682
  0.2223600351E+007 0682
  0.2225300392E+007 0682
  0.2227000438E+007 0681
  0.2228700489E+007 0681
  0.2230400300E+007 0681
  0.2232100359E+007 0680
  0.2233800426E+007 0680
  0.2235500249E+007 0679
  0.2237200323E+007 0679
  0.2238900404E+007 0679
  0.2240600487E+007 0678
  0.2242300332E+007 0678
  0.2244000425E+007 0678
  0.2245700279E+007 0677
  0.2247400383E+007 0677
  0.2249100491E+007 0677
  0.2250800361E+007 0676
  0.2252500478E+007 0676
  0.2254200357E+007 0675
  0.2255900486E+007 0675
  0.2257600373E+007 0675
  0.2259300267E+007 0674
  0.2261000409E+007 0674
